filename,class,xmin,ymin,width,height,xmax,ymax
"WSLP_all/000001@30.0691806014811,-90.7037148804773.jpg",1,35,283,184,131,219,414
"WSLP_all/000001@30.0691806014811,-90.7037148804773.jpg",1,261,270,212,143,473,413
"WSLP_all/000002@30.0691006631248,-90.7036686904975.jpg",3,0,295,113,109,113,404
"WSLP_all/000002@30.0691006631248,-90.7036686904975.jpg",1,408,273,223,134,631,407
"WSLP_all/000002@30.0691006631248,-90.7036686904975.jpg",1,225,285,176,120,401,405
"WSLP_all/000003@30.06894064123,-90.7035687865999.jpg",2,322,278,119,125,441,403
"WSLP_all/000004@30.0697424227181,-90.7035376380606.jpg",2,462,280,167,95,629,375
"WSLP_all/000004@30.0697424227181,-90.7035376380606.jpg",1,77,283,306,125,383,408
"WSLP_all/000005@30.0690792523959,-90.7030727921416.jpg",2,0,285,142,88,142,373
"WSLP_all/000005@30.0690792523959,-90.7030727921416.jpg",1,147,271,294,118,441,389
"WSLP_all/000006@30.0681407688683,-90.7030792961667.jpg",1,129,279,195,122,324,401
"WSLP_all/000007@30.0679917445253,-90.7029791348097.jpg",1,268,293,225,142,493,435
"WSLP_all/000008@30.0681573315729,-90.7025179080433.jpg",1,94,221,436,239,530,460
"WSLP_all/000009@30.067561680929,-90.7021539085254.jpg",3,92,273,292,113,384,386
"WSLP_all/000010@30.0670428184808,-90.7018616340089.jpg",1,76,270,347,133,423,403
"WSLP_all/000011@30.0668726620728,-90.7017760577414.jpg",1,57,294,490,105,547,399
"WSLP_all/000012@30.0726198378876,-90.705808856683.jpg",1,233,332,209,119,442,451
"WSLP_all/000013@30.0710044760385,-90.7048150495132.jpg",3,269,315,233,102,502,417
"WSLP_all/000014@30.0708890673718,-90.7047520094697.jpg",1,225,313,263,91,488,404
"WSLP_all/000015@30.0704892733691,-90.7045160886071.jpg",1,206,295,339,111,545,406
"WSLP_all/000016@30.0693313344682,-90.7037872117021.jpg",1,220,280,208,127,428,407
"WSLP_all/000018@30.0467332343307,-90.7556854405578.jpg",1,141,289,222,110,363,399
"WSLP_all/000019@30.05311709926,-90.7483916023804.jpg",1,178,213,268,132,446,345
"WSLP_all/000020@30.0527207235924,-90.7478988598103.jpg",1,154,273,250,103,404,376
"WSLP_all/000021@30.0522261475268,-90.7478078532693.jpg",1,102,236,287,137,389,373
"WSLP_all/000022@30.0509546786264,-90.7474232126101.jpg",3,201,247,314,124,515,371
"WSLP_all/000023@30.0525752801897,-90.7488451535239.jpg",1,279,256,276,115,555,371
"WSLP_all/000024@30.0523231473137,-90.7485164088241.jpg",4,263,255,284,113,547,368
"WSLP_all/000025@30.0518363255023,-90.7484066405866.jpg",1,216,264,277,111,493,375
"WSLP_all/000026@30.0510315738232,-90.7481368390152.jpg",1,164,253,237,131,401,384
"WSLP_all/000027@30.0506540538514,-90.7480385707675.jpg",3,177,246,260,115,437,361
"WSLP_all/000028@30.0502593556742,-90.7478802522607.jpg",1,165,233,263,147,428,380
"WSLP_all/000029@30.0656701828739,-90.7009715845613.jpg",3,90,308,283,82,373,390
"WSLP_all/000030@30.0639850628894,-90.7006108218303.jpg",1,254,303,134,84,388,387
"WSLP_all/000031@30.0649330596528,-90.7011079318261.jpg",1,121,279,384,121,505,400
"WSLP_all/000032@30.0653263970123,-90.7013434550839.jpg",1,285,294,176,101,461,395
"WSLP_all/000033@30.066055642784,-90.701794955834.jpg",1,296,284,191,113,487,397
"WSLP_all/000034@30.0664834106252,-90.7020714276825.jpg",3,289,310,181,97,470,407
"WSLP_all/000035@30.0666070331192,-90.7021670360573.jpg",6,264,285,224,141,488,426
"WSLP_all/000036@30.0669814719944,-90.7023612092009.jpg",3,282,274,198,141,480,415
"WSLP_all/000037@30.0673562013805,-90.7025703364554.jpg",1,284,296,234,122,518,418
"WSLP_all/000039@30.0656760899882,-90.751748006143.jpg",1,102,279,354,108,456,387
"WSLP_all/000040@30.0653549986239,-90.7517552855442.jpg",1,161,270,291,88,452,358
"WSLP_all/000043@30.0648370217424,-90.752647970933.jpg",4,275,299,180,89,455,388
"WSLP_all/000045@30.0644128894403,-90.7516631293571.jpg",6,0,29,584,512,584,541
"WSLP_all/000046@30.0636466309739,-90.7533358499583.jpg",6,60,59,469,415,529,474
"WSLP_all/000047@30.061106918468,-90.7537026291689.jpg",3,0,266,274,233,274,499
"WSLP_all/000048@30.0614701857017,-90.7530379866433.jpg",2,1,263,640,169,641,432
"WSLP_all/000050@30.0571846761509,-90.7551082883966.jpg",1,175,270,404,138,579,408
"WSLP_all/000051@30.0513522764926,-90.7549518637629.jpg",1,348,290,124,90,472,380
"WSLP_all/000053@30.0450873979575,-90.7459651140357.jpg",1,179,263,220,148,399,411
"WSLP_all/000054@30.0426380373044,-90.7469941399658.jpg",1,274,284,139,87,413,371
"WSLP_all/000055@30.0429223233019,-90.7480410727216.jpg",1,160,243,213,153,373,396
"WSLP_all/000056@30.0433780009731,-90.7480603965416.jpg",1,211,248,212,154,423,402
"WSLP_all/000059@30.042090243485,-90.7484784249212.jpg",6,215,176,290,204,505,380
"WSLP_all/000061@30.045146200671,-90.7496170647203.jpg",1,214,275,165,112,379,387
"WSLP_all/000062@30.0450469593764,-90.7504676546399.jpg",2,284,261,194,124,478,385
"WSLP_all/000063@30.0444560896149,-90.750899572541.jpg",1,132,268,328,120,460,388
"WSLP_all/000064@30.0414001309442,-90.7516104485538.jpg",6,156,175,338,232,494,407
"WSLP_all/000065@30.0415561284137,-90.7524264254714.jpg",6,199,253,301,186,500,439
"WSLP_all/000066@30.0629184210335,-90.8084892057539.jpg",6,210,246,258,150,468,396
"WSLP_all/000067@30.0859578532528,-90.8291045472716.jpg",6,210,247,246,163,456,410
"WSLP_all/000068@30.0886135685815,-90.8324757676042.jpg",6,163,238,299,168,462,406
"WSLP_all/000069@30.0894521187404,-90.8326203612815.jpg",6,169,246,311,203,480,449
"WSLP_all/000070@30.0043431452759,-90.4576168687166.jpg",1,0,256,557,298,557,554
"WSLP_all/000071@30.0045411158995,-90.4575515927229.jpg",2,0,218,641,359,641,577
"WSLP_all/000072@30.004811405671,-90.457432255297.jpg",1,112,261,514,269,626,530
"WSLP_all/000073@30.0024193916864,-90.4577181478362.jpg",3,0,222,525,292,525,514
"WSLP_all/000074@30.0025823346641,-90.4576497374308.jpg",2,0,226,530,282,530,508
"WSLP_all/000075@30.0029058189236,-90.4575692074216.jpg",2,0,135,596,386,596,521
"WSLP_all/000076@30.0033720296127,-90.4574609466517.jpg",2,0,237,490,271,490,508
"WSLP_all/000077@30.0033566815935,-90.4572083580105.jpg",2,0,231,534,295,534,526
"WSLP_all/000078@30.0038052983257,-90.4570925096188.jpg",1,0,204,639,345,639,549
"WSLP_all/000079@30.0050526508141,-90.4583416500859.jpg",1,114,253,299,175,413,428
"WSLP_all/000080@30.0059643311256,-90.4577722675214.jpg",1,55,222,573,282,628,504
"WSLP_all/000081@30.0055822494797,-90.4578944515298.jpg",1,191,138,436,460,627,598
"WSLP_all/000082@30.0053979462069,-90.4579433353256.jpg",1,107,229,415,283,522,512
"WSLP_all/000083@30.0055305574313,-90.4572091340619.jpg",1,0,254,576,240,576,494
"WSLP_all/000084@30.0053266288959,-90.4551583561804.jpg",4,281,295,182,102,463,397
"WSLP_all/000085@30.0052966597489,-90.4546933203785.jpg",1,207,259,311,157,518,416
"WSLP_all/000086@30.0418506241065,-90.442053022725.jpg",4,218,256,242,193,460,449
"WSLP_all/000088@30.0180709172669,-90.4686319995334.jpg",1,119,256,276,129,395,385
"WSLP_all/000089@30.0176675744848,-90.4687675175675.jpg",1,62,266,346,153,408,419
"WSLP_all/000090@30.0174232873265,-90.4687694136939.jpg",4,214,271,244,168,458,439
"WSLP_all/000091@30.0168261425217,-90.4687975320178.jpg",1,117,258,219,128,336,386
"WSLP_all/000092@30.0192713494916,-90.4642129357413.jpg",2,0,167,623,272,623,439
"WSLP_all/000093@30.0151840859954,-90.4679950197416.jpg",6,95,199,397,226,492,425
"WSLP_all/000096@30.0143694136632,-90.4660486794125.jpg",1,9,263,367,126,376,389
"WSLP_all/000097@30.0144795933436,-90.4658763340915.jpg",3,91,251,352,149,443,400
"WSLP_all/000098@30.0148293593131,-90.4656229090247.jpg",4,158,213,257,243,415,456
"WSLP_all/000100@30.0136128501764,-90.4661005065408.jpg",3,286,303,216,115,502,418
"WSLP_all/000101@30.0138137877938,-90.4659258565106.jpg",3,308,315,211,108,519,423
"WSLP_all/000102@30.0139245673913,-90.4657861162279.jpg",1,308,290,247,123,555,413
"WSLP_all/000103@30.014045201785,-90.4657146032928.jpg",3,273,280,232,162,505,442
"WSLP_all/000104@30.0143544634569,-90.465419821778.jpg",1,232,298,300,107,532,405
"WSLP_all/000105@30.0107077556028,-90.4662624252333.jpg",1,166,308,227,103,393,411
"WSLP_all/000106@30.0151531787551,-90.4652006263797.jpg",3,164,256,210,141,374,397
"WSLP_all/000107@30.0154063463108,-90.4649398859358.jpg",1,28,238,368,171,396,409
"WSLP_all/000108@30.0154776528565,-90.4648109130854.jpg",1,149,256,272,167,421,423
"WSLP_all/000109@30.0155963264084,-90.464638363999.jpg",3,177,268,276,161,453,429
"WSLP_all/000110@30.0158067573089,-90.4643689254547.jpg",1,169,233,309,212,478,445
"WSLP_all/000111@30.016244467796,-90.4639665600081.jpg",1,209,268,237,145,446,413
"WSLP_all/000112@30.016571490535,-90.4635637341071.jpg",1,147,276,380,156,527,432
"WSLP_all/000113@30.0151057144494,-90.4645041435423.jpg",1,159,259,340,144,499,403
"WSLP_all/000114@30.0152755699023,-90.4643368048531.jpg",3,208,270,193,135,401,405
"WSLP_all/000115@30.0155462508156,-90.4639549830043.jpg",1,199,278,205,125,404,403
"WSLP_all/000116@30.0163573718838,-90.4630540534948.jpg",1,278,258,221,132,499,390
"WSLP_all/000117@30.017110697806,-90.4629827017248.jpg",1,200,263,266,160,466,423
"WSLP_all/000118@30.0173171708561,-90.4628013871236.jpg",1,228,218,275,147,503,365
"WSLP_all/000119@30.0168753032355,-90.4625453140314.jpg",1,12,263,439,145,451,408
"WSLP_all/000120@30.0224867456624,-90.4564878349666.jpg",3,0,259,363,133,363,392
"WSLP_all/000121@30.0232507235323,-90.4556466685418.jpg",1,0,254,413,155,413,409
"WSLP_all/000122@30.0281872715824,-90.4570986963267.jpg",1,139,265,287,111,426,376
"WSLP_all/000124@30.0043130095697,-90.458589396516.jpg",1,159,281,269,156,428,437
"WSLP_all/000125@30.0044796090028,-90.4585289160637.jpg",1,173,266,312,178,485,444
"WSLP_all/000126@30.0046919269429,-90.4584833580119.jpg",1,1,256,403,208,404,464
"WSLP_all/000127@30.0027370906785,-90.4587861804604.jpg",2,0,181,525,290,525,471
"WSLP_all/000128@30.0035565539615,-90.4585082936729.jpg",1,172,256,360,191,532,447
"WSLP_all/000129@30.004786875924,-90.4581516642596.jpg",1,174,216,463,348,637,564
"WSLP_all/000130@30.002553912992,-90.4581684467535.jpg",2,0,218,639,423,639,641
"WSLP_all/000131@30.0029429788129,-90.4580461118871.jpg",2,0,251,636,390,636,641
"WSLP_all/000132@30.0193566497147,-90.4604215238158.jpg",1,263,238,256,160,519,398
"WSLP_all/000133@30.0655246008869,-90.7008901230947.jpg",1,194,301,119,103,313,404
"WSLP_all/000134@30.0696156420035,-90.7034369552405.jpg",3,119,263,254,139,373,402
"WSLP_all/000135@30.0731527484977,-90.705883055838.jpg",3,233,333,147,81,380,414
"WSLP_all/000136@30.0713469486769,-90.7050188961817.jpg",3,212,284,263,134,475,418
"WSLP_all/000137@30.0711740201684,-90.7048878967911.jpg",1,99,310,386,106,485,416
"WSLP_all/000139@30.0514070199246,-90.7475456626506.jpg",1,153,212,327,154,480,366
"WSLP_all/000140@30.0582462197324,-90.754076345185.jpg",1,75,254,423,222,498,476
"WSLP_all/000141@30.056307404016,-90.5514648817511.jpg",1,229,238,275,217,504,455
"WSLP_all/000142@30.0558928528623,-90.551449166935.jpg",1,256,246,264,178,520,424
"WSLP_all/000143@30.0605068099183,-90.5513307817843.jpg",5,199,310,283,157,482,467
"WSLP_all/000144@30.0550486241379,-90.5513894068882.jpg",1,237,241,260,181,497,422
"WSLP_all/000145@30.0549862883448,-90.5509315427011.jpg",2,170,187,471,362,641,549
"WSLP_all/000146@30.0568090588425,-90.5505758347831.jpg",3,66,278,504,141,570,419
"WSLP_all/000147@30.05378935765,-90.550523682837.jpg",3,192,223,449,184,641,407
"WSLP_all/000148@30.0538477012321,-90.5502956317042.jpg",2,204,242,437,157,641,399
"WSLP_all/000149@30.053474470464,-90.5502226995178.jpg",1,265,268,374,156,639,424
"WSLP_all/000150@30.052601080791,-90.541495770358.jpg",1,124,256,394,186,518,442
"WSLP_all/000151@30.0513977988949,-90.5343236629538.jpg",1,137,276,231,133,368,409
"WSLP_all/000152@30.0516977333106,-90.5413733472463.jpg",1,123,198,507,316,630,514
"WSLP_all/000153@30.0545926145261,-90.5366720004737.jpg",1,212,268,301,184,513,452
"WSLP_all/000154@30.0525563557241,-90.5436234651661.jpg",1,239,279,231,151,470,430
"WSLP_all/000155@30.0521780566274,-90.5435727257631.jpg",1,190,275,315,143,505,418
"WSLP_all/000156@30.0550906083733,-90.5433694687937.jpg",2,0,247,638,238,638,485
"WSLP_all/000157@30.0508192410701,-90.5364998565564.jpg",1,123,269,518,192,641,461
"WSLP_all/000158@30.0567768172766,-90.5433877175734.jpg",2,0,246,635,255,635,501
"WSLP_all/000159@30.0516297567719,-90.5364902166922.jpg",2,136,256,505,169,641,425
"WSLP_all/000160@30.0553215572254,-90.5433170615519.jpg",3,24,261,432,164,456,425
"WSLP_all/000161@30.0529680147211,-90.5432851382846.jpg",2,0,246,609,281,609,527
"WSLP_all/000162@30.0537246468594,-90.5432823024748.jpg",1,124,228,438,207,562,435
"WSLP_all/000163@30.0521519290845,-90.5429944758877.jpg",1,147,283,283,89,430,372
"WSLP_all/000164@30.0596256162555,-90.5428024451933.jpg",1,0,256,347,136,347,392
"WSLP_all/000165@30.0541972352434,-90.5426084183576.jpg",1,64,241,567,201,631,442
"WSLP_all/000166@30.0551680555891,-90.5426196835865.jpg",1,101,236,540,284,641,520
"WSLP_all/000167@30.0548018144893,-90.5425941393666.jpg",1,19,226,622,275,641,501
"WSLP_all/000168@30.0510507645712,-90.535439093132.jpg",3,0,201,636,340,636,541
"WSLP_all/000169@30.0588990209208,-90.5425363467303.jpg",2,0,236,633,258,633,494
"WSLP_all/000170@30.0524803042149,-90.5425114036819.jpg",3,59,261,468,196,527,457
"WSLP_all/000171@30.0537414327348,-90.5339318767985.jpg",1,16,248,375,218,391,466
"WSLP_all/000172@30.0522820026156,-90.5336148399935.jpg",3,138,243,290,155,428,398
"WSLP_all/000173@30.0533724597639,-90.5335744816117.jpg",1,0,233,426,304,426,537
"WSLP_all/000174@30.0526471055958,-90.5334254121531.jpg",1,22,163,590,400,612,563
"WSLP_all/000175@30.0537847121294,-90.5332519105654.jpg",1,166,283,156,107,322,390
"WSLP_all/000176@30.0513031912724,-90.5332117698042.jpg",1,79,243,352,226,431,469
"WSLP_all/000177@30.0536048635968,-90.5332280660167.jpg",1,294,256,281,159,575,415
"WSLP_all/000178@30.052560380841,-90.5329962143372.jpg",2,2,227,639,217,641,444
"WSLP_all/000179@30.051083357611,-90.533137672009.jpg",2,0,161,411,345,411,506
"WSLP_all/000180@30.0505260346673,-90.5330726057128.jpg",1,0,219,470,275,470,494
"WSLP_all/000181@30.0544888456691,-90.5329269931468.jpg",1,161,278,309,154,470,432
"WSLP_all/000182@30.0537051851937,-90.5328036841223.jpg",1,186,303,276,141,462,444
"WSLP_all/000183@30.0540717924202,-90.5309863091083.jpg",1,137,278,413,154,550,432
"WSLP_all/000184@30.0538995473427,-90.5309782124659.jpg",1,144,280,398,179,542,459
"WSLP_all/000185@30.0537393591806,-90.530922602562.jpg",1,154,253,283,198,437,451
"WSLP_all/000186@30.0530975684508,-90.5307507531304.jpg",1,119,253,422,165,541,418
"WSLP_all/000187@30.0529518390931,-90.530707672609.jpg",1,90,226,418,228,508,454
"WSLP_all/000188@30.0527942519278,-90.5306457217932.jpg",1,0,256,542,205,542,461
"WSLP_all/000189@30.0541356474469,-90.5306033099305.jpg",1,127,236,393,177,520,413
"WSLP_all/000190@30.0525943945377,-90.5306504920989.jpg",1,38,266,385,186,423,452
"WSLP_all/000191@30.0539455103645,-90.530560586807.jpg",1,142,222,299,173,441,395
"WSLP_all/000192@30.05367242686,-90.5304711167035.jpg",1,185,233,292,186,477,419
"WSLP_all/000193@30.0533250570506,-90.5304201764421.jpg",1,175,280,257,162,432,442
"WSLP_all/000194@30.0515924194615,-90.5304278101942.jpg",1,247,243,332,189,579,432
"WSLP_all/000195@30.0529937428416,-90.5303280153709.jpg",1,129,273,379,154,508,427
"WSLP_all/000196@30.0526581413254,-90.5302769821849.jpg",3,289,256,334,176,623,432
"WSLP_all/000197@30.0510564351883,-90.5303088510341.jpg",1,231,264,301,180,532,444
"WSLP_all/000198@30.050925055514,-90.5302877829086.jpg",1,224,244,364,207,588,451
"WSLP_all/000199@30.0542053338337,-90.5301349155019.jpg",2,0,270,575,202,575,472
"WSLP_all/000200@30.0525178556343,-90.530202248938.jpg",1,107,251,534,191,641,442
"WSLP_all/000201@30.0540623620826,-90.5301518726351.jpg",1,139,278,291,157,430,435
"WSLP_all/000202@30.0538944797373,-90.5300836829277.jpg",4,61,224,487,291,548,515
"WSLP_all/000203@30.0510947678663,-90.5298849766001.jpg",1,117,266,279,155,396,421
"WSLP_all/000204@30.0535591893692,-90.529997876507.jpg",1,151,283,292,164,443,447
"WSLP_all/000205@30.05323812042,-90.5299309220283.jpg",1,136,268,391,162,527,430
"WSLP_all/000206@30.0527425868834,-90.5298211194194.jpg",1,148,265,367,143,515,408
"WSLP_all/000207@30.0523392380198,-90.5297263806165.jpg",2,0,209,498,292,498,501
"WSLP_all/000208@30.0509860538173,-90.5293421724247.jpg",1,67,261,385,252,452,513
"WSLP_all/000209@30.0584896873705,-90.5351519424811.jpg",1,171,251,337,189,508,440
"WSLP_all/000210@30.058163674622,-90.5350944911632.jpg",1,156,249,317,203,473,452
"WSLP_all/000211@30.0579663529089,-90.5350549754077.jpg",1,109,243,500,218,609,461
"WSLP_all/000212@30.0577048172958,-90.535019136271.jpg",1,139,237,346,205,485,442
"WSLP_all/000213@30.0575335804123,-90.5349730906958.jpg",1,119,263,408,181,527,444
"WSLP_all/000214@30.0573711685458,-90.5349585858714.jpg",1,200,251,268,188,468,439
"WSLP_all/000215@30.0560056371436,-90.534299371956.jpg",1,124,293,381,135,505,428
"WSLP_all/000216@30.055572551728,-90.5342522664206.jpg",1,116,244,307,201,423,445
"WSLP_all/000218@30.0549028032327,-90.5341217102443.jpg",1,197,269,189,181,386,450
"WSLP_all/000219@30.0734860163092,-90.468169222023.jpg",6,174,244,244,103,418,347
"WSLP_all/000220@30.0734042389244,-90.468131992134.jpg",6,209,261,252,126,461,387
"WSLP_all/000221@30.073270179106,-90.4680224973211.jpg",6,202,271,251,115,453,386
"WSLP_all/000222@30.0731976862191,-90.4679504089401.jpg",6,204,258,249,126,453,384
"WSLP_all/000223@30.0731215659744,-90.4679036452908.jpg",6,213,261,225,124,438,385
"WSLP_all/000224@30.0729759786456,-90.4678100604263.jpg",6,214,263,251,103,465,366
"WSLP_all/000225@30.072884535681,-90.4677665916995.jpg",6,217,256,221,125,438,381
"WSLP_all/000226@30.0726675736405,-90.4676957585978.jpg",6,203,246,255,157,458,403
"WSLP_all/000227@30.0728114474074,-90.4675996600182.jpg",6,226,251,210,153,436,404
"WSLP_all/000228@30.072633644697,-90.4676043661533.jpg",6,213,258,219,139,432,397
"WSLP_all/000229@30.0725332714407,-90.4675578137192.jpg",6,132,238,410,133,542,371
"WSLP_all/000230@30.0723758480622,-90.4674833014086.jpg",6,186,256,309,158,495,414
"WSLP_all/000231@30.0723101003101,-90.4674332867659.jpg",6,176,237,277,154,453,391
"WSLP_all/000232@30.0722567167973,-90.4673483870089.jpg",6,188,238,230,168,418,406
"WSLP_all/000233@30.0790945399825,-90.4785545891498.jpg",1,236,213,348,177,584,390
"WSLP_all/000234@30.0802143101369,-90.477805106232.jpg",1,263,239,336,174,599,413
"WSLP_all/000235@30.0900025500882,-90.4934560713999.jpg",2,293,228,348,209,641,437
"WSLP_all/000236@30.091047749253,-90.4933112868497.jpg",3,36,233,600,166,636,399
"WSLP_all/000237@30.0956969746893,-90.4931234593493.jpg",1,174,224,237,176,411,400
"WSLP_all/000238@30.08554971305,-90.5127788489597.jpg",1,213,259,248,149,461,408
"WSLP_all/000239@30.0850852894517,-90.5126372206633.jpg",1,169,275,339,117,508,392
"WSLP_all/000240@30.0849142763636,-90.5125753889661.jpg",1,119,268,464,155,583,423
"WSLP_all/000241@30.0882136478624,-90.5138921122489.jpg",1,107,256,504,148,611,404
"WSLP_all/000242@30.0767055584184,-90.5482411184993.jpg",6,226,283,272,105,498,388
"WSLP_all/000244@30.0746952975902,-90.5481368109694.jpg",6,192,276,251,81,443,357
"WSLP_all/000245@30.0745130837235,-90.5442873258281.jpg",1,378,263,243,160,621,423
"WSLP_all/000246@30.0759464995911,-90.5439439957245.jpg",1,0,248,420,162,420,410
"WSLP_all/000247@30.0762342344906,-90.5439195845375.jpg",3,0,268,263,133,263,401
"WSLP_all/000248@30.0757159618292,-90.5439363366536.jpg",1,9,224,528,190,537,414
"WSLP_all/000249@30.0747856238162,-90.5438931188595.jpg",2,0,256,411,170,411,426
"WSLP_all/000250@30.0745763772865,-90.5438821296682.jpg",2,0,241,455,177,455,418
"WSLP_all/000251@30.0769732582433,-90.5444069643103.jpg",5,173,315,223,97,396,412
"WSLP_all/000252@30.0763449079085,-90.5397072772486.jpg",1,0,288,421,124,421,412
"WSLP_all/000253@30.0735829349584,-90.5392139227802.jpg",3,201,264,185,135,386,399
"WSLP_all/000255@30.0734403425469,-90.5392118973371.jpg",1,187,288,189,102,376,390
"WSLP_all/000256@30.0768555294533,-90.6266606388972.jpg",6,207,253,337,186,544,439
"WSLP_all/000257@30.0801481341501,-90.5546768270143.jpg",6,242,265,174,115,416,380
"WSLP_all/000258@30.0782374171819,-90.5546316821744.jpg",6,228,284,208,88,436,372
"WSLP_all/000259@30.0817205640728,-90.554730940468.jpg",6,179,241,309,156,488,397
"WSLP_all/000261@30.0788587270969,-90.5492643924393.jpg",6,223,280,208,94,431,374
"WSLP_all/000262@30.0762788274637,-90.5521112779094.jpg",1,109,273,289,138,398,411
"WSLP_all/000263@30.0750854130399,-90.5521048244605.jpg",1,52,246,407,166,459,412
"WSLP_all/000265@30.0518855980224,-90.4681132989189.jpg",1,148,273,414,147,562,420
"WSLP_all/000266@30.053190383363,-90.466850212082.jpg",1,171,251,220,162,391,413
"WSLP_all/000267@30.0529907577793,-90.4664094058905.jpg",1,175,233,253,164,428,397
"WSLP_all/000268@30.053309813023,-90.4662738685638.jpg",3,173,263,297,128,470,391
"WSLP_all/000269@30.053052729725,-90.4660611553649.jpg",1,23,273,425,107,448,380
"WSLP_all/000270@30.0527659711733,-90.4657601946624.jpg",1,137,266,395,155,532,421
"WSLP_all/000271@30.0527266543728,-90.4659280695603.jpg",1,163,281,394,171,557,452
"WSLP_all/000272@30.0521685478234,-90.4652153831896.jpg",1,0,261,458,149,458,410
"WSLP_all/000273@30.0517287277049,-90.4652476621246.jpg",1,228,295,355,147,583,442
"WSLP_all/000274@30.051907064658,-90.4647150653102.jpg",1,237,298,268,106,505,404
"WSLP_all/000276@30.0825206135155,-90.4603408551146.jpg",6,184,278,296,100,480,378
"WSLP_all/000277@30.0669530717763,-90.4918798924042.jpg",1,71,256,298,181,369,437
"WSLP_all/000278@30.0792043976672,-90.4600916628462.jpg",1,237,296,196,81,433,377
"WSLP_all/000279@30.0785504399667,-90.4599234933434.jpg",1,224,251,401,156,625,407
"WSLP_all/000280@30.0795447452325,-90.4594278535714.jpg",3,216,295,155,87,371,382
"WSLP_all/000281@30.0612555820394,-90.4856212641082.jpg",1,104,270,265,147,369,417
"WSLP_all/000282@30.0678503927578,-90.4853723229629.jpg",1,77,211,564,221,641,432
"WSLP_all/000284@30.0633599574441,-90.4819741545199.jpg",1,54,238,587,194,641,432
"WSLP_all/000285@30.0807338865069,-90.5072915354647.jpg",3,152,243,321,156,473,399
"WSLP_all/000286@30.0804067825029,-90.5071804197324.jpg",3,160,214,481,171,641,385
"WSLP_all/000287@30.0799206074232,-90.5070484906806.jpg",1,196,266,293,114,489,380
"WSLP_all/000288@30.0506390259378,-90.6139879267592.jpg",5,165,300,139,107,304,407
"WSLP_all/000289@30.0487945907964,-90.613906409941.jpg",1,114,274,266,202,380,476
"WSLP_all/000290@30.0526335868597,-90.6147922239367.jpg",1,0,268,335,202,335,470
"WSLP_all/000291@30.0516813767935,-90.6139519565254.jpg",1,0,213,632,387,632,600
"WSLP_all/000292@30.0490231851103,-90.6139869433175.jpg",1,55,265,515,158,570,423
"WSLP_all/000293@30.0499064092853,-90.6138162032495.jpg",1,0,280,426,186,426,466
"WSLP_all/000294@30.0485296026047,-90.6138134973147.jpg",1,104,239,277,227,381,466
"WSLP_all/000296@30.0506969181914,-90.6138484282796.jpg",1,342,281,268,134,610,415
"WSLP_all/000297@30.0520549760084,-90.613781729285.jpg",1,142,214,395,252,537,466
"WSLP_all/000298@30.0502679250193,-90.6137092845717.jpg",1,6,268,635,179,641,447
"WSLP_all/000299@30.0637220809503,-90.4704858864064.jpg",6,224,270,192,87,416,357
"WSLP_all/000300@30.064099803314,-90.4705742957627.jpg",6,189,258,251,117,440,375
"WSLP_all/000301@30.0641577033619,-90.4704884379628.jpg",6,194,281,289,113,483,394
"WSLP_all/000302@30.0638299721351,-90.4702193993614.jpg",6,204,271,323,137,527,408
"WSLP_all/000303@30.0642151412546,-90.4703488409789.jpg",6,210,268,325,151,535,419
"WSLP_all/000304@30.0681915084964,-90.5002062729545.jpg",1,252,269,265,143,517,412
"WSLP_all/000305@30.0680094909693,-90.5001793412022.jpg",1,305,256,264,138,569,394
"WSLP_all/000307@30.0639783230385,-90.4698956559154.jpg",6,212,273,301,133,513,406
"WSLP_all/000308@30.0643031458614,-90.4701362667986.jpg",6,177,253,373,133,550,386
"WSLP_all/000309@30.0638254386254,-90.5001384434953.jpg",1,210,258,205,143,415,401
"WSLP_all/000310@30.0650048280392,-90.5004478844976.jpg",1,72,268,341,152,413,420
"WSLP_all/000311@30.0650173980497,-90.4999135056575.jpg",3,205,285,237,128,442,413
"WSLP_all/000312@30.0667383755192,-90.4999496979287.jpg",1,213,253,290,149,503,402
"WSLP_all/000313@30.0635068809907,-90.4701969065026.jpg",6,188,251,255,113,443,364
"WSLP_all/000314@30.063189580089,-90.4697697129458.jpg",6,204,263,243,137,447,400
"WSLP_all/000315@30.0636176013778,-90.4698545220321.jpg",6,210,275,210,83,420,358
"WSLP_all/000316@30.0632615781201,-90.4696868946282.jpg",6,187,242,301,171,488,413
"WSLP_all/000317@30.0641394593629,-90.4993454800419.jpg",1,94,279,409,158,503,437
"WSLP_all/000318@30.0601766125525,-90.4806989166702.jpg",6,209,273,261,95,470,368
"WSLP_all/000319@30.0637075470619,-90.4696988370556.jpg",6,190,273,287,117,477,390
"WSLP_all/000320@30.063328942144,-90.4695598566904.jpg",6,148,222,330,166,478,388
"WSLP_all/000322@30.0633752429945,-90.4694456475066.jpg",6,218,274,248,89,466,363
"WSLP_all/000323@30.0625818766554,-90.4989791556518.jpg",1,138,261,290,188,428,449
"WSLP_all/000324@30.0631694526026,-90.4691787185269.jpg",6,183,251,230,130,413,381
"WSLP_all/000326@30.0632015254504,-90.4691088902461.jpg",6,209,259,202,99,411,358
"WSLP_all/000327@30.0612702434211,-90.4978457573219.jpg",1,77,274,275,128,352,402
"WSLP_all/000328@30.061292554137,-90.4975958297598.jpg",1,107,295,259,103,366,398
"WSLP_all/000329@30.0704449271804,-90.5060837370794.jpg",2,0,263,447,160,447,423
"WSLP_all/000331@30.0702279813916,-90.5044415330707.jpg",5,191,296,227,113,418,409
"WSLP_all/000332@30.0703569549498,-90.5044467835183.jpg",1,96,295,280,111,376,406
"WSLP_all/000333@30.0705460253242,-90.5041132470889.jpg",1,209,236,333,220,542,456
"WSLP_all/000334@30.0573459734491,-90.4793764816666.jpg",6,199,258,219,99,418,357
"WSLP_all/000335@30.0699664443301,-90.5020282913009.jpg",1,175,273,270,125,445,398
"WSLP_all/000336@30.0705532114487,-90.501697756123.jpg",1,183,265,352,165,535,430
"WSLP_all/000337@30.0702137570197,-90.5015519961644.jpg",1,229,293,217,96,446,389
"WSLP_all/000338@30.0626025921299,-90.4942876016038.jpg",3,127,275,296,119,423,394
"WSLP_all/000339@30.0623794453846,-90.4937141233434.jpg",4,191,265,192,137,383,402
"WSLP_all/000341@30.0626571290728,-90.4937750102797.jpg",1,154,275,391,196,545,471
"WSLP_all/000342@30.0626933518732,-90.4791473115963.jpg",1,149,268,276,174,425,442
"WSLP_all/000343@30.0631525403474,-90.4930500554542.jpg",1,243,279,229,140,472,419
"WSLP_all/000344@30.0572296515497,-90.4787231223124.jpg",4,220,247,314,158,534,405
"WSLP_all/000346@30.0623974152252,-90.478944362299.jpg",1,25,226,346,201,371,427
"WSLP_all/000347@30.0628469869213,-90.4788930888987.jpg",1,124,278,304,166,428,444
"WSLP_all/000348@30.0624538854295,-90.4788237488288.jpg",2,0,268,328,172,328,440
"WSLP_all/000349@30.0629354443728,-90.4787437487658.jpg",1,211,295,267,129,478,424
"WSLP_all/000351@30.0626597700452,-90.4784299806566.jpg",4,217,211,234,149,451,360
"WSLP_all/000352@30.0625774456997,-90.4785666238829.jpg",2,0,259,314,200,314,459
"WSLP_all/000353@30.0622725306561,-90.4781456242183.jpg",3,177,228,440,177,617,405
"WSLP_all/000354@30.0669305863581,-90.4776693764876.jpg",1,247,239,252,184,499,423
"WSLP_all/000355@30.0677085556955,-90.4775773378704.jpg",3,211,261,349,118,560,379
"WSLP_all/000356@30.0662686355871,-90.477207167932.jpg",3,22,236,497,206,519,442
"WSLP_all/000357@30.0584958443146,-90.4771253532822.jpg",1,186,211,419,174,605,385
"WSLP_all/000358@30.0536019697501,-90.4651776115114.jpg",3,119,280,274,137,393,417
"WSLP_all/000359@30.0663719654314,-90.4770576933877.jpg",2,0,305,249,176,249,481
"WSLP_all/000360@30.065843812177,-90.4769326130935.jpg",4,213,268,260,156,473,424
"WSLP_all/000361@30.0577391157142,-90.4769485055938.jpg",1,247,185,308,181,555,366
"WSLP_all/000362@30.0636033364348,-90.476733730424.jpg",4,219,263,159,99,378,362
"WSLP_all/000363@30.0660340363629,-90.4766432888689.jpg",4,255,295,180,108,435,403
"WSLP_all/000364@30.0543642311086,-90.4639350003428.jpg",1,328,234,264,143,592,377
"WSLP_all/000365@30.0544221036648,-90.4636373570092.jpg",1,346,244,210,126,556,370
"WSLP_all/000366@30.0539259059086,-90.4635689824462.jpg",1,85,263,281,116,366,379
"WSLP_all/000367@30.0652572908247,-90.4938669180783.jpg",2,469,288,172,104,641,392
"WSLP_all/000367@30.0652572908247,-90.4938669180783.jpg",1,216,286,197,108,413,394
"WSLP_all/000368@30.0541880462732,-90.4623654962792.jpg",3,167,266,159,97,326,363
"WSLP_all/000369@30.0647394886213,-90.4933528135294.jpg",1,139,263,232,131,371,394
"WSLP_all/000370@30.0664834594938,-90.4932211431266.jpg",1,46,234,406,175,452,409
"WSLP_all/000371@30.0652356712368,-90.4929344893461.jpg",2,0,246,380,213,380,459
"WSLP_all/000372@30.0653813561975,-90.4928479034202.jpg",1,54,261,399,167,453,428
"WSLP_all/000373@30.0664744888472,-90.4925478341819.jpg",1,237,248,292,159,529,407
"WSLP_all/000374@30.0642415298789,-90.492544541031.jpg",2,0,273,453,267,453,540
"WSLP_all/000375@30.0662205619222,-90.4923444831053.jpg",1,85,273,326,144,411,417
"WSLP_all/000376@30.0630106545478,-90.7531237618217.jpg",3,238,300,227,108,465,408
"WSLP_all/000377@30.0424488494092,-90.759771098207.jpg",6,225,290,211,90,436,380
"WSLP_all/000379@30.0251038016681,-90.4622544255185.jpg",1,146,233,216,142,362,375
"WSLP_all/000380@30.0161716321075,-90.4640887222126.jpg",1,236,283,163,98,399,381
"WSLP_all/000381@30.0167536340593,-90.4633709420697.jpg",1,278,256,352,161,630,417
"WSLP_all/000382@30.0034781382814,-90.4574222912509.jpg",2,0,266,299,162,299,428
"WSLP_all/000383@30.0586248646812,-90.5515478608436.jpg",1,175,274,288,141,463,415
"WSLP_all/000384@30.0575140281273,-90.5515281230664.jpg",4,171,305,272,85,443,390
"WSLP_all/000385@30.0583877558518,-90.551549720525.jpg",1,171,259,304,183,475,442
"WSLP_all/000386@30.0588657924529,-90.5515270041672.jpg",1,220,281,243,131,463,412
"WSLP_all/000387@30.0590956592707,-90.5515188788658.jpg",1,243,274,208,139,451,413
"WSLP_all/000388@30.0572264096899,-90.5514798010092.jpg",1,199,236,310,188,509,424
"WSLP_all/000389@30.056533691223,-90.5514883955766.jpg",1,191,256,282,172,473,428
"WSLP_all/000390@30.0517969816333,-90.5410817503111.jpg",2,0,205,535,294,535,499
"WSLP_all/000391@30.0520746649641,-90.5411143139293.jpg",2,99,221,542,271,641,492
"WSLP_all/000392@30.0587125598528,-90.5358550998264.jpg",1,147,273,451,177,598,450
"WSLP_all/000393@30.0585589056629,-90.5354295707741.jpg",1,77,256,322,173,399,429
"WSLP_all/000394@30.0592013261804,-90.535297980805.jpg",1,172,254,328,217,500,471
"WSLP_all/000395@30.0608706414985,-90.5341307613136.jpg",1,124,251,285,161,409,412
"WSLP_all/000396@30.057657270907,-90.5366949237528.jpg",1,163,270,284,184,447,454
"WSLP_all/000397@30.0578413959404,-90.5352993851707.jpg",1,76,259,439,159,515,418
"WSLP_all/000398@30.0567381234777,-90.5351217126487.jpg",1,79,234,374,235,453,469
"WSLP_all/000399@30.0568711631856,-90.534836146163.jpg",2,87,212,554,294,641,506
"WSLP_all/000400@30.0632866523167,-90.4723200690706.jpg",6,213,275,223,93,436,368
"WSLP_all/000401@30.0548431296511,-90.5487768295518.jpg",1,117,258,287,221,404,479
"WSLP_all/000402@30.054434480097,-90.5487547576274.jpg",1,0,263,554,181,554,444
"WSLP_all/000403@30.0555754070519,-90.5485908850953.jpg",1,0,198,527,332,527,530
"WSLP_all/000404@30.0532798520265,-90.5487006255255.jpg",1,192,269,238,144,430,413
"WSLP_all/000405@30.0529816018219,-90.5487187780692.jpg",1,38,231,191,168,229,399
"WSLP_all/000405@30.0529816018219,-90.5487187780692.jpg",1,213,253,292,191,505,444
"WSLP_all/000406@30.0583192511801,-90.5485566386976.jpg",1,0,293,257,139,257,432
"WSLP_all/000406@30.0583192511801,-90.5485566386976.jpg",2,314,289,327,135,641,424
"WSLP_all/000407@30.0554171023752,-90.5485731649816.jpg",1,19,200,533,275,552,475
"WSLP_all/000408@30.0545404085256,-90.5481786143586.jpg",1,165,275,330,181,495,456
"WSLP_all/000409@30.0565937046965,-90.5482541128524.jpg",1,167,280,353,143,520,423
"WSLP_all/000410@30.0538792717779,-90.5481111185273.jpg",2,0,254,513,208,513,462
"WSLP_all/000411@30.0562741549188,-90.5482281798205.jpg",1,180,246,276,213,456,459
"WSLP_all/000412@30.0541536179658,-90.5481468897026.jpg",1,164,288,303,118,467,406
"WSLP_all/000413@30.0597741756993,-90.547985648912.jpg",1,77,258,454,191,531,449
"WSLP_all/000414@30.0558983338375,-90.5478454872392.jpg",1,85,258,404,213,489,471
"WSLP_all/000415@30.056059092798,-90.5478505426083.jpg",1,212,224,286,225,498,449
"WSLP_all/000416@30.0603190173714,-90.4366489363209.jpg",3,124,218,333,156,457,374
"WSLP_all/000417@30.0438731113419,-90.4703258065446.jpg",1,143,278,319,147,462,425
"WSLP_all/000418@30.0441944771832,-90.470588526324.jpg",1,141,247,268,174,409,421
"WSLP_all/000419@30.0449926679833,-90.4704773139139.jpg",2,8,241,633,191,641,432
"WSLP_all/000420@30.0590863950244,-90.5459331355285.jpg",1,0,261,641,186,641,447
"WSLP_all/000421@30.0428128067772,-90.4694057444702.jpg",1,185,261,262,126,447,387
"WSLP_all/000422@30.0430480806907,-90.4694511159117.jpg",1,208,265,188,102,396,367
"WSLP_all/000423@30.0739940862944,-90.5438709339169.jpg",2,0,253,300,180,300,433
"WSLP_all/000424@30.061319286622,-90.4320118236381.jpg",2,0,256,296,128,296,384
"WSLP_all/000425@30.0590129154739,-90.5455923087625.jpg",2,114,276,527,148,641,424
"WSLP_all/000426@30.0443821606379,-90.4694901270149.jpg",1,162,265,399,206,561,471
"WSLP_all/000427@30.0465360236971,-90.4685263824435.jpg",2,176,249,465,243,641,492
"WSLP_all/000428@30.0460806673254,-90.4681067866611.jpg",5,335,308,88,83,423,391
"WSLP_all/000429@30.0463241111042,-90.4683828244042.jpg",1,15,288,304,104,319,392
"WSLP_all/000430@30.0465400412643,-90.468267162168.jpg",1,97,243,506,189,603,432
"WSLP_all/000431@30.0322404140113,-90.4669469506033.jpg",6,212,279,199,83,411,362
"WSLP_all/000432@30.0333428483091,-90.4673956268625.jpg",3,131,280,168,103,299,383
"WSLP_all/000433@30.0331461754886,-90.4674162972452.jpg",3,370,273,271,130,641,403
"WSLP_all/000433@30.0331461754886,-90.4674162972452.jpg",1,129,283,175,101,304,384
"WSLP_all/000434@30.034296887254,-90.4671945547075.jpg",4,199,219,164,85,363,304
"WSLP_all/000435@30.0562343683403,-90.5478460003342.jpg",1,197,239,293,198,490,437
"WSLP_all/000437@30.0415757734061,-90.466078820609.jpg",2,164,199,477,251,641,450
"WSLP_all/000438@30.0543936367342,-90.5500795530734.jpg",2,147,213,494,266,641,479
"WSLP_all/000439@30.0554327153534,-90.5497868926307.jpg",2,0,129,637,479,637,608
"WSLP_all/000440@30.0547141711802,-90.549757769318.jpg",1,17,196,603,341,620,537
"WSLP_all/000441@30.0540430971437,-90.5497345952981.jpg",2,102,214,539,360,641,574
"WSLP_all/000442@30.0551215520901,-90.5497608890643.jpg",2,0,185,564,399,564,584
"WSLP_all/000443@30.0545729123542,-90.5496008268685.jpg",2,0,224,567,309,567,533
"WSLP_all/000444@30.0542910975047,-90.5495714323235.jpg",2,0,194,637,413,637,607
"WSLP_all/000445@30.0537175471017,-90.5495506538522.jpg",2,0,2,641,634,641,636
"WSLP_all/000446@30.0541047347249,-90.5491177105111.jpg",1,84,204,557,228,641,432
"WSLP_all/000447@30.0544798643977,-90.5491400475512.jpg",1,65,269,465,208,530,477
"WSLP_all/000448@30.053303658863,-90.5496740270587.jpg",1,62,210,571,338,633,548
"WSLP_all/000449@30.0532819966018,-90.5495319515229.jpg",2,0,5,636,636,636,641
"WSLP_all/000450@30.0451488906376,-90.4487235982957.jpg",1,292,305,331,104,623,409
"WSLP_all/000451@30.057990708699,-90.5515085785852.jpg",1,175,283,250,159,425,442
"WSLP_all/000452@30.0577672625661,-90.5514818809486.jpg",1,176,280,364,143,540,423
"WSLP_all/000453@30.0597150059661,-90.5515835673689.jpg",1,122,264,331,170,453,434
"WSLP_all/000454@30.0554026279697,-90.5490885332239.jpg",2,28,207,613,305,641,512
"WSLP_all/000455@30.0562090919564,-90.5468725821071.jpg",2,0,221,641,294,641,515
"WSLP_all/000456@30.0545961456307,-90.5467493832404.jpg",1,240,251,339,196,579,447
"WSLP_all/000457@30.0554414805431,-90.5467774843622.jpg",1,99,273,542,157,641,430
"WSLP_all/000458@30.056948351179,-90.5465854103972.jpg",1,8,238,601,218,609,456
"WSLP_all/000459@30.0578741512495,-90.5465591362995.jpg",3,243,279,170,81,413,360
"WSLP_all/000460@30.0574009818814,-90.5465217764381.jpg",1,41,231,600,298,641,529
"WSLP_all/000461@30.0561189432316,-90.5465350571664.jpg",1,104,246,426,240,530,486
"WSLP_all/000462@30.0581835307287,-90.5464428918168.jpg",6,214,269,207,84,421,353
"WSLP_all/000463@30.054271204391,-90.5465022261735.jpg",1,193,261,326,159,519,420
"WSLP_all/000464@30.0558885478188,-90.5465052649467.jpg",1,35,248,374,203,409,451
"WSLP_all/000465@30.054802643459,-90.5460839334192.jpg",2,0,199,627,442,627,641
"WSLP_all/000466@30.0543296847582,-90.5460497363272.jpg",2,0,107,637,534,637,641
"WSLP_all/000467@30.0550701893776,-90.545809968834.jpg",4,142,224,403,231,545,455
"WSLP_all/000468@30.0578838185213,-90.5459679253911.jpg",3,60,288,425,225,485,513
"WSLP_all/000469@30.0557442486355,-90.545867864909.jpg",2,104,128,537,424,641,552
"WSLP_all/000470@30.0587532729247,-90.545923122353.jpg",1,77,251,564,229,641,480
"WSLP_all/000471@30.0570305458073,-90.5458861531575.jpg",1,27,244,614,227,641,471
"WSLP_all/000472@30.0572378248711,-90.5458623878294.jpg",2,0,186,634,312,634,498
"WSLP_all/000473@30.0558895335008,-90.5458603950096.jpg",1,72,241,428,218,500,459
"WSLP_all/000474@30.0553296220886,-90.5458395298037.jpg",1,59,248,409,291,468,539
"WSLP_all/000475@30.0566569295047,-90.5459238767939.jpg",5,122,325,519,316,641,641
"WSLP_all/000476@30.0569860007164,-90.6203528479152.jpg",1,42,197,592,352,634,549
"WSLP_all/000477@30.0566469431207,-90.6203015345829.jpg",1,177,194,353,240,530,434
"WSLP_all/000478@30.0577655224063,-90.6204895227629.jpg",1,59,242,335,203,394,445
"WSLP_all/000479@30.0564634307383,-90.6202680753699.jpg",1,194,236,301,211,495,447
"WSLP_all/000480@30.0575930922787,-90.6204306946155.jpg",1,190,219,219,206,409,425
"WSLP_all/000481@30.0590616773182,-90.620208392983.jpg",1,171,207,267,240,438,447
"WSLP_all/000482@30.0775252355666,-90.5063284943469.jpg",1,183,247,257,152,440,399
"WSLP_all/000483@30.0773610069323,-90.5062571365319.jpg",1,136,253,317,132,453,385
"WSLP_all/000484@30.076999516135,-90.5060957252657.jpg",1,84,248,339,146,423,394
"WSLP_all/000485@30.0771665982842,-90.5061354412574.jpg",1,159,233,331,177,490,410
"WSLP_all/000486@30.059205656182,-90.6202231687583.jpg",1,79,236,315,218,394,454
"WSLP_all/000487@30.0766629131099,-90.5059214615598.jpg",1,47,266,394,147,441,413
"WSLP_all/000488@30.0768057677994,-90.5060309367656.jpg",1,174,264,252,129,426,393
"WSLP_all/000489@30.059410840711,-90.6202469902369.jpg",1,168,194,307,238,475,432
"WSLP_all/000490@30.0580249497104,-90.6200640745957.jpg",1,95,241,452,201,547,442
"WSLP_all/000491@30.0568653468518,-90.619866901035.jpg",3,197,254,266,169,463,423
"WSLP_all/000492@30.05748597256,-90.6196411806694.jpg",1,162,243,347,229,509,472
"WSLP_all/000493@30.0529612968979,-90.6161870150856.jpg",1,136,254,391,156,527,410
"WSLP_all/000494@30.0575099689732,-90.6160752613291.jpg",1,43,243,395,260,438,503
"WSLP_all/000495@30.0572933998303,-90.6160262419235.jpg",1,70,261,400,230,470,491
"WSLP_all/000496@30.0510331069309,-90.6160554847475.jpg",1,290,261,200,139,490,400
"WSLP_all/000497@30.055569766606,-90.6158331756129.jpg",1,159,190,443,341,602,531
"WSLP_all/000498@30.0575859179395,-90.6157870518648.jpg",3,204,221,375,340,579,561
"WSLP_all/000499@30.0567863247437,-90.6159698301139.jpg",1,194,291,219,125,413,416
"WSLP_all/000500@30.0581090071768,-90.6159666332903.jpg",1,237,271,275,228,512,499
"WSLP_all/000501@30.0574649321064,-90.6157278615857.jpg",1,69,282,377,223,446,505
"WSLP_all/000502@30.0548098538542,-90.6158291623249.jpg",2,27,262,614,221,641,483
"WSLP_all/000504@30.0549659781213,-90.6156352152895.jpg",1,39,280,561,263,600,543
"WSLP_all/000505@30.0499547872189,-90.6156523284608.jpg",2,0,292,463,104,463,396
"WSLP_all/000506@30.0567238729825,-90.6157774518711.jpg",5,130,315,232,144,362,459
"WSLP_all/000507@30.0501948942971,-90.615726461086.jpg",1,214,290,425,85,639,375
"WSLP_all/000508@30.0601571400727,-90.5604820923016.jpg",1,188,254,351,160,539,414
"WSLP_all/000509@30.0600282959276,-90.5604609628623.jpg",1,87,288,315,157,402,445
"WSLP_all/000510@30.0598862905867,-90.560446256899.jpg",4,49,290,374,136,423,426
"WSLP_all/000511@30.0591043966106,-90.560310066641.jpg",3,76,272,565,206,641,478
"WSLP_all/000512@30.0589021070568,-90.5604159541211.jpg",1,156,202,390,257,546,459
"WSLP_all/000513@30.0605732462695,-90.560083711814.jpg",2,121,228,520,214,641,442
"WSLP_all/000514@30.0602933265502,-90.5601143342815.jpg",1,213,260,368,181,581,441
"WSLP_all/000515@30.0604557443407,-90.5601162355669.jpg",1,124,276,344,176,468,452
"WSLP_all/000516@30.0601141912391,-90.5601125626861.jpg",1,176,197,417,266,593,463
"WSLP_all/000517@30.0597434820682,-90.5600933100127.jpg",3,122,278,377,188,499,466
"WSLP_all/000518@30.0600039556959,-90.5598605202475.jpg",2,378,248,263,202,641,450
"WSLP_all/000519@30.0605710635962,-90.5596790909441.jpg",2,24,225,480,253,504,478
"WSLP_all/000520@30.0600632513319,-90.5596514203493.jpg",1,117,265,304,172,421,437
"WSLP_all/000521@30.0603170877902,-90.5596557725021.jpg",1,215,232,323,184,538,416
"WSLP_all/000522@30.0595023984894,-90.5596336453213.jpg",1,294,264,229,145,523,409
"WSLP_all/000523@30.0596406824611,-90.5596420555286.jpg",1,197,248,323,193,520,441
"WSLP_all/000524@30.0589387314445,-90.5596190535105.jpg",3,226,267,305,150,531,417
"WSLP_all/000525@30.0576456936162,-90.5596417347558.jpg",1,22,289,608,229,630,518
"WSLP_all/000526@30.0587934266389,-90.5596138590604.jpg",1,190,280,321,142,511,422
"WSLP_all/000528@30.0457445294779,-90.4717572425544.jpg",2,403,289,238,156,641,445
"WSLP_all/000529@30.0696248436461,-90.5019521024904.jpg",1,199,278,245,106,444,384
"WSLP_all/000530@30.069783839755,-90.5019128378542.jpg",1,273,301,200,101,473,402
"WSLP_all/000532@30.0615384501894,-90.4826124841648.jpg",6,152,200,304,215,456,415
"WSLP_all/000533@30.0622224707953,-90.4828627116861.jpg",2,9,281,237,148,246,429
"WSLP_all/000534@30.0624006440033,-90.4828769978939.jpg",3,278,290,280,151,558,441
"WSLP_all/000535@30.0690535529054,-90.5017545306379.jpg",4,342,303,218,102,560,405
"WSLP_all/000536@30.0622266772199,-90.4826793208403.jpg",3,250,313,216,102,466,415
"WSLP_all/000537@30.0475398301192,-90.4717480479402.jpg",6,180,225,263,238,443,463
"WSLP_all/000538@30.046516149382,-90.4711784685386.jpg",6,188,248,216,161,404,409
"WSLP_all/000539@30.0460473459705,-90.4712741856012.jpg",6,171,241,222,172,393,413
"WSLP_all/000540@30.0655310956001,-90.4825467914326.jpg",6,127,299,311,227,438,526
"WSLP_all/000541@30.0606687933534,-90.4823037823578.jpg",6,352,293,194,178,546,471
"WSLP_all/000542@30.064774810619,-90.4821011696585.jpg",4,214,258,269,160,483,418
"WSLP_all/000543@30.0482973218489,-90.4707837605121.jpg",6,270,176,266,261,536,437
"WSLP_all/000544@30.0634413055509,-90.4817837798151.jpg",1,181,278,358,110,539,388
"WSLP_all/000546@30.0638363414915,-90.4811955551962.jpg",1,185,276,272,130,457,406
"WSLP_all/000547@30.0456098065815,-90.4717520853679.jpg",4,240,277,300,138,540,415
"WSLP_all/000549@30.0641588856623,-90.4805984620248.jpg",3,33,257,410,198,443,455
"WSLP_all/000550@30.0629666645421,-90.4991529681093.jpg",1,162,288,331,120,493,408
"WSLP_all/000551@30.0618437511735,-90.4984004971245.jpg",1,217,299,188,94,405,393
"WSLP_all/000552@30.0622653799443,-90.4984601910747.jpg",4,183,285,232,111,415,396
"WSLP_all/000553@30.0612707155441,-90.4983452333051.jpg",3,31,264,539,201,570,465
"WSLP_all/000554@30.0620850588296,-90.4980633785531.jpg",6,191,318,338,229,529,547
"WSLP_all/000555@30.0629585629988,-90.4981477365261.jpg",1,214,272,199,112,413,384
"WSLP_all/000556@30.061219696565,-90.4981875968008.jpg",4,232,279,265,201,497,480
"WSLP_all/000557@30.061236147682,-90.4980673311654.jpg",4,138,294,310,90,448,384
"WSLP_all/000558@30.063049474895,-90.4956621765866.jpg",4,278,305,154,88,432,393
"WSLP_all/000559@30.057914728499,-90.4798773950647.jpg",2,432,261,209,167,641,428
"WSLP_all/000560@30.0581120889946,-90.5595938585723.jpg",1,165,293,311,145,476,438
"WSLP_all/000561@30.0583951205913,-90.5596201119605.jpg",1,165,281,268,145,433,426
"WSLP_all/000562@30.0582516279595,-90.5595864531096.jpg",1,231,252,272,164,503,416
"WSLP_all/000563@30.0581369259876,-90.559201682435.jpg",1,162,289,257,144,419,433
"WSLP_all/000564@30.0583290289408,-90.5591780624176.jpg",3,113,282,355,163,468,445
"WSLP_all/000565@30.0550503596169,-90.5590802447428.jpg",1,81,271,560,162,641,433
"WSLP_all/000566@30.0605887087756,-90.558755874092.jpg",5,194,277,330,184,524,461
"WSLP_all/000567@30.0604039674372,-90.5582357074315.jpg",4,216,269,267,104,483,373
"WSLP_all/000568@30.06056911777,-90.558262874209.jpg",1,84,296,407,90,491,386
"WSLP_all/000569@30.0602593949367,-90.5582241867966.jpg",1,183,263,259,131,442,394
"WSLP_all/000570@30.0584814618599,-90.5581368552482.jpg",3,142,279,378,90,520,369
"WSLP_all/000572@30.0623047349489,-90.5566655734101.jpg",1,266,253,252,165,518,418
"WSLP_all/000573@30.0613897456152,-90.5565620592575.jpg",1,174,268,417,173,591,441
"WSLP_all/000574@30.0651041309261,-90.5564414319319.jpg",1,71,293,462,136,533,429
"WSLP_all/000575@30.0649058635043,-90.5563987182628.jpg",1,140,251,345,198,485,449
"WSLP_all/000576@30.0638996767443,-90.5563117214869.jpg",1,50,262,253,161,303,423
"WSLP_all/000577@30.0625491223966,-90.5563032822653.jpg",2,13,253,471,190,484,443
"WSLP_all/000578@30.0628898597854,-90.5560382370924.jpg",1,147,275,494,143,641,418
"WSLP_all/000579@30.0634622862305,-90.5560274503857.jpg",1,159,221,479,218,638,439
"WSLP_all/000580@30.0625646762584,-90.5560218052837.jpg",2,301,285,340,143,641,428
"WSLP_all/000581@30.0631662228456,-90.5560202753405.jpg",1,241,257,350,185,591,442
"WSLP_all/000582@30.0583573146717,-90.5560103592528.jpg",1,278,298,215,99,493,397
"WSLP_all/000583@30.0642642502305,-90.5560085507546.jpg",2,266,275,375,186,641,461
"WSLP_all/000584@30.0573964613907,-90.5560241745307.jpg",3,114,264,288,136,402,400
"WSLP_all/000585@30.0651798793359,-90.5557358535597.jpg",3,47,301,299,139,346,440
"WSLP_all/000586@30.060079683789,-90.55563338715.jpg",3,55,264,547,153,602,417
"WSLP_all/000587@30.062289948887,-90.5556414318502.jpg",3,78,279,389,154,467,433
"WSLP_all/000588@30.0595459600546,-90.5556091006638.jpg",2,26,233,508,131,534,364
"WSLP_all/000589@30.0607756377386,-90.5556184733733.jpg",2,2,224,639,190,641,414
"WSLP_all/000591@30.06325456126,-90.5556497120416.jpg",5,230,305,195,99,425,404
"WSLP_all/000592@30.0603217295015,-90.5555967252379.jpg",2,11,253,291,141,302,394
"WSLP_all/000593@30.0603539134385,-90.5552866746869.jpg",2,317,257,324,162,641,419
"WSLP_all/000594@30.0578642953302,-90.5551954667343.jpg",1,26,272,431,146,457,418
"WSLP_all/000595@30.0632710933235,-90.5549382869906.jpg",1,123,296,237,152,360,448
"WSLP_all/000596@30.0614661932606,-90.5549365758833.jpg",3,160,265,345,115,505,380
"WSLP_all/000597@30.0621094247932,-90.5549157462242.jpg",1,142,306,254,127,396,433
"WSLP_all/000598@30.0603882722385,-90.5549165427323.jpg",1,236,296,304,106,540,402
"WSLP_all/000599@30.06243564175,-90.5549068760017.jpg",1,127,259,277,183,404,442
"WSLP_all/000600@30.0619490691529,-90.5549043534683.jpg",1,135,293,266,123,401,416
"WSLP_all/000601@30.0622721812809,-90.5549239589876.jpg",1,90,286,281,136,371,422
"WSLP_all/000602@30.0598226626269,-90.577536227964.jpg",1,179,289,361,95,540,384
"WSLP_all/000603@30.0607206564607,-90.5548949795806.jpg",1,229,292,211,107,440,399
"WSLP_all/000604@30.0626219098336,-90.5549243890307.jpg",4,175,271,466,169,641,440
"WSLP_all/000605@30.0574130528986,-90.5548291376689.jpg",2,9,271,599,178,608,449
"WSLP_all/000606@30.0620689352786,-90.5772789386935.jpg",1,184,306,359,114,543,420
"WSLP_all/000607@30.0564265965716,-90.5548147143119.jpg",1,238,287,221,119,459,406
"WSLP_all/000608@30.0598555959957,-90.5549112190457.jpg",1,178,292,220,105,398,397
"WSLP_all/000609@30.0648878887148,-90.5546537821526.jpg",1,180,288,383,111,563,399
"WSLP_all/000610@30.0650307877062,-90.5546242134464.jpg",1,188,285,267,154,455,439
"WSLP_all/000611@30.0604305582739,-90.5771364664138.jpg",1,113,293,278,121,391,414
"WSLP_all/000612@30.065372608601,-90.5546499952536.jpg",1,126,301,402,109,528,410
"WSLP_all/000613@30.0644041535359,-90.5545405914718.jpg",1,247,288,300,141,547,429
"WSLP_all/000614@30.0591398043192,-90.5770925187146.jpg",1,224,254,355,162,579,416
"WSLP_all/000615@30.0599811422579,-90.5771588431513.jpg",2,324,292,317,117,641,409
"WSLP_all/000616@30.0632918499953,-90.5545745729762.jpg",3,156,294,318,119,474,413
"WSLP_all/000617@30.05948189394,-90.5771563082219.jpg",1,284,296,259,120,543,416
"WSLP_all/000618@30.0624550286472,-90.5545905950133.jpg",1,185,252,401,167,586,419
"WSLP_all/000619@30.0619523472158,-90.5545471033768.jpg",1,182,290,283,151,465,441
"WSLP_all/000620@30.0622494108301,-90.5545700725396.jpg",1,67,273,541,165,608,438
"WSLP_all/000621@30.0616283348026,-90.5545148611388.jpg",3,140,250,337,206,477,456
"WSLP_all/000622@30.0642184637484,-90.5546115918875.jpg",1,78,294,310,161,388,455
"WSLP_all/000623@30.0605585798944,-90.5544947687073.jpg",1,110,279,383,127,493,406
"WSLP_all/000624@30.0584657677187,-90.5544320921254.jpg",1,5,247,579,173,584,420
"WSLP_all/000625@30.0590075280714,-90.576698374746.jpg",4,195,261,420,149,615,410
"WSLP_all/000626@30.0618076560865,-90.5543806868546.jpg",3,122,283,337,182,459,465
"WSLP_all/000627@30.0576865261828,-90.5766641463526.jpg",1,191,287,249,128,440,415
"WSLP_all/000628@30.0578527823059,-90.576688173364.jpg",1,61,303,342,115,403,418
"WSLP_all/000629@30.0594033643886,-90.5544753444838.jpg",1,108,288,368,116,476,404
"WSLP_all/000630@30.0568806483112,-90.5766291694569.jpg",1,121,271,337,146,458,417
"WSLP_all/000631@30.0676259804339,-90.5569908365092.jpg",2,11,269,557,156,568,425
"WSLP_all/000632@30.0700885469058,-90.5566175623251.jpg",3,37,260,571,204,608,464
"WSLP_all/000635@30.0588604626508,-90.5762095091119.jpg",4,152,278,377,149,529,427
"WSLP_all/000636@30.0587067905304,-90.57618854823.jpg",2,382,270,259,144,641,414
"WSLP_all/000637@30.0573548811567,-90.5761545614744.jpg",2,387,282,254,143,641,425
"WSLP_all/000638@30.0572070297175,-90.5761367178922.jpg",2,317,302,324,113,641,415
"WSLP_all/000639@30.0678879764835,-90.556173137655.jpg",3,205,272,436,145,641,417
"WSLP_all/000640@30.0575418277121,-90.5761278523821.jpg",1,362,284,249,141,611,425
"WSLP_all/000641@30.0564821396421,-90.5761074523741.jpg",1,242,298,322,115,564,413
"WSLP_all/000642@30.0564854473471,-90.576300253868.jpg",6,260,336,225,103,485,439
"WSLP_all/000644@30.0583431504215,-90.5757866820402.jpg",1,248,304,276,105,524,409
"WSLP_all/000645@30.0703221779065,-90.5558538106837.jpg",2,14,272,277,125,291,397
"WSLP_all/000646@30.0578912982447,-90.5757774715412.jpg",4,175,259,362,234,537,493
"WSLP_all/000647@30.0586761155389,-90.5757651845358.jpg",4,228,285,387,169,615,454
"WSLP_all/000649@30.0588445889721,-90.5537305120783.jpg",1,223,257,292,163,515,420
"WSLP_all/000650@30.0698141119809,-90.5558482894815.jpg",1,39,305,355,113,394,418
"WSLP_all/000651@30.0572806596584,-90.5757283733871.jpg",1,1,265,319,141,320,406
"WSLP_all/000652@30.060057328593,-90.553749477655.jpg",1,198,273,280,137,478,410
"WSLP_all/000653@30.0592195918208,-90.5757167974721.jpg",2,385,303,256,107,641,410
"WSLP_all/000654@30.059252142545,-90.5754478487247.jpg",2,73,285,568,294,641,579
"WSLP_all/000655@30.0614894893523,-90.5537793725911.jpg",3,96,293,310,89,406,382
"WSLP_all/000656@30.0692993816035,-90.5558364973196.jpg",1,84,314,365,113,449,427
"WSLP_all/000657@30.067814237151,-90.5558069838358.jpg",1,53,272,306,155,359,427
"WSLP_all/000658@30.0609404999502,-90.5537963111719.jpg",1,243,270,239,96,482,366
"WSLP_all/000659@30.062409278915,-90.5537690175521.jpg",1,111,292,282,140,393,432
"WSLP_all/000660@30.056911855457,-90.5536697605867.jpg",1,279,288,215,92,494,380
"WSLP_all/000661@30.0570380578117,-90.5536624512346.jpg",1,240,265,208,126,448,391
"WSLP_all/000662@30.057597504187,-90.5537908438772.jpg",2,196,281,445,230,641,511
"WSLP_all/000663@30.0557434344272,-90.553603033828.jpg",1,286,240,299,160,585,400
"WSLP_all/000664@30.0703635287086,-90.5551958875558.jpg",1,107,301,291,97,398,398
"WSLP_all/000665@30.0702123476786,-90.5551780976758.jpg",1,105,294,292,114,397,408
"WSLP_all/000667@30.068658049335,-90.5551681025688.jpg",4,114,299,382,115,496,414
"WSLP_all/000669@30.0706014823017,-90.5552161605325.jpg",3,106,266,276,142,382,408
"WSLP_all/000670@30.068198896707,-90.5551242654433.jpg",1,91,303,297,112,388,415
"WSLP_all/000671@30.0616903798418,-90.5533636751389.jpg",1,219,284,242,189,461,473
"WSLP_all/000672@30.0656866227685,-90.5550237481816.jpg",1,127,288,338,107,465,395
"WSLP_all/000673@30.060739185459,-90.5533553121987.jpg",1,175,277,213,137,388,414
"WSLP_all/000674@30.0673801235077,-90.5551369813006.jpg",1,109,313,210,93,319,406
"WSLP_all/000675@30.060608063877,-90.5533120810714.jpg",3,125,276,492,169,617,445
"WSLP_all/000676@30.0605838543077,-90.5529898243973.jpg",2,7,241,179,185,186,426
"WSLP_all/000677@30.0600153683876,-90.5532945908026.jpg",1,181,287,212,129,393,416
"WSLP_all/000678@30.0697044952303,-90.5547805503554.jpg",3,114,190,515,296,629,486
"WSLP_all/000679@30.0698473794079,-90.5547762726763.jpg",1,245,276,306,131,551,407
"WSLP_all/000680@30.0695129211067,-90.5547725623298.jpg",1,212,292,350,127,562,419
"WSLP_all/000681@30.0693626850357,-90.5547705744211.jpg",2,197,287,444,193,641,480
"WSLP_all/000682@30.0685387397384,-90.5547548804303.jpg",2,271,291,370,128,641,419
"WSLP_all/000683@30.0675418130601,-90.5546994391975.jpg",3,142,279,376,141,518,420
"WSLP_all/000684@30.0682302904955,-90.5547225138086.jpg",4,110,268,399,150,509,418
"WSLP_all/000685@30.0567312828193,-90.5532349406043.jpg",3,77,250,327,205,404,455
"WSLP_all/000686@30.0678855433304,-90.5547504986564.jpg",2,198,288,443,138,641,426
"WSLP_all/000687@30.0562483130847,-90.5532418814429.jpg",1,107,268,298,169,405,437
"WSLP_all/000688@30.0559168765662,-90.5532191855887.jpg",1,72,296,286,144,358,440
"WSLP_all/000689@30.06739550097,-90.5547005822248.jpg",3,178,283,393,137,571,420
"WSLP_all/000690@30.056076495911,-90.5531989698746.jpg",1,92,258,300,180,392,438
"WSLP_all/000691@30.0671973753117,-90.5547052914634.jpg",1,262,277,246,139,508,416
"WSLP_all/000692@30.0557539256078,-90.5532014944325.jpg",1,62,296,305,120,367,416
"WSLP_all/000693@30.0662307365628,-90.5546843892616.jpg",1,273,269,249,162,522,431
"WSLP_all/000694@30.0660404031291,-90.5547048456353.jpg",1,178,306,410,115,588,421
"WSLP_all/000695@30.0552471945896,-90.5531801718118.jpg",4,168,269,322,150,490,419
"WSLP_all/000696@30.0554180022911,-90.5532104456038.jpg",1,110,258,264,170,374,428
"WSLP_all/000697@30.0663598826897,-90.5546960259676.jpg",1,175,289,427,140,602,429
"WSLP_all/000698@30.0638109845094,-90.5525662303405.jpg",4,231,288,320,99,551,387
"WSLP_all/000699@30.0621250951629,-90.5718569220422.jpg",1,308,280,253,130,561,410
"WSLP_all/000700@30.0555758727882,-90.5525517069667.jpg",2,78,236,563,163,641,399
"WSLP_all/000701@30.0510871556918,-90.6134220491913.jpg",1,237,273,381,127,618,400
"WSLP_all/000702@30.0508945374937,-90.6133380946896.jpg",1,187,273,361,187,548,460
"WSLP_all/000704@30.050521485012,-90.6132459622266.jpg",2,278,252,363,245,641,497
"WSLP_all/000705@30.0488142002099,-90.6131824345082.jpg",1,144,298,475,156,619,454
"WSLP_all/000706@30.0484961029458,-90.6130424950136.jpg",2,267,293,374,171,641,464
"WSLP_all/000707@30.0513267264782,-90.6147573910513.jpg",1,179,326,330,90,509,416
"WSLP_all/000708@30.0486645684903,-90.613129781221.jpg",3,88,292,553,165,641,457
"WSLP_all/000709@30.0499056943822,-90.6129659314874.jpg",3,194,303,223,97,417,400
"WSLP_all/000710@30.0483682122924,-90.6130181324572.jpg",1,273,311,265,163,538,474
"WSLP_all/000711@30.0482001287115,-90.6129403264058.jpg",2,182,288,459,177,641,465
"WSLP_all/000712@30.05101024389,-90.6129042140384.jpg",2,215,275,426,167,641,442
"WSLP_all/000713@30.0486732219658,-90.6128768506352.jpg",2,18,245,623,279,641,524
"WSLP_all/000714@30.0492993446383,-90.6127933040813.jpg",1,119,273,352,202,471,475
"WSLP_all/000715@30.0506177876871,-90.6128090614023.jpg",3,244,294,262,114,506,408
"WSLP_all/000716@30.0507990108525,-90.612845682388.jpg",1,230,292,335,122,565,414
"WSLP_all/000717@30.0477222984223,-90.61277625557.jpg",1,153,291,435,137,588,428
"WSLP_all/000718@30.0488509464957,-90.6126258595499.jpg",2,187,275,283,184,470,459
"WSLP_all/000719@30.0500265264044,-90.6126047168604.jpg",3,165,295,392,107,557,402
"WSLP_all/000720@30.0502125434737,-90.612638141713.jpg",1,265,293,249,133,514,426
"WSLP_all/000721@30.0465100537955,-90.6126048538188.jpg",2,276,272,365,176,641,448
"WSLP_all/000722@30.049649965384,-90.6124493959308.jpg",3,267,288,170,117,437,405
"WSLP_all/000723@30.0471465744947,-90.6125370361336.jpg",2,0,273,318,164,318,437
"WSLP_all/000724@30.0463142977525,-90.6125304107607.jpg",2,208,273,433,182,641,455
"WSLP_all/000725@30.048670166258,-90.6125544672597.jpg",1,160,299,289,138,449,437
"WSLP_all/000726@30.0461167882119,-90.6124623021883.jpg",1,198,254,443,202,641,456
"WSLP_all/000727@30.0457197812228,-90.612354545892.jpg",2,340,289,301,151,641,440
"WSLP_all/000728@30.0484577112881,-90.6124738217774.jpg",5,173,282,447,195,620,477
"WSLP_all/000729@30.0459152747551,-90.6123910610535.jpg",2,250,287,391,208,641,495
"WSLP_all/000730@30.0467118175786,-90.6123600143482.jpg",2,19,298,323,117,342,415
"WSLP_all/000731@30.0463260788932,-90.6122110874196.jpg",1,31,314,391,124,422,438
"WSLP_all/000732@30.0468485037399,-90.6121978260189.jpg",1,248,266,279,190,527,456
"WSLP_all/000733@30.0490035242482,-90.6122170059718.jpg",1,244,306,305,99,549,405
"WSLP_all/000734@30.0461294137379,-90.6121113657883.jpg",1,48,300,345,115,393,415
"WSLP_all/000735@30.0466665209858,-90.6121327661854.jpg",1,126,256,332,198,458,454
"WSLP_all/000736@30.0450886481032,-90.6120904487533.jpg",2,234,225,407,325,641,550
"WSLP_all/000737@30.0457435491701,-90.6120098527779.jpg",1,171,272,250,149,421,421
"WSLP_all/000738@30.0483941827287,-90.6120254423842.jpg",6,252,263,280,157,532,420
"WSLP_all/000739@30.0477302211362,-90.6117773808666.jpg",1,352,284,238,145,590,429
"WSLP_all/000740@30.0512706063912,-90.6135092300988.jpg",1,81,269,536,230,617,499
"WSLP_all/000741@30.0454990937362,-90.6119104779647.jpg",2,4,253,248,163,252,416
"WSLP_all/000742@30.0522379828665,-90.6138531101484.jpg",1,206,274,377,191,583,465
"WSLP_all/000743@30.0451100602949,-90.6118026668202.jpg",2,7,261,354,154,361,415
"WSLP_all/000744@30.0473840001921,-90.6116439725612.jpg",1,193,278,434,108,627,386
"WSLP_all/000745@30.0449168314452,-90.6116776365821.jpg",4,123,290,296,105,419,395
"WSLP_all/000746@30.045803035897,-90.6114942195395.jpg",1,40,268,401,209,441,477
"WSLP_all/000747@30.0467481826481,-90.611408356422.jpg",1,368,259,247,163,615,422
"WSLP_all/000748@30.046992673215,-90.6114539976544.jpg",2,230,277,411,142,641,419
"WSLP_all/000749@30.0452083538161,-90.6112583091025.jpg",2,13,311,345,128,358,439
"WSLP_all/000750@30.0457808448243,-90.6110929643812.jpg",2,363,288,278,119,641,407
"WSLP_all/000751@30.0450362937813,-90.6112026623413.jpg",1,151,256,312,197,463,453
"WSLP_all/000752@30.0548772376682,-90.621243539353.jpg",1,103,331,387,150,490,481
"WSLP_all/000753@30.0547379916061,-90.6212192458491.jpg",1,110,308,531,178,641,486
"WSLP_all/000754@30.0544806701524,-90.6212716604533.jpg",1,227,302,314,166,541,468
"WSLP_all/000755@30.0490085129496,-90.6208239763698.jpg",2,4,228,277,196,281,424
"WSLP_all/000756@30.0482711341958,-90.6205226457611.jpg",1,0,272,640,146,640,418
"WSLP_all/000757@30.0486679540864,-90.6201752771482.jpg",1,148,286,408,104,556,390
"WSLP_all/000758@30.0483641755391,-90.6200731420294.jpg",2,67,275,574,132,641,407
"WSLP_all/000759@30.0618602116693,-90.4781870972468.jpg",4,178,290,368,132,546,422
"WSLP_all/000760@30.0627298329747,-90.4801048776323.jpg",4,161,283,247,124,408,407
"WSLP_all/000761@30.061144680056,-90.5719118306486.jpg",3,196,287,319,153,515,440
"WSLP_all/000762@30.0560635757019,-90.6147927875244.jpg",1,303,305,204,84,507,389
"WSLP_all/000763@30.0570469963546,-90.6333508850268.jpg",1,261,283,342,203,603,486
"WSLP_all/000764@30.0596414631561,-90.6318974853746.jpg",1,56,290,354,85,410,375
"WSLP_all/000765@30.0531760414047,-90.6386474257932.jpg",2,426,288,215,106,641,394
"WSLP_all/000766@30.0404977747105,-90.6244783845389.jpg",4,228,309,235,122,463,431
"WSLP_all/000767@30.0401661519146,-90.6182891797589.jpg",6,102,225,300,219,402,444
"WSLP_all/000768@30.055636573054,-90.6234382147471.jpg",4,240,274,392,158,632,432
"WSLP_all/000769@30.0620363982985,-90.6215053577398.jpg",1,178,308,338,118,516,426
"WSLP_all/000770@30.0517407327171,-90.6372508108783.jpg",3,110,318,243,154,353,472
"WSLP_all/000771@30.0544101695044,-90.5531804006956.jpg",6,182,265,320,147,502,412
"WSLP_all/000772@30.0414998516625,-90.6176506516799.jpg",1,187,284,216,82,403,366
"WSLP_all/000773@30.0569503221276,-90.5532047753401.jpg",1,179,276,268,149,447,425
"WSLP_all/000774@30.0612474556881,-90.5730996752994.jpg",6,164,240,397,182,561,422
"WSLP_all/000775@30.0610623547383,-90.5730694747119.jpg",1,202,284,236,92,438,376
"WSLP_all/000776@30.0556035111936,-90.553164738806.jpg",1,211,269,242,165,453,434
"WSLP_all/000778@30.0426421375502,-90.6177214675654.jpg",2,114,149,527,379,641,528
"WSLP_all/000779@30.06058837383,-90.5731141858545.jpg",1,74,242,520,180,594,422
"WSLP_all/000780@30.0403772534469,-90.6177061190329.jpg",6,127,204,380,227,507,431
"WSLP_all/000781@30.0417432341853,-90.617689992523.jpg",4,139,269,356,160,495,429
"WSLP_all/000782@30.0650179260248,-90.5527622657032.jpg",4,205,288,244,90,449,378
"WSLP_all/000783@30.063139999934,-90.5726553019383.jpg",3,130,287,408,173,538,460
"WSLP_all/000784@30.0629376362686,-90.5723691682582.jpg",1,206,265,208,116,414,381
"WSLP_all/000787@30.0613949880271,-90.5719194022707.jpg",1,167,280,214,121,381,401
"WSLP_all/000788@30.0609198538444,-90.5723497983336.jpg",1,185,232,319,173,504,405
"WSLP_all/000789@30.0641368190793,-90.5527944567452.jpg",4,150,303,274,169,424,472
"WSLP_all/000790@30.0646999289007,-90.5528216605162.jpg",4,174,284,286,161,460,445
"WSLP_all/000791@30.0640280953535,-90.5527953081715.jpg",4,166,284,270,139,436,423
"WSLP_all/000792@30.0625300913515,-90.5723659571255.jpg",1,254,285,195,120,449,405
"WSLP_all/000793@30.0643665768688,-90.5527958188293.jpg",2,308,314,333,115,641,429
"WSLP_all/000794@30.0639151525011,-90.5527803859756.jpg",4,105,273,299,156,404,429
"WSLP_all/000795@30.0558052458473,-90.5569027193078.jpg",6,170,238,321,177,491,415
"WSLP_all/000796@30.0545453987528,-90.5565616565814.jpg",2,71,223,513,203,584,426
"WSLP_all/000797@30.0596080966037,-90.5561618259936.jpg",1,182,262,249,143,431,405
"WSLP_all/000798@30.0600751816726,-90.5561518617124.jpg",1,143,277,232,117,375,394
"WSLP_all/000799@30.0551377333357,-90.5563547333621.jpg",6,215,295,334,152,549,447
"WSLP_all/000800@30.0616856292592,-90.5562309812504.jpg",4,198,285,360,123,558,408
"WSLP_all/000801@30.0587862171111,-90.5561050107271.jpg",1,70,281,357,112,427,393
"WSLP_all/000802@30.057615764316,-90.556057236815.jpg",1,152,301,228,106,380,407
"WSLP_all/000803@30.0530620763219,-90.5415110743467.jpg",2,4,264,566,179,570,443
"WSLP_all/000804@30.0646668490827,-90.5560401858344.jpg",2,279,268,362,158,641,426
"WSLP_all/000805@30.0651044890146,-90.556077870647.jpg",1,78,246,512,169,590,415
"WSLP_all/000806@30.0607159976942,-90.556168993784.jpg",1,56,262,352,162,408,424
"WSLP_all/000807@30.0566555684966,-90.5560425964992.jpg",1,120,284,282,137,402,421
"WSLP_all/000808@30.0563888804853,-90.556032031735.jpg",1,155,301,258,117,413,418
"WSLP_all/000809@30.0561209183236,-90.5560151547945.jpg",2,186,260,235,146,421,406
"WSLP_all/000810@30.0644974497616,-90.556057313657.jpg",1,209,276,409,144,618,420
"WSLP_all/000811@30.0549808955999,-90.5558817975992.jpg",5,407,274,166,113,573,387
"WSLP_all/000812@30.0549438629085,-90.5561160039098.jpg",4,239,260,201,127,440,387
"WSLP_all/000813@30.0571474422507,-90.5560766942886.jpg",2,12,276,369,117,381,393
"WSLP_all/000814@30.0578663569335,-90.5560710884239.jpg",1,102,290,314,119,416,409
"WSLP_all/000815@30.0537299861345,-90.5499267172355.jpg",2,21,207,546,280,567,487
"WSLP_all/000816@30.0645986694996,-90.5557309038861.jpg",2,23,283,344,161,367,444
"WSLP_all/000817@30.0565876788365,-90.5556985650527.jpg",2,51,296,511,144,562,440
"WSLP_all/000818@30.0557150284777,-90.549174585414.jpg",1,37,281,426,149,463,430
"WSLP_all/000819@30.063812883734,-90.5556580010804.jpg",3,46,287,483,138,529,425
"WSLP_all/000820@30.0533793109762,-90.5493004334426.jpg",3,64,259,550,201,614,460
"WSLP_all/000821@30.0555372924878,-90.5556941151542.jpg",2,311,258,213,206,524,464
"WSLP_all/000822@30.0592692796073,-90.5555733252467.jpg",2,1,270,350,132,351,402
"WSLP_all/000823@30.0617620073795,-90.5556044546144.jpg",2,292,256,349,192,641,448
"WSLP_all/000824@30.0587862987332,-90.5555644491748.jpg",2,78,258,563,142,641,400
"WSLP_all/000825@30.0571169707969,-90.5554984466372.jpg",2,41,263,600,164,641,427
"WSLP_all/000826@30.0571276937436,-90.5551443168901.jpg",1,209,277,424,157,633,434
"WSLP_all/000827@30.0589081922902,-90.5552094456574.jpg",1,197,273,337,136,534,409
"WSLP_all/000828@30.0584505007192,-90.5552035351174.jpg",1,109,287,366,125,475,412
"WSLP_all/000829@30.0566376688546,-90.5551765923901.jpg",2,121,259,520,177,641,436
"WSLP_all/000830@30.0640387532179,-90.5549544212309.jpg",1,54,284,401,123,455,407
"WSLP_all/000831@30.0465972571239,-90.6198992985088.jpg",1,175,298,261,116,436,414
"WSLP_all/000832@30.0487397315177,-90.6195520763372.jpg",1,130,264,479,143,609,407
"WSLP_all/000833@30.0547729436453,-90.6193855945823.jpg",1,126,237,417,200,543,437
"WSLP_all/000834@30.0540770217612,-90.6193210367696.jpg",1,222,188,313,241,535,429
"WSLP_all/000835@30.0531172972998,-90.6192141159124.jpg",1,218,272,216,100,434,372
"WSLP_all/000836@30.0547999216655,-90.6189144066872.jpg",3,173,239,255,179,428,418
"WSLP_all/000837@30.0545141493285,-90.6188974886875.jpg",1,198,280,215,110,413,390
"WSLP_all/000838@30.0511255634213,-90.6188901653071.jpg",3,18,273,502,178,520,451
"WSLP_all/000839@30.0537412147532,-90.6187386565297.jpg",1,215,292,191,93,406,385
"WSLP_all/000840@30.0506200903473,-90.6188400527398.jpg",1,165,282,337,116,502,398
"WSLP_all/000841@30.0526094845183,-90.6185855604405.jpg",2,121,262,520,210,641,472
"WSLP_all/000842@30.0557746593524,-90.6185091257855.jpg",1,103,282,350,118,453,400
"WSLP_all/000843@30.0562883590236,-90.6186413693487.jpg",1,179,257,215,155,394,412
"WSLP_all/000844@30.0486336432574,-90.6185634923363.jpg",1,133,281,446,96,579,377
"WSLP_all/000846@30.0554866807809,-90.618384748802.jpg",1,194,257,193,161,387,418
"WSLP_all/000847@30.0528528370149,-90.6185079512539.jpg",2,0,159,557,346,557,505
"WSLP_all/000848@30.0519773217502,-90.6185142294871.jpg",1,224,281,200,109,424,390
"WSLP_all/000849@30.0552282717011,-90.6182822877296.jpg",1,197,245,197,160,394,405
"WSLP_all/000850@30.0563954578456,-90.6182802370989.jpg",3,262,284,240,141,502,425
"WSLP_all/000851@30.0455733694791,-90.6181176447978.jpg",1,250,259,272,162,522,421
"WSLP_all/000852@30.0549639752162,-90.6181893525358.jpg",1,229,264,226,143,455,407
"WSLP_all/000853@30.045913291884,-90.6181657780599.jpg",1,249,262,257,141,506,403
"WSLP_all/000854@30.0558816824581,-90.6180784533898.jpg",1,227,276,310,144,537,420
"WSLP_all/000855@30.0545361103614,-90.6180849473811.jpg",1,286,264,244,154,530,418
"WSLP_all/000856@30.0553326304108,-90.6178927291596.jpg",1,231,243,212,166,443,409
"WSLP_all/000857@30.0537684211269,-90.6177680328689.jpg",1,219,248,285,172,504,420
"WSLP_all/000858@30.054025277069,-90.6178578582315.jpg",1,160,245,329,175,489,420
"WSLP_all/000859@30.0562602495309,-90.6178196886497.jpg",1,102,280,393,118,495,398
"WSLP_all/000860@30.047177800906,-90.6178911991323.jpg",1,181,268,167,126,348,394
"WSLP_all/000861@30.0555863682193,-90.6179604512354.jpg",1,203,273,278,153,481,426
"WSLP_all/000862@30.0542905670086,-90.6179413014981.jpg",1,290,258,270,150,560,408
"WSLP_all/000863@30.0534916890261,-90.6176688676967.jpg",1,111,196,427,262,538,458
"WSLP_all/000864@30.0522801225765,-90.6172413536035.jpg",1,236,178,270,214,506,392
"WSLP_all/000866@30.0525407940179,-90.6173248269456.jpg",1,194,243,418,139,612,382
"WSLP_all/000867@30.0800862468655,-90.5070597647068.jpg",1,166,287,346,93,512,380
"WSLP_all/000868@30.079775973465,-90.5069927767067.jpg",1,199,287,283,102,482,389
"WSLP_all/000869@30.0796098436085,-90.5069119464386.jpg",1,154,287,323,96,477,383
"WSLP_all/000870@30.0792707371312,-90.5068293881648.jpg",1,180,292,342,92,522,384
"WSLP_all/000871@30.0791173757776,-90.5067895563736.jpg",1,200,297,267,89,467,386
"WSLP_all/000872@30.0861054261491,-90.5076327785588.jpg",1,49,295,388,95,437,390
"WSLP_all/000873@30.0859442680427,-90.5075993314898.jpg",1,40,281,386,117,426,398
"WSLP_all/000874@30.0857900891165,-90.5075342063461.jpg",1,119,272,263,121,382,393
"WSLP_all/000875@30.0854656070346,-90.5074420345999.jpg",1,9,272,401,128,410,400
"WSLP_all/000876@30.0853041349747,-90.5074022666169.jpg",2,0,282,389,142,389,424
"WSLP_all/000877@30.0851523122673,-90.5073402836421.jpg",1,91,296,298,106,389,402
"WSLP_all/000878@30.0849898253692,-90.5072878763231.jpg",4,274,283,230,124,504,407
"WSLP_all/000879@30.0850605247628,-90.5069679270756.jpg",1,59,242,440,145,499,387
"WSLP_all/000880@30.0862492504632,-90.5068663698109.jpg",1,100,270,435,120,535,390
"WSLP_all/000881@30.0860607008089,-90.5068236649893.jpg",3,96,282,499,113,595,395
"WSLP_all/000882@30.0867851007175,-90.5076935500717.jpg",1,90,269,376,134,466,403
"WSLP_all/000883@30.0868576592098,-90.507503224764.jpg",1,52,283,367,115,419,398
"WSLP_all/000884@30.0865468728112,-90.506968249332.jpg",1,104,254,359,119,463,373
"WSLP_all/000885@30.0864052177301,-90.506931479393.jpg",1,90,265,413,114,503,379
"WSLP_all/000886@30.0666187232889,-90.4920660791022.jpg",1,55,290,309,113,364,403
"WSLP_all/000887@30.0667684390228,-90.4919604880676.jpg",1,160,281,222,131,382,412
"WSLP_all/000888@30.0670313987234,-90.4917654191834.jpg",1,131,276,272,133,403,409
"WSLP_all/000889@30.0667126721304,-90.4915215186427.jpg",1,281,234,302,206,583,440
"WSLP_all/000890@30.0669134705309,-90.4914060098277.jpg",2,215,279,426,166,641,445
"WSLP_all/000891@30.0855866037063,-90.5087817338405.jpg",1,108,288,336,108,444,396
"WSLP_all/000892@30.0852538347236,-90.5086833027698.jpg",1,122,300,336,83,458,383
"WSLP_all/000893@30.0845596651695,-90.5084550596371.jpg",1,48,278,432,121,480,399
"WSLP_all/000894@30.0840625281655,-90.5083200466187.jpg",1,35,259,478,128,513,387
"WSLP_all/000895@30.0866168598321,-90.5084127339476.jpg",1,41,274,346,111,387,385
"WSLP_all/000896@30.0839097872532,-90.5082738815361.jpg",1,153,290,353,97,506,387
"WSLP_all/000897@30.0823162963521,-90.5077716798464.jpg",1,167,290,321,94,488,384
"WSLP_all/000898@30.0834356328447,-90.5081291951435.jpg",1,178,285,294,94,472,379
"WSLP_all/000899@30.0867131039617,-90.5080261643657.jpg",1,76,278,293,108,369,386
"WSLP_all/000900@30.0832519373626,-90.5080579913545.jpg",1,208,291,241,98,449,389
"WSLP_all/000901@30.0831164972856,-90.5080211696118.jpg",1,169,298,311,97,480,395
"WSLP_all/000902@30.0829536341639,-90.5079877370394.jpg",1,167,301,316,95,483,396
"WSLP_all/000903@30.0827917483993,-90.5079258390248.jpg",1,170,290,315,94,485,384
"WSLP_all/000904@30.0826346635451,-90.5078797100785.jpg",1,187,291,293,90,480,381
"WSLP_all/000905@30.0824791001168,-90.507795626555.jpg",1,179,241,285,145,464,386
"WSLP_all/000906@30.0682776883334,-90.4919635546547.jpg",2,10,213,607,235,617,448
"WSLP_all/000907@30.0681541290269,-90.4917211628368.jpg",2,75,244,566,217,641,461
"WSLP_all/000908@30.0680448520621,-90.4915450429921.jpg",1,223,276,191,112,414,388
"WSLP_all/000910@30.0678884588622,-90.491160663489.jpg",1,2,261,536,139,538,400
"WSLP_all/000911@30.0675495158841,-90.4920392537989.jpg",1,176,281,373,162,549,443
"WSLP_all/000912@30.0674903514566,-90.4919164553288.jpg",1,29,295,447,147,476,442
"WSLP_all/000913@30.0664898811131,-90.490644521897.jpg",1,206,243,290,183,496,426
"WSLP_all/000914@30.0668920926354,-90.4903850446975.jpg",1,238,257,261,154,499,411
"WSLP_all/000915@30.0675362074062,-90.4903574657982.jpg",2,72,259,535,233,607,492
"WSLP_all/000917@30.0684207800711,-90.490628196059.jpg",1,79,259,528,133,607,392
"WSLP_all/000918@30.062014625318,-90.4885105515441.jpg",1,303,286,246,117,549,403
"WSLP_all/000919@30.0610592184822,-90.4884554243203.jpg",1,34,280,370,106,404,386
"WSLP_all/000920@30.0662116122542,-90.4882473536721.jpg",1,243,281,209,109,452,390
"WSLP_all/000921@30.0654916702608,-90.4881270021591.jpg",2,158,246,317,141,475,387
"WSLP_all/000922@30.0650360768386,-90.4877546602977.jpg",2,133,293,508,210,641,503
"WSLP_all/000923@30.0645181903367,-90.4876895038866.jpg",1,316,270,240,124,556,394
"WSLP_all/000924@30.0615730927355,-90.487603845936.jpg",4,199,232,212,173,411,405
"WSLP_all/000926@30.0621047118427,-90.487289527932.jpg",1,210,287,390,105,600,392
"WSLP_all/000927@30.0619426775137,-90.4874331620473.jpg",2,123,274,518,190,641,464
"WSLP_all/000928@30.0680528515223,-90.4870936082097.jpg",2,116,296,336,88,452,384
"WSLP_all/000929@30.0620021723028,-90.4869774311577.jpg",3,235,301,336,110,571,411
"WSLP_all/000930@30.061441233012,-90.4868968400294.jpg",1,170,281,295,171,465,452
"WSLP_all/000931@30.0615671353503,-90.4868262229074.jpg",1,120,261,303,198,423,459
"WSLP_all/000932@30.0616494030377,-90.4867180399012.jpg",1,179,272,346,198,525,470
"WSLP_all/000933@30.0619035474632,-90.4866969135417.jpg",1,228,314,321,96,549,410
"WSLP_all/000934@30.0613192939033,-90.4865785869683.jpg",1,68,310,345,89,413,399
"WSLP_all/000935@30.0668862410492,-90.4866767180295.jpg",2,228,287,268,103,496,390
"WSLP_all/000936@30.0670089184565,-90.4865365724161.jpg",3,205,277,436,194,641,471
"WSLP_all/000938@30.0676016254314,-90.5034675137689.jpg",6,181,320,309,145,490,465
"WSLP_all/000939@30.063433529796,-90.5034231840184.jpg",1,166,274,327,96,493,370
"WSLP_all/000940@30.0641328749765,-90.5043057009131.jpg",1,54,270,385,114,439,384
"WSLP_all/000942@30.061960297719,-90.4907144300482.jpg",1,148,295,405,154,553,449
"WSLP_all/000943@30.0633231486308,-90.4875510605999.jpg",1,268,304,316,134,584,438
"WSLP_all/000944@30.062441345914,-90.4904290078688.jpg",4,170,272,354,190,524,462
"WSLP_all/000945@30.0689919304026,-90.5041325000925.jpg",6,184,279,287,180,471,459
"WSLP_all/000946@30.06257220696,-90.490355190239.jpg",1,40,314,420,112,460,426
"WSLP_all/000947@30.0633291960718,-90.4873708136831.jpg",1,290,290,292,156,582,446
"WSLP_all/000948@30.0634293338781,-90.5039227095365.jpg",1,79,301,391,101,470,402
"WSLP_all/000949@30.0674630503399,-90.5036362246592.jpg",2,330,311,311,149,641,460
"WSLP_all/000950@30.0862746257692,-90.507672483206.jpg",1,63,273,320,115,383,388
"WSLP_all/000951@30.0856310636727,-90.5074944178084.jpg",1,43,268,384,127,427,395
"WSLP_all/000952@30.0853849493863,-90.507072745471.jpg",1,126,279,380,110,506,389
"WSLP_all/000953@30.0852266528766,-90.5070044936324.jpg",1,45,259,498,139,543,398
"WSLP_all/000954@30.0859314346565,-90.5067804675578.jpg",1,100,276,348,108,448,384
"WSLP_all/000955@30.0857588275302,-90.5067060104508.jpg",1,175,254,280,115,455,369
"WSLP_all/000956@30.0863780028777,-90.5090313126935.jpg",1,149,288,336,110,485,398
"WSLP_all/000957@30.0860610082707,-90.5089137772488.jpg",1,128,283,369,110,497,393
"WSLP_all/000958@30.0865323964308,-90.5090648181755.jpg",1,137,284,351,95,488,379
"WSLP_all/000959@30.0857410837653,-90.5088247240536.jpg",1,150,251,281,131,431,382
"WSLP_all/000960@30.0854226281528,-90.5087198501974.jpg",1,108,294,373,96,481,390
"WSLP_all/000961@30.0849152983792,-90.508581758082.jpg",1,116,277,337,102,453,379
"WSLP_all/000962@30.0526904353494,-90.638306265199.jpg",1,175,273,404,122,579,395
"WSLP_all/000963@30.0520476450822,-90.6381052847441.jpg",4,128,276,316,144,444,420
"WSLP_all/000964@30.0513503508915,-90.6380342858091.jpg",2,37,192,587,361,624,553
"WSLP_all/000965@30.0535438330508,-90.637829326715.jpg",1,219,309,252,124,471,433
"WSLP_all/000966@30.0537243274372,-90.6377711694818.jpg",3,186,317,446,159,632,476
"WSLP_all/000967@30.0527692427245,-90.6376545551704.jpg",1,216,308,268,126,484,434
"WSLP_all/000968@30.0521262687105,-90.6376116282316.jpg",2,25,257,616,227,641,484
"WSLP_all/000969@30.0517455277828,-90.6375858371329.jpg",1,106,242,506,281,612,523
"WSLP_all/000970@30.0526376165446,-90.6377186929601.jpg",1,211,281,259,158,470,439
"WSLP_all/000971@30.0540803531708,-90.6375221257667.jpg",1,178,299,266,146,444,445
"WSLP_all/000973@30.0533535677861,-90.637302769179.jpg",1,186,303,274,102,460,405
"WSLP_all/000974@30.0536002215809,-90.6371714453005.jpg",1,194,282,309,136,503,418
"WSLP_all/000975@30.0548188154601,-90.6370681039386.jpg",4,153,281,205,133,358,414
"WSLP_all/000976@30.0537452816799,-90.6371830762089.jpg",4,130,292,252,133,382,425
"WSLP_all/000977@30.0510237894161,-90.6371925989884.jpg",2,6,269,471,212,477,481
"WSLP_all/000978@30.0526643579226,-90.6370705084583.jpg",2,9,237,632,304,641,541
"WSLP_all/000979@30.0509965726138,-90.6370221000519.jpg",2,0,259,316,211,316,470
"WSLP_all/000980@30.0558737194434,-90.6369817088992.jpg",4,191,287,328,166,519,453
"WSLP_all/000981@30.0513664544652,-90.6368298612291.jpg",2,10,279,453,175,463,454
"WSLP_all/000982@30.0532178998732,-90.6369560078686.jpg",2,40,270,601,271,641,541
"WSLP_all/000983@30.0542333137709,-90.6368224737917.jpg",1,253,298,238,111,491,409
"WSLP_all/000984@30.055376316303,-90.6367765546057.jpg",1,168,279,290,108,458,387
"WSLP_all/000985@30.0543443562972,-90.6367711216815.jpg",1,202,321,217,107,419,428
"WSLP_all/000986@30.0506691379079,-90.6367651936458.jpg",1,145,284,484,128,629,412
"WSLP_all/000987@30.0538120963616,-90.6366357561205.jpg",2,15,193,626,335,641,528
"WSLP_all/000988@30.0558942135116,-90.636551660152.jpg",1,115,270,382,151,497,421
"WSLP_all/000989@30.0546059010718,-90.6366270470145.jpg",1,213,317,295,97,508,414
"WSLP_all/000990@30.0560227290382,-90.6364559297982.jpg",1,158,278,441,143,599,421
"WSLP_all/000991@30.0550819246015,-90.636392964211.jpg",2,60,240,581,163,641,403
"WSLP_all/000992@30.0547404129273,-90.6365470812109.jpg",4,229,314,182,97,411,411
"WSLP_all/000993@30.0543622379805,-90.6363410977505.jpg",2,2,251,552,241,554,492
"WSLP_all/000994@30.0539142356439,-90.6363726792453.jpg",2,19,261,622,285,641,546
"WSLP_all/000995@30.0502237216897,-90.6364174469924.jpg",4,291,297,182,105,473,402
"WSLP_all/000996@30.0518293644718,-90.6361754723691.jpg",1,57,288,459,108,516,396
"WSLP_all/000997@30.054310413576,-90.6361612813562.jpg",2,21,204,620,360,641,564
"WSLP_all/000998@30.0501468226698,-90.6362694232119.jpg",1,202,278,170,93,372,371
"WSLP_all/000999@30.0548145182635,-90.6360945350717.jpg",2,0,265,462,216,462,481
"WSLP_all/001000@30.055110840005,-90.6359280884104.jpg",1,75,265,402,209,477,474
"WSLP_all/001001@30.0526142456734,-90.635743253685.jpg",1,66,269,399,163,465,432
"WSLP_all/001002@30.0576023347322,-90.6355344825834.jpg",1,57,274,415,131,472,405
"WSLP_all/001003@30.0536904418509,-90.6351604195103.jpg",1,129,266,232,172,361,438
"WSLP_all/001004@30.0534034483873,-90.6353331237742.jpg",1,96,189,340,289,436,478
"WSLP_all/001005@30.0815112793511,-90.5075127493328.jpg",1,259,271,246,116,505,387
"WSLP_all/001006@30.0563570083901,-90.6352112872118.jpg",2,0,261,637,305,637,566
"WSLP_all/001007@30.0813424486558,-90.507457234327.jpg",1,169,236,291,156,460,392
"WSLP_all/001008@30.0808958458565,-90.5073344592865.jpg",1,157,218,293,174,450,392
"WSLP_all/001009@30.0568202239432,-90.6349425101953.jpg",2,0,212,612,362,612,574
"WSLP_all/001010@30.054750358268,-90.6346661976778.jpg",2,0,246,320,371,320,617
"WSLP_all/001011@30.0540058820662,-90.6349748719844.jpg",1,1,251,468,227,469,478
"WSLP_all/001012@30.0538486411485,-90.6350518375466.jpg",1,182,269,252,132,434,401
"WSLP_all/001013@30.0805456284953,-90.507207725494.jpg",1,160,288,332,102,492,390
"WSLP_all/001014@30.0550198932779,-90.6345410270824.jpg",1,18,242,537,264,555,506
"WSLP_all/001015@30.0543709422789,-90.6345171272437.jpg",1,194,263,220,132,414,395
"WSLP_all/001016@30.0552697483722,-90.6343812233555.jpg",1,86,243,542,301,628,544
"WSLP_all/001017@30.0554787022413,-90.6342659603881.jpg",1,168,258,321,223,489,481
"WSLP_all/001018@30.0802400155657,-90.507147021805.jpg",1,201,266,312,129,513,395
"WSLP_all/001019@30.0547062782363,-90.6342618943308.jpg",5,191,282,290,133,481,415
"WSLP_all/001020@30.0794478613823,-90.5069006423829.jpg",1,201,278,276,118,477,396
"WSLP_all/001021@30.0557444676994,-90.6341250099785.jpg",2,116,230,525,239,641,469
"WSLP_all/001022@30.0560018486235,-90.6339430227374.jpg",1,82,280,418,231,500,511
"WSLP_all/001023@30.0563897201492,-90.6337474754668.jpg",1,78,311,563,253,641,564
"WSLP_all/001024@30.0565135428386,-90.6336486128649.jpg",1,137,276,307,285,444,561
"WSLP_all/001025@30.0561131073561,-90.6335028523039.jpg",3,271,265,230,164,501,429
"WSLP_all/001026@30.0562716446888,-90.6333752962348.jpg",1,140,226,484,203,624,429
"WSLP_all/001027@30.0564447449983,-90.6333076980143.jpg",1,207,278,226,172,433,450
"WSLP_all/001028@30.0786438824408,-90.5066322312672.jpg",2,0,276,524,116,524,392
"WSLP_all/001029@30.0572392616362,-90.633267346111.jpg",5,107,195,302,305,409,500
"WSLP_all/001030@30.056646539155,-90.6332114482438.jpg",1,165,243,293,218,458,461
"WSLP_all/001031@30.0783306967368,-90.5065304899442.jpg",1,153,266,381,154,534,420
"WSLP_all/001032@30.0567608625598,-90.633156906721.jpg",1,201,295,304,157,505,452
"WSLP_all/001033@30.0573700617911,-90.6331621108358.jpg",1,112,225,528,293,640,518
"WSLP_all/001034@30.0570588526566,-90.6329430187856.jpg",1,119,262,278,163,397,425
"WSLP_all/001035@30.0569268092881,-90.6330419405627.jpg",4,211,283,214,159,425,442
"WSLP_all/001036@30.0784890794192,-90.5065860883825.jpg",1,137,266,373,147,510,413
"WSLP_all/001037@30.0780028602686,-90.5064604887041.jpg",1,185,240,269,158,454,398
"WSLP_all/001038@30.0597729956616,-90.6317543063633.jpg",2,0,271,550,157,550,428
"WSLP_all/001039@30.0781617915264,-90.5064939497463.jpg",3,162,272,311,129,473,401
"WSLP_all/001040@30.0603644561409,-90.6309851305372.jpg",3,190,284,380,121,570,405
"WSLP_all/001041@30.0615382987159,-90.6308187959768.jpg",1,102,247,391,169,493,416
"WSLP_all/001042@30.0606961222284,-90.6307804746334.jpg",1,182,284,363,121,545,405
"WSLP_all/001043@30.0549062944868,-90.6457540229039.jpg",3,215,220,355,172,570,392
"WSLP_all/001044@30.0622139362651,-90.6304378425084.jpg",3,156,242,387,166,543,408
"WSLP_all/001045@30.0633741818682,-90.6297594635295.jpg",1,271,259,363,124,634,383
"WSLP_all/001046@30.0561000279612,-90.6233969812829.jpg",3,241,279,246,116,487,395
"WSLP_all/001047@30.0645950102036,-90.6188283913358.jpg",1,120,300,355,136,475,436
"WSLP_all/001048@30.061177650976,-90.6223555417369.jpg",3,182,280,239,133,421,413
"WSLP_all/001049@30.060867363518,-90.6223103366569.jpg",1,129,274,359,146,488,420
"WSLP_all/001050@30.0616715285176,-90.622219246469.jpg",1,26,234,350,226,376,460
"WSLP_all/001051@30.0596458104065,-90.6220977664442.jpg",2,0,234,641,383,641,617
"WSLP_all/001052@30.0619921637936,-90.6220620562174.jpg",1,315,254,326,175,641,429
"WSLP_all/001053@30.0605981695542,-90.6221858083427.jpg",3,228,296,152,105,380,401
"WSLP_all/001054@30.0603921631917,-90.6221777944954.jpg",3,187,284,292,128,479,412
"WSLP_all/001055@30.0612128150067,-90.6219569743977.jpg",3,140,225,337,235,477,460
"WSLP_all/001056@30.0593215596153,-90.6220842742406.jpg",1,25,228,380,203,405,431
"WSLP_all/001057@30.0574724600491,-90.6218350957748.jpg",1,181,275,241,134,422,409
"WSLP_all/001058@30.0620056976485,-90.6218185426867.jpg",1,259,261,324,208,583,469
"WSLP_all/001059@30.057024791215,-90.6218003579716.jpg",1,174,257,274,147,448,404
"WSLP_all/001060@30.0596404915747,-90.621759557695.jpg",1,7,245,584,255,591,500
"WSLP_all/001061@30.0568472668684,-90.621760530938.jpg",3,170,280,224,120,394,400
"WSLP_all/001062@30.0566980017,-90.6217394688486.jpg",3,99,294,264,117,363,411
"WSLP_all/001063@30.0602756957482,-90.6216917989597.jpg",1,66,201,417,241,483,442
"WSLP_all/001064@30.0598994264716,-90.6216850017711.jpg",2,58,188,580,297,638,485
"WSLP_all/001065@30.0563348432679,-90.6216756786979.jpg",1,116,282,474,117,590,399
"WSLP_all/001066@30.060925554557,-90.6217409000439.jpg",1,125,237,375,211,500,448
"WSLP_all/001067@30.0565410305598,-90.6217121396637.jpg",1,131,292,258,124,389,416
"WSLP_all/001068@30.0587082700496,-90.6216018315346.jpg",1,208,163,433,298,641,461
"WSLP_all/001069@30.0591512183524,-90.6215670570265.jpg",1,148,251,248,180,396,431
"WSLP_all/001070@30.0592954821991,-90.6215786715682.jpg",1,77,228,352,226,429,454
"WSLP_all/001071@30.0609704608077,-90.6213391026664.jpg",2,94,230,547,302,641,532
"WSLP_all/001072@30.0607811975124,-90.6213151648374.jpg",1,160,250,305,207,465,457
"WSLP_all/001073@30.0589991698006,-90.6215144029776.jpg",1,0,276,481,168,481,444
"WSLP_all/001074@30.0616596598694,-90.6214574682591.jpg",1,49,197,361,280,410,477
"WSLP_all/001075@30.0603011190025,-90.6213027881781.jpg",1,162,265,368,217,530,482
"WSLP_all/001076@30.056936364966,-90.6212319904224.jpg",1,202,254,296,196,498,450
"WSLP_all/001077@30.0565260866017,-90.6211653775313.jpg",1,210,226,269,253,479,479
"WSLP_all/001078@30.0563970624261,-90.6211599771899.jpg",1,194,209,407,248,601,457
"WSLP_all/001079@30.0612854454673,-90.6212609830017.jpg",1,0,284,400,98,400,382
"WSLP_all/001080@30.0408808479908,-90.6167732886018.jpg",3,92,288,442,88,534,376
"WSLP_all/001081@30.0579393612572,-90.5519104475018.jpg",1,152,236,325,192,477,428
"WSLP_all/001082@30.0577437720605,-90.5519024974071.jpg",1,131,247,334,184,465,431
"WSLP_all/001083@30.0567748055397,-90.5518974491669.jpg",1,32,278,444,159,476,437
"WSLP_all/001084@30.0625878107661,-90.551617939845.jpg",3,100,254,323,169,423,423
"WSLP_all/001085@30.0606581268286,-90.5723454740731.jpg",1,119,229,486,180,605,409
"WSLP_all/001086@30.0607250402688,-90.573562038793.jpg",1,153,278,243,135,396,413
"WSLP_all/001087@30.0582850470517,-90.5740864221066.jpg",6,169,266,293,133,462,399
"WSLP_all/001088@30.0484209947668,-90.6082543704719.jpg",3,216,261,425,110,641,371
"WSLP_all/001089@30.0602403035862,-90.5513739684608.jpg",1,379,275,262,121,641,396
"WSLP_all/001090@30.0560121095419,-90.550989873597.jpg",1,141,220,365,229,506,449
"WSLP_all/001091@30.0540619144011,-90.5506795944653.jpg",2,11,114,629,527,640,641
"WSLP_all/001092@30.0588048042592,-90.5643839830725.jpg",3,214,210,373,201,587,411
"WSLP_all/001093@30.0535108132684,-90.5487146125682.jpg",1,70,258,382,153,452,411
"WSLP_all/001094@30.0549943949057,-90.5486239085921.jpg",5,37,261,604,328,641,589
"WSLP_all/001095@30.0572651125677,-90.548587065865.jpg",2,0,241,637,253,637,494
"WSLP_all/001096@30.0534851410811,-90.5484903824504.jpg",1,49,246,357,243,406,489
"WSLP_all/001097@30.0596424552617,-90.5631636202527.jpg",1,143,237,428,195,571,432
"WSLP_all/001098@30.0554164746775,-90.548200163403.jpg",2,0,243,641,362,641,605
"WSLP_all/001099@30.0572388185249,-90.54825851523.jpg",1,4,258,558,178,562,436
"WSLP_all/001100@30.0594284179276,-90.5631937247459.jpg",3,223,234,245,182,468,416
"WSLP_all/001101@30.0556037833312,-90.5481291445363.jpg",1,98,274,420,300,518,574
"WSLP_all/001102@30.060075061405,-90.5632013733216.jpg",1,186,251,289,160,475,411
"WSLP_all/001103@30.0603414915912,-90.5632056372109.jpg",1,235,233,253,176,488,409
"WSLP_all/001104@30.0592618567581,-90.5631602386532.jpg",1,230,246,221,161,451,407
"WSLP_all/001105@30.0581153295216,-90.5631121968144.jpg",1,203,222,313,195,516,417
"WSLP_all/001106@30.0580975750686,-90.5629163419344.jpg",1,38,225,383,195,421,420
"WSLP_all/001107@30.0603573748781,-90.5626301718894.jpg",4,185,276,310,209,495,485
"WSLP_all/001108@30.0600691057189,-90.5626766577324.jpg",3,160,241,218,153,378,394
"WSLP_all/001109@30.0592774313364,-90.5626543279733.jpg",1,194,233,200,151,394,384
"WSLP_all/001110@30.0589077387412,-90.5626255746365.jpg",1,185,224,196,162,381,386
"WSLP_all/001111@30.0581405396657,-90.5626504735006.jpg",1,218,213,422,225,640,438
"WSLP_all/001112@30.0595551175525,-90.5626648257215.jpg",3,0,212,529,180,529,392
"WSLP_all/001113@30.0586779903119,-90.5626210287321.jpg",1,107,213,377,196,484,409
"WSLP_all/001114@30.0586928729338,-90.5620677087978.jpg",1,182,254,282,174,464,428
"WSLP_all/001115@30.0568599901625,-90.5622462682609.jpg",1,139,259,371,197,510,456
"WSLP_all/001116@30.0595864211744,-90.5620323440451.jpg",3,222,250,240,171,462,421
"WSLP_all/001117@30.0589242328934,-90.5620374680652.jpg",1,220,230,239,198,459,428
"WSLP_all/001118@30.0598281069323,-90.5620936978762.jpg",1,127,250,366,175,493,425
"WSLP_all/001119@30.0568489806929,-90.5618923084863.jpg",1,17,283,567,174,584,457
"WSLP_all/001120@30.0602212964803,-90.5615753767726.jpg",5,74,26,538,513,612,539
"WSLP_all/001121@30.0598059851388,-90.5615280131868.jpg",4,182,270,328,223,510,493
"WSLP_all/001122@30.0582490289855,-90.5615621967816.jpg",2,0,229,479,336,479,565
"WSLP_all/001123@30.0573577757546,-90.5614963905476.jpg",2,0,254,314,243,314,497
"WSLP_all/001124@30.0605691385917,-90.5616106182191.jpg",1,67,234,439,261,506,495
"WSLP_all/001125@30.0568467275103,-90.5614560922201.jpg",1,46,250,549,204,595,454
"WSLP_all/001126@30.0580750157063,-90.5615287715095.jpg",1,55,218,388,284,443,502
"WSLP_all/001127@30.0586444837413,-90.5615338455856.jpg",1,21,152,603,409,624,561
"WSLP_all/001128@30.0587798882494,-90.561520152478.jpg",1,203,184,438,301,641,485
"WSLP_all/001129@30.0576491996926,-90.5614814894415.jpg",1,61,150,580,306,641,456
"WSLP_all/001130@30.0590552465851,-90.5615275038636.jpg",1,104,225,336,304,440,529
"WSLP_all/001131@30.0570690528912,-90.5614701761781.jpg",3,66,212,537,246,603,458
"WSLP_all/001132@30.0537167582819,-90.5461304414228.jpg",4,129,279,383,244,512,523
"WSLP_all/001133@30.0592057443344,-90.5607392023529.jpg",1,0,240,562,227,562,467
"WSLP_all/001134@30.0596193206315,-90.5604578115987.jpg",1,88,218,329,264,417,482
"WSLP_all/001135@30.0605558498008,-90.560479000829.jpg",1,146,234,395,228,541,462
"WSLP_all/001136@30.0603750565816,-90.5604898863023.jpg",2,0,245,417,217,417,462
"WSLP_all/001137@30.0598678762965,-90.5596750652622.jpg",4,166,253,339,226,505,479
"WSLP_all/001138@30.059081788961,-90.5596021371768.jpg",1,154,212,354,263,508,475
"WSLP_all/001139@30.0578356580946,-90.5595770375083.jpg",1,66,174,502,352,568,526
"WSLP_all/001140@30.0592151609494,-90.5596169077969.jpg",3,199,203,355,231,554,434
"WSLP_all/001141@30.0575426221805,-90.5593643544168.jpg",5,153,222,351,294,504,516
"WSLP_all/001142@30.0601051677544,-90.5591895572916.jpg",1,120,222,371,216,491,438
"WSLP_all/001143@30.058942954821,-90.5592333565628.jpg",3,111,203,335,233,446,436
"WSLP_all/001144@30.0593906651239,-90.559229879587.jpg",3,133,224,388,237,521,461
"WSLP_all/001145@30.0598489331116,-90.5592263205863.jpg",1,170,240,344,202,514,442
"WSLP_all/001146@30.059072665397,-90.5591912539117.jpg",1,143,233,338,217,481,450
"WSLP_all/001147@30.0565930892655,-90.5590303284945.jpg",2,157,222,484,307,641,529
"WSLP_all/001148@30.0568992890692,-90.5590311110526.jpg",1,20,212,393,356,413,568
"WSLP_all/001149@30.0588184801101,-90.5591837445354.jpg",1,149,245,336,205,485,450
"WSLP_all/001150@30.0598841608586,-90.5590300524079.jpg",1,205,236,324,205,529,441
"WSLP_all/001151@30.0564424563775,-90.5589935654731.jpg",3,174,188,455,287,629,475
"WSLP_all/001152@30.0560666352589,-90.5590217736099.jpg",1,173,251,417,231,590,482
"WSLP_all/001153@30.056227307219,-90.5589794313772.jpg",1,161,207,434,386,595,593
"WSLP_all/001154@30.0556035723188,-90.5585701759184.jpg",1,84,199,453,176,537,375
"WSLP_all/001155@30.0558243712641,-90.558969917245.jpg",1,174,203,467,373,641,576
"WSLP_all/001156@30.055349476548,-90.5589894117383.jpg",2,273,195,368,393,641,588
"WSLP_all/001157@30.0570208593959,-90.5587456655517.jpg",2,0,195,578,352,578,547
"WSLP_all/001158@30.0572159507308,-90.5587251828151.jpg",1,5,163,553,349,558,512
"WSLP_all/001159@30.0565593594915,-90.5586955131129.jpg",2,0,222,323,207,323,429
"WSLP_all/001160@30.0579124045316,-90.5586597089242.jpg",3,210,233,431,249,641,482
"WSLP_all/001161@30.0547059393949,-90.5586308903534.jpg",2,347,134,294,374,641,508
"WSLP_all/001162@30.0593345978379,-90.5444580590242.jpg",1,92,271,439,203,531,474
"WSLP_all/001163@30.0547963930964,-90.5582729885968.jpg",4,189,159,269,367,458,526
"WSLP_all/001164@30.0550621989056,-90.5584700690514.jpg",4,187,262,272,252,459,514
"WSLP_all/001165@30.051783220403,-90.5379588349665.jpg",5,157,196,289,246,446,442
"WSLP_all/001166@30.0554020815107,-90.5582366684875.jpg",4,148,245,386,257,534,502
"WSLP_all/001167@30.0581893629806,-90.5440624942118.jpg",3,128,266,421,151,549,417
"WSLP_all/001168@30.0534373406746,-90.5371395788313.jpg",1,86,247,529,231,615,478
"WSLP_all/001169@30.0562793344371,-90.5576987830872.jpg",1,132,229,285,221,417,450
"WSLP_all/001170@30.054173458875,-90.5436643913861.jpg",3,222,272,266,202,488,474
"WSLP_all/001171@30.0544337894509,-90.5571599621335.jpg",3,0,163,641,345,641,508
"WSLP_all/001172@30.0572440232872,-90.5437190939607.jpg",1,108,280,446,162,554,442
"WSLP_all/001173@30.0566823416626,-90.5436919323118.jpg",3,191,280,339,165,530,445
"WSLP_all/001174@30.0551710633747,-90.5574513613892.jpg",3,0,241,609,221,609,462
"WSLP_all/001175@30.0549025679998,-90.5574186797639.jpg",1,160,213,481,269,641,482
"WSLP_all/001176@30.0557840236096,-90.5574592345716.jpg",3,0,125,559,362,559,487
"WSLP_all/001177@30.0566267317643,-90.5569627036186.jpg",4,234,280,224,224,458,504
"WSLP_all/001178@30.0546318169435,-90.5362702339452.jpg",3,166,247,347,194,513,441
"WSLP_all/001179@30.055321137454,-90.5571878243495.jpg",2,0,224,636,288,636,512
"WSLP_all/001180@30.0543589748287,-90.5362155170392.jpg",1,135,261,349,159,484,420
"WSLP_all/001181@30.054908517976,-90.5571404603962.jpg",1,0,233,501,194,501,427
"WSLP_all/001182@30.0582632490813,-90.5427689938057.jpg",3,153,270,488,242,641,512
"WSLP_all/001183@30.0544990531555,-90.5362428462098.jpg",1,124,262,377,163,501,425
"WSLP_all/001184@30.0508309055555,-90.5361963149674.jpg",3,92,245,366,164,458,409
"WSLP_all/001185@30.0512283101661,-90.5361046299269.jpg",2,0,237,638,356,638,593
"WSLP_all/001186@30.0552122270788,-90.5569610763784.jpg",1,33,209,492,240,525,449
"WSLP_all/001187@30.0594561585341,-90.5548795653581.jpg",1,149,261,373,147,522,408
"WSLP_all/001188@30.0592203828424,-90.5549161797293.jpg",1,203,221,373,195,576,416
"WSLP_all/001189@30.0568974710879,-90.5547572967658.jpg",1,154,238,388,170,542,408
"WSLP_all/001190@30.0600631237735,-90.5548874698812.jpg",1,30,241,611,187,641,428
"WSLP_all/001191@30.0571287617342,-90.5547712968077.jpg",1,153,278,339,149,492,427
"WSLP_all/001192@30.0558929150425,-90.5547651431101.jpg",3,153,254,272,154,425,408
"WSLP_all/001193@30.0562154553621,-90.5547436573178.jpg",1,125,254,360,175,485,429
"WSLP_all/001194@30.0553110239449,-90.5547285942824.jpg",3,61,258,580,157,641,415
"WSLP_all/001195@30.0580991936916,-90.5544381177541.jpg",1,120,229,483,213,603,442
"WSLP_all/001196@30.0582580105912,-90.5543799759922.jpg",1,282,243,346,198,628,441
"WSLP_all/001197@30.0587779569345,-90.5543853962365.jpg",1,30,261,490,140,520,401
"WSLP_all/001198@30.0577575519318,-90.5543775646493.jpg",3,108,258,282,136,390,394
"WSLP_all/001199@30.0560453252697,-90.5543719784888.jpg",1,123,222,405,234,528,456
"WSLP_all/001200@30.0565809343319,-90.5543709539758.jpg",1,144,265,336,152,480,417
"WSLP_all/001201@30.0567442547618,-90.5543349055271.jpg",3,94,240,374,180,468,420
"WSLP_all/001202@30.0558594349118,-90.5542975653191.jpg",1,13,218,384,239,397,457
"WSLP_all/001203@30.0704790542035,-90.5566366497797.jpg",4,170,195,298,255,468,450
"WSLP_all/001204@30.0595889238773,-90.5537594635143.jpg",3,199,263,270,149,469,412
"WSLP_all/001205@30.0594339834097,-90.5537385469828.jpg",1,182,245,290,189,472,434
"WSLP_all/001206@30.0578140134178,-90.5366905099056.jpg",1,0,275,442,199,442,474
"WSLP_all/001207@30.0575447010538,-90.5366736954905.jpg",3,220,251,335,209,555,460
"WSLP_all/001208@30.0579086307662,-90.5367624600345.jpg",3,164,261,292,173,456,434
"WSLP_all/001209@30.0680803452035,-90.5035457260968.jpg",1,201,262,233,125,434,387
"WSLP_all/001210@30.067738876522,-90.5031280933941.jpg",4,183,245,265,183,448,428
"WSLP_all/001211@30.0640469347946,-90.4848735733835.jpg",4,190,238,275,212,465,450
"WSLP_all/001212@30.0693786298981,-90.5030259120409.jpg",1,236,270,328,180,564,450
"WSLP_all/001213@30.069097894142,-90.5029555361729.jpg",1,100,265,398,133,498,398
"WSLP_all/001214@30.0684347427345,-90.5025721975203.jpg",1,51,226,465,244,516,470
"WSLP_all/001215@30.0678839830486,-90.5026084029568.jpg",3,119,258,295,134,414,392
"WSLP_all/001216@30.0681956803723,-90.5018502107577.jpg",1,150,263,243,131,393,394
"WSLP_all/001217@30.0666759212363,-90.5014803552742.jpg",6,173,218,298,238,471,456
"WSLP_all/001218@30.0664749017084,-90.5012923476177.jpg",6,179,196,301,257,480,453
"WSLP_all/001219@30.0665816995616,-90.5011649979583.jpg",3,107,259,221,142,328,401
"WSLP_all/001220@30.0659534594644,-90.5006675785844.jpg",1,178,259,252,149,430,408
"WSLP_all/001221@30.0629259360521,-90.4819936683149.jpg",3,28,249,410,156,438,405
"WSLP_all/001222@30.0687913348555,-90.5003150738523.jpg",1,302,266,307,165,609,431
"WSLP_all/001223@30.0646635118121,-90.5004254457313.jpg",4,212,292,252,191,464,483
"WSLP_all/001224@30.0674803190404,-90.5000984054109.jpg",1,224,259,289,132,513,391
"WSLP_all/001225@30.0684206820038,-90.5002454576142.jpg",3,313,262,249,146,562,408
"WSLP_all/001226@30.0630021737468,-90.481123653885.jpg",1,174,250,467,240,641,490
"WSLP_all/001227@30.0688518659758,-90.4998118885606.jpg",4,170,245,290,163,460,408
"WSLP_all/001228@30.0662446403072,-90.499836853891.jpg",3,133,148,319,261,452,409
"WSLP_all/001229@30.0657586046606,-90.4997239455359.jpg",1,162,249,346,163,508,412
"WSLP_all/001230@30.063081848713,-90.4809554216692.jpg",2,326,258,315,224,641,482
"WSLP_all/001231@30.0631831021989,-90.480790166971.jpg",1,115,240,422,266,537,506
"WSLP_all/001232@30.0639344813482,-90.499353517853.jpg",3,0,181,505,366,505,547
"WSLP_all/001233@30.0632289647896,-90.4806917736267.jpg",3,187,233,385,261,572,494
"WSLP_all/001234@30.0634059541093,-90.480472126758.jpg",1,245,270,378,201,623,471
"WSLP_all/001235@30.063478755321,-90.4802786625378.jpg",1,214,261,361,188,575,449
"WSLP_all/001236@30.0622887303983,-90.4804279443608.jpg",1,0,225,353,265,353,490
"WSLP_all/001237@30.0632174738466,-90.4802334788779.jpg",1,201,272,290,106,491,378
"WSLP_all/001238@30.062673125438,-90.4802950414856.jpg",1,278,251,363,185,641,436
"WSLP_all/001239@30.0676915348635,-90.4798537440254.jpg",1,18,254,273,153,291,407
"WSLP_all/001240@30.0625692112589,-90.479913412035.jpg",2,0,276,617,173,617,449
"WSLP_all/001241@30.0679670507235,-90.4794814910915.jpg",2,326,224,315,195,641,419
"WSLP_all/001242@30.0676450639428,-90.4792344938231.jpg",1,54,233,406,187,460,420
"WSLP_all/001243@30.0625924956194,-90.4792335311496.jpg",2,0,258,641,271,641,529
"WSLP_all/001244@30.0673856862797,-90.4790122531199.jpg",3,42,168,596,252,638,420
"WSLP_all/001245@30.0623447056595,-90.4790681057342.jpg",1,0,229,567,224,567,453
"WSLP_all/001246@30.0531916647169,-90.5386461777811.jpg",1,154,291,260,183,414,474
"WSLP_all/001247@30.0533033182629,-90.5384335007741.jpg",2,0,192,641,426,641,618
"WSLP_all/001248@30.054654001111,-90.5376609168531.jpg",1,271,283,275,126,546,409
"WSLP_all/001249@30.0542749547192,-90.537259330706.jpg",5,206,295,233,183,439,478
"WSLP_all/001250@30.0544704640091,-90.536603432889.jpg",1,124,272,505,232,629,504
"WSLP_all/001251@30.0574562888555,-90.5424592810135.jpg",1,0,229,568,262,568,491
"WSLP_all/001252@30.0570862824471,-90.5424432500257.jpg",1,0,243,549,257,549,500
"WSLP_all/001253@30.058071860429,-90.5424575580252.jpg",3,66,251,575,255,641,506
"WSLP_all/001254@30.0554547351616,-90.5423645242435.jpg",2,0,253,609,279,609,532
"WSLP_all/001255@30.0544976931298,-90.5346654966381.jpg",1,119,266,350,151,469,417
"WSLP_all/001256@30.0519278360196,-90.5413588753306.jpg",2,0,143,641,405,641,548
"WSLP_all/001257@30.0531103774864,-90.5341645300553.jpg",1,286,226,355,231,641,457
"WSLP_all/001258@30.0544355478791,-90.5340084972069.jpg",3,62,247,422,206,484,453
"WSLP_all/001259@30.0515967946079,-90.5409632254589.jpg",1,161,276,237,128,398,404
"WSLP_all/001260@30.0513795081567,-90.5401968428836.jpg",4,157,218,347,272,504,490
"WSLP_all/001261@30.0532911656408,-90.5337995647559.jpg",3,62,214,323,228,385,442
"WSLP_all/001262@30.0520189343935,-90.5403845747038.jpg",6,205,265,238,142,443,407
"WSLP_all/001263@30.0544127880145,-90.5334934300726.jpg",3,318,237,323,191,641,428
"WSLP_all/001264@30.0519374438011,-90.5399806196985.jpg",6,164,262,362,180,526,442
"WSLP_all/001265@30.0518971328907,-90.5401453100968.jpg",6,168,262,315,186,483,448
"WSLP_all/001266@30.0544258713398,-90.5333068240356.jpg",1,156,255,443,205,599,460
"WSLP_all/001267@30.0645466006526,-90.4942396229963.jpg",3,94,242,423,148,517,390
"WSLP_all/001268@30.0656803573321,-90.4926683436427.jpg",1,9,241,298,190,307,431
"WSLP_all/001269@30.0666486078855,-90.4924957824599.jpg",1,236,262,229,158,465,420
"WSLP_all/001270@30.0652170312905,-90.4925299892179.jpg",1,289,247,281,209,570,456
"WSLP_all/001271@30.0653523142426,-90.4923992299837.jpg",2,0,290,257,109,257,399
"WSLP_all/001272@30.0522203523662,-90.5301351046211.jpg",2,0,237,524,209,524,446
"WSLP_all/001273@30.0528110365598,-90.5302504625714.jpg",1,197,234,275,195,472,429
"WSLP_all/001274@30.0644714438606,-90.5109796874345.jpg",3,59,226,582,236,641,462
"WSLP_all/001275@30.0517516034763,-90.5300345701629.jpg",3,133,238,297,167,430,405
"WSLP_all/001276@30.0512965815967,-90.5299528916355.jpg",3,247,257,259,155,506,412
"WSLP_all/001277@30.051610369061,-90.5300072597751.jpg",1,172,287,230,133,402,420
"WSLP_all/001278@30.0638314917807,-90.5102610200897.jpg",6,197,238,255,190,452,428
"WSLP_all/001279@30.0519497632515,-90.5296252088054.jpg",1,146,245,339,200,485,445
"WSLP_all/001280@30.0643246362173,-90.5100166838744.jpg",4,211,237,182,195,393,432
"WSLP_all/001281@30.0518479160429,-90.5295722937393.jpg",3,187,266,260,176,447,442
"WSLP_all/001282@30.0508517202902,-90.52862572545.jpg",4,249,266,203,168,452,434
"WSLP_all/001283@30.064008136957,-90.5100445889995.jpg",3,207,259,269,102,476,361
"WSLP_all/001284@30.0670634724424,-90.4912593162951.jpg",3,240,243,251,173,491,416
"WSLP_all/001285@30.0657467100247,-90.4911439850682.jpg",1,211,257,307,154,518,411
"WSLP_all/001286@30.0637728976568,-90.5095976213408.jpg",2,244,220,397,375,641,595
"WSLP_all/001287@30.0635791192595,-90.5095233509007.jpg",1,239,267,315,199,554,466
"WSLP_all/001288@30.0653980696835,-90.5093439244609.jpg",4,191,284,263,177,454,461
"WSLP_all/001289@30.0583030240549,-90.5358141201512.jpg",1,178,271,320,150,498,421
"WSLP_all/001290@30.0632705656407,-90.5097092587517.jpg",3,355,246,286,241,641,487
"WSLP_all/001291@30.0633781694532,-90.5094238494398.jpg",3,347,233,294,249,641,482
"WSLP_all/001292@30.0647279982558,-90.509403207242.jpg",1,58,261,290,158,348,419
"WSLP_all/001293@30.0632586923575,-90.5092794163539.jpg",4,193,263,257,222,450,485
"WSLP_all/001294@30.0634390348527,-90.509012372971.jpg",3,55,259,443,178,498,437
"WSLP_all/001295@30.0632177771038,-90.5085020682059.jpg",1,173,228,448,261,621,489
"WSLP_all/001296@30.063257139671,-90.5082361915978.jpg",3,252,276,352,161,604,437
"WSLP_all/001297@30.0664293874162,-90.5081467021621.jpg",6,149,258,352,182,501,440
"WSLP_all/001298@30.065334908514,-90.5081494407716.jpg",1,178,280,158,103,336,383
"WSLP_all/001299@30.063642710945,-90.5080496425258.jpg",1,154,269,288,138,442,407
"WSLP_all/001300@30.0660549611051,-90.5079569551613.jpg",1,219,253,253,168,472,421
"WSLP_all/001301@30.0654731974373,-90.5078858994331.jpg",3,193,276,258,104,451,380
"WSLP_all/001302@30.0677463749102,-90.4907824871486.jpg",3,67,245,487,172,554,417
"WSLP_all/001303@30.0564496797563,-90.5347794616471.jpg",1,182,204,340,237,522,441
"WSLP_all/001304@30.0669496942484,-90.507314095792.jpg",6,216,241,227,183,443,424
"WSLP_all/001305@30.0674561199053,-90.4900419974995.jpg",3,15,220,593,203,608,423
"WSLP_all/001306@30.0653463644266,-90.4897310622013.jpg",2,0,212,295,230,295,442
"WSLP_all/001307@30.0674034990765,-90.4921384914145.jpg",1,310,249,330,207,640,456
"WSLP_all/001308@30.0658253003533,-90.5067606837712.jpg",2,0,163,574,478,574,641
"WSLP_all/001309@30.0552887949927,-90.5377411994798.jpg",1,219,278,294,127,513,405
"WSLP_all/001310@30.0660383482817,-90.4909486746719.jpg",3,145,236,297,201,442,437
"WSLP_all/001311@30.0668476575921,-90.4908754432853.jpg",3,30,229,413,265,443,494
"WSLP_all/001312@30.0661665746129,-90.4908843615791.jpg",1,203,236,299,210,502,446
"WSLP_all/001313@30.0669876666341,-90.4907572865019.jpg",1,179,226,351,231,530,457
"WSLP_all/001314@30.0666110429874,-90.490567623172.jpg",1,187,246,263,178,450,424
"WSLP_all/001315@30.0658593369924,-90.5062514146233.jpg",2,414,233,227,242,641,475
"WSLP_all/001316@30.0667267693741,-90.4904749630572.jpg",3,199,269,190,160,389,429
"WSLP_all/001317@30.06702671755,-90.4902764160036.jpg",1,199,218,318,215,517,433
"WSLP_all/001318@30.0675122412062,-90.5058172236215.jpg",6,182,237,268,163,450,400
"WSLP_all/001319@30.069784363849,-90.5058394582222.jpg",1,1,286,351,118,352,404
"WSLP_all/001320@30.0656530302377,-90.5056714286448.jpg",2,0,275,600,192,600,467
"WSLP_all/001321@30.0650654632951,-90.5057142443252.jpg",1,4,254,303,180,307,434
"WSLP_all/001322@30.0668453573578,-90.4889785972093.jpg",3,84,234,341,165,425,399
"WSLP_all/001323@30.0645735485763,-90.4888903562545.jpg",2,152,229,489,216,641,445
"WSLP_all/001324@30.0664022525825,-90.505513458862.jpg",3,183,258,257,134,440,392
"WSLP_all/001325@30.0651370952884,-90.5053595739249.jpg",5,211,291,277,170,488,461
"WSLP_all/001326@30.065310038898,-90.5055004006449.jpg",2,0,236,535,266,535,502
"WSLP_all/001327@30.0550664701989,-90.5347557710967.jpg",1,178,287,194,114,372,401
"WSLP_all/001328@30.0561531981894,-90.5347217761235.jpg",1,161,218,361,213,522,431
"WSLP_all/001329@30.0642521681316,-90.505316343424.jpg",1,0,261,468,147,468,408
"WSLP_all/001330@30.0560055499738,-90.5346976703697.jpg",1,21,226,575,239,596,465
"WSLP_all/001331@30.0697252042299,-90.5051507357968.jpg",2,0,298,297,119,297,417
"WSLP_all/001332@30.06465022812,-90.5051486455742.jpg",1,173,251,443,239,616,490
"WSLP_all/001333@30.065559052612,-90.5050652204602.jpg",1,135,226,249,179,384,405
"WSLP_all/001334@30.0685052358596,-90.5049806683712.jpg",6,198,279,236,105,434,384
"WSLP_all/001335@30.0646708901193,-90.4880580895108.jpg",3,231,272,246,82,477,354
"WSLP_all/001336@30.064835363809,-90.4883159273243.jpg",1,7,270,572,242,579,512
"WSLP_all/001337@30.0657078168922,-90.5051303735732.jpg",3,165,236,357,165,522,401
"WSLP_all/001338@30.0683550819906,-90.5048870708258.jpg",6,203,259,245,131,448,390
"WSLP_all/001339@30.0642600323993,-90.5049400771699.jpg",3,190,241,406,221,596,462
"WSLP_all/001340@30.0642813439801,-90.5048134448862.jpg",1,58,263,460,207,518,470
"WSLP_all/001341@30.0650304017228,-90.5047692817543.jpg",1,61,255,428,150,489,405
"WSLP_all/001342@30.0677154549852,-90.5048196738325.jpg",3,152,261,287,109,439,370
"WSLP_all/001343@30.0648448715789,-90.5047739854408.jpg",3,54,265,334,101,388,366
"WSLP_all/001344@30.0595267791006,-90.5076190233627.jpg",1,11,267,350,198,361,465
"WSLP_all/001345@30.0597356535653,-90.5073770401785.jpg",2,30,216,611,236,641,452
"WSLP_all/001346@30.0611241592848,-90.4897193783542.jpg",2,0,263,518,157,518,420
"WSLP_all/001347@30.0599357982615,-90.5068569414369.jpg",1,245,279,137,113,382,392
"WSLP_all/001348@30.0612730283755,-90.5068047570896.jpg",2,0,225,641,265,641,490
"WSLP_all/001349@30.0613498188657,-90.4896732107518.jpg",1,0,302,518,125,518,427
"WSLP_all/001350@30.0615669809641,-90.4894121485076.jpg",2,0,265,335,191,335,456
"WSLP_all/001351@30.0618195025599,-90.4891507846084.jpg",2,0,279,431,181,431,460
"WSLP_all/001352@30.0458589513976,-90.4507591656199.jpg",6,228,258,206,126,434,384
"WSLP_all/001353@30.0605275712584,-90.504983742372.jpg",4,211,298,212,140,423,438
"WSLP_all/001354@30.0606268559983,-90.5048374993216.jpg",6,198,258,271,153,469,411
"WSLP_all/001355@30.0620696457088,-90.4877640195702.jpg",2,0,274,364,139,364,413
"WSLP_all/001356@30.061934442359,-90.487825230911.jpg",1,29,266,289,167,318,433
"WSLP_all/001357@30.0614324008168,-90.4876967164176.jpg",3,263,266,299,125,562,391
"WSLP_all/001358@30.0616574661744,-90.4875493883841.jpg",3,281,238,347,162,628,400
"WSLP_all/001359@30.0620670137166,-90.4906060441811.jpg",3,231,236,293,209,524,445
"WSLP_all/001360@30.0630162513081,-90.4904020157943.jpg",2,348,280,293,213,641,493
"WSLP_all/001361@30.0632563157925,-90.4872923981125.jpg",4,222,298,224,204,446,502
"WSLP_all/001362@30.0674326866661,-90.4917399006334.jpg",1,91,134,451,361,542,495
"WSLP_all/001363@30.0645211608419,-90.4934494943824.jpg",2,0,282,349,147,349,429
"WSLP_all/001364@30.0673659088802,-90.4915444543852.jpg",2,240,201,401,314,641,515
"WSLP_all/001365@30.0580460816792,-90.5749164625368.jpg",4,214,245,238,273,452,518
"WSLP_all/001366@30.0596440238059,-90.5091544009653.jpg",1,37,265,300,180,337,445
"WSLP_all/001367@30.0594396161844,-90.5078220621463.jpg",4,178,250,276,215,454,465
"WSLP_all/001368@30.0617954401619,-90.5545609744026.jpg",3,90,243,349,228,439,471
"WSLP_all/001369@30.0767292098065,-90.4606413657698.jpg",3,172,214,341,157,513,371
"WSLP_all/001371@30.0699463633455,-90.5551422361141.jpg",4,201,282,259,182,460,464
"WSLP_all/001372@30.0620576591345,-90.553736993625.jpg",2,189,251,452,165,641,416
"WSLP_all/001373@30.0617935586231,-90.5533691902727.jpg",1,87,226,377,259,464,485
"WSLP_all/001374@30.0569134146023,-90.5345481463713.jpg",1,99,251,386,234,485,485
"WSLP_all/001375@30.0672060626646,-90.4911790753696.jpg",1,207,276,356,148,563,424
"WSLP_all/001376@30.0660927292646,-90.4891556894814.jpg",4,238,288,196,165,434,453
"WSLP_all/001377@30.0673031090197,-90.4911023805292.jpg",2,0,183,605,346,605,529
"WSLP_all/001378@30.0611733050072,-90.5746998320376.jpg",2,265,246,376,236,641,482
"WSLP_all/001379@30.0657717793485,-90.5064481479959.jpg",4,169,313,246,193,415,506
"WSLP_all/001380@30.0658724277946,-90.5057612874516.jpg",4,152,249,317,229,469,478
"WSLP_all/001381@30.0655917332475,-90.4889797331158.jpg",1,240,261,390,144,630,405
"WSLP_all/001382@30.0648777273574,-90.5052542418774.jpg",1,106,283,494,212,600,495
"WSLP_all/001383@30.0680536491012,-90.4857120341815.jpg",1,99,282,242,155,341,437
"WSLP_all/001384@30.0673610260804,-90.4862395655876.jpg",3,62,228,364,197,426,425
"WSLP_all/001385@30.0671251236894,-90.4864375802643.jpg",1,44,247,519,201,563,448
"WSLP_all/001386@30.0615881371651,-90.4856405646752.jpg",1,135,287,414,178,549,465
"WSLP_all/001387@30.0639933348374,-90.5048063549316.jpg",1,281,265,312,158,593,423
"WSLP_all/001388@30.0639256382985,-90.5047721429045.jpg",1,20,259,341,189,361,448
"WSLP_all/001389@30.0611625147227,-90.4913218141263.jpg",4,198,266,250,203,448,469
"WSLP_all/001390@30.0622500418866,-90.4905412708669.jpg",1,26,282,381,189,407,471
"WSLP_all/001391@30.0695376493047,-90.5045231508351.jpg",4,218,265,217,225,435,490
"WSLP_all/001392@30.0623474303309,-90.4904835440911.jpg",1,33,247,343,223,376,470
"WSLP_all/001393@30.0699293859778,-90.5046400314089.jpg",1,202,299,332,109,534,408
"WSLP_all/001394@30.0668461744798,-90.4871986966877.jpg",1,285,245,274,171,559,416
"WSLP_all/001395@30.0607657140283,-90.4870227038425.jpg",1,28,257,344,171,372,428
"WSLP_all/001396@30.0603032434636,-90.534467238954.jpg",1,227,298,178,106,405,404
"WSLP_all/001397@30.0645629379502,-90.5517004509699.jpg",3,140,275,287,133,427,408
"WSLP_all/001398@30.0610689454971,-90.486805163857.jpg",1,65,284,501,201,566,485
"WSLP_all/001399@30.0569690842806,-90.6155417652427.jpg",1,176,232,431,261,607,493
"WSLP_all/001400@30.0533143144089,-90.6154637688245.jpg",3,145,287,281,150,426,437
"WSLP_all/001401@30.0547396773064,-90.6155514968333.jpg",2,274,272,367,157,641,429
"WSLP_all/001402@30.0568978016217,-90.6150965626554.jpg",1,240,275,258,141,498,416
"WSLP_all/001403@30.052902705142,-90.6153402941686.jpg",1,210,295,298,129,508,424
"WSLP_all/001404@30.0523418101534,-90.6146931765975.jpg",3,28,253,518,220,546,473
"WSLP_all/001405@30.0497438104863,-90.6136751376291.jpg",3,191,225,450,295,641,520
"WSLP_all/001406@30.0513409091532,-90.6138342974452.jpg",2,0,243,612,355,612,598
"WSLP_all/001407@30.049657775759,-90.6137168500288.jpg",3,0,243,433,294,433,537
"WSLP_all/001408@30.0506891871197,-90.6149864117524.jpg",2,71,276,570,168,641,444
"WSLP_all/001409@30.052819145897,-90.6152713547072.jpg",1,241,263,221,160,462,423
"WSLP_all/001410@30.056955937964,-90.6358266684827.jpg",1,178,283,239,112,417,395
"WSLP_all/001411@30.0582859310968,-90.6339143519004.jpg",6,219,230,236,201,455,431
"WSLP_all/001412@30.0518336225725,-90.6365800431923.jpg",2,0,257,398,269,398,526
"WSLP_all/001413@30.0453402088312,-90.6118705371924.jpg",1,113,253,300,188,413,441
"WSLP_all/001414@30.0491237086509,-90.6126871046063.jpg",1,161,258,444,266,605,524
"WSLP_all/001415@30.0543822185901,-90.6146626614948.jpg",4,201,259,221,222,422,481
"WSLP_all/001416@30.058931327169,-90.6322660170828.jpg",3,0,257,504,159,504,416
"WSLP_all/001417@30.0451267229825,-90.6115465274419.jpg",3,154,213,487,225,641,438
"WSLP_all/001418@30.0476005588403,-90.6179260947335.jpg",3,98,247,199,148,297,395
"WSLP_all/001419@30.0460005429512,-90.6111103372231.jpg",1,259,259,286,175,545,434
"WSLP_all/001420@30.04836680309,-90.6132583655788.jpg",2,0,269,641,196,641,465
"WSLP_all/001421@30.0612233864718,-90.630514375913.jpg",1,128,279,465,150,593,429
"WSLP_all/001422@30.0549782105857,-90.589376317942.jpg",2,0,167,363,335,363,502
"WSLP_all/001423@30.0532197733418,-90.5432546939852.jpg",3,174,214,467,234,641,448
"WSLP_all/001424@30.0552618339376,-90.6213103349124.jpg",2,343,287,298,161,641,448
"WSLP_all/001425@30.0594886284538,-90.576710528691.jpg",3,1,249,395,187,396,436
"WSLP_all/001426@30.0593278251364,-90.5766927822204.jpg",1,55,240,293,179,348,419
"WSLP_all/001428@30.044585228311,-90.6189970902502.jpg",1,32,259,313,135,345,394
"WSLP_all/001429@30.0663587367154,-90.4895612609283.jpg",1,24,234,395,233,419,467
"WSLP_all/001430@30.0664753959141,-90.4894812376786.jpg",2,0,258,330,216,330,474
"WSLP_all/001431@30.0669382438884,-90.4891453666534.jpg",3,7,204,455,211,462,415
"WSLP_all/001432@30.0512340977465,-90.6164301878329.jpg",1,116,272,372,132,488,404
"WSLP_all/001433@30.0607609306282,-90.4857013408975.jpg",3,173,287,329,96,502,383
"WSLP_all/001434@30.0631570094777,-90.4816281425953.jpg",3,70,240,446,198,516,438
"WSLP_all/001435@30.0578872377571,-90.4816289134827.jpg",4,169,232,332,258,501,490
"WSLP_all/001436@30.0641566851658,-90.4792485795349.jpg",6,234,216,180,199,414,415
"WSLP_all/001437@30.0627755669376,-90.4789853791487.jpg",3,218,250,358,214,576,464
"WSLP_all/001438@30.0628148869479,-90.478649943067.jpg",3,66,300,295,104,361,404
"WSLP_all/001439@30.0637795744636,-90.4783887624482.jpg",6,182,254,269,142,451,396
"WSLP_all/001440@30.0635211221573,-90.4809358584056.jpg",1,80,280,235,160,315,440
"WSLP_all/001441@30.0622293202224,-90.4806212926361.jpg",3,0,238,202,215,202,453
"WSLP_all/001442@30.0586221600566,-90.481372900745.jpg",3,170,255,251,124,421,379
"WSLP_all/001443@30.0640346798418,-90.4779313387236.jpg",6,193,254,261,140,454,394
"WSLP_all/001444@30.0819663023755,-90.4624357462652.jpg",3,16,228,361,162,377,390
"WSLP_all/001445@30.0864253316209,-90.5077186653246.jpg",3,222,214,419,207,641,421
"WSLP_all/001446@30.085899182842,-90.5088834946475.jpg",1,115,267,323,131,438,398
"WSLP_all/001447@30.0629411010387,-90.5516625885758.jpg",3,28,262,266,161,294,423
"WSLP_all/001448@30.0587579155803,-90.5631736159462.jpg",1,15,263,395,138,410,401
"WSLP_all/001449@30.0585020193544,-90.5632261716712.jpg",2,437,247,204,197,641,444
"WSLP_all/001450@30.0694810381987,-90.5018711025876.jpg",1,170,266,233,126,403,392
"WSLP_all/001451@30.0689890491491,-90.5011069596759.jpg",1,210,302,168,90,378,392
"WSLP_all/001452@30.0599247764306,-90.5615839950386.jpg",1,178,181,463,316,641,497
"WSLP_all/001453@30.0559048541207,-90.5614380970558.jpg",5,158,279,293,231,451,510
"WSLP_all/001454@30.0591931457646,-90.5615454031812.jpg",1,55,197,586,307,641,504
"WSLP_all/001455@30.0641878027298,-90.5002018027103.jpg",1,215,292,190,113,405,405
"WSLP_all/001456@30.0574648247755,-90.559621010754.jpg",3,87,109,499,343,586,452
"WSLP_all/001457@30.0769129531165,-90.5397090771409.jpg",1,0,279,456,144,456,423
"WSLP_all/001458@30.0556171606078,-90.5590758421922.jpg",3,128,288,400,132,528,420
"WSLP_all/001459@30.0699575423116,-90.5015067114585.jpg",1,252,259,277,133,529,392
"WSLP_all/001460@30.0558728422463,-90.5586597542201.jpg",4,187,294,252,180,439,474
"WSLP_all/001461@30.0588897722974,-90.5441075269552.jpg",1,91,217,315,264,406,481
"WSLP_all/001462@30.0557069374427,-90.5577474920338.jpg",4,132,195,310,284,442,479
"WSLP_all/001463@30.0787311162538,-90.462176291923.jpg",3,290,269,179,111,469,380
"WSLP_all/001464@30.0528255205554,-90.543877372339.jpg",2,336,255,305,156,641,411
"WSLP_all/001465@30.0788299980632,-90.4622924160333.jpg",1,289,282,169,102,458,384
"WSLP_all/001466@30.0671794252464,-90.4766713811757.jpg",6,176,222,251,203,427,425
"WSLP_all/001467@30.0556850399145,-90.5342734921864.jpg",4,199,267,204,173,403,440
"WSLP_all/001468@30.0514907306824,-90.5358370121422.jpg",4,172,254,279,249,451,503
"WSLP_all/001469@30.0640633007267,-90.555656047234.jpg",4,157,255,331,231,488,486
"WSLP_all/001470@30.0668189632541,-90.476475308714.jpg",3,269,269,175,109,444,378
"WSLP_all/001471@30.0518455852769,-90.5372028687378.jpg",1,267,278,253,98,520,376
"WSLP_all/001473@30.0555725847938,-90.5427018235335.jpg",2,0,253,369,276,369,529
"WSLP_all/001474@30.0539793913684,-90.5442728453919.jpg",4,170,255,266,238,436,493
"WSLP_all/001475@30.0558487865462,-90.5443402354027.jpg",1,298,254,343,217,641,471
"WSLP_all/001476@30.05700021129,-90.5482856834206.jpg",2,338,266,303,147,641,413
"WSLP_all/001477@30.0602853674747,-90.548386258132.jpg",2,202,257,439,187,641,444
"WSLP_all/001478@30.0552049868062,-90.5490869271237.jpg",5,203,305,237,162,440,467
"WSLP_all/001479@30.0564526384978,-90.5490897553727.jpg",1,0,253,530,191,530,444
"WSLP_all/001480@30.0572684470863,-90.549105464668.jpg",2,74,216,567,257,641,473
"WSLP_all/001481@30.0545003352953,-90.5497657723081.jpg",3,0,246,641,277,641,523
"WSLP_all/001482@30.0552521400863,-90.549598648578.jpg",3,190,238,224,125,414,363
"WSLP_all/001483@30.055873937055,-90.5497328471116.jpg",2,0,234,447,405,447,639
"WSLP_all/001484@30.0574841488902,-90.5510067701874.jpg",3,95,246,194,142,289,388
"WSLP_all/001485@30.0588481559372,-90.5527031014222.jpg",1,143,245,346,213,489,458
"WSLP_all/001486@30.0594042770975,-90.5527619698593.jpg",2,0,210,421,257,421,467
"WSLP_all/001487@30.0591108192042,-90.5532921859846.jpg",3,236,229,298,188,534,417
"WSLP_all/001488@30.0594361133238,-90.5533086074576.jpg",3,94,253,275,176,369,429
"WSLP_all/001489@30.060926503464,-90.5533412014443.jpg",3,115,236,337,188,452,424
"WSLP_all/001490@30.0531589191136,-90.5454078164181.jpg",3,0,207,344,250,344,457
"WSLP_all/001491@30.0536102057503,-90.5454643094455.jpg",2,0,245,641,211,641,456
"WSLP_all/001492@30.0551297397181,-90.5454586212711.jpg",4,150,218,290,255,440,473
"WSLP_all/001493@30.0529634385564,-90.545744427129.jpg",4,149,240,327,288,476,528
"WSLP_all/001494@30.0568208787641,-90.5587156085047.jpg",1,277,222,274,219,551,441
"WSLP_all/001495@30.0594933465343,-90.5591974702388.jpg",1,5,271,330,177,335,448
"WSLP_all/001496@30.0564405376532,-90.5593033675777.jpg",3,201,195,341,278,542,473
"WSLP_all/001497@30.056046790342,-90.5596035677713.jpg",1,33,242,381,239,414,481
"WSLP_all/001498@30.0562152577649,-90.5596149044462.jpg",2,0,209,311,281,311,490
"WSLP_all/001499@30.0569161894868,-90.559609463741.jpg",4,169,255,299,226,468,481
"WSLP_all/001500@30.0562874591977,-90.5599083252827.jpg",1,87,221,389,243,476,464
"WSLP_all/001501@30.056775278555,-90.560287034878.jpg",1,306,278,242,103,548,381
"WSLP_all/001502@30.0569398134774,-90.5602984032878.jpg",2,353,234,287,203,640,437
"WSLP_all/001504@30.0581070207932,-90.5634125698827.jpg",1,45,258,342,147,387,405
"WSLP_all/001505@30.0591551303905,-90.5620830990769.jpg",3,245,252,245,143,490,395
"WSLP_all/001507@30.0615836551919,-90.5533771553121.jpg",2,259,281,347,190,606,471
"WSLP_all/001508@30.06258195517,-90.5534136015341.jpg",1,301,269,261,162,562,431
"WSLP_all/001509@30.0627992831556,-90.5534055783953.jpg",3,165,278,302,190,467,468
"WSLP_all/001510@30.0629317096567,-90.5534045421738.jpg",1,214,234,237,249,451,483
"WSLP_all/001511@30.0635022413567,-90.5541840859071.jpg",1,123,278,205,106,328,384
"WSLP_all/001512@30.0704714771766,-90.5556597910646.jpg",2,423,273,184,147,607,420
"WSLP_all/001513@30.0659933194947,-90.5561847495762.jpg",3,111,283,446,99,557,382
"WSLP_all/001514@30.0734452310041,-90.473035365797.jpg",1,323,244,295,126,618,370
"WSLP_all/001515@30.0674389244016,-90.4789232749071.jpg",1,306,285,184,107,490,392
"WSLP_all/001516@30.0675049690386,-90.478812057616.jpg",1,62,287,180,109,242,396
"WSLP_all/001517@30.067920273699,-90.4781161331112.jpg",1,209,294,194,111,403,405
"WSLP_all/001518@30.0675599833188,-90.4778062388265.jpg",3,216,277,225,120,441,397
"WSLP_all/001519@30.068106224222,-90.4770838930116.jpg",1,255,300,228,115,483,415
"WSLP_all/001520@30.0666249145508,-90.4774665075671.jpg",1,155,261,224,159,379,420
"WSLP_all/001521@30.0664151517704,-90.4772754607807.jpg",1,162,294,178,113,340,407
"WSLP_all/001522@30.0665260853177,-90.477381996583.jpg",3,204,281,219,83,423,364
"WSLP_all/001523@30.06645664513,-90.4777619652741.jpg",1,112,283,212,117,324,400
"WSLP_all/001525@30.0663701725714,-90.4788312711721.jpg",3,101,251,253,83,354,334
"WSLP_all/001526@30.0649651318057,-90.4921274568779.jpg",1,253,264,251,131,504,395
"WSLP_all/001528@30.0618528446972,-90.4865993445458.jpg",1,99,288,524,141,623,429
"WSLP_all/001529@30.0630420592696,-90.4862288507442.jpg",1,165,296,220,104,385,400
"WSLP_all/001530@30.0612798093166,-90.4908592781816.jpg",1,314,306,180,82,494,388
"WSLP_all/001532@30.0518102501443,-90.5305114024299.jpg",1,242,259,200,136,442,395
"WSLP_all/001533@30.0520325873033,-90.5305538652297.jpg",3,48,269,345,147,393,416
"WSLP_all/001534@30.0542356016542,-90.5310134398547.jpg",1,106,281,466,122,572,403
"WSLP_all/001535@30.0567185342441,-90.6355754415478.jpg",1,386,298,212,90,598,388
"WSLP_all/001536@30.0447262996004,-90.618009935255.jpg",1,129,274,477,161,606,435
"WSLP_all/001537@30.0409217716338,-90.6170321629627.jpg",3,152,270,285,116,437,386
"WSLP_all/001538@30.0446225211451,-90.6158866794594.jpg",1,165,271,205,84,370,355
"WSLP_all/001540@30.0526361131375,-90.616932181858.jpg",1,84,284,333,134,417,418
"WSLP_all/001541@30.0507908741781,-90.6162879737403.jpg",3,85,306,336,89,421,395
"WSLP_all/001542@30.0556400771357,-90.645356989754.jpg",1,326,280,300,89,626,369
"WSLP_all/001543@30.0426443448325,-90.4693882402953.jpg",1,251,297,167,86,418,383
"WSLP_all/001546@30.04616665214,-90.4717852021722.jpg",3,159,280,229,84,388,364
"WSLP_all/001548@30.0470582850229,-90.4725993099109.jpg",1,185,266,350,136,535,402
"WSLP_all/001550@30.0514773108961,-90.467889253974.jpg",1,64,268,393,162,457,430
"WSLP_all/001551@30.0864087476118,-90.4770878904665.jpg",1,137,266,386,150,523,416
"WSLP_all/001552@30.0865527504739,-90.4770360600555.jpg",3,115,252,325,142,440,394
"WSLP_all/001553@30.0858964214598,-90.4769183802412.jpg",1,151,290,276,110,427,400
"WSLP_all/001554@30.0866532333689,-90.4769182000558.jpg",1,165,262,308,130,473,392
"WSLP_all/001555@30.0857823557917,-90.4769984115746.jpg",1,147,275,395,145,542,420
"WSLP_all/001556@30.0861289465937,-90.4767487930992.jpg",1,190,294,258,108,448,402
"WSLP_all/001557@30.0860196922063,-90.4768414316537.jpg",1,174,272,272,128,446,400
"WSLP_all/001558@30.0855053288265,-90.4767731258929.jpg",2,20,280,447,137,467,417
"WSLP_all/001559@30.0867703239266,-90.4768507902197.jpg",1,229,253,192,153,421,406
"WSLP_all/001560@30.0857450098019,-90.4766129626356.jpg",1,116,274,316,145,432,419
"WSLP_all/001561@30.0868944404922,-90.4767643473745.jpg",1,133,247,377,159,510,406
"WSLP_all/001562@30.0856264058359,-90.4767056813557.jpg",1,135,286,305,118,440,404
"WSLP_all/001563@30.0862467999443,-90.4766718896564.jpg",1,187,304,248,92,435,396
"WSLP_all/001564@30.0863714585353,-90.4766012526791.jpg",1,183,301,254,100,437,401
"WSLP_all/001565@30.0859830324334,-90.4764686241398.jpg",1,116,286,301,120,417,406
"WSLP_all/001566@30.0864921032158,-90.4765053535302.jpg",1,201,292,278,99,479,391
"WSLP_all/001567@30.0866197867068,-90.476447338428.jpg",1,162,291,284,111,446,402
"WSLP_all/001568@30.0861075060088,-90.4763821784293.jpg",1,134,306,287,100,421,406
"WSLP_all/001569@30.0858641895534,-90.476545535091.jpg",1,136,301,308,96,444,397
"WSLP_all/001570@30.0867489337687,-90.4763987968052.jpg",1,144,288,309,105,453,393
"WSLP_all/001571@30.085320446699,-90.4763952709055.jpg",1,98,305,384,116,482,421
"WSLP_all/001572@30.0862108956542,-90.476330696436.jpg",3,198,283,292,132,490,415
"WSLP_all/001573@30.0870157646505,-90.4766968997615.jpg",3,174,278,269,128,443,406
"WSLP_all/001574@30.0872755046884,-90.4765302382799.jpg",1,214,274,284,120,498,394
"WSLP_all/001575@30.0871393589166,-90.4766231093369.jpg",1,107,260,394,161,501,421
"WSLP_all/001576@30.0873763301795,-90.4764692916115.jpg",1,148,280,331,107,479,387
"WSLP_all/001577@30.0875052721753,-90.4763638336919.jpg",1,90,301,397,114,487,415
"WSLP_all/001578@30.0876381659103,-90.476312097206.jpg",1,181,283,251,111,432,394
"WSLP_all/001579@30.0863314990061,-90.4762284733512.jpg",1,156,293,254,114,410,407
"WSLP_all/001580@30.0868496295401,-90.4762714478707.jpg",1,178,272,293,134,471,406
"WSLP_all/001581@30.0869672772726,-90.4761882209162.jpg",1,157,306,295,102,452,408
"WSLP_all/001582@30.0871002869723,-90.4761586180568.jpg",1,148,291,313,118,461,409
"WSLP_all/001583@30.0864709715643,-90.4761355728506.jpg",1,84,281,275,96,359,377
"WSLP_all/001584@30.0866952178241,-90.476029295525.jpg",1,161,269,303,123,464,392
"WSLP_all/001585@30.0860240471766,-90.4759085878207.jpg",1,151,267,375,126,526,393
"WSLP_all/001586@30.086593980578,-90.4760523009653.jpg",1,89,283,290,128,379,411
"WSLP_all/001587@30.0857946847121,-90.4756892174181.jpg",1,176,296,225,98,401,394
"WSLP_all/001588@30.0866316453296,-90.4755523691574.jpg",1,209,301,281,95,490,396
"WSLP_all/001589@30.0867489690648,-90.475428038426.jpg",1,212,291,372,128,584,419
"WSLP_all/001590@30.0865176829474,-90.47562291557.jpg",1,188,267,362,142,550,409
"WSLP_all/001591@30.0875378079225,-90.4754686784445.jpg",1,114,290,298,107,412,397
"WSLP_all/001592@30.086225055951,-90.4754135766155.jpg",1,205,297,243,105,448,402
"WSLP_all/001593@30.0869860557502,-90.4752837036935.jpg",1,197,266,359,151,556,417
"WSLP_all/001594@30.0868758262415,-90.4753953255105.jpg",1,208,274,339,126,547,400
"WSLP_all/001595@30.0863500035083,-90.4753239632309.jpg",1,210,291,276,90,486,381
"WSLP_all/001596@30.0855436213688,-90.475270827766.jpg",1,98,260,411,123,509,383
"WSLP_all/001597@30.085690064678,-90.4751462462414.jpg",1,104,264,422,130,526,394
"WSLP_all/001598@30.0864824503232,-90.4751995023462.jpg",1,173,302,308,86,481,388
"WSLP_all/001600@30.0871130374233,-90.4752320169439.jpg",1,168,268,343,109,511,377
"WSLP_all/001601@30.0872394005812,-90.4751360651282.jpg",1,199,274,276,126,475,400
"WSLP_all/001602@30.0867784638491,-90.4750167140015.jpg",1,223,288,258,104,481,392
"WSLP_all/001603@30.0858259487107,-90.4750723490183.jpg",1,75,275,378,126,453,401
"WSLP_all/001604@30.085981149092,-90.4749793129255.jpg",1,118,268,392,121,510,389
"WSLP_all/001605@30.0869069509276,-90.4749302312053.jpg",1,269,294,199,95,468,389
"WSLP_all/001606@30.0873476911744,-90.4750434318609.jpg",1,195,275,289,119,484,394
"WSLP_all/001607@30.0861207652747,-90.4748832487439.jpg",1,96,277,425,115,521,392
"WSLP_all/001608@30.0870881490225,-90.4748306457375.jpg",1,101,305,361,105,462,410
"WSLP_all/001609@30.0862763710105,-90.4747807224169.jpg",1,151,269,417,120,568,389
"WSLP_all/001610@30.087227194487,-90.4747440714579.jpg",1,199,275,232,106,431,381
"WSLP_all/001611@30.0864095048116,-90.4746941997117.jpg",1,140,262,417,124,557,386
"WSLP_all/001613@30.0873408540829,-90.474635580017.jpg",1,179,293,282,104,461,397
"WSLP_all/001614@30.0875117133198,-90.4745613794509.jpg",1,197,294,284,106,481,400
"WSLP_all/001615@30.0866898298999,-90.4745052210649.jpg",1,68,268,435,129,503,397
"WSLP_all/001616@30.0851837307555,-90.4760834053848.jpg",1,32,285,343,129,375,414
"WSLP_all/001618@30.0849772627174,-90.4756298502843.jpg",1,54,290,502,116,556,406
"WSLP_all/001619@30.0851407061051,-90.4755399069197.jpg",1,113,254,361,146,474,400
"WSLP_all/001620@30.085286735716,-90.4754659233014.jpg",3,161,269,366,111,527,380
"WSLP_all/001621@30.0167921796139,-90.4678135928108.jpg",1,16,224,606,194,622,418
"WSLP_all/001622@30.0170533697813,-90.467517552836.jpg",2,1,242,497,183,498,425
"WSLP_all/001623@30.0172627685134,-90.4672660096058.jpg",2,8,248,633,155,641,403
"WSLP_all/001624@30.0174268543772,-90.4670026932488.jpg",2,7,223,516,187,523,410
"WSLP_all/001625@30.0177825595893,-90.4665400913719.jpg",1,10,258,444,147,454,405
"WSLP_all/001626@30.0179812959486,-90.4663190675002.jpg",1,21,256,602,176,623,432
"WSLP_all/001628@30.0183250583778,-90.4658222471813.jpg",1,15,255,605,171,620,426
"WSLP_all/001629@30.0185158423113,-90.4655798339943.jpg",1,13,245,611,173,624,418
"WSLP_all/001630@30.0186885993106,-90.4653767274009.jpg",2,1,252,509,161,510,413
"WSLP_all/001631@30.0191401997759,-90.4654041118163.jpg",1,240,266,319,115,559,381
"WSLP_all/001632@30.0194571011856,-90.4646833504408.jpg",1,245,269,310,131,555,400
"WSLP_all/001633@30.0195255536019,-90.4645304123644.jpg",1,224,277,272,129,496,406
"WSLP_all/001634@30.0197094974351,-90.4643227174306.jpg",1,264,269,256,117,520,386
"WSLP_all/001635@30.0198738190364,-90.4642667129568.jpg",1,259,276,305,131,564,407
"WSLP_all/001636@30.0200800475789,-90.4642398577694.jpg",3,259,280,281,90,540,370
"WSLP_all/001637@30.0202389315598,-90.4640976005395.jpg",1,129,287,341,113,470,400
"WSLP_all/001638@30.0203520567326,-90.4639219318002.jpg",1,148,241,469,169,617,410
"WSLP_all/001639@30.020554276901,-90.4636878462103.jpg",3,187,298,290,97,477,395
"WSLP_all/001640@30.0206791199631,-90.4635334662935.jpg",1,105,273,485,150,590,423
"WSLP_all/001641@30.0208071997311,-90.4633531154078.jpg",1,162,288,390,100,552,388
"WSLP_all/001642@30.0209536409943,-90.4631507036994.jpg",1,101,272,383,126,484,398
"WSLP_all/001643@30.021093160973,-90.4629786879418.jpg",1,115,265,398,127,513,392
"WSLP_all/001644@30.0212802840849,-90.4627406550498.jpg",1,9,274,495,128,504,402
"WSLP_all/001645@30.0213896684778,-90.462565077792.jpg",1,46,270,513,125,559,395
"WSLP_all/001646@30.0215549698977,-90.462366512247.jpg",1,102,251,437,155,539,406
"WSLP_all/001647@30.0217711409352,-90.4620758933451.jpg",1,176,260,409,133,585,393
"WSLP_all/001648@30.0219071704759,-90.4619169246895.jpg",1,196,277,421,128,617,405
"WSLP_all/001649@30.0198807584867,-90.4638475470272.jpg",1,23,263,472,115,495,378
"WSLP_all/001650@30.020110376142,-90.4636689032316.jpg",1,20,243,544,169,564,412
"WSLP_all/001651@30.0202527446541,-90.4634493067068.jpg",1,43,223,536,207,579,430
"WSLP_all/001652@30.0204071933349,-90.4632726131247.jpg",3,82,240,504,152,586,392
"WSLP_all/001653@30.0205230248745,-90.4630407024624.jpg",1,76,244,469,150,545,394
"WSLP_all/001654@30.0206818248094,-90.4628941150284.jpg",1,18,180,514,256,532,436
"WSLP_all/001655@30.0208056361828,-90.4626879505031.jpg",1,96,212,366,169,462,381
"WSLP_all/001656@30.021055959097,-90.4624137837363.jpg",1,6,249,631,168,637,417
"WSLP_all/001657@30.0212755628952,-90.4621058196508.jpg",1,21,229,485,190,506,419
"WSLP_all/001658@30.021514333708,-90.4618189534755.jpg",2,23,265,433,135,456,400
"WSLP_all/001659@30.0216836795198,-90.4616332119521.jpg",1,5,238,571,190,576,428
"WSLP_all/001660@30.0217890446521,-90.4614447759103.jpg",3,14,256,443,147,457,403
"WSLP_all/001661@30.0219501045393,-90.4612203954581.jpg",1,133,257,496,136,629,393
"WSLP_all/001662@30.022093387988,-90.461048280131.jpg",1,76,212,450,170,526,382
"WSLP_all/001663@30.0222171962375,-90.4608420792945.jpg",3,116,244,390,166,506,410
"WSLP_all/001664@30.022507167252,-90.4604804972893.jpg",1,43,272,464,144,507,416
"WSLP_all/001665@30.0226981931136,-90.4602510168599.jpg",3,110,247,391,168,501,415
"WSLP_all/001666@30.0228918139304,-90.4599609669677.jpg",1,36,266,486,144,522,410
"WSLP_all/001667@30.0230817782198,-90.4596753718523.jpg",3,31,240,590,141,621,381
"WSLP_all/001668@30.0233272404798,-90.4593451105358.jpg",3,59,247,338,143,397,390
"WSLP_all/001669@30.0235333031025,-90.4591152422586.jpg",2,15,255,497,126,512,381
"WSLP_all/001670@30.0237367636884,-90.4595290717928.jpg",1,62,263,556,121,618,384
"WSLP_all/001671@30.0234919421444,-90.4598938361843.jpg",1,46,272,536,122,582,394
"WSLP_all/001672@30.02321584121,-90.4601945963251.jpg",1,136,261,445,152,581,413
"WSLP_all/001673@30.0231024700865,-90.4603573211328.jpg",1,97,283,374,125,471,408
"WSLP_all/001674@30.0228277622898,-90.4607315066225.jpg",1,129,283,353,135,482,418
"WSLP_all/001675@30.0226475074075,-90.4609347897026.jpg",1,118,294,413,109,531,403
"WSLP_all/001676@30.0225310374667,-90.4611321426742.jpg",1,108,271,372,147,480,418
"WSLP_all/001677@30.0222922402224,-90.4614190136635.jpg",1,76,269,447,131,523,400
"WSLP_all/001678@30.0220572090474,-90.4617057560085.jpg",1,143,278,482,142,625,420
"WSLP_all/001680@30.0155129048923,-90.4686963965358.jpg",6,158,276,252,88,410,364
"WSLP_all/001681@30.0133628978183,-90.4671175301118.jpg",1,93,238,507,166,600,404
"WSLP_all/001682@30.0134918016566,-90.4668860316326.jpg",1,24,260,591,157,615,417
"WSLP_all/001683@30.013695169853,-90.4666917724112.jpg",1,109,278,377,171,486,449
"WSLP_all/001684@30.0139135532769,-90.46653950066.jpg",3,113,259,365,122,478,381
"WSLP_all/001685@30.014148077523,-90.4663411768931.jpg",1,129,262,250,84,379,346
"WSLP_all/001686@30.0132843139108,-90.466425089454.jpg",1,162,259,389,128,551,387
"WSLP_all/001687@30.0134787327666,-90.4662082512255.jpg",3,212,267,241,119,453,386
"WSLP_all/001688@30.0141724492354,-90.4655450796955.jpg",1,177,258,416,124,593,382
"WSLP_all/001689@30.0144583233909,-90.4652150486955.jpg",1,218,264,284,121,502,385
"WSLP_all/001692@30.0115077839415,-90.466405080702.jpg",1,20,302,331,112,351,414
"WSLP_all/001693@30.0117022792855,-90.4661915006978.jpg",1,6,289,433,141,439,430
"WSLP_all/001694@30.0119086802518,-90.4660069170685.jpg",1,14,290,416,121,430,411
"WSLP_all/001695@30.0120951806547,-90.4658196301253.jpg",2,10,260,518,147,528,407
"WSLP_all/001696@30.011043516899,-90.4663125569183.jpg",3,319,264,298,144,617,408
"WSLP_all/001697@30.0160446120703,-90.4641966002377.jpg",3,106,272,464,127,570,399
"WSLP_all/001698@30.0153702840507,-90.4642463675433.jpg",1,164,311,260,95,424,406
"WSLP_all/001699@30.0158469429597,-90.463803880801.jpg",1,177,314,416,123,593,437
"WSLP_all/001700@30.0159804794782,-90.463666812604.jpg",3,143,252,359,154,502,406
"WSLP_all/001701@30.0162274699635,-90.4632334339813.jpg",3,227,267,271,109,498,376
"WSLP_all/001702@30.0169142067445,-90.4632387543237.jpg",1,215,276,257,153,472,429
"WSLP_all/001703@30.017484638175,-90.4625102271575.jpg",1,167,219,397,152,564,371
"WSLP_all/001705@30.0171485696512,-90.4618569503703.jpg",3,180,296,229,95,409,391
"WSLP_all/001707@30.0176003740198,-90.4613042243133.jpg",1,159,289,240,85,399,374
"WSLP_all/001708@30.0180737455381,-90.4609856739078.jpg",3,154,284,306,83,460,367
"WSLP_all/001711@30.0207971841746,-90.4581774868421.jpg",3,111,290,376,84,487,374
"WSLP_all/001712@30.0210035738178,-90.4579929008904.jpg",1,120,279,271,100,391,379
"WSLP_all/001713@30.0211946425291,-90.4577500208952.jpg",1,140,284,301,110,441,394
"WSLP_all/001714@30.0213283127758,-90.4574727254817.jpg",1,190,269,224,103,414,372
"WSLP_all/001716@30.0223490988119,-90.4565598299264.jpg",1,218,257,163,129,381,386
"WSLP_all/001717@30.0228604956299,-90.4561554915579.jpg",1,133,281,265,110,398,391
"WSLP_all/001718@30.0229341221156,-90.4560003797268.jpg",1,87,271,287,120,374,391
"WSLP_all/001719@30.0559105374373,-90.5488411330619.jpg",3,29,261,422,177,451,438
"WSLP_all/001720@30.0530923798436,-90.5425318357762.jpg",3,60,244,559,226,619,470
"WSLP_all/001721@30.0566293368943,-90.5424152645648.jpg",2,8,282,594,167,602,449
"WSLP_all/001722@30.0550277739967,-90.5423521069265.jpg",2,15,263,563,187,578,450
"WSLP_all/001723@30.0533633945796,-90.5422736437688.jpg",3,121,270,477,185,598,455
"WSLP_all/001724@30.0542807133557,-90.5423232625625.jpg",2,10,253,598,238,608,491
"WSLP_all/001725@30.0535087693456,-90.5348978514183.jpg",1,118,299,515,120,633,419
"WSLP_all/001726@30.0518558694931,-90.5422002612996.jpg",2,15,266,540,227,555,493
"WSLP_all/001727@30.0569599672398,-90.5417266774068.jpg",3,151,256,405,203,556,459
"WSLP_all/001728@30.0518350102157,-90.5347563709999.jpg",3,138,236,359,162,497,398
"WSLP_all/001729@30.0541267101749,-90.5346336977449.jpg",1,94,290,324,124,418,414
"WSLP_all/001730@30.0575121853662,-90.5417254530331.jpg",2,179,278,446,224,625,502
"WSLP_all/001731@30.0542946590249,-90.5346544792654.jpg",3,59,285,379,137,438,422
"WSLP_all/001732@30.0538895487184,-90.534540766431.jpg",1,114,258,262,181,376,439
"WSLP_all/001733@30.0531434506269,-90.5344487543657.jpg",1,76,274,274,178,350,452
"WSLP_all/001734@30.0541685654884,-90.5415528613428.jpg",2,258,237,376,268,634,505
"WSLP_all/001735@30.0629736103268,-90.4721647063163.jpg",6,173,280,246,160,419,440
"WSLP_all/001738@30.0631554043475,-90.4715719669872.jpg",6,192,251,218,96,410,347
"WSLP_all/001739@30.0631343994527,-90.4710094319799.jpg",6,223,258,202,99,425,357
"WSLP_all/001740@30.063321128681,-90.4705873586116.jpg",6,212,273,253,96,465,369
"WSLP_all/001742@30.0635680498881,-90.4714293004229.jpg",6,203,287,276,92,479,379
"WSLP_all/001743@30.0674085316216,-90.5011486100481.jpg",1,56,299,380,107,436,406
"WSLP_all/001744@30.0670413140412,-90.501091608759.jpg",3,245,277,148,87,393,364
"WSLP_all/001745@30.0667471755992,-90.500967607559.jpg",1,210,313,152,100,362,413
"WSLP_all/001746@30.0666074013608,-90.5009371605816.jpg",3,199,274,186,132,385,406
"WSLP_all/001750@30.0566861236339,-90.5348313062431.jpg",2,93,263,483,177,576,440
"WSLP_all/001751@30.0560498297624,-90.5378299578597.jpg",1,234,278,278,111,512,389
"WSLP_all/001752@30.0556457141241,-90.537570812856.jpg",1,111,267,406,146,517,413
"WSLP_all/001753@30.0551035196261,-90.5373696726454.jpg",1,98,290,309,157,407,447
"WSLP_all/001754@30.054935699487,-90.5373520464076.jpg",1,47,296,450,150,497,446
"WSLP_all/001755@30.0559463926413,-90.5369172284846.jpg",3,232,302,333,103,565,405
"WSLP_all/001756@30.0561449047874,-90.5364762500485.jpg",1,196,310,308,115,504,425
"WSLP_all/001757@30.0549297478181,-90.5362994621484.jpg",3,188,291,236,139,424,430
"WSLP_all/001758@30.0560035761981,-90.536433124673.jpg",1,120,296,417,107,537,403
"WSLP_all/001761@30.0740846784552,-90.4697480254326.jpg",3,282,288,133,81,415,369
"WSLP_all/001763@30.0730479861505,-90.4693207013827.jpg",1,56,252,373,142,429,394
"WSLP_all/001764@30.0727552607974,-90.4691525111632.jpg",1,10,274,484,119,494,393
"WSLP_all/001768@30.075568966151,-90.4654415413094.jpg",1,261,263,376,174,637,437
"WSLP_all/001769@30.0762627874131,-90.4642909456358.jpg",1,207,277,374,87,581,364
"WSLP_all/001770@30.0753284653141,-90.4637236604245.jpg",1,57,310,335,85,392,395
"WSLP_all/001771@30.0544544407478,-90.5343939930908.jpg",1,256,241,381,265,637,506
"WSLP_all/001772@30.0783143810983,-90.4617530898692.jpg",3,206,271,300,106,506,377
"WSLP_all/001773@30.0545670995106,-90.534058019984.jpg",1,67,285,323,154,390,439
"WSLP_all/001774@30.0539780726261,-90.5339931994688.jpg",3,54,282,385,153,439,435
"WSLP_all/001775@30.0679989809287,-90.491333610648.jpg",3,202,305,199,81,401,386
"WSLP_all/001776@30.0682445423151,-90.5523544567832.jpg",1,141,277,326,120,467,397
"WSLP_all/001777@30.0702628999102,-90.5518675713684.jpg",1,209,297,201,96,410,393
"WSLP_all/001778@30.0549317901416,-90.55316683509.jpg",1,98,240,299,187,397,427
"WSLP_all/001779@30.0547799703609,-90.5531016414374.jpg",3,190,280,250,164,440,444
"WSLP_all/001780@30.0654370978121,-90.5557401695781.jpg",2,5,257,475,168,480,425
"WSLP_all/001781@30.0648015792568,-90.5528429940252.jpg",1,300,288,309,142,609,430
"WSLP_all/001782@30.0652516522846,-90.5528299855104.jpg",1,309,304,239,170,548,474
"WSLP_all/001783@30.0651182995616,-90.5528278684026.jpg",1,274,288,263,154,537,442
"WSLP_all/001784@30.0642514063873,-90.552771429999.jpg",1,296,266,305,187,601,453
"WSLP_all/001785@30.0635266701892,-90.5527644603398.jpg",1,19,230,301,191,320,421
"WSLP_all/001786@30.0636729823597,-90.5527633145148.jpg",1,139,250,312,203,451,453
"WSLP_all/001787@30.063002026837,-90.5527179881385.jpg",1,143,238,380,208,523,446
"WSLP_all/001788@30.0628403454687,-90.5527382221783.jpg",3,256,258,312,165,568,423
"WSLP_all/001789@30.065364704264,-90.5528449071077.jpg",1,289,295,270,139,559,434
"WSLP_all/001790@30.0614014220262,-90.5723524442068.jpg",1,176,241,278,175,454,416
"WSLP_all/001791@30.0611534609789,-90.5723511760607.jpg",1,158,254,243,165,401,419
"WSLP_all/001792@30.0622468797038,-90.5527207409638.jpg",3,137,256,311,200,448,456
"WSLP_all/001793@30.0627438814877,-90.5719501947091.jpg",1,173,261,278,161,451,422
"WSLP_all/001794@30.0623164191192,-90.5719218472183.jpg",1,141,258,295,139,436,397
"WSLP_all/001795@30.0580482948127,-90.5526777530677.jpg",1,62,263,463,175,525,438
"WSLP_all/001796@30.0692037431932,-90.5518537455188.jpg",1,182,280,352,115,534,395
"WSLP_all/001797@30.068933291458,-90.551862189095.jpg",1,202,296,294,115,496,411
"WSLP_all/001798@30.0684787428549,-90.5518531072158.jpg",1,70,297,392,107,462,404
"WSLP_all/001799@30.0682746161608,-90.5517408948088.jpg",1,89,286,246,117,335,403
"WSLP_all/001800@30.0706897080893,-90.5519148095492.jpg",1,115,294,311,89,426,383
"WSLP_all/001801@30.0674603155673,-90.5517472805095.jpg",1,227,299,224,96,451,395
"WSLP_all/001802@30.0665399929407,-90.5517418518402.jpg",1,217,296,298,113,515,409
"WSLP_all/001803@30.0654139465459,-90.5516842930625.jpg",1,179,291,308,87,487,378
"WSLP_all/001810@30.0776779953899,-90.5063556826745.jpg",1,209,267,287,131,496,398
"WSLP_all/001811@30.0778521221872,-90.5064048273035.jpg",1,157,274,333,105,490,379
"WSLP_all/001812@30.0837278987871,-90.5082058241493.jpg",1,171,252,374,123,545,375
"WSLP_all/001813@30.0821597337713,-90.5077255480731.jpg",1,204,273,250,136,454,409
"WSLP_all/001814@30.0820015645415,-90.5076731059269.jpg",3,171,292,297,110,468,402
"WSLP_all/001815@30.0835772634909,-90.5081533180316.jpg",1,190,266,313,124,503,390
"WSLP_all/001816@30.0607055323204,-90.6174558494532.jpg",2,5,247,424,203,429,450
"WSLP_all/001817@30.0621146927341,-90.6173508906845.jpg",1,23,325,219,115,242,440
"WSLP_all/001818@30.0616743479451,-90.6172117975533.jpg",3,164,305,175,101,339,406
"WSLP_all/001819@30.0613410396701,-90.6171003876369.jpg",3,92,312,199,85,291,397
"WSLP_all/001820@30.0607736324963,-90.61690214566.jpg",1,248,230,358,303,606,533
"WSLP_all/001821@30.0605555376621,-90.61676461983.jpg",1,194,321,413,115,607,436
"WSLP_all/001822@30.0601907403383,-90.6166376330536.jpg",1,274,315,247,138,521,453
"WSLP_all/001823@30.0621183999905,-90.6212613548831.jpg",2,334,292,306,119,640,411
"WSLP_all/001825@30.0467019551179,-90.6163616353095.jpg",3,266,299,254,107,520,406
"WSLP_all/001826@30.0567075399585,-90.6162169622902.jpg",3,33,248,496,234,529,482
"WSLP_all/001827@30.0580220601819,-90.6162296331393.jpg",1,17,266,512,223,529,489
"WSLP_all/001827@30.0580220601819,-90.6162296331393.jpg",1,34,255,528,262,562,517
"WSLP_all/001828@30.052235137836,-90.6163724133863.jpg",1,67,296,443,106,510,402
"WSLP_all/001829@30.0462190018026,-90.6163113758032.jpg",1,144,297,375,114,519,411
"WSLP_all/001830@30.0562046911693,-90.6160277542358.jpg",3,121,305,288,125,409,430
"WSLP_all/001832@30.0617784911476,-90.4949489239268.jpg",1,7,285,605,136,612,421
"WSLP_all/001833@30.0700872096925,-90.5020968378312.jpg",1,238,277,198,117,436,394
"WSLP_all/001834@30.0703394646208,-90.5016236625921.jpg",3,154,294,264,99,418,393
"WSLP_all/001835@30.0630975154693,-90.4939040761692.jpg",1,147,296,302,94,449,390
"WSLP_all/001836@30.0623208844816,-90.4938884877623.jpg",1,87,274,300,83,387,357
"WSLP_all/001839@30.0323006162537,-90.4674204805082.jpg",1,162,272,153,97,315,369
"WSLP_all/001841@30.0625152805713,-90.4937129791033.jpg",3,181,268,308,93,489,361
"WSLP_all/001843@30.0612181630504,-90.4922760461672.jpg",2,5,272,473,184,478,456
"WSLP_all/001844@30.0339239937719,-90.4673810982661.jpg",1,195,294,220,98,415,392
"WSLP_all/001846@30.0335948522863,-90.467241738503.jpg",1,223,282,135,105,358,387
"WSLP_all/001848@30.0678246516473,-90.47837303275.jpg",3,443,290,198,91,641,381
"WSLP_all/001849@30.0554798657226,-90.4785927145155.jpg",6,251,283,157,84,408,367
"WSLP_all/001850@30.0670984116663,-90.4777880707061.jpg",3,176,256,337,158,513,414
"WSLP_all/001851@30.05763569266,-90.5458655668886.jpg",2,278,250,354,194,632,444
"WSLP_all/001852@30.0560946050215,-90.5458398084258.jpg",1,140,235,308,215,448,450
"WSLP_all/001853@30.0562325030787,-90.5458387189968.jpg",3,351,258,289,162,640,420
"WSLP_all/001854@30.0547862424845,-90.5458058900492.jpg",1,66,260,449,196,515,456
"WSLP_all/001855@30.0564666757824,-90.5458748021337.jpg",1,107,283,358,151,465,434
"WSLP_all/001856@30.053062194174,-90.5457183589517.jpg",3,142,291,240,108,382,399
"WSLP_all/001857@30.0532974266813,-90.5457797202599.jpg",1,41,211,406,263,447,474
"WSLP_all/001858@30.0560539775366,-90.545561953988.jpg",3,122,186,417,304,539,490
"WSLP_all/001859@30.0563358618343,-90.5455154709403.jpg",3,122,202,368,264,490,466
"WSLP_all/001860@30.0566702127726,-90.5455286339036.jpg",3,159,248,338,183,497,431
"WSLP_all/001861@30.0564389694183,-90.5454767228709.jpg",1,80,233,340,194,420,427
"WSLP_all/001862@30.0568314077736,-90.5455147154767.jpg",3,154,267,294,161,448,428
"WSLP_all/001863@30.0582287710318,-90.5455605719348.jpg",1,108,288,387,125,495,413
"WSLP_all/001864@30.0544991682518,-90.5454351549151.jpg",1,181,270,224,163,405,433
"WSLP_all/001865@30.0555901292577,-90.5454739487594.jpg",3,62,266,360,167,422,433
"WSLP_all/001866@30.053833233925,-90.5454024863717.jpg",1,129,268,307,140,436,408
"WSLP_all/001867@30.0569966215532,-90.5455197319259.jpg",1,213,311,243,114,456,425
"WSLP_all/001867@30.0569966215532,-90.5455197319259.jpg",1,197,288,249,126,446,414
"WSLP_all/001868@30.0553194210565,-90.545485571578.jpg",3,60,266,350,214,410,480
"WSLP_all/001869@30.0542155893165,-90.5454373963644.jpg",1,146,248,286,190,432,438
"WSLP_all/001870@30.0543742590635,-90.545442464279.jpg",1,199,231,201,188,400,419
"WSLP_all/001871@30.0558147503319,-90.5455037841461.jpg",2,279,268,362,181,641,449
"WSLP_all/001872@30.0533449415665,-90.5454253120214.jpg",1,85,241,412,214,497,455
"WSLP_all/001873@30.0523904269974,-90.5453633153016.jpg",3,41,202,424,202,465,404
"WSLP_all/001874@30.0525013060253,-90.5453687607761.jpg",3,227,233,332,163,559,396
"WSLP_all/001875@30.057209300327,-90.5452999326363.jpg",1,52,283,142,111,194,394
"WSLP_all/001876@30.0567797128132,-90.5452622344363.jpg",3,25,279,478,176,503,455
"WSLP_all/001877@30.054541169811,-90.5452072283183.jpg",3,161,263,460,176,621,439
"WSLP_all/001878@30.0539138023805,-90.5452090275251.jpg",3,90,262,456,189,546,451
"WSLP_all/001879@30.0542386709457,-90.545149560499.jpg",1,163,238,464,256,627,494
"WSLP_all/001880@30.0532093938293,-90.5451482159395.jpg",2,185,231,441,250,626,481
"WSLP_all/001881@30.0529193214319,-90.5451315436097.jpg",2,213,211,424,267,637,478
"WSLP_all/001882@30.05146937882,-90.5395860653984.jpg",3,176,289,303,92,479,381
"WSLP_all/001883@30.0530330778734,-90.5395167162764.jpg",2,85,275,555,197,640,472
"WSLP_all/001884@30.0525268942507,-90.539454366768.jpg",2,89,300,549,164,638,464
"WSLP_all/001885@30.0516532711347,-90.5393823006046.jpg",1,154,263,481,201,635,464
"WSLP_all/001886@30.0547024428051,-90.5391809948179.jpg",1,77,278,538,151,615,429
"WSLP_all/001887@30.054145794366,-90.539090598825.jpg",1,53,251,487,172,540,423
"WSLP_all/001888@30.0537016846017,-90.5390435612096.jpg",1,237,249,287,159,524,408
"WSLP_all/001889@30.0534420068044,-90.5389918933317.jpg",1,223,227,328,209,551,436
"WSLP_all/001890@30.0586361517175,-90.5444193304125.jpg",1,119,259,444,212,563,471
"WSLP_all/001891@30.059482493362,-90.5444410825583.jpg",3,166,252,360,222,526,474
"WSLP_all/001892@30.0541156124828,-90.5387778979356.jpg",1,121,276,324,173,445,449
"WSLP_all/001893@30.0534793932114,-90.5385933078919.jpg",3,256,293,262,120,518,413
"WSLP_all/001894@30.0529721327739,-90.5385941911315.jpg",1,82,302,508,206,590,508
"WSLP_all/001895@30.0584650055403,-90.5444017180147.jpg",2,1,260,407,237,408,497
"WSLP_all/001896@30.0520203895241,-90.5385227550583.jpg",2,13,257,505,278,518,535
"WSLP_all/001897@30.0518901668237,-90.5385016666891.jpg",3,51,282,527,226,578,508
"WSLP_all/001898@30.0526786906837,-90.5385933696645.jpg",1,127,235,374,254,501,489
"WSLP_all/001899@30.0587784918934,-90.5444023979781.jpg",1,154,256,388,238,542,494
"WSLP_all/001900@30.0541953224478,-90.5385212183858.jpg",2,4,248,613,362,617,610
"WSLP_all/001901@30.0564054361792,-90.5443168627769.jpg",1,79,282,528,216,607,498
"WSLP_all/001902@30.0601210314225,-90.5441420349058.jpg",1,189,243,295,229,484,472
"WSLP_all/001903@30.0523660292477,-90.5383240191024.jpg",2,10,214,609,358,619,572
"WSLP_all/001904@30.0520057832175,-90.5382668339888.jpg",2,151,249,490,282,641,531
"WSLP_all/001905@30.056205868058,-90.5443057981066.jpg",2,0,319,387,110,387,429
"WSLP_all/001906@30.055470635865,-90.5442958125645.jpg",1,235,276,319,217,554,493
"WSLP_all/001907@30.0537877014524,-90.5442870068158.jpg",3,204,296,286,140,490,436
"WSLP_all/001908@30.0532697797013,-90.5442342085409.jpg",1,143,309,411,127,554,436
"WSLP_all/001909@30.0548369704913,-90.5377100341471.jpg",1,249,285,224,117,473,402
"WSLP_all/001910@30.053519850701,-90.5373285811587.jpg",3,201,291,209,89,410,380
"WSLP_all/001911@30.0530339275673,-90.5441886607398.jpg",1,27,244,614,239,641,483
"WSLP_all/001912@30.0597418695976,-90.544126069736.jpg",1,80,252,523,202,603,454
"WSLP_all/001914@30.0521159477972,-90.537093235763.jpg",1,37,297,389,83,426,380
"WSLP_all/001915@30.0540049995615,-90.5371634949643.jpg",2,16,290,613,163,629,453
"WSLP_all/001916@30.0538358504779,-90.5371806510519.jpg",1,80,247,359,230,439,477
"WSLP_all/001917@30.0532303740211,-90.5370874949977.jpg",3,109,285,336,92,445,377
"WSLP_all/001918@30.0543775857441,-90.5438808854716.jpg",1,49,275,432,112,481,387
"WSLP_all/001919@30.0526062264578,-90.5369533975748.jpg",1,157,266,340,181,497,447
"WSLP_all/001920@30.0523917519727,-90.5369329842427.jpg",3,5,266,621,178,626,444
"WSLP_all/001921@30.0541325272105,-90.5439144375421.jpg",3,33,274,529,134,562,408
"WSLP_all/001922@30.0562905595728,-90.543685552656.jpg",1,90,284,506,167,596,451
"WSLP_all/001923@30.0530094275001,-90.5436198758302.jpg",3,134,272,346,147,480,419
"WSLP_all/001924@30.0548804868243,-90.5436619513835.jpg",1,190,273,444,171,634,444
"WSLP_all/001925@30.0546219557786,-90.5436545163409.jpg",1,196,254,279,194,475,448
"WSLP_all/001926@30.0533991724399,-90.4609372843161.jpg",1,320,288,138,85,458,373
"WSLP_all/001927@30.0663374166909,-90.4922043945935.jpg",1,17,256,425,161,442,417
"WSLP_all/001928@30.0656745813357,-90.492241602364.jpg",1,62,271,464,169,526,440
"WSLP_all/001929@30.0658999017815,-90.492021563852.jpg",1,32,263,524,157,556,420
"WSLP_all/001930@30.0663318417467,-90.4917491960321.jpg",1,240,268,272,136,512,404
"WSLP_all/001932@30.0661044288842,-90.491327485804.jpg",1,153,270,355,172,508,442
"WSLP_all/001933@30.0663840251727,-90.4911196313102.jpg",1,197,295,328,169,525,464
"WSLP_all/001934@30.0618135056929,-90.4759809201078.jpg",1,122,280,441,102,563,382
"WSLP_all/001935@30.0685678013854,-90.4926661192123.jpg",1,203,274,255,103,458,377
"WSLP_all/001937@30.0691051753502,-90.4924244723847.jpg",3,193,273,233,85,426,358
"WSLP_all/001938@30.062695318602,-90.5534253596634.jpg",1,237,238,287,223,524,461
"WSLP_all/001939@30.0622449149235,-90.5534288839043.jpg",1,170,259,310,200,480,459
"WSLP_all/001940@30.0624574088567,-90.5533892857933.jpg",1,240,284,219,124,459,408
"WSLP_all/001941@30.0621297445173,-90.5534044948617.jpg",1,226,280,325,180,551,460
"WSLP_all/001942@30.062354335579,-90.5534343502964.jpg",1,205,267,277,212,482,479
"WSLP_all/001943@30.0673898519464,-90.4898750010986.jpg",1,192,291,189,95,381,386
"WSLP_all/001944@30.0651039771771,-90.4898532462703.jpg",2,3,238,232,172,235,410
"WSLP_all/001945@30.065614215871,-90.4895359498152.jpg",1,1,277,314,118,315,395
"WSLP_all/001946@30.0663179641885,-90.4907439794657.jpg",1,140,275,399,143,539,418
"WSLP_all/001947@30.0657693402866,-90.4894208260221.jpg",1,12,274,344,133,356,407
"WSLP_all/001948@30.0622320479474,-90.5530717590589.jpg",1,179,276,286,179,465,455
"WSLP_all/001949@30.0655127026594,-90.4905041981795.jpg",2,20,255,483,307,503,562
"WSLP_all/001950@30.0624760426886,-90.5530951393122.jpg",1,89,300,352,158,441,458
"WSLP_all/001951@30.0696773281791,-90.5057676318547.jpg",1,100,268,181,120,281,388
"WSLP_all/001952@30.068375183811,-90.4904041160964.jpg",1,29,253,306,97,335,350
"WSLP_all/001953@30.0695674362586,-90.5056831832777.jpg",2,5,273,430,135,435,408
"WSLP_all/001954@30.0691799806857,-90.5054903872814.jpg",2,9,300,223,97,232,397
"WSLP_all/001955@30.0626722676875,-90.5526952803908.jpg",1,219,255,298,185,517,440
"WSLP_all/001955@30.0626722676875,-90.5526952803908.jpg",1,217,245,291,183,508,428
"WSLP_all/001956@30.0666958094198,-90.488723787026.jpg",2,11,243,354,149,365,392
"WSLP_all/001957@30.0617502580377,-90.5526930176998.jpg",3,192,263,291,161,483,424
"WSLP_all/001958@30.0633041235836,-90.488237230697.jpg",3,243,287,377,124,620,411
"WSLP_all/001959@30.0650560366612,-90.4881054052914.jpg",1,96,306,440,147,536,453
"WSLP_all/001960@30.0644003511529,-90.5522170266987.jpg",1,44,269,438,129,482,398
"WSLP_all/001961@30.0651863246052,-90.5522329966443.jpg",1,157,283,272,103,429,386
"WSLP_all/001962@30.0613014630747,-90.4915925098413.jpg",1,21,258,455,250,476,508
"WSLP_all/001963@30.0625034176687,-90.5521370539108.jpg",1,201,255,271,123,472,378
"WSLP_all/001964@30.0611819602332,-90.4909138466061.jpg",3,8,300,276,110,284,410
"WSLP_all/001965@30.0652267601573,-90.5517205361538.jpg",1,218,294,201,116,419,410
"WSLP_all/001966@30.0649435280938,-90.5517069504202.jpg",1,213,286,181,131,394,417
"WSLP_all/001966@30.0649435280938,-90.5517069504202.jpg",1,212,296,178,125,390,421
"WSLP_all/001967@30.06236556571,-90.552707166318.jpg",1,248,268,279,165,527,433
"WSLP_all/001967@30.06236556571,-90.552707166318.jpg",1,251,254,253,175,504,429
"WSLP_all/001968@30.0658007641855,-90.552847815222.jpg",1,280,315,285,141,565,456
"WSLP_all/001969@30.0632979778762,-90.5731124871015.jpg",1,254,279,183,108,437,387
"WSLP_all/001970@30.0654743144689,-90.5528219191112.jpg",1,283,303,357,155,640,458
"WSLP_all/001971@30.0655971335801,-90.5528146345501.jpg",3,287,305,245,148,532,453
"WSLP_all/001972@30.0556964540803,-90.5635544705929.jpg",1,195,247,273,129,468,376
"WSLP_all/001972@30.0556964540803,-90.5635544705929.jpg",1,206,248,227,122,433,370
"WSLP_all/001973@30.0552925971968,-90.5621698833593.jpg",5,216,245,175,111,391,356
"WSLP_all/001974@30.0560919687537,-90.5602449179093.jpg",2,12,253,353,192,365,445
"WSLP_all/001975@30.0586547773387,-90.5596275799474.jpg",3,150,260,383,158,533,418
"WSLP_all/001976@30.0579689571876,-90.5595981307608.jpg",1,254,259,294,171,548,430
"WSLP_all/001976@30.0579689571876,-90.5595981307608.jpg",1,245,243,310,204,555,447
"WSLP_all/001977@30.0608104797381,-90.5520776127947.jpg",3,162,288,430,98,592,386
"WSLP_all/001978@30.0661329182605,-90.5738401163719.jpg",1,51,289,410,113,461,402
"WSLP_all/001979@30.0641204564004,-90.5560823829568.jpg",1,253,308,347,134,600,442
"WSLP_all/001980@30.0630181413731,-90.4866147356904.jpg",1,129,233,383,180,512,413
"WSLP_all/001981@30.0627808787186,-90.486515589343.jpg",1,165,302,225,106,390,408
"WSLP_all/001981@30.0627808787186,-90.486515589343.jpg",1,153,296,242,123,395,419
"WSLP_all/001982@30.0617124943147,-90.4863002156808.jpg",3,12,279,603,138,615,417
"WSLP_all/001983@30.0623857890331,-90.4863545585825.jpg",1,168,304,394,110,562,414
"WSLP_all/001984@30.0631657850599,-90.4860507652127.jpg",2,7,273,521,133,528,406
"WSLP_all/001985@30.0640141298128,-90.4856041251786.jpg",5,229,285,172,81,401,366
"WSLP_all/001986@30.0517108802082,-90.6136293272996.jpg",1,186,291,267,142,453,433
"WSLP_all/001987@30.0527682970769,-90.6136280147908.jpg",1,121,296,369,109,490,405
"WSLP_all/001988@30.0509225081921,-90.6136761109787.jpg",2,12,269,617,234,629,503
"WSLP_all/001989@30.0529893327499,-90.6136738335482.jpg",1,220,283,203,112,423,395
"WSLP_all/001990@30.0499689804919,-90.6135818465869.jpg",2,41,291,593,186,634,477
"WSLP_all/001991@30.0487605868025,-90.6134104023397.jpg",1,9,245,393,219,402,464
"WSLP_all/001992@30.0521548613099,-90.6133511182901.jpg",3,131,280,437,167,568,447
"WSLP_all/001993@30.0523957539238,-90.6134125985578.jpg",3,84,291,484,121,568,412
"WSLP_all/001994@30.0525301281825,-90.6134811692215.jpg",1,303,297,173,123,476,420
"WSLP_all/001995@30.0485605286165,-90.6133486304325.jpg",1,10,227,347,248,357,475
"WSLP_all/001996@30.051817177454,-90.6132397635021.jpg",1,230,258,253,161,483,419
"WSLP_all/001997@30.0497172433968,-90.6132517716839.jpg",2,140,294,497,230,637,524
"WSLP_all/001998@30.0503220482997,-90.6131620588374.jpg",1,207,268,371,212,578,480
"WSLP_all/001999@30.0550670825042,-90.6178124480417.jpg",1,234,267,210,140,444,407
"WSLP_all/002000@30.0460923296486,-90.6177599159581.jpg",1,101,305,348,112,449,417
"WSLP_all/002001@30.0459081829918,-90.6177264695121.jpg",1,6,221,400,252,406,473
"WSLP_all/002002@30.0532285356325,-90.6176296642229.jpg",1,50,286,591,156,641,442
"WSLP_all/002003@30.0457009702323,-90.6176837065438.jpg",1,74,313,461,82,535,395
"WSLP_all/002004@30.0541259979359,-90.6174620080148.jpg",1,121,257,272,168,393,425
"WSLP_all/002005@30.056253789035,-90.6173139615912.jpg",3,196,254,252,158,448,412
"WSLP_all/002006@30.0621758590831,-90.4863152457031.jpg",4,253,243,141,86,394,329
"WSLP_all/002007@30.064495015129,-90.4861754043303.jpg",4,192,269,101,131,293,400
"WSLP_all/002008@30.0614638025733,-90.4853223340738.jpg",1,147,277,450,146,597,423
"WSLP_all/002009@30.0627738042911,-90.4846599568635.jpg",4,250,302,133,81,383,383
"WSLP_all/002010@30.0597588743257,-90.4845813069635.jpg",5,245,369,171,128,416,497
"WSLP_all/002011@30.0625439921202,-90.4844753968.jpg",5,162,329,135,122,297,451
"WSLP_all/002012@30.0615843673153,-90.4844487953159.jpg",1,245,233,375,263,620,496
"WSLP_all/002013@30.0598487912545,-90.4843971907487.jpg",2,13,245,462,273,475,518
"WSLP_all/002014@30.0608571949318,-90.4827479109067.jpg",2,55,222,315,190,370,412
"WSLP_all/002015@30.0663899443894,-90.5008852325436.jpg",1,152,294,272,99,424,393
"WSLP_all/002016@30.0636700953746,-90.5001334193996.jpg",1,92,242,441,156,533,398
"WSLP_all/002017@30.0677099400941,-90.5000996472122.jpg",1,246,253,395,153,641,406
"WSLP_all/002018@30.0715870983902,-90.5033458037497.jpg",1,135,270,330,178,465,448
"WSLP_all/002019@30.0630906897294,-90.4959337034749.jpg",5,296,310,134,133,430,443
"WSLP_all/002021@30.0613796938792,-90.4950376324115.jpg",2,48,242,491,163,539,405
"WSLP_all/002022@30.0631297243821,-90.4950323977148.jpg",1,265,213,336,252,601,465
"WSLP_all/002023@30.0619440183909,-90.4946788227509.jpg",1,8,276,474,133,482,409
"WSLP_all/002024@30.0630816086121,-90.4945712501163.jpg",5,231,275,245,173,476,448
"WSLP_all/002025@30.0624581588665,-90.4943204304134.jpg",1,138,236,282,185,420,421
"WSLP_all/002026@30.0631369307913,-90.4942767808828.jpg",2,281,292,254,123,535,415
"WSLP_all/002027@30.0627103916726,-90.4941286288807.jpg",1,89,267,358,147,447,414
"WSLP_all/002028@30.0628487520855,-90.4940705603649.jpg",1,121,267,302,152,423,419
"WSLP_all/002029@30.0616176956555,-90.4941093774032.jpg",4,262,262,108,101,370,363
"WSLP_all/002031@30.0625179822827,-90.4932008248086.jpg",6,184,266,312,108,496,374
"WSLP_all/002030@30.0620574290998,-90.4941056749645.jpg",4,123,289,105,124,228,413
"WSLP_all/002032@30.061197389242,-90.4917230003078.jpg",1,166,244,348,224,514,468
"WSLP_all/002033@30.0657860717532,-90.4935969065779.jpg",1,187,299,323,94,510,393
"WSLP_all/002034@30.0660904106795,-90.4934520778473.jpg",5,44,376,332,136,376,512
"WSLP_all/002035@30.0657584097311,-90.492993310781.jpg",1,110,269,390,138,500,407
"WSLP_all/002036@30.0659536737666,-90.4928936597586.jpg",1,23,279,472,171,495,450
"WSLP_all/002037@30.0658176315962,-90.4925565366537.jpg",2,111,263,360,225,471,488
"WSLP_all/002038@30.0647021875029,-90.4923035513773.jpg",1,89,282,397,140,486,422
"WSLP_all/002039@30.0648524905285,-90.4922295715122.jpg",3,130,267,318,149,448,416
"WSLP_all/002040@30.0647544083543,-90.491825742737.jpg",1,46,273,581,163,627,436
"WSLP_all/002041@30.0648908482946,-90.4917297495403.jpg",1,171,261,409,170,580,431
"WSLP_all/002042@30.0650492759496,-90.4916019565972.jpg",1,174,279,422,167,596,446
"WSLP_all/002043@30.0651914343424,-90.49150591451.jpg",2,204,250,182,191,386,441
"WSLP_all/002044@30.0658120489107,-90.4915101569014.jpg",1,52,268,441,197,493,465
"WSLP_all/002045@30.0659464903862,-90.4913983710533.jpg",1,80,267,403,217,483,484
"WSLP_all/002046@30.0638652824389,-90.5080098625213.jpg",2,119,248,189,333,308,581
"WSLP_all/002047@30.0660518486549,-90.5081624735278.jpg",1,206,282,214,87,420,369
"WSLP_all/002048@30.0697675698147,-90.5555988916573.jpg",5,268,398,149,92,417,490
"WSLP_all/002049@30.0700974725727,-90.555599478807.jpg",2,248,314,203,95,451,409
"WSLP_all/002050@30.0638922599003,-90.5076239556462.jpg",1,183,254,381,146,564,400
"WSLP_all/002051@30.0626906000495,-90.4903225758799.jpg",4,190,327,122,114,312,441
"WSLP_all/002052@30.0627930159977,-90.4902426769486.jpg",2,80,297,240,124,320,421
"WSLP_all/002053@30.0634127786581,-90.507384504734.jpg",1,126,244,367,181,493,425
"WSLP_all/002054@30.0635671557427,-90.5074590973784.jpg",1,190,267,448,182,638,449
"WSLP_all/002055@30.0630502728999,-90.4900634671637.jpg",1,88,278,390,204,478,482
"WSLP_all/002056@30.0628863645135,-90.490052208647.jpg",1,125,283,223,138,348,421
"WSLP_all/002057@30.0632466870441,-90.4899290298416.jpg",1,26,262,513,214,539,476
"WSLP_all/002058@30.063400708714,-90.4897791430842.jpg",4,240,316,132,115,372,431
"WSLP_all/002059@30.0672321193056,-90.5065055853234.jpg",6,167,260,385,150,552,410
"WSLP_all/002060@30.065298380026,-90.5064331071076.jpg",3,158,285,228,233,386,518
"WSLP_all/002061@30.067316635016,-90.5062930660785.jpg",6,215,267,286,113,501,380
"WSLP_all/002063@30.0674722575153,-90.5061147333088.jpg",6,212,268,302,88,514,356
"WSLP_all/002064@30.0651794718011,-90.489378399696.jpg",3,344,229,139,197,483,426
"WSLP_all/002065@30.0633203483694,-90.4891981382441.jpg",1,233,291,341,117,574,408
"WSLP_all/002068@30.0638989718249,-90.5051011450683.jpg",2,84,261,183,142,267,403
"WSLP_all/002069@30.057120239114,-90.5527039890761.jpg",2,136,267,87,127,223,394
"WSLP_all/002070@30.0590787054259,-90.552726585276.jpg",1,58,274,543,187,601,461
"WSLP_all/002071@30.0633734483511,-90.4885717446644.jpg",1,240,273,302,167,542,440
"WSLP_all/002072@30.0633703560279,-90.4884326724668.jpg",3,61,305,183,90,244,395
"WSLP_all/002073@30.0640182069322,-90.5052108013313.jpg",3,165,274,124,132,289,406
"WSLP_all/002074@30.0636402264646,-90.5050337458173.jpg",1,36,245,359,233,395,478
"WSLP_all/002075@30.0682709869273,-90.5050742981645.jpg",6,182,282,251,106,433,388
"WSLP_all/002076@30.0679021499008,-90.5048339292196.jpg",6,230,276,238,136,468,412
"WSLP_all/002077@30.0617602043695,-90.4912756684525.jpg",1,2,247,615,192,617,439
"WSLP_all/002078@30.0614154294123,-90.4911900657333.jpg",1,21,235,471,264,492,499
"WSLP_all/002079@30.0618591007665,-90.4911483818038.jpg",2,75,301,254,102,329,403
"WSLP_all/002080@30.0619688351832,-90.4910905515262.jpg",5,220,301,112,105,332,406
"WSLP_all/002081@30.0620515183856,-90.4910424335753.jpg",5,226,314,262,132,488,446
"WSLP_all/002082@30.0615422427993,-90.4910593822646.jpg",1,61,236,578,270,639,506
"WSLP_all/002083@30.0637610199835,-90.5046565419078.jpg",4,257,332,98,114,355,446
"WSLP_all/002084@30.0616690641298,-90.4909128909931.jpg",1,177,284,349,194,526,478
"WSLP_all/002085@30.0621417644938,-90.4909816064786.jpg",2,258,273,156,112,414,385
"WSLP_all/002086@30.0622923534283,-90.4908665262555.jpg",2,108,265,339,147,447,412
"WSLP_all/002087@30.0617809303593,-90.4907412365915.jpg",1,174,242,437,240,611,482
"WSLP_all/002089@30.0627592691012,-90.4905812233551.jpg",2,156,257,255,121,411,378
"WSLP_all/002090@30.0560667928168,-90.6211117586601.jpg",2,363,277,110,131,473,408
"WSLP_all/002091@30.0590402543004,-90.621087351244.jpg",1,146,259,334,178,480,437
"WSLP_all/002092@30.0596711972146,-90.6212029688642.jpg",3,184,311,140,129,324,440
"WSLP_all/002093@30.0567851854231,-90.6212077816879.jpg",1,32,215,549,257,581,472
"WSLP_all/002094@30.059528692929,-90.6211660528054.jpg",1,213,224,373,217,586,441
"WSLP_all/002095@30.0613090104023,-90.6210268820665.jpg",1,108,223,347,237,455,460
"WSLP_all/002096@30.0604509574743,-90.6208907594765.jpg",2,279,277,304,144,583,421
"WSLP_all/002097@30.0587592964922,-90.6207353093217.jpg",1,169,226,324,218,493,444
"WSLP_all/002098@30.0563102859795,-90.6207496559082.jpg",1,105,259,390,153,495,412
"WSLP_all/002099@30.0601558235035,-90.6207190029375.jpg",3,183,277,353,176,536,453
"WSLP_all/002100@30.0577407697363,-90.6208342633437.jpg",1,243,285,243,103,486,388
"WSLP_all/002101@30.0609798772864,-90.6208174319523.jpg",1,101,242,537,176,638,418
"WSLP_all/002102@30.0569546765841,-90.6208145934865.jpg",1,125,242,506,247,631,489
"WSLP_all/002103@30.0566469179795,-90.6207693770353.jpg",1,203,256,176,178,379,434
"WSLP_all/002104@30.0597154508177,-90.6207063453533.jpg",2,120,228,83,146,203,374
"WSLP_all/002106@30.0561510701358,-90.6207191833604.jpg",1,3,258,482,175,485,433
"WSLP_all/002107@30.0586865858769,-90.6204955803845.jpg",2,262,282,130,130,392,412
"WSLP_all/002108@30.0574088511576,-90.6203845956053.jpg",1,183,252,333,196,516,448
"WSLP_all/002109@30.0504274749074,-90.615806970029.jpg",4,230,324,247,106,477,430
"WSLP_all/002110@30.0556339217981,-90.6155608628239.jpg",1,151,283,275,104,426,387
"WSLP_all/002111@30.0559258697587,-90.6154797338924.jpg",2,191,323,128,120,319,443
"WSLP_all/002112@30.053057505144,-90.6153929157822.jpg",1,186,285,230,169,416,454
"WSLP_all/002113@30.0493252216815,-90.6153818652319.jpg",1,239,245,334,163,573,408
"WSLP_all/002114@30.0540290049385,-90.6152784445004.jpg",1,101,262,349,229,450,491
"WSLP_all/002115@30.0574287083641,-90.6152571151819.jpg",1,249,250,343,201,592,451
"WSLP_all/002119@30.0550636010806,-90.6151919657582.jpg",1,10,212,516,284,526,496
"WSLP_all/002123@30.0496794319807,-90.6149336305519.jpg",4,119,279,218,146,337,425
"WSLP_all/002124@30.0530068507285,-90.614903328456.jpg",2,65,278,295,189,360,467
"WSLP_all/002125@30.0543219690247,-90.6148843670416.jpg",2,10,201,438,319,448,520
"WSLP_all/002126@30.0516146422153,-90.6148343388821.jpg",1,268,283,252,170,520,453
"WSLP_all/002127@30.0493870236403,-90.6148598771678.jpg",1,158,272,225,175,383,447
"WSLP_all/002128@30.0556936250777,-90.6146690118848.jpg",3,140,281,443,118,583,399
"WSLP_all/002129@30.0486254512813,-90.6145619257483.jpg",3,177,264,318,117,495,381
"WSLP_all/002130@30.0518220514378,-90.6144946236237.jpg",2,4,254,371,265,375,519
"WSLP_all/002131@30.049480329949,-90.614517831456.jpg",2,13,273,628,163,641,436
"WSLP_all/002132@30.0550749987213,-90.614433232872.jpg",5,245,345,190,177,435,522
"WSLP_all/002133@30.0541886872112,-90.6145723874239.jpg",1,248,231,392,286,640,517
"WSLP_all/002134@30.0502688271149,-90.6143730656392.jpg",1,99,244,475,143,574,387
"WSLP_all/002135@30.0525016525613,-90.6145055276791.jpg",1,5,198,394,277,399,475
"WSLP_all/002136@30.0523030025882,-90.6144247743513.jpg",1,29,223,460,288,489,511
"WSLP_all/002137@30.0491929115837,-90.6144061121656.jpg",1,150,241,429,229,579,470
"WSLP_all/002138@30.0544959490755,-90.6142287804488.jpg",1,230,258,257,163,487,421
"WSLP_all/002139@30.0520872982486,-90.6143631110652.jpg",1,31,220,571,319,602,539
"WSLP_all/002140@30.0489479604571,-90.6143667877082.jpg",1,226,245,316,211,542,456
"WSLP_all/002141@30.0549088683934,-90.6143301157985.jpg",3,184,284,305,164,489,448
"WSLP_all/002142@30.051692691297,-90.6142110714154.jpg",2,174,216,410,287,584,503
"WSLP_all/002143@30.052630915688,-90.6142928099826.jpg",2,8,171,562,441,570,612
"WSLP_all/002144@30.051918040304,-90.6142916302018.jpg",1,38,228,592,258,630,486
"WSLP_all/002145@30.0495746436468,-90.6141188812001.jpg",1,111,254,415,180,526,434
"WSLP_all/002146@30.0524377323656,-90.6142309843158.jpg",2,204,311,225,124,429,435
"WSLP_all/002147@30.0518152482144,-90.6142607622873.jpg",1,161,274,294,228,455,502
"WSLP_all/002148@30.0507976163537,-90.6141100576432.jpg",4,394,269,247,195,641,464
"WSLP_all/002149@30.0506962056198,-90.6140855020993.jpg",2,3,235,453,270,456,505
"WSLP_all/002150@30.0487312695745,-90.6142703645029.jpg",1,5,232,559,205,564,437
"WSLP_all/002151@30.0530988324727,-90.614172478587.jpg",1,227,202,296,322,523,524
"WSLP_all/002152@30.0542811587916,-90.6141481435426.jpg",1,284,279,274,140,558,419
"WSLP_all/002153@30.0520091050305,-90.6172022082295.jpg",1,187,176,374,232,561,408
"WSLP_all/002154@30.0514541741484,-90.6169722853182.jpg",2,26,161,615,251,641,412
"WSLP_all/002155@30.0510673038586,-90.616851789849.jpg",2,234,264,405,147,639,411
"WSLP_all/002156@30.0521327430914,-90.6168188444019.jpg",5,106,268,301,144,407,412
"WSLP_all/002157@30.0600074399236,-90.616597855473.jpg",2,221,279,420,232,641,511
"WSLP_all/002158@30.0505705087123,-90.6167036374457.jpg",1,174,255,460,123,634,378
"WSLP_all/002159@30.0515881510069,-90.6165888500346.jpg",3,194,264,358,143,552,407
"WSLP_all/002160@30.0573338304352,-90.6164621844264.jpg",2,17,251,386,261,403,512
"WSLP_all/002161@30.0550019135997,-90.6164473443687.jpg",2,17,241,610,225,627,466
"WSLP_all/002162@30.0441563218378,-90.6164842460523.jpg",2,12,192,342,314,354,506
"WSLP_all/002163@30.0415071841035,-90.6162283214281.jpg",6,164,267,265,123,429,390
"WSLP_all/002164@30.0669482504294,-90.5517955560415.jpg",3,176,255,228,180,404,435
"WSLP_all/002165@30.0411061509811,-90.6160826579691.jpg",5,224,263,142,89,366,352
"WSLP_all/002166@30.0687314647111,-90.5517436351516.jpg",3,104,279,419,138,523,417
"WSLP_all/002168@30.0420361680812,-90.6162023920369.jpg",3,24,198,532,288,556,486
"WSLP_all/002169@30.0566711536608,-90.565687013416.jpg",6,188,260,226,105,414,365
"WSLP_all/002170@30.0642327956246,-90.5640006812697.jpg",1,232,284,285,124,517,408
"WSLP_all/002171@30.0408843213087,-90.6163908311713.jpg",1,201,276,175,99,376,375
"WSLP_all/002172@30.0425532538509,-90.6153200115322.jpg",6,169,273,238,83,407,356
"WSLP_all/002173@30.042799699473,-90.6146703020222.jpg",4,193,295,179,129,372,424
"WSLP_all/002174@30.0428864531599,-90.6144831970068.jpg",3,120,307,275,114,395,421
"WSLP_all/002175@30.0472937762793,-90.6102949633665.jpg",6,205,269,231,106,436,375
"WSLP_all/002176@30.0462234114714,-90.6093260504673.jpg",5,168,286,209,104,377,390
"WSLP_all/002177@30.047333843209,-90.6080346994138.jpg",1,168,256,349,197,517,453
"WSLP_all/002178@30.0486403295556,-90.6074119902232.jpg",6,158,266,260,118,418,384
"WSLP_all/002179@30.0479988971035,-90.6073913745428.jpg",2,187,248,237,123,424,371
"WSLP_all/002180@30.0474895196061,-90.6072623302184.jpg",1,2,206,477,187,479,393
"WSLP_all/002181@30.047980811797,-90.6071386398508.jpg",5,220,317,86,82,306,399
"WSLP_all/002182@30.0414484787679,-90.6254292907296.jpg",1,151,283,288,108,439,391
"WSLP_all/002183@30.0476215442614,-90.6067746035344.jpg",4,190,296,151,95,341,391
"WSLP_all/002184@30.0478307922897,-90.6067319879124.jpg",4,133,292,223,136,356,428
"WSLP_all/002185@30.0412139835529,-90.6251654644302.jpg",1,173,295,226,90,399,385
"WSLP_all/002187@30.0408266861301,-90.6243970312353.jpg",4,88,261,231,156,319,417
"WSLP_all/002188@30.0401677400386,-90.6241109438427.jpg",2,91,275,550,133,641,408
"WSLP_all/002189@30.0398449464723,-90.6233831506294.jpg",6,194,272,305,93,499,365
"WSLP_all/002190@30.0392108297608,-90.6223478477357.jpg",6,213,286,245,92,458,378
"WSLP_all/002191@30.038763123411,-90.622357361561.jpg",6,204,281,244,97,448,378
"WSLP_all/002192@30.038001871486,-90.621499972217.jpg",2,275,239,267,98,542,337
"WSLP_all/002193@30.0500952587725,-90.6014367938775.jpg",6,205,263,245,121,450,384
"WSLP_all/002194@30.057845503224,-90.5908438142854.jpg",2,295,182,331,328,626,510
"WSLP_all/002195@30.0580770980378,-90.5909274399408.jpg",1,136,217,418,325,554,542
"WSLP_all/002196@30.0385209997807,-90.6212276209143.jpg",6,234,259,194,126,428,385
"WSLP_all/002197@30.05609280528,-90.5903605795341.jpg",2,258,188,378,287,636,475
"WSLP_all/002198@30.055505367191,-90.5902796094486.jpg",5,292,242,246,211,538,453
"WSLP_all/002199@30.0559885779585,-90.5899156439467.jpg",2,214,171,392,282,606,453
"WSLP_all/002200@30.0549060909704,-90.5900501597122.jpg",2,315,191,309,280,624,471
"WSLP_all/002201@30.0378613646267,-90.6211153941501.jpg",3,161,212,435,154,596,366
"WSLP_all/002202@30.0543142812604,-90.589906003565.jpg",2,171,151,411,350,582,501
"WSLP_all/002203@30.0558148770466,-90.5898632012501.jpg",2,234,140,400,332,634,472
"WSLP_all/002204@30.0588779307528,-90.5911364355309.jpg",2,209,157,402,344,611,501
"WSLP_all/002205@30.0575817588672,-90.6207247607827.jpg",1,213,279,344,152,557,431
"WSLP_all/002206@30.0562176881988,-90.5812146200275.jpg",1,207,256,181,147,388,403
"WSLP_all/002207@30.056520481661,-90.5809752534091.jpg",6,212,270,216,105,428,375
"WSLP_all/002208@30.0643835159746,-90.5549801809403.jpg",1,83,278,308,162,391,440
"WSLP_all/002209@30.0486738927419,-90.6206272343016.jpg",2,5,256,636,156,641,412
"WSLP_all/002210@30.0620283328412,-90.5777028575841.jpg",4,128,286,260,165,388,451
"WSLP_all/002211@30.0608739983474,-90.5775725143627.jpg",1,234,235,223,179,457,414
"WSLP_all/002212@30.0622328730735,-90.5772871789985.jpg",1,205,237,239,183,444,420
"WSLP_all/002213@30.0586856461134,-90.5774721426124.jpg",3,190,238,336,204,526,442
"WSLP_all/002214@30.0617602984774,-90.5772559897116.jpg",1,138,260,316,175,454,435
"WSLP_all/002215@30.0612442146971,-90.5772282920136.jpg",4,118,264,371,151,489,415
"WSLP_all/002216@30.0608956420739,-90.5772088075604.jpg",1,166,225,395,186,561,411
"WSLP_all/002217@30.057815193998,-90.6200339642824.jpg",2,54,215,581,235,635,450
"WSLP_all/002218@30.0479608507404,-90.620107635921.jpg",1,3,229,638,203,641,432
"WSLP_all/002219@30.0619267129505,-90.5772452435796.jpg",1,227,255,218,187,445,442
"WSLP_all/002220@30.0647183277295,-90.554620331918.jpg",1,192,243,348,253,540,496
"WSLP_all/002221@30.0584796776976,-90.5770975270175.jpg",1,195,260,413,171,608,431
"WSLP_all/002222@30.0616010548909,-90.5772319076176.jpg",5,59,277,192,141,251,418
"WSLP_all/002223@30.0611236331241,-90.577175465648.jpg",3,159,254,259,189,418,443
"WSLP_all/002224@30.0581711974383,-90.5770682559434.jpg",4,149,285,325,121,474,406
"WSLP_all/002225@30.0628139119478,-90.5545814684711.jpg",1,144,241,423,231,567,472
"WSLP_all/002226@30.0634396304819,-90.5545892249223.jpg",5,102,233,139,206,241,439
"WSLP_all/002227@30.059799708387,-90.5771254463984.jpg",4,196,260,187,152,383,412
"WSLP_all/002228@30.0571690359584,-90.5770094749426.jpg",1,198,223,319,206,517,429
"WSLP_all/002229@30.0587515899725,-90.5770796582399.jpg",2,10,209,611,223,621,432
"WSLP_all/002230@30.0579858860892,-90.5770348883442.jpg",1,210,211,374,242,584,453
"WSLP_all/002231@30.0578552095492,-90.5770390409764.jpg",1,128,219,332,227,460,446
"WSLP_all/002232@30.0624248536209,-90.5769063681017.jpg",1,72,262,467,173,539,435
"WSLP_all/002233@30.0616047700483,-90.5768588503848.jpg",1,180,258,273,210,453,468
"WSLP_all/002234@30.0570493550942,-90.5770799284881.jpg",1,237,258,222,188,459,446
"WSLP_all/002235@30.0617752799612,-90.5768670400824.jpg",1,201,241,256,202,457,443
"WSLP_all/002236@30.0568509937911,-90.5770055659086.jpg",1,176,259,260,191,436,450
"WSLP_all/002237@30.060383687524,-90.5544898128328.jpg",1,152,232,434,186,586,418
"WSLP_all/002238@30.0573289867705,-90.5770272280082.jpg",1,127,276,235,177,362,453
"WSLP_all/002239@30.0612773440889,-90.5768297229253.jpg",1,202,246,263,185,465,431
"WSLP_all/002240@30.0606034367866,-90.5767621295475.jpg",3,177,279,271,164,448,443
"WSLP_all/002241@30.0622584501541,-90.5768949858442.jpg",1,108,253,385,202,493,455
"WSLP_all/002242@30.0619345616339,-90.5768689924931.jpg",1,170,258,315,191,485,449
"WSLP_all/002243@30.0596924470913,-90.5767153039304.jpg",1,39,282,292,139,331,421
"WSLP_all/002244@30.060774073191,-90.554474117497.jpg",2,22,228,601,188,623,416
"WSLP_all/002245@30.0611045978688,-90.576824711544.jpg",1,170,239,261,202,431,441
"WSLP_all/002246@30.0580411738636,-90.5767025490088.jpg",2,181,281,361,115,542,396
"WSLP_all/002247@30.0565821828856,-90.5766345963176.jpg",1,115,263,478,211,593,474
"WSLP_all/002248@30.0420028555188,-90.6190187542636.jpg",2,5,232,626,368,631,600
"WSLP_all/002249@30.0426128263315,-90.6190744360162.jpg",4,189,323,209,158,398,481
"WSLP_all/002250@30.059616744633,-90.5762511823956.jpg",5,300,224,124,233,424,457
"WSLP_all/002251@30.0600304131257,-90.5762480404003.jpg",4,434,251,207,158,641,409
"WSLP_all/002252@30.0591668874012,-90.5762925333566.jpg",1,108,256,284,157,392,413
"WSLP_all/002253@30.0593692244699,-90.5762214505721.jpg",4,177,270,202,137,379,407
"WSLP_all/002254@30.0576671401403,-90.5763292127425.jpg",4,265,299,176,126,441,425
"WSLP_all/002255@30.0420451858384,-90.6189141502832.jpg",2,127,250,512,316,639,566
"WSLP_all/002256@30.0590207962545,-90.5762557088409.jpg",4,125,243,168,185,293,428
"WSLP_all/002257@30.0578723330352,-90.5761569530557.jpg",4,175,244,107,180,282,424
"WSLP_all/002258@30.0577078632941,-90.576161363533.jpg",4,177,257,331,158,508,415
"WSLP_all/002259@30.0598905918192,-90.5758381453488.jpg",1,305,295,184,118,489,413
"WSLP_all/002260@30.060435910939,-90.5538255472147.jpg",1,97,257,353,130,450,387
"WSLP_all/002261@30.0590348884071,-90.5758130365447.jpg",1,277,249,283,205,560,454
"WSLP_all/002262@30.0588908220667,-90.5757888420649.jpg",4,309,267,239,136,548,403
"WSLP_all/002263@30.0420801345494,-90.6187211015384.jpg",2,184,168,446,341,630,509
"WSLP_all/002264@30.0600564122581,-90.5757768222777.jpg",1,262,256,267,202,529,458
"WSLP_all/002265@30.0695336843663,-90.5558251849907.jpg",1,74,246,337,210,411,456
"WSLP_all/002266@30.0599115386612,-90.5537506179056.jpg",1,152,246,334,163,486,409
"WSLP_all/002267@30.0590433756509,-90.5754241466811.jpg",5,89,306,158,111,247,417
"WSLP_all/002268@30.0564206656859,-90.5757127820614.jpg",4,226,283,278,204,504,487
"WSLP_all/002269@30.0565757973408,-90.5756863142105.jpg",1,98,259,278,169,376,428
"WSLP_all/002270@30.059506795895,-90.5757999665792.jpg",5,107,283,132,108,239,391
"WSLP_all/002271@30.0628344616818,-90.5537878211853.jpg",1,168,256,285,177,453,433
"WSLP_all/002272@30.0568893557794,-90.5757281863655.jpg",4,93,271,251,191,344,462
"WSLP_all/002273@30.0570554666571,-90.5757269238466.jpg",1,69,232,257,207,326,439
"WSLP_all/002274@30.0567432682972,-90.5756154970787.jpg",3,88,224,310,211,398,435
"WSLP_all/002275@30.0602322084646,-90.5537291425912.jpg",3,159,264,297,181,456,445
"WSLP_all/002276@30.0432113064907,-90.6185581196013.jpg",1,31,288,385,164,416,452
"WSLP_all/002277@30.0596366310223,-90.5751667403595.jpg",2,15,240,589,294,604,534
"WSLP_all/002278@30.059307920684,-90.5751344676177.jpg",2,87,274,424,305,511,579
"WSLP_all/002279@30.0572860616734,-90.5750613354597.jpg",2,164,173,427,410,591,583
"WSLP_all/002280@30.0433578670734,-90.6186076394904.jpg",4,288,254,302,200,590,454
"WSLP_all/002281@30.0581811398048,-90.5751145881655.jpg",2,235,220,401,358,636,578
"WSLP_all/002282@30.0420941072731,-90.6183417249436.jpg",1,236,271,318,172,554,443
"WSLP_all/002283@30.0695493771055,-90.5551390127555.jpg",1,20,279,397,189,417,468
"WSLP_all/002284@30.0598990131262,-90.574630500653.jpg",4,183,254,173,196,356,450
"WSLP_all/002285@30.0597362294265,-90.5746317397105.jpg",1,196,288,133,96,329,384
"WSLP_all/002286@30.0585327776596,-90.5745966436704.jpg",2,39,254,506,134,545,388
"WSLP_all/002287@30.0582742331122,-90.5747629914434.jpg",2,136,132,493,441,629,573
"WSLP_all/002288@30.0676054308103,-90.5550972847433.jpg",1,80,271,334,163,414,434
"WSLP_all/002289@30.0564605766911,-90.5750360040939.jpg",2,45,50,448,563,493,613
"WSLP_all/002290@30.0565710418443,-90.5748170471461.jpg",2,206,60,327,461,533,521
"WSLP_all/002291@30.0562805429102,-90.5743482548658.jpg",4,180,295,305,148,485,443
"WSLP_all/002292@30.0564988524134,-90.574362398065.jpg",4,276,270,233,151,509,421
"WSLP_all/002293@30.0578542595179,-90.5747314150344.jpg",2,127,166,452,353,579,519
"WSLP_all/002294@30.0697206763286,-90.5551503213094.jpg",3,159,285,231,199,390,484
"WSLP_all/002295@30.0573150481801,-90.5747323575726.jpg",5,65,207,322,296,387,503
"WSLP_all/002296@30.067894031092,-90.5550887083492.jpg",1,41,252,379,176,420,428
"WSLP_all/002297@30.0602381243919,-90.5533023312096.jpg",1,202,267,266,166,468,433
"WSLP_all/002298@30.0597677855526,-90.5532364655125.jpg",1,250,265,301,172,551,437
"WSLP_all/002299@30.0595918326315,-90.5533263560321.jpg",1,114,235,353,201,467,436
"WSLP_all/002300@30.0444427888813,-90.6179487554843.jpg",2,41,236,600,282,641,518
"WSLP_all/002301@30.0572344836273,-90.5744231802813.jpg",6,220,257,195,118,415,375
"WSLP_all/002302@30.058922198011,-90.5532999844244.jpg",1,156,261,285,208,441,469
"WSLP_all/002303@30.0582415270077,-90.5532673772351.jpg",1,125,207,383,249,508,456
"WSLP_all/002304@30.0586217591113,-90.5532644015681.jpg",1,119,234,376,241,495,475
"WSLP_all/002305@30.0587442513642,-90.5532760876205.jpg",3,145,222,297,240,442,462
"WSLP_all/002306@30.0692155911277,-90.5547464314736.jpg",1,240,261,270,160,510,421
"WSLP_all/002307@30.0577525884014,-90.5532553979142.jpg",1,43,233,355,218,398,451
"WSLP_all/002308@30.0429676422257,-90.6180920884751.jpg",2,57,215,530,276,587,491
"WSLP_all/002309@30.0580758764701,-90.5532813181835.jpg",3,148,226,345,240,493,466
"WSLP_all/002310@30.0575724892119,-90.5532441628396.jpg",1,26,201,375,228,401,429
"WSLP_all/002311@30.0575337473383,-90.5741364004932.jpg",6,191,271,249,101,440,372
"WSLP_all/002312@30.0572529756401,-90.5740437054689.jpg",6,209,246,229,154,438,400
"WSLP_all/002313@30.0574092911168,-90.5532264732833.jpg",2,87,175,554,347,641,522
"WSLP_all/002314@30.0579186956499,-90.5532256476844.jpg",2,112,257,369,161,481,418
"WSLP_all/002315@30.0580669286244,-90.5741007280874.jpg",6,216,268,223,116,439,384
"WSLP_all/002316@30.0592844761728,-90.5533161164738.jpg",3,135,219,358,236,493,455
"WSLP_all/002317@30.0627123723325,-90.5736512126702.jpg",1,52,242,389,165,441,407
"WSLP_all/002318@30.0625201312818,-90.5736084199019.jpg",5,82,217,284,192,366,409
"WSLP_all/002319@30.0658715680079,-90.5546871951885.jpg",1,80,274,558,191,638,465
"WSLP_all/002320@30.065559260811,-90.5546580211656.jpg",1,162,239,370,206,532,445
"WSLP_all/002321@30.0632867801998,-90.5736215441929.jpg",4,136,296,227,151,363,447
"WSLP_all/002322@30.0612745741899,-90.5738012657864.jpg",4,267,290,259,171,526,461
"WSLP_all/002323@30.0613701965869,-90.573898535804.jpg",6,208,240,247,180,455,420
"WSLP_all/002324@30.0628995195369,-90.5736118507284.jpg",1,146,255,228,164,374,419
"WSLP_all/002325@30.0584010301464,-90.5532692901358.jpg",1,106,263,321,175,427,438
"WSLP_all/002326@30.0618125094635,-90.5735695558014.jpg",1,148,237,274,205,422,442
"WSLP_all/002327@30.0599308754791,-90.5531245458798.jpg",4,250,249,156,165,406,414
"WSLP_all/002328@30.0436400439456,-90.6178660169333.jpg",3,71,183,398,377,469,560
"WSLP_all/002329@30.0611671960104,-90.5735681521796.jpg",3,94,253,322,205,416,458
"WSLP_all/002330@30.0611038642711,-90.5737393418328.jpg",3,184,261,446,189,630,450
"WSLP_all/002331@30.0621228060834,-90.5735798356481.jpg",1,195,264,251,156,446,420
"WSLP_all/002332@30.0623103647926,-90.5735878898288.jpg",1,161,258,297,133,458,391
"WSLP_all/002333@30.0619696018398,-90.5735588745655.jpg",4,227,287,191,152,418,439
"WSLP_all/002334@30.0546119299163,-90.5530650242903.jpg",1,89,260,337,146,426,406
"WSLP_all/002335@30.0630919534099,-90.5736356743837.jpg",1,168,273,204,131,372,404
"WSLP_all/002336@30.0630839457723,-90.5738159296239.jpg",4,184,322,152,135,336,457
"WSLP_all/002337@30.0631302630551,-90.5531469215973.jpg",4,142,293,128,151,270,444
"WSLP_all/002338@30.0717881036862,-90.5020794900656.jpg",1,320,290,197,135,517,425
"WSLP_all/002339@30.0716546815289,-90.502014209548.jpg",3,295,254,289,186,584,440
"WSLP_all/002340@30.0675463768682,-90.4797316900441.jpg",3,159,222,248,199,407,421
"WSLP_all/002341@30.0620492620941,-90.4797724447099.jpg",4,143,372,208,118,351,490
"WSLP_all/002342@30.0702328866266,-90.5054753185091.jpg",3,174,286,467,149,641,435
"WSLP_all/002343@30.0705461653541,-90.5044894716302.jpg",3,72,229,307,186,379,415
"WSLP_all/002344@30.0699546637198,-90.5044311600507.jpg",3,168,267,275,169,443,436
"WSLP_all/002345@30.070094046499,-90.5043383151999.jpg",5,146,291,349,196,495,487
"WSLP_all/002346@30.0626699298005,-90.4796786129444.jpg",4,158,238,350,220,508,458
"WSLP_all/002347@30.0703713268838,-90.50403882348.jpg",4,213,251,411,211,624,462
"WSLP_all/002348@30.0701604597403,-90.5039457318731.jpg",3,224,242,403,200,627,442
"WSLP_all/002349@30.0670341626264,-90.4795495515828.jpg",4,221,273,254,166,475,439
"WSLP_all/002350@30.0698651100235,-90.5032621355212.jpg",3,210,261,211,135,421,396
"WSLP_all/002351@30.067433911729,-90.4796346480457.jpg",1,124,273,238,123,362,396
"WSLP_all/002352@30.0671755974197,-90.4794787870792.jpg",2,41,261,571,207,612,468
"WSLP_all/002353@30.0620433452798,-90.4795638504281.jpg",2,3,205,459,199,462,404
"WSLP_all/002354@30.0677979016013,-90.479353319934.jpg",1,199,221,366,208,565,429
"WSLP_all/002355@30.0631845485996,-90.4795572364673.jpg",1,165,282,239,128,404,410
"WSLP_all/002356@30.0748034692898,-90.5394539700036.jpg",2,234,287,407,159,641,446
"WSLP_all/002357@30.0513146270445,-90.5341125468928.jpg",4,231,288,233,140,464,428
"WSLP_all/002358@30.0522656387701,-90.5359003539122.jpg",1,153,277,239,147,392,424
"WSLP_all/002359@30.0556729806154,-90.5433616924289.jpg",5,233,204,160,201,393,405
"WSLP_all/002360@30.0546038250368,-90.5442679024765.jpg",1,148,276,491,187,639,463
"WSLP_all/002361@30.0556143877864,-90.5443262853737.jpg",1,111,280,348,183,459,463
"WSLP_all/002362@30.0562919789146,-90.5442987942998.jpg",1,86,295,398,237,484,532
"WSLP_all/002363@30.0554211326966,-90.5483265692577.jpg",2,41,246,529,329,570,575
"WSLP_all/002364@30.053838849234,-90.5491450903839.jpg",5,152,289,194,159,346,448
"WSLP_all/002365@30.0606005064446,-90.553805292638.jpg",1,173,232,266,172,439,404
"WSLP_all/002366@30.0557192623147,-90.5547791437407.jpg",1,103,264,366,155,469,419
"WSLP_all/002367@30.0575252462956,-90.5596363473976.jpg",5,65,307,384,166,449,473
"WSLP_all/002368@30.0689522851232,-90.5555736386991.jpg",2,156,247,485,245,641,492
"WSLP_all/002369@30.0625515964476,-90.5530977091689.jpg",1,219,272,193,192,412,464
"WSLP_all/002370@30.061840237792,-90.5514372870941.jpg",5,142,307,228,142,370,449
"WSLP_all/002371@30.0732479480004,-90.5556476109147.jpg",2,34,214,510,223,544,437
"WSLP_all/002372@30.0783501373168,-90.5547161697217.jpg",6,172,239,324,156,496,395
"WSLP_all/002373@30.0790170968443,-90.5546161044335.jpg",6,224,275,217,113,441,388
"WSLP_all/002374@30.0825373020102,-90.5547372068655.jpg",6,212,272,208,107,420,379
"WSLP_all/002375@30.0789320846345,-90.5847108922144.jpg",6,232,286,204,89,436,375
"WSLP_all/002376@30.0780849335132,-90.6189782932295.jpg",6,239,277,195,110,434,387
"WSLP_all/002377@30.084820134336,-90.5603603799292.jpg",6,231,278,182,109,413,387
"WSLP_all/002378@30.0586534440906,-90.4334142111543.jpg",1,180,253,392,121,572,374
"WSLP_all/002379@30.0760490310376,-90.5113900303684.jpg",6,177,270,225,82,402,352
"WSLP_all/002381@30.0650999034008,-90.5063335896209.jpg",2,0,258,267,163,267,421
"WSLP_all/002382@30.0679848099719,-90.5012386424831.jpg",4,60,292,392,133,452,425
"WSLP_all/002383@30.0673230278082,-90.4927398475037.jpg",1,225,241,274,127,499,368
"WSLP_all/002384@30.0647420911108,-90.4882092314859.jpg",2,5,270,492,230,497,500
"WSLP_all/002385@30.0651644365622,-90.4876555684056.jpg",5,163,298,421,269,584,567
"WSLP_all/002387@30.0643954067721,-90.4864007085795.jpg",1,168,251,215,119,383,370
"WSLP_all/002388@30.060859432047,-90.4868733294474.jpg",5,153,307,206,135,359,442
"WSLP_all/002389@30.0610382978949,-90.4862553639002.jpg",4,137,286,153,133,290,419
"WSLP_all/002391@30.0613013056726,-90.5009846339464.jpg",6,211,284,190,92,401,376
"WSLP_all/002392@30.0601052627587,-90.5064698663906.jpg",1,9,233,518,202,527,435
"WSLP_all/002393@30.0531220527667,-90.5303870406436.jpg",4,246,314,145,93,391,407
"WSLP_all/002395@30.0511160172194,-90.5293790553939.jpg",4,268,332,107,90,375,422
"WSLP_all/002396@30.0586682012848,-90.5351916081977.jpg",1,127,262,461,182,588,444
"WSLP_all/002397@30.0515036001514,-90.5331753908473.jpg",2,0,182,413,367,413,549
"WSLP_all/002398@30.0747111395792,-90.539884694602.jpg",1,3,243,531,180,534,423
"WSLP_all/002399@30.0717900166727,-90.538968957767.jpg",6,225,272,207,96,432,368
"WSLP_all/002400@30.0562395887961,-90.5369275302832.jpg",4,160,279,90,115,250,394
"WSLP_all/002402@30.0565141383374,-90.543399282568.jpg",5,95,236,361,144,456,380
"WSLP_all/002403@30.0528772789229,-90.5438738014463.jpg",3,223,275,154,154,377,429
"WSLP_all/002404@30.0566220094368,-90.5440085215411.jpg",1,112,238,369,205,481,443
"WSLP_all/002405@30.0562692527535,-90.5488130211989.jpg",5,113,318,197,156,310,474
"WSLP_all/002406@30.067348882549,-90.5577011585327.jpg",3,75,268,544,114,619,382
"WSLP_all/002407@30.0708214182054,-90.5548350562894.jpg",1,169,271,334,159,503,430
"WSLP_all/002408@30.0619927080819,-90.552748021723.jpg",3,138,201,395,264,533,465
"WSLP_all/002409@30.0631264664319,-90.5527612718527.jpg",1,56,205,365,228,421,433
"WSLP_all/002410@30.0695789790407,-90.5527708053258.jpg",6,228,279,201,105,429,384
"WSLP_all/002411@30.0784352086701,-90.5504502373009.jpg",1,208,261,197,112,405,373
"WSLP_all/002412@30.0806681416117,-90.5504516677077.jpg",6,182,272,276,89,458,361
"WSLP_all/002413@30.041072002763,-90.4638359942994.jpg",1,37,295,284,92,321,387
"WSLP_all/002414@30.034065522999,-90.4674051522456.jpg",4,95,328,215,115,310,443
"WSLP_all/002415@30.04392183557,-90.4698259908257.jpg",1,130,240,435,210,565,450
"WSLP_all/002416@30.0523532380212,-90.4671799101057.jpg",1,231,271,185,121,416,392
"WSLP_all/002417@30.0582930414967,-90.5526979653717.jpg",1,148,261,357,197,505,458
"WSLP_all/002418@30.0618850793635,-90.5719314647609.jpg",1,196,250,250,183,446,433
"WSLP_all/002419@30.0616512153728,-90.5719332512264.jpg",1,227,247,254,181,481,428
"WSLP_all/002420@30.0629364530108,-90.5719645301775.jpg",1,187,278,238,160,425,438
"WSLP_all/002421@30.0631210516505,-90.5719694426924.jpg",1,115,239,273,172,388,411
"WSLP_all/002422@30.0633934989207,-90.5527465353572.jpg",1,192,246,242,205,434,451
"WSLP_all/002423@30.0625455897467,-90.5719643545585.jpg",1,139,259,305,169,444,428
"WSLP_all/002424@30.0585450444269,-90.55269915294.jpg",1,54,217,473,224,527,441
"WSLP_all/002425@30.0609142992047,-90.5719262354725.jpg",3,189,284,251,174,440,458
"WSLP_all/002426@30.062515578634,-90.5526901849999.jpg",3,152,247,312,154,464,401
"WSLP_all/002427@30.0444037201615,-90.6173832691963.jpg",3,255,278,158,118,413,396
"WSLP_all/002428@30.0560808271517,-90.5525793625469.jpg",1,191,250,366,194,557,444
"WSLP_all/002429@30.0543627212535,-90.5525517262079.jpg",2,30,159,528,387,558,546
"WSLP_all/002430@30.0421584943005,-90.6172255585255.jpg",3,55,213,432,281,487,494
"WSLP_all/002431@30.0438023078547,-90.6173591421455.jpg",1,198,276,238,122,436,398
"WSLP_all/002432@30.0425908108698,-90.6171876860747.jpg",3,262,296,177,107,439,403
"WSLP_all/002433@30.0428525000404,-90.6172458586362.jpg",1,160,286,334,110,494,396
"WSLP_all/002434@30.0406185816579,-90.6170185384352.jpg",3,73,257,490,178,563,435
"WSLP_all/002435@30.0605344397232,-90.5521872590875.jpg",4,164,293,215,137,379,430
"WSLP_all/002436@30.059025939448,-90.5521010833618.jpg",1,170,272,302,104,472,376
"WSLP_all/002437@30.0565683007583,-90.5518990680617.jpg",1,204,263,250,162,454,425
"WSLP_all/002438@30.0575138768774,-90.5519011385475.jpg",3,136,252,298,196,434,448
"WSLP_all/002440@30.0572195355349,-90.551887640442.jpg",2,115,243,516,188,631,431
"WSLP_all/002441@30.0601452035863,-90.5520164417505.jpg",1,160,245,312,157,472,402
"WSLP_all/002442@30.0599227872174,-90.5520150239727.jpg",3,181,251,295,152,476,403
"WSLP_all/002443@30.0597172989386,-90.5520071511107.jpg",1,146,245,326,160,472,405
"WSLP_all/002444@30.0560889004469,-90.5518680543708.jpg",1,162,264,261,158,423,422
"WSLP_all/002445@30.0594913820644,-90.5520089219908.jpg",1,172,236,369,190,541,426
"WSLP_all/002446@30.0588231380181,-90.5519572589913.jpg",1,167,213,373,225,540,438
"WSLP_all/002447@30.0558799441284,-90.5518317596051.jpg",3,158,267,249,165,407,432
"WSLP_all/002448@30.0581667025333,-90.5519402767596.jpg",1,148,237,312,214,460,451
"WSLP_all/002449@30.0583677068361,-90.5519987630136.jpg",4,148,305,132,139,280,444
"WSLP_all/002450@30.0586059925944,-90.5519589612085.jpg",1,152,238,332,195,484,433
"WSLP_all/002451@30.0562937671065,-90.5365193153234.jpg",1,138,285,344,161,482,446
"WSLP_all/002452@30.058075350876,-90.5537080771111.jpg",1,213,265,208,157,421,422
"WSLP_all/002453@30.0689070534317,-90.5558490423282.jpg",2,5,181,452,258,457,439
"WSLP_all/002454@30.0663021342895,-90.5557618745042.jpg",3,128,235,386,216,514,451
"WSLP_all/002455@30.056601988,-90.5536627009846.jpg",3,269,257,240,148,509,405
"WSLP_all/002456@30.0577394183988,-90.5537201879921.jpg",4,269,284,180,147,449,431
"WSLP_all/002457@30.0564382187189,-90.5536228877196.jpg",1,233,245,289,187,522,432
"WSLP_all/002458@30.0571998079161,-90.5536074470276.jpg",1,180,249,362,195,542,444
"WSLP_all/002459@30.0582621488567,-90.5537129383812.jpg",1,107,267,455,156,562,423
"WSLP_all/002460@30.0547531073432,-90.5535665258317.jpg",1,207,211,356,212,563,423
"WSLP_all/002461@30.0574336407112,-90.5538047698894.jpg",4,132,307,311,172,443,479
"WSLP_all/002462@30.0578950408708,-90.5536936816906.jpg",1,241,253,211,186,452,439
"WSLP_all/002463@30.0584392902813,-90.5536704578229.jpg",3,208,216,249,247,457,463
"WSLP_all/002464@30.0549307287127,-90.553707383482.jpg",1,213,230,256,205,469,435
"WSLP_all/002466@30.0642126275434,-90.5517316502117.jpg",3,211,264,226,157,437,421
"WSLP_all/002467@30.0617000495702,-90.5516501924023.jpg",1,216,270,279,177,495,447
"WSLP_all/002468@30.0622180563761,-90.5516208397396.jpg",1,168,277,336,146,504,423
"WSLP_all/002469@30.0599254350912,-90.5515945618133.jpg",1,136,293,310,134,446,427
"WSLP_all/002470@30.0608381078127,-90.5515526302462.jpg",3,95,310,334,90,429,400
"WSLP_all/002471@30.0561209151509,-90.5514473780226.jpg",1,169,243,359,174,528,417
"WSLP_all/002472@30.0572702377493,-90.5596478101133.jpg",1,57,238,469,256,526,494
"WSLP_all/002473@30.0594331039706,-90.5615277392586.jpg",1,132,288,300,162,432,450
"WSLP_all/002474@30.0596136146733,-90.5615389863174.jpg",1,47,216,475,258,522,474
"WSLP_all/002475@30.0654693066679,-90.4878173751821.jpg",1,39,208,411,257,450,465
"WSLP_all/002476@30.0655779213321,-90.504480204703.jpg",4,145,295,341,132,486,427
"WSLP_all/002477@30.0658783798046,-90.5046958429453.jpg",1,238,269,347,152,585,421
"WSLP_all/002478@30.0634483005991,-90.5045200434942.jpg",1,238,297,225,152,463,449
"WSLP_all/002479@30.0691661285404,-90.5042322190621.jpg",1,205,268,327,136,532,404
"WSLP_all/002480@30.0688017594383,-90.5041688587282.jpg",3,278,258,190,143,468,401
"WSLP_all/002481@30.0635996710993,-90.5040161320383.jpg",1,131,254,314,196,445,450
"WSLP_all/002482@30.0648727182828,-90.4870668653385.jpg",2,0,169,352,282,352,451
"WSLP_all/002483@30.0641414449902,-90.5038061354934.jpg",3,213,256,351,147,564,403
"WSLP_all/002484@30.0680817484928,-90.5037512102105.jpg",4,138,241,278,180,416,421
"WSLP_all/002485@30.0639738631634,-90.503687399159.jpg",1,153,273,451,171,604,444
"WSLP_all/002486@30.060810290407,-90.4864153649753.jpg",3,23,237,541,218,564,455
"WSLP_all/002487@30.0608313753338,-90.5035681385498.jpg",6,189,270,243,98,432,368
"WSLP_all/002488@30.060668576885,-90.5033924633958.jpg",3,153,257,231,173,384,430
"WSLP_all/002489@30.0605364647771,-90.4861553078262.jpg",1,160,264,416,185,576,449
"WSLP_all/002490@30.060652471732,-90.4860468396168.jpg",4,158,270,228,172,386,442
"WSLP_all/002491@30.0610891523523,-90.4858977098379.jpg",2,9,239,271,181,280,420
"WSLP_all/002492@30.0624550379901,-90.4849882858715.jpg",6,222,279,219,87,441,366
"WSLP_all/002493@30.0622077931786,-90.4850472934791.jpg",6,213,276,189,92,402,368
"WSLP_all/002494@30.0621064337889,-90.484185122383.jpg",4,138,271,245,158,383,429
"WSLP_all/002495@30.0608073231872,-90.5028191220731.jpg",5,196,282,233,132,429,414
"WSLP_all/002496@30.0623454565657,-90.4843822487397.jpg",3,238,287,257,134,495,421
"WSLP_all/002497@30.0617780383706,-90.4839792757404.jpg",1,170,213,400,198,570,411
"WSLP_all/002498@30.0609185869642,-90.5025494890178.jpg",1,5,242,540,205,545,447
"WSLP_all/002499@30.0685336160665,-90.5022172856377.jpg",3,104,254,527,195,631,449
"WSLP_all/002500@30.0686054659337,-90.5020554504593.jpg",1,234,262,306,136,540,398
"WSLP_all/002501@30.0623905142036,-90.4836168289572.jpg",1,107,269,306,161,413,430
"WSLP_all/002502@30.0621682456945,-90.4833784657366.jpg",2,65,228,576,232,641,460
"WSLP_all/002503@30.0476477000887,-90.4726890456997.jpg",1,139,272,168,97,307,369
"WSLP_all/002504@30.0617870771709,-90.4832362973038.jpg",1,153,286,155,87,308,373
"WSLP_all/002505@30.0467788359427,-90.4724215568709.jpg",1,149,273,224,85,373,358
"WSLP_all/002506@30.0601004766628,-90.483035717416.jpg",3,126,252,356,159,482,411
"WSLP_all/002507@30.0597569465114,-90.4830670988726.jpg",2,0,296,285,109,285,405
"WSLP_all/002508@30.0501819388948,-90.4728094071552.jpg",1,1,282,242,110,243,392
"WSLP_all/002510@30.0466271167811,-90.4720878212974.jpg",6,231,289,117,94,348,383
"WSLP_all/002511@30.0426407078654,-90.4665120519717.jpg",3,122,290,212,81,334,371
"WSLP_all/002512@30.0422133602234,-90.4662629148138.jpg",4,227,343,141,82,368,425
"WSLP_all/002513@30.0417860762928,-90.466516322196.jpg",4,227,310,163,102,390,412
"WSLP_all/002514@30.0571891223701,-90.465370809603.jpg",4,251,319,96,89,347,408
"WSLP_all/002516@30.0618732161316,-90.51059647971.jpg",1,24,242,463,284,487,526
"WSLP_all/002517@30.0617024215151,-90.5105346640962.jpg",1,186,295,296,124,482,419
"WSLP_all/002518@30.0625419566422,-90.5106541866578.jpg",6,218,281,214,129,432,410
"WSLP_all/002519@30.0621894028302,-90.5105053538063.jpg",2,206,269,435,159,641,428
"WSLP_all/002520@30.0614971000901,-90.5098408799622.jpg",6,217,286,238,107,455,393
"WSLP_all/002521@30.060811921068,-90.5095114480789.jpg",6,190,284,256,94,446,378
"WSLP_all/002522@30.0596225182456,-90.5094485707924.jpg",1,271,269,272,145,543,414
"WSLP_all/002523@30.0596989915616,-90.5088156962884.jpg",2,180,274,262,171,442,445
"WSLP_all/002524@30.0621038177699,-90.5087578677198.jpg",2,268,319,373,142,641,461
"WSLP_all/002525@30.0618337336854,-90.509044616769.jpg",6,212,282,266,120,478,402
"WSLP_all/002526@30.0619696123283,-90.5086767847167.jpg",1,287,296,335,151,622,447
"WSLP_all/002527@30.0595656434345,-90.5087662200979.jpg",1,79,283,363,115,442,398
"WSLP_all/002528@30.0627029887627,-90.5086928461455.jpg",3,0,290,487,262,487,552
"WSLP_all/002529@30.0627741655113,-90.5085847729147.jpg",3,0,292,512,269,512,561
"WSLP_all/002530@30.0625095420307,-90.5086059303285.jpg",1,134,253,413,252,547,505
"WSLP_all/002531@30.0617894689881,-90.5085581457226.jpg",2,212,246,429,231,641,477
"WSLP_all/002532@30.0608432435842,-90.5084395256923.jpg",6,186,262,330,134,516,396
"WSLP_all/002533@30.0626272868664,-90.5083899866425.jpg",2,259,246,382,232,641,478
"WSLP_all/002534@30.0616033284735,-90.5084743317667.jpg",4,228,308,132,109,360,417
"WSLP_all/002536@30.0621550861933,-90.5083907335095.jpg",2,32,222,609,310,641,532
"WSLP_all/002537@30.0619729793207,-90.5082879184957.jpg",1,62,234,376,209,438,443
"WSLP_all/002538@30.0608164238061,-90.5081615583145.jpg",1,173,285,268,107,441,392
"WSLP_all/002539@30.0609961599057,-90.5082106503115.jpg",4,187,319,179,81,366,400
"WSLP_all/002540@30.0603692973784,-90.5082537742892.jpg",2,0,302,304,158,304,460
"WSLP_all/002541@30.0605730951073,-90.5081888626188.jpg",1,159,284,309,132,468,416
"WSLP_all/002542@30.0611882788486,-90.5078486758907.jpg",2,103,265,538,146,641,411
"WSLP_all/002544@30.0600395815997,-90.5078487054222.jpg",1,1,274,480,190,481,464
"WSLP_all/002545@30.068988109808,-90.4917520585189.jpg",6,195,277,236,98,431,375
"WSLP_all/002546@30.0604312111006,-90.5077601088266.jpg",3,215,252,387,204,602,456
"WSLP_all/002547@30.0601419961238,-90.5075475402054.jpg",2,0,241,641,170,641,411
"WSLP_all/002548@30.0536713591348,-90.4648830308498.jpg",1,52,269,263,128,315,397
"WSLP_all/002549@30.058045956332,-90.4793009392437.jpg",4,234,319,129,82,363,401
"WSLP_all/002551@30.0613334935254,-90.4973868432699.jpg",1,123,291,237,85,360,376
"WSLP_all/002552@30.0569233854274,-90.5810227900517.jpg",6,214,289,247,85,461,374
"WSLP_all/002553@30.0567581050363,-90.5812706043048.jpg",6,222,271,260,110,482,381
"WSLP_all/002554@30.0579925116235,-90.5909027808457.jpg",2,414,269,227,195,641,464
"WSLP_all/002555@30.046519907048,-90.6097126718728.jpg",6,231,283,235,87,466,370
"WSLP_all/002556@30.0533369476561,-90.613987423543.jpg",1,280,311,268,115,548,426
"WSLP_all/002558@30.051385147613,-90.6355558767809.jpg",6,209,288,199,82,408,370
"WSLP_all/002559@30.0539636124499,-90.6347096439587.jpg",2,350,265,290,181,640,446
"WSLP_all/002561@30.0594793757379,-90.6314718660224.jpg",1,151,297,370,99,521,396
"WSLP_all/002562@30.0615532477675,-90.63030656816.jpg",1,185,303,299,105,484,408
"WSLP_all/002563@30.0620775064723,-90.630034163324.jpg",1,154,298,392,112,546,410
"WSLP_all/002564@30.0638355898855,-90.6295096238686.jpg",4,253,291,134,89,387,380
"WSLP_all/002566@30.0555022042137,-90.6361529459079.jpg",1,76,285,469,111,545,396
"WSLP_all/002567@30.0412855295392,-90.6235656886406.jpg",5,0,269,356,101,356,370
"WSLP_all/002568@30.0390967231652,-90.620208975559.jpg",6,185,268,261,103,446,371
"WSLP_all/002570@30.0487892102968,-90.6192798897804.jpg",2,335,249,306,168,641,417
"WSLP_all/002571@30.0480770627308,-90.6190732149647.jpg",3,392,327,249,134,641,461
"WSLP_all/002572@30.0471398238159,-90.6159949943846.jpg",3,130,279,241,113,371,392
"WSLP_all/002573@30.0517432743713,-90.6170144608441.jpg",2,307,156,334,292,641,448
"WSLP_all/002575@30.0528760747112,-90.6146071397158.jpg",2,54,209,587,246,641,455
"WSLP_all/002576@30.0479295129797,-90.6143235598761.jpg",2,1,269,346,164,347,433
"WSLP_all/002577@30.0538681647639,-90.6165250410446.jpg",1,23,229,352,177,375,406
"WSLP_all/002578@30.0854046231689,-90.4753605614668.jpg",1,76,256,403,125,479,381
"WSLP_all/002579@30.0778030851549,-90.4956519894088.jpg",1,150,283,359,96,509,379
"WSLP_all/002580@30.0763221102915,-90.4836940737203.jpg",1,101,258,275,133,376,391
"WSLP_all/002581@30.0764658424021,-90.4955019807843.jpg",3,167,282,275,90,442,372
"WSLP_all/002582@30.0761975481594,-90.4837931494636.jpg",1,109,263,332,123,441,386
"WSLP_all/002583@30.0777586368055,-90.4954816267744.jpg",1,121,276,363,108,484,384
"WSLP_all/002584@30.0766163650678,-90.495393214931.jpg",1,173,293,225,84,398,377
"WSLP_all/002585@30.0774139007482,-90.4954402592304.jpg",2,180,285,461,113,641,398
"WSLP_all/002586@30.0754245673985,-90.4837807683977.jpg",3,219,277,340,132,559,409
"WSLP_all/002587@30.0767490696441,-90.4952845996216.jpg",1,181,294,259,89,440,383
"WSLP_all/002588@30.0780633020537,-90.495197664815.jpg",1,121,264,382,122,503,386
"WSLP_all/002589@30.076872049842,-90.4951950363333.jpg",1,126,294,297,87,423,381
"WSLP_all/002590@30.0764146438163,-90.4836047560463.jpg",3,101,272,331,121,432,393
"WSLP_all/002591@30.0775282688802,-90.4952590764737.jpg",3,154,279,339,116,493,395
"WSLP_all/002592@30.0770081293915,-90.495089553851.jpg",1,112,283,306,87,418,370
"WSLP_all/002593@30.0749320690832,-90.4836869541421.jpg",1,162,285,293,96,455,381
"WSLP_all/002594@30.0750714731975,-90.4835782678758.jpg",1,143,277,277,105,420,382
"WSLP_all/002595@30.0800355650292,-90.497147755039.jpg",2,0,266,520,139,520,405
"WSLP_all/002596@30.0800568456288,-90.49742898157.jpg",1,20,243,360,131,380,374
"WSLP_all/002597@30.0813817670987,-90.4974621345781.jpg",2,104,269,527,164,631,433
"WSLP_all/002598@30.0811535264097,-90.4974008112048.jpg",2,0,277,641,120,641,397
"WSLP_all/002599@30.0782546311851,-90.4973176263026.jpg",3,123,275,308,104,431,379
"WSLP_all/002600@30.0785246208319,-90.4972584488572.jpg",1,212,266,327,98,539,364
"WSLP_all/002601@30.0807085143581,-90.4972875547046.jpg",1,100,266,454,133,554,399
"WSLP_all/002602@30.080390202797,-90.4972111785143.jpg",2,162,273,479,136,641,409
"WSLP_all/002603@30.0797276258341,-90.4970681309254.jpg",1,126,284,494,126,620,410
"WSLP_all/002604@30.0787390376355,-90.4970479703228.jpg",1,101,227,333,134,434,361
"WSLP_all/002605@30.0790845019769,-90.4968964645127.jpg",1,5,268,544,144,549,412
"WSLP_all/002606@30.0783341167105,-90.4969343806246.jpg",1,96,282,364,101,460,383
"WSLP_all/002607@30.0811857827292,-90.4968377230243.jpg",1,54,276,411,112,465,388
"WSLP_all/002608@30.080449341097,-90.4968628758737.jpg",1,161,282,387,145,548,427
"WSLP_all/002609@30.0786850111265,-90.4968239340409.jpg",1,57,271,473,143,530,414
"WSLP_all/002610@30.0812418876738,-90.4966570241967.jpg",1,45,267,412,127,457,394
"WSLP_all/002611@30.0798083815033,-90.4966943542557.jpg",1,10,266,477,128,487,394
"WSLP_all/002612@30.0801357828147,-90.4967643283323.jpg",1,82,283,482,128,564,411
"WSLP_all/002613@30.0783972453656,-90.4967599516669.jpg",1,62,275,398,108,460,383
"WSLP_all/002614@30.0799757370656,-90.4967593481525.jpg",1,112,276,422,135,534,411
"WSLP_all/002615@30.0796483637083,-90.4966893739698.jpg",1,71,265,422,136,493,401
"WSLP_all/002616@30.0794871687326,-90.4966116813313.jpg",2,30,268,463,144,493,412
"WSLP_all/002617@30.0793319856537,-90.4965971751048.jpg",1,74,276,407,122,481,398
"WSLP_all/002618@30.078832046962,-90.4964907080895.jpg",1,61,279,466,140,527,419
"WSLP_all/002619@30.0812480846724,-90.4964767432347.jpg",1,103,278,324,107,427,385
"WSLP_all/002620@30.078535668694,-90.4963825336126.jpg",1,175,295,354,108,529,403
"WSLP_all/002621@30.0800502029046,-90.4963350334402.jpg",1,71,280,436,123,507,403
"WSLP_all/002622@30.0797282789185,-90.4962745003589.jpg",1,61,266,377,139,438,405
"WSLP_all/002623@30.0798880949444,-90.4962952909265.jpg",1,76,272,478,147,554,419
"WSLP_all/002624@30.0783718155327,-90.4962890556539.jpg",1,181,288,304,104,485,392
"WSLP_all/002625@30.0793932973105,-90.4961887826806.jpg",1,71,260,448,132,519,392
"WSLP_all/002626@30.079598504277,-90.4962471338373.jpg",3,2,254,445,158,447,412
"WSLP_all/002627@30.0792441402843,-90.4961489318688.jpg",1,44,272,458,125,502,397
"WSLP_all/002628@30.0809569998865,-90.4959985813207.jpg",1,148,269,428,121,576,390
"WSLP_all/002629@30.0783189686807,-90.4961124387256.jpg",3,158,288,344,99,502,387
"WSLP_all/002630@30.0930957759635,-90.4928323287483.jpg",1,148,260,386,119,534,379
"WSLP_all/002631@30.0804712385338,-90.525199386653.jpg",1,56,294,348,103,404,397
"WSLP_all/002632@30.0911547949978,-90.492788619075.jpg",3,145,295,355,99,500,394
"WSLP_all/002633@30.0800499664947,-90.5250162527295.jpg",1,8,275,447,128,455,403
"WSLP_all/002634@30.0915483700527,-90.4926145381167.jpg",1,206,279,367,120,573,399
"WSLP_all/002635@30.0906101040911,-90.4925339131048.jpg",2,0,243,360,149,360,392
"WSLP_all/002636@30.0959412553914,-90.4926122584585.jpg",1,79,205,521,184,600,389
"WSLP_all/002637@30.0957165142845,-90.4926299665104.jpg",1,130,234,382,158,512,392
"WSLP_all/002638@30.0804871860408,-90.5250063826421.jpg",1,32,291,388,111,420,402
"WSLP_all/002639@30.0937854240964,-90.4925071188918.jpg",1,14,261,577,150,591,411
"WSLP_all/002640@30.0804809457856,-90.5248230452072.jpg",2,0,286,382,112,382,398
"WSLP_all/002641@30.096152522781,-90.4925472285159.jpg",1,98,244,417,142,515,386
"WSLP_all/002642@30.0944081839777,-90.4925334867859.jpg",1,52,263,345,129,397,392
"WSLP_all/002643@30.0925642477214,-90.4925806687698.jpg",1,19,256,476,127,495,383
"WSLP_all/002644@30.093519923197,-90.4925884164048.jpg",2,0,269,641,134,641,403
"WSLP_all/002645@30.0975857970075,-90.4925604331759.jpg",1,128,287,384,111,512,398
"WSLP_all/002646@30.0929490670551,-90.4923876858656.jpg",3,89,274,399,127,488,401
"WSLP_all/002647@30.0800387351747,-90.5248171473461.jpg",1,5,264,418,125,423,389
"WSLP_all/002648@30.0917414619817,-90.4925022310102.jpg",1,110,239,462,155,572,394
"WSLP_all/002649@30.0800131894341,-90.5246244818648.jpg",1,41,253,413,139,454,392
"WSLP_all/002650@30.0921243730483,-90.4922902920692.jpg",1,84,228,505,171,589,399
"WSLP_all/002651@30.0943611828419,-90.4922998724675.jpg",2,0,258,541,122,541,380
"WSLP_all/002652@30.0982327418281,-90.4923304412791.jpg",3,162,269,335,93,497,362
"WSLP_all/002653@30.0805045489951,-90.5244750476616.jpg",1,126,251,267,132,393,383
"WSLP_all/002654@30.0911794104091,-90.4923109168575.jpg",2,0,266,462,129,462,395
"WSLP_all/002655@30.0947231066588,-90.4923284407895.jpg",3,0,283,421,125,421,408
"WSLP_all/002656@30.0909962465458,-90.4923630580596.jpg",2,0,250,453,153,453,403
"WSLP_all/002657@30.0973758151949,-90.4921289544716.jpg",1,137,222,397,170,534,392
"WSLP_all/002658@30.0930941437311,-90.4922662952173.jpg",1,82,261,314,144,396,405
"WSLP_all/002659@30.0803169298563,-90.524403847758.jpg",1,134,252,419,154,553,406
"WSLP_all/002660@30.0971691835292,-90.4922224095957.jpg",1,87,193,435,208,522,401
"WSLP_all/002661@30.0963733445505,-90.4920488714267.jpg",1,108,197,441,200,549,397
"WSLP_all/002662@30.093519954863,-90.4921109103411.jpg",3,38,250,441,159,479,409
"WSLP_all/002663@30.0955671327381,-90.4922707192259.jpg",3,190,235,451,174,641,409
"WSLP_all/002664@30.0923252997585,-90.4922379991667.jpg",1,162,272,403,130,565,402
"WSLP_all/002665@30.0925079304759,-90.4921194542661.jpg",3,113,215,496,182,609,397
"WSLP_all/002666@30.0801700318645,-90.5243006990157.jpg",1,163,262,377,136,540,398
"WSLP_all/002667@30.0957681986988,-90.4922057738823.jpg",3,151,240,446,171,597,411
"WSLP_all/002668@30.0800139812619,-90.5242071104348.jpg",1,64,249,485,149,549,398
"WSLP_all/002669@30.0937066096356,-90.4920239526987.jpg",1,58,277,418,119,476,396
"WSLP_all/002670@30.0915569205031,-90.4921274829227.jpg",3,51,269,490,135,541,404
"WSLP_all/002671@30.0961813976047,-90.4920821157787.jpg",3,66,239,478,183,544,422
"WSLP_all/002672@30.0913849916158,-90.4921605565262.jpg",1,48,271,461,144,509,415
"WSLP_all/002673@30.0809986064079,-90.4933548893293.jpg",1,160,286,319,108,479,394
"WSLP_all/002674@30.0943740025574,-90.4920594276393.jpg",1,4,267,457,121,461,388
"WSLP_all/002675@30.0926995871542,-90.4920451043198.jpg",1,86,274,529,132,615,406
"WSLP_all/002676@30.0953468636276,-90.4918045509912.jpg",1,130,258,265,149,395,407
"WSLP_all/002677@30.0928982817605,-90.491983343714.jpg",3,172,274,407,131,579,405
"WSLP_all/002678@30.0917639411074,-90.4920087328002.jpg",1,20,258,478,144,498,402
"WSLP_all/002679@30.0970125661218,-90.4918410809881.jpg",1,101,219,391,159,492,378
"WSLP_all/002680@30.0939253006922,-90.4919114258378.jpg",1,145,255,459,159,604,414
"WSLP_all/002681@30.0930932647343,-90.4918615310792.jpg",1,151,283,397,123,548,406
"WSLP_all/002682@30.0973887544484,-90.4916576456911.jpg",1,78,211,545,183,623,394
"WSLP_all/002683@30.0848609125699,-90.4935373505274.jpg",1,15,261,386,141,401,402
"WSLP_all/002684@30.0943792377829,-90.4918285347696.jpg",1,50,256,473,144,523,400
"WSLP_all/002685@30.0848724047254,-90.4933601812.jpg",3,0,268,489,141,489,409
"WSLP_all/002686@30.0958057393962,-90.4917026424019.jpg",3,79,222,469,161,548,383
"WSLP_all/002688@30.0932876877943,-90.4917681831792.jpg",1,140,279,432,120,572,399
"WSLP_all/002689@30.0979167021567,-90.4917575468839.jpg",1,40,242,469,153,509,395
"WSLP_all/002690@30.0841939411656,-90.4933911959714.jpg",2,48,291,346,103,394,394
"WSLP_all/002691@30.0960113181651,-90.4916597941689.jpg",1,68,169,428,201,496,370
"WSLP_all/002692@30.0923335960835,-90.491741456578.jpg",1,92,242,367,163,459,405
"WSLP_all/002693@30.0947272421134,-90.4915979075279.jpg",1,63,280,392,117,455,397
"WSLP_all/002694@30.0936699831768,-90.491572053722.jpg",1,101,288,486,109,587,397
"WSLP_all/002695@30.0834908544536,-90.4932263750051.jpg",1,13,260,377,118,390,378
"WSLP_all/002696@30.0845501316662,-90.493283846704.jpg",1,129,282,440,123,569,405
"WSLP_all/002697@30.0983935626466,-90.4915353098403.jpg",1,157,254,336,138,493,392
"WSLP_all/002700@30.0429396930253,-90.7437601983626.jpg",1,65,269,342,90,407,359
"WSLP_all/002701@30.0464509063607,-90.7440089186815.jpg",1,173,272,319,95,492,367
"WSLP_all/002702@30.046161538447,-90.7438668468398.jpg",3,210,283,265,84,475,367
"WSLP_all/002703@30.0460919899873,-90.7445233647276.jpg",1,193,285,317,89,510,374
"WSLP_all/002704@30.0465266770206,-90.7446575007271.jpg",1,72,279,460,98,532,377
"WSLP_all/002705@30.047018886031,-90.7448460734811.jpg",1,122,285,318,97,440,382
"WSLP_all/002706@30.0473271677244,-90.7449134111247.jpg",1,88,283,374,100,462,383
"WSLP_all/002707@30.0476054479125,-90.7451161451371.jpg",1,162,271,311,103,473,374
"WSLP_all/002709@30.0482194144259,-90.7453344744132.jpg",1,134,279,287,96,421,375
"WSLP_all/002712@30.0443786463773,-90.7433355839971.jpg",1,223,247,255,111,478,358
"WSLP_all/002713@30.0438842519745,-90.7432306366359.jpg",1,218,267,255,84,473,351
"WSLP_all/002714@30.043543078537,-90.7432238689051.jpg",1,138,274,467,107,605,381
"WSLP_all/002716@30.0427420450331,-90.742915359671.jpg",3,255,275,296,104,551,379
"WSLP_all/002717@30.0423966581594,-90.7426618689435.jpg",1,32,276,429,99,461,375
"WSLP_all/002718@30.0239348262078,-90.4674199423598.jpg",1,170,227,367,165,537,392
"WSLP_all/002719@30.0433199601069,-90.7438386725363.jpg",1,103,285,290,81,393,366
"WSLP_all/002720@30.0437001135337,-90.7439099099868.jpg",1,116,294,459,89,575,383
"WSLP_all/002721@30.0441390753163,-90.744095944031.jpg",1,109,274,298,96,407,370
"WSLP_all/002722@30.0447212370169,-90.7441626076381.jpg",1,132,235,304,141,436,376
"WSLP_all/002723@30.0452227270297,-90.7443109160838.jpg",1,201,275,173,102,374,377
"WSLP_all/002724@30.0430578057399,-90.7464217430447.jpg",1,12,291,418,108,430,399
"WSLP_all/002725@30.0420206589833,-90.7467316154035.jpg",3,223,258,322,132,545,390
"WSLP_all/002726@30.042901459036,-90.7469914842485.jpg",1,247,278,188,104,435,382
"WSLP_all/002727@30.0430017678248,-90.747664016634.jpg",1,125,266,322,127,447,393
"WSLP_all/002728@30.0435585148897,-90.7470621793092.jpg",1,100,249,468,168,568,417
"WSLP_all/002729@30.043397786951,-90.747710995439.jpg",1,109,252,481,151,590,403
"WSLP_all/002730@30.0439599545817,-90.7474250664103.jpg",6,215,283,218,86,433,369
"WSLP_all/002731@30.044362140373,-90.7474982748908.jpg",6,187,277,241,100,428,377
"WSLP_all/002732@30.0448117007176,-90.7479106961058.jpg",3,168,288,339,88,507,376
"WSLP_all/002734@30.0445474850884,-90.749444329941.jpg",1,105,273,263,119,368,392
"WSLP_all/002735@30.0450800624421,-90.749932479026.jpg",1,226,284,252,85,478,369
"WSLP_all/002736@30.0449587843882,-90.7508246654409.jpg",1,130,288,454,93,584,381
"WSLP_all/002737@30.0449247591159,-90.7513075353066.jpg",1,195,252,336,104,531,356
"WSLP_all/002739@30.0443942444187,-90.7514652850399.jpg",1,184,303,201,90,385,393
"WSLP_all/002740@30.0444224485609,-90.7512142568886.jpg",1,80,305,336,85,416,390
"WSLP_all/002741@30.0444913267336,-90.7506782764357.jpg",1,181,300,195,116,376,416
"WSLP_all/002744@30.0510503267077,-90.7254766163496.jpg",6,217,280,150,89,367,369
"WSLP_all/002745@30.0517312793537,-90.7241520521681.jpg",6,254,283,123,86,377,369
"WSLP_all/002747@30.0447297042681,-90.774661001665.jpg",6,270,279,133,95,403,374
"WSLP_all/002748@30.0447598966529,-90.774998079425.jpg",6,251,273,158,105,409,378
"WSLP_all/002750@30.0857214829873,-90.8293710343459.jpg",6,262,280,111,85,373,365
"WSLP_all/002751@30.0248197148117,-90.4679562082296.jpg",3,197,201,444,182,641,383
"WSLP_all/002752@30.0250194381585,-90.4675294071449.jpg",1,147,236,306,125,453,361
"WSLP_all/002753@30.0251415816122,-90.4673611442889.jpg",1,220,215,334,146,554,361
"WSLP_all/002754@30.0253853330611,-90.466680230288.jpg",2,291,173,350,205,641,378
"WSLP_all/002755@30.0254669972645,-90.4664743328593.jpg",1,148,258,444,133,592,391
"WSLP_all/002756@30.0255026713689,-90.4662625779937.jpg",1,62,255,375,143,437,398
"WSLP_all/002757@30.0256155001636,-90.4660875043037.jpg",1,109,241,348,156,457,397
"WSLP_all/002758@30.0257402020564,-90.4658945677331.jpg",1,33,255,363,135,396,390
"WSLP_all/002759@30.0258241668298,-90.4656499682662.jpg",1,80,249,343,143,423,392
"WSLP_all/002760@30.0259422206348,-90.4654290889681.jpg",1,56,244,327,149,383,393
"WSLP_all/002761@30.0260613598518,-90.4652643877295.jpg",1,115,237,339,146,454,383
"WSLP_all/002762@30.0261463582238,-90.4650724585389.jpg",1,123,189,353,192,476,381
"WSLP_all/002763@30.0263062623075,-90.4648013143497.jpg",2,0,255,379,135,379,390
"WSLP_all/002764@30.0201380588913,-90.4590126686364.jpg",1,81,272,309,130,390,402
"WSLP_all/002765@30.0202593541817,-90.4588302543194.jpg",1,144,283,246,102,390,385
"WSLP_all/002766@30.0203914529333,-90.458618229956.jpg",3,76,247,384,114,460,361
"WSLP_all/002767@30.0205932496101,-90.4583424582096.jpg",1,162,267,228,107,390,374
"WSLP_all/002768@30.0208155162418,-90.4589790787071.jpg",1,182,259,353,119,535,378
"WSLP_all/002769@30.0210573164,-90.4587185969811.jpg",2,118,221,497,151,615,372
"WSLP_all/002770@30.0212873335455,-90.4584355914408.jpg",1,86,251,463,148,549,399
"WSLP_all/002771@30.0217243198086,-90.4579973176707.jpg",1,253,263,286,128,539,391
"WSLP_all/002772@30.0218825116137,-90.4578139749632.jpg",1,205,269,365,138,570,407
"WSLP_all/002773@30.0220489465587,-90.4576173500065.jpg",2,221,220,420,173,641,393
"WSLP_all/002774@30.0223163348928,-90.4573594818008.jpg",1,177,264,349,131,526,395
"WSLP_all/002775@30.0226048320533,-90.45716626977.jpg",2,111,222,445,146,556,368
"WSLP_all/002776@30.0228233923974,-90.4568770057292.jpg",1,117,240,445,163,562,403
"WSLP_all/002777@30.0040476233519,-90.4576966805159.jpg",2,0,89,641,533,641,622
"WSLP_all/002778@30.005763250376,-90.4578577287211.jpg",2,18,59,622,430,640,489
"WSLP_all/002779@30.005148611765,-90.457339342653.jpg",2,0,290,641,221,641,511
"WSLP_all/002780@30.0053216710559,-90.4549015001921.jpg",1,96,257,367,138,463,395
"WSLP_all/002781@30.0218021850361,-90.4670311987239.jpg",2,40,264,403,130,443,394
"WSLP_all/002782@30.0248637998327,-90.4665478043831.jpg",1,141,211,395,171,536,382
"WSLP_all/002783@30.0247102971803,-90.4663925859904.jpg",1,97,249,358,139,455,388
"WSLP_all/002784@30.0228672300917,-90.4647962247752.jpg",1,81,223,298,129,379,352
"WSLP_all/002785@30.0263603234021,-90.4645926202823.jpg",1,111,248,368,149,479,397
"WSLP_all/002786@30.0259510572891,-90.4644589405701.jpg",2,216,224,425,178,641,402
"WSLP_all/002787@30.025788519837,-90.4642768468771.jpg",1,175,235,362,162,537,397
"WSLP_all/002788@30.0256355016429,-90.4641120525753.jpg",1,109,235,388,150,497,385
"WSLP_all/002789@30.0254826900352,-90.4639578104461.jpg",1,148,244,390,138,538,382
"WSLP_all/002790@30.0253245756979,-90.4638458672047.jpg",1,122,205,401,190,523,395
"WSLP_all/002791@30.0251955341844,-90.4636558994127.jpg",1,154,232,424,136,578,368
"WSLP_all/002792@30.0246709034877,-90.4638836110186.jpg",1,161,274,324,130,485,404
"WSLP_all/002793@30.024823457272,-90.4640237900844.jpg",1,148,242,291,170,439,412
"WSLP_all/002794@30.0249573086878,-90.4641469106018.jpg",1,145,270,340,136,485,406
"WSLP_all/002795@30.0251189676311,-90.4642833460793.jpg",1,82,263,372,118,454,381
"WSLP_all/002796@30.0252685980636,-90.4644306631745.jpg",1,117,263,372,128,489,391
"WSLP_all/002797@30.025409173773,-90.4645852009955.jpg",1,93,258,398,132,491,390
"WSLP_all/002798@30.0255409305611,-90.464757545166.jpg",1,85,245,392,143,477,388
"WSLP_all/002799@30.0253669534104,-90.4650923286641.jpg",1,44,254,393,124,437,378
"WSLP_all/002800@30.0252270491483,-90.4649728930268.jpg",1,80,249,408,134,488,383
"WSLP_all/002801@30.0250747308707,-90.4648432322217.jpg",1,96,281,354,105,450,386
"WSLP_all/002802@30.0249209631478,-90.4646397955849.jpg",1,106,172,354,214,460,386
"WSLP_all/002803@30.024761092078,-90.4644365392455.jpg",1,107,227,251,154,358,381
"WSLP_all/002804@30.0245789218891,-90.4643462939935.jpg",1,4,218,441,148,445,366
"WSLP_all/002805@30.0242603925472,-90.4640030077073.jpg",1,22,239,443,148,465,387
"WSLP_all/002806@30.0241194788818,-90.4638308730741.jpg",2,0,205,399,180,399,385
"WSLP_all/002807@30.0237991316021,-90.4641869327694.jpg",1,215,237,352,156,567,393
"WSLP_all/002808@30.0239525639918,-90.4643727991634.jpg",1,173,272,392,122,565,394
"WSLP_all/002809@30.0240898304128,-90.4645133641397.jpg",1,216,266,346,142,562,408
"WSLP_all/002810@30.0242157412363,-90.4646999451329.jpg",1,158,257,331,144,489,401
"WSLP_all/002811@30.0243803729784,-90.4648327839344.jpg",1,198,203,364,191,562,394
"WSLP_all/002812@30.0245539528216,-90.4649548643513.jpg",1,198,243,364,164,562,407
"WSLP_all/002813@30.0246640605374,-90.4651137115731.jpg",1,200,238,417,156,617,394
"WSLP_all/002814@30.0247833228237,-90.4652723228926.jpg",1,204,256,322,123,526,379
"WSLP_all/002815@30.0249511351351,-90.4654121505778.jpg",1,166,249,370,158,536,407
"WSLP_all/002816@30.0251044874135,-90.4655944821044.jpg",1,248,256,350,135,598,391
"WSLP_all/002817@30.0252879210066,-90.4657514611941.jpg",1,118,227,504,177,622,404
"WSLP_all/002818@30.0251136845196,-90.4660721813974.jpg",2,168,194,472,207,640,401
"WSLP_all/002819@30.02495828784,-90.4659426090927.jpg",2,238,154,403,252,641,406
"WSLP_all/002820@30.0247781124315,-90.4657960619077.jpg",1,178,238,395,167,573,405
"WSLP_all/002821@30.0246284335522,-90.4656452686383.jpg",1,104,152,469,242,573,394
"WSLP_all/002822@30.024424408955,-90.4655309737205.jpg",1,31,177,517,212,548,389
"WSLP_all/002823@30.0242771094137,-90.4653449559095.jpg",1,86,208,426,186,512,394
"WSLP_all/002824@30.0241435162018,-90.4652359262974.jpg",1,96,219,448,182,544,401
"WSLP_all/002825@30.023984367959,-90.4650712809775.jpg",1,181,232,455,169,636,401
"WSLP_all/002826@30.0238099097196,-90.4649035462002.jpg",1,125,227,443,159,568,386
"WSLP_all/002827@30.023663409673,-90.4647596795747.jpg",1,132,170,382,211,514,381
"WSLP_all/002828@30.0235929921683,-90.4653904752252.jpg",1,135,268,355,136,490,404
"WSLP_all/002829@30.0237634689136,-90.4655091374634.jpg",1,134,277,325,120,459,397
"WSLP_all/002830@30.0239378251334,-90.4656698593019.jpg",1,37,256,364,134,401,390
"WSLP_all/002831@30.0240811945272,-90.4658103107268.jpg",1,57,260,347,133,404,393
"WSLP_all/002832@30.0242253133849,-90.4659893717663.jpg",1,171,249,318,142,489,391
"WSLP_all/002833@30.0243868132732,-90.4661187947266.jpg",1,95,244,366,153,461,397
"WSLP_all/002834@30.0245636509613,-90.4662513402138.jpg",1,85,263,409,139,494,402
"WSLP_all/002835@30.0245682866327,-90.4669681069813.jpg",1,101,213,304,171,405,384
"WSLP_all/002836@30.0242824241256,-90.4668910202864.jpg",1,128,238,333,155,461,393
"WSLP_all/002837@30.0240957790662,-90.4668852468226.jpg",1,106,230,391,163,497,393
"WSLP_all/002838@30.0239332405988,-90.4668612520619.jpg",1,154,248,361,146,515,394
"WSLP_all/002839@30.0237224894297,-90.466873638786.jpg",2,85,206,556,207,641,413
"WSLP_all/002840@30.0237706098014,-90.4665139817398.jpg",1,238,225,352,160,590,385
"WSLP_all/002841@30.0236841464032,-90.4663123621773.jpg",2,198,177,443,198,641,375
"WSLP_all/002842@30.0237425417969,-90.4674388972125.jpg",1,101,224,386,170,487,394
"WSLP_all/002843@30.0688097039883,-90.7034959834208.jpg",1,153,285,318,137,471,422
"WSLP_all/002844@30.0685076003951,-90.7033159824838.jpg",1,121,296,488,107,609,403
"WSLP_all/002845@30.0694041203685,-90.703297795987.jpg",4,251,305,200,101,451,406
"WSLP_all/002846@30.0692330599671,-90.7031955920998.jpg",1,157,291,311,90,468,381
"WSLP_all/002847@30.0688552191928,-90.7029566652691.jpg",1,128,276,393,116,521,392
"WSLP_all/002848@30.0684848625779,-90.7026442845683.jpg",1,90,280,321,179,411,459
"WSLP_all/002849@30.0677206996205,-90.7028135464679.jpg",1,256,308,255,103,511,411
"WSLP_all/002850@30.0677840464206,-90.7022889801106.jpg",1,5,279,349,113,354,392
"WSLP_all/002851@30.0679666080344,-90.7024212361742.jpg",4,209,284,158,87,367,371
"WSLP_all/002853@30.067386175002,-90.7020595136443.jpg",1,7,280,529,103,536,383
"WSLP_all/002854@30.0672104325489,-90.7019502304293.jpg",1,125,276,232,135,357,411
"WSLP_all/002855@30.0666642528546,-90.7015810244382.jpg",1,127,272,284,111,411,383
"WSLP_all/002856@30.0734202348397,-90.7060759683496.jpg",6,195,287,191,81,386,368
"WSLP_all/002858@30.0723604010992,-90.7050490871081.jpg",3,151,256,391,217,542,473
"WSLP_all/002859@30.0721090608564,-90.7048805154056.jpg",2,0,287,407,91,407,378
"WSLP_all/002860@30.0717895357611,-90.7047084548299.jpg",1,0,287,395,85,395,372
"WSLP_all/002861@30.0718469126977,-90.7053515975414.jpg",1,219,307,269,86,488,393
"WSLP_all/002862@30.0716712963665,-90.705239393354.jpg",1,200,303,314,94,514,397
"WSLP_all/002863@30.0711619859037,-90.7043944245085.jpg",1,7,248,446,144,453,392
"WSLP_all/002864@30.0709360713879,-90.7041721719617.jpg",1,34,287,409,92,443,379
"WSLP_all/002865@30.0703404356057,-90.7044260398562.jpg",1,204,304,283,92,487,396
"WSLP_all/002866@30.0701738426619,-90.7043262704007.jpg",1,165,299,325,101,490,400
"WSLP_all/002867@30.0697872442459,-90.7040900486925.jpg",1,54,283,563,117,617,400
"WSLP_all/002868@30.070625423392,-90.7040049906789.jpg",1,37,282,546,103,583,385
"WSLP_all/002869@30.0701426158427,-90.7036724458636.jpg",2,50,272,449,111,499,383
"WSLP_all/002870@30.0497503095718,-90.7554274168777.jpg",6,197,275,258,102,455,377
"WSLP_all/002871@30.0494411768228,-90.7557791143775.jpg",6,221,288,229,84,450,372
"WSLP_all/002872@30.048981441616,-90.7553483642538.jpg",3,176,307,308,87,484,394
"WSLP_all/002873@30.0488107277205,-90.754727083153.jpg",2,249,288,156,95,405,383
"WSLP_all/002874@30.0483972390713,-90.7547714581659.jpg",1,152,289,330,84,482,373
"WSLP_all/002875@30.0479666040952,-90.7548374895887.jpg",1,120,282,340,84,460,366
"WSLP_all/002876@30.047448882558,-90.7549224532407.jpg",1,199,278,313,87,512,365
"WSLP_all/002878@30.047577684855,-90.7555302837897.jpg",1,140,310,210,87,350,397
"WSLP_all/002879@30.0469358144876,-90.7556354958081.jpg",1,139,272,378,129,517,401
"WSLP_all/002880@30.0425339488981,-90.7610653274732.jpg",6,208,277,249,102,457,379
"WSLP_all/002881@30.0426927844427,-90.76206741129.jpg",6,231,277,173,87,404,364
"WSLP_all/002882@30.0427328458673,-90.7629930254055.jpg",6,240,279,171,95,411,374
"WSLP_all/002883@30.0428424625934,-90.7634840981219.jpg",6,261,268,135,98,396,366
"WSLP_all/002884@30.042775671954,-90.7652734302683.jpg",6,262,275,141,114,403,389
"WSLP_all/002885@30.0429118940902,-90.7656614760447.jpg",6,269,283,124,103,393,386
"WSLP_all/002887@30.0499967954468,-90.7471801458493.jpg",1,229,246,319,129,548,375
"WSLP_all/002888@30.0528520419397,-90.7491965780615.jpg",1,160,263,280,104,440,367
"WSLP_all/002889@30.0498495283166,-90.7477827126945.jpg",1,101,247,311,123,412,370
"WSLP_all/002890@30.0493991578416,-90.7476767830637.jpg",1,95,235,324,140,419,375
"WSLP_all/002891@30.0490389189091,-90.747643119235.jpg",1,137,269,261,92,398,361
"WSLP_all/002892@30.0496273103972,-90.7470770304584.jpg",1,221,266,255,115,476,381
"WSLP_all/002893@30.0653365087111,-90.7007346720214.jpg",1,183,274,326,129,509,403
"WSLP_all/002894@30.065093319973,-90.7006269593218.jpg",1,173,290,376,100,549,390
"WSLP_all/002895@30.0648361361943,-90.7003137215748.jpg",1,0,256,465,140,465,396
"WSLP_all/002896@30.064500601709,-90.7002677688902.jpg",1,73,284,385,99,458,383
"WSLP_all/002897@30.0641381921907,-90.7000196309675.jpg",1,73,295,387,105,460,400
"WSLP_all/002898@30.063719230357,-90.6998026137333.jpg",1,211,266,415,140,626,406
"WSLP_all/002899@30.0634772895283,-90.6996172867461.jpg",3,230,274,283,90,513,364
"WSLP_all/002900@30.0657123278484,-90.7016000188896.jpg",1,270,297,255,98,525,395
"WSLP_all/002901@30.066372877022,-90.7019815221329.jpg",1,232,316,316,84,548,400
"WSLP_all/002902@30.0663722479313,-90.7026885395057.jpg",1,89,247,349,109,438,356
"WSLP_all/002903@30.065742825956,-90.7023063294089.jpg",1,122,244,360,123,482,367
"WSLP_all/002904@30.0654568278604,-90.7021250023911.jpg",2,95,212,342,152,437,364
"WSLP_all/002905@30.0645004849978,-90.7015952442212.jpg",1,126,256,302,123,428,379
"WSLP_all/002906@30.0641955468445,-90.7013695933531.jpg",2,29,279,279,93,308,372
"WSLP_all/002907@30.0686102341619,-90.7045326548084.jpg",3,190,244,336,128,526,372
"WSLP_all/002908@30.0683739627398,-90.7044275409602.jpg",2,184,252,311,106,495,358
"WSLP_all/002909@30.0676745286379,-90.7039633674038.jpg",1,21,254,584,103,605,357
"WSLP_all/002910@30.0683050080115,-90.7051271627373.jpg",1,128,269,304,106,432,375
"WSLP_all/002911@30.0678344399575,-90.7048581191385.jpg",2,144,253,337,123,481,376
"WSLP_all/002912@30.0672109599174,-90.704440569569.jpg",3,137,211,433,221,570,432
"WSLP_all/002914@30.0668086570079,-90.706360816407.jpg",3,200,268,232,89,432,357
"WSLP_all/002915@30.0661324502633,-90.706020479001.jpg",1,166,272,255,95,421,367
"WSLP_all/002916@30.0658258761498,-90.7058478695636.jpg",1,90,258,399,98,489,356
"WSLP_all/002917@30.0655498600665,-90.7055328698718.jpg",6,222,258,207,116,429,374
"WSLP_all/002918@30.0664176380979,-90.7072060715873.jpg",1,219,270,229,82,448,352
"WSLP_all/002919@30.0660739255969,-90.7069721068162.jpg",2,197,265,291,91,488,356
"WSLP_all/002921@30.0648160115639,-90.7061959998501.jpg",1,210,274,269,87,479,361
"WSLP_all/002922@30.0644906083957,-90.7059788714725.jpg",1,226,272,294,83,520,355
"WSLP_all/002923@30.0642590791255,-90.705801082706.jpg",1,179,249,366,112,545,361
"WSLP_all/002924@30.0639573584361,-90.7057354882026.jpg",2,245,267,265,86,510,353
"WSLP_all/002925@30.0630431798421,-90.7051933298741.jpg",6,217,272,220,89,437,361
"WSLP_all/002926@30.0628250340462,-90.704921918405.jpg",2,182,266,297,105,479,371
"WSLP_all/002927@30.0625318426663,-90.7048284861433.jpg",1,242,269,232,87,474,356
"WSLP_all/002928@30.0646329596565,-90.7050080469735.jpg",1,189,270,258,86,447,356
"WSLP_all/002929@30.0638898591291,-90.7046243637815.jpg",1,150,270,253,86,403,356
"WSLP_all/002931@30.0620261072275,-90.70443933206.jpg",1,223,272,239,90,462,362
"WSLP_all/002932@30.0617587329466,-90.7042761918115.jpg",1,258,274,199,84,457,358
"WSLP_all/002933@30.0668207679888,-90.7041138354136.jpg",1,82,255,416,131,498,386
"WSLP_all/002934@30.0663083501303,-90.7044331141716.jpg",2,88,187,552,193,640,380
"WSLP_all/002935@30.0659817088114,-90.7042163124405.jpg",2,174,233,467,150,641,383
"WSLP_all/002936@30.065653055805,-90.704021718667.jpg",1,195,207,414,171,609,378
"WSLP_all/002937@30.0663798664137,-90.7038387323037.jpg",1,0,256,443,131,443,387
"WSLP_all/002938@30.0665686603,-90.7034742952999.jpg",1,149,247,454,157,603,404
"WSLP_all/002939@30.0660359071171,-90.7035946017124.jpg",1,107,257,310,121,417,378
"WSLP_all/002940@30.066159646631,-90.7032316834558.jpg",1,159,247,341,142,500,389
"WSLP_all/002941@30.0658016718042,-90.7030128074867.jpg",1,206,239,344,132,550,371
"WSLP_all/002942@30.065658169667,-90.7033485040505.jpg",1,26,231,410,155,436,386
"WSLP_all/002943@30.0648684983666,-90.7024166951087.jpg",1,158,234,357,162,515,396
"WSLP_all/002944@30.0647507130196,-90.7027074930038.jpg",3,168,241,408,126,576,367
"WSLP_all/002945@30.0640256455554,-90.7029901502969.jpg",3,151,260,421,93,572,353
"WSLP_all/002946@30.0638043569703,-90.7017709994327.jpg",1,219,202,315,179,534,381
"WSLP_all/002947@30.0633755217081,-90.7014956175725.jpg",1,282,241,349,139,631,380
"WSLP_all/002948@30.0636928553405,-90.7021447403515.jpg",1,15,227,441,154,456,381
"WSLP_all/002949@30.0634685390912,-90.7026817167944.jpg",1,98,234,331,119,429,353
"WSLP_all/002950@30.0630476196591,-90.7536128177511.jpg",6,216,272,208,85,424,357
"WSLP_all/002951@30.0626894497759,-90.7532989315054.jpg",1,233,295,317,99,550,394
"WSLP_all/002952@30.0631925949801,-90.7531579507492.jpg",1,245,297,265,87,510,384
"WSLP_all/002953@30.0624807664469,-90.752793522824.jpg",2,0,293,403,121,403,414
"WSLP_all/002955@30.063254510216,-90.752525174954.jpg",2,0,267,479,153,479,420
"WSLP_all/002956@30.0636640805088,-90.7524406269012.jpg",1,47,262,304,155,351,417
"WSLP_all/002957@30.0614037985215,-90.7546868889799.jpg",2,217,255,424,164,641,419
"WSLP_all/002958@30.0609336545858,-90.7529288553236.jpg",1,229,268,184,113,413,381
"WSLP_all/002959@30.0618404756966,-90.7519341067214.jpg",1,22,260,399,123,421,383
"WSLP_all/002960@30.0617838292879,-90.7511743807367.jpg",2,50,258,591,161,641,419
"WSLP_all/002961@30.0618297744025,-90.7504583450336.jpg",2,100,260,312,96,412,356
"WSLP_all/002962@30.0614223248295,-90.7510905708191.jpg",2,66,175,575,227,641,402
"WSLP_all/002963@30.0613825146655,-90.7517395813814.jpg",2,164,206,477,217,641,423
"WSLP_all/002964@30.0610185464308,-90.7508739203927.jpg",1,65,199,410,206,475,405
"WSLP_all/002965@30.0609341669707,-90.7512563187745.jpg",1,191,268,220,115,411,383
"WSLP_all/002966@30.0590664240925,-90.7536985625226.jpg",1,251,283,255,161,506,444
"WSLP_all/002967@30.0586909668661,-90.7538617427415.jpg",2,158,269,282,192,440,461
"WSLP_all/002968@30.0578548206418,-90.7538848121074.jpg",1,166,259,221,105,387,364
"WSLP_all/002969@30.0575479913428,-90.7540213530782.jpg",2,204,285,338,95,542,380
"WSLP_all/002970@30.056946043162,-90.7526384635072.jpg",1,151,234,345,161,496,395
"WSLP_all/002971@30.0569553840583,-90.7542479695041.jpg",2,157,251,484,230,641,481
"WSLP_all/002972@30.0554358776791,-90.7547212795833.jpg",6,207,269,189,109,396,378
"WSLP_all/002973@30.0574355895457,-90.7548935534441.jpg",2,0,238,565,320,565,558
"WSLP_all/002974@30.0578520843837,-90.7558541695279.jpg",1,76,261,254,142,330,403
"WSLP_all/002975@30.0578517908158,-90.7554109836612.jpg",2,0,233,422,142,422,375
"WSLP_all/002976@30.0577567447911,-90.7547441612213.jpg",1,155,292,320,96,475,388
"WSLP_all/002977@30.0583584179267,-90.7546218725655.jpg",1,41,260,439,115,480,375
"WSLP_all/002978@30.0587644038683,-90.7543283746719.jpg",1,199,299,341,99,540,398
"WSLP_all/002979@30.0590752758054,-90.7542168134498.jpg",2,259,280,328,140,587,420
"WSLP_all/002980@30.0522872181767,-90.7501935288027.jpg",1,92,281,267,85,359,366
"WSLP_all/002981@30.0523563439824,-90.7506709002953.jpg",1,187,266,293,113,480,379
"WSLP_all/002982@30.0524241969334,-90.7510723541696.jpg",1,95,284,433,88,528,372
"WSLP_all/002983@30.0524477305811,-90.7515565679096.jpg",1,190,273,381,114,571,387
"WSLP_all/002984@30.0524991324419,-90.7518883250202.jpg",1,181,262,323,119,504,381
"WSLP_all/002985@30.0525820783763,-90.7522835913141.jpg",1,197,257,409,117,606,374
"WSLP_all/002986@30.0526342897058,-90.7526620638182.jpg",1,166,253,380,124,546,377
"WSLP_all/002987@30.0526779194864,-90.7531341497498.jpg",1,179,247,331,126,510,373
"WSLP_all/002988@30.0527154893228,-90.7535479846804.jpg",3,99,255,482,120,581,375
"WSLP_all/002989@30.0527796246073,-90.7540312685506.jpg",2,204,269,437,105,641,374
"WSLP_all/002990@30.0532474764164,-90.7540557652486.jpg",1,174,283,297,118,471,401
"WSLP_all/002992@30.0522348419621,-90.7541903954099.jpg",1,0,252,373,139,373,391
"WSLP_all/002993@30.0522537828918,-90.7537766443673.jpg",2,0,279,410,113,410,392
"WSLP_all/002994@30.0522018461495,-90.7532723355217.jpg",1,37,198,375,181,412,379
"WSLP_all/002995@30.0520819579714,-90.7524682917458.jpg",1,110,222,371,147,481,369
"WSLP_all/002996@30.0520287352333,-90.7520163358862.jpg",1,71,250,447,131,518,381
"WSLP_all/002997@30.051983797634,-90.751541763917.jpg",1,71,242,399,138,470,380
"WSLP_all/002998@30.0519020732411,-90.7542377503181.jpg",1,51,282,289,113,340,395
"WSLP_all/002999@30.0516423561763,-90.7542510813822.jpg",1,4,291,419,101,423,392
"WSLP_all/003000@30.0513341661305,-90.7542157311134.jpg",1,129,278,237,94,366,372
"WSLP_all/003001@30.0510120114776,-90.7542503813293.jpg",1,141,256,224,125,365,381
"WSLP_all/003002@30.051942218224,-90.7511368384704.jpg",2,32,246,397,141,429,387
"WSLP_all/003003@30.0518788943414,-90.7507274266186.jpg",1,100,194,376,216,476,410
"WSLP_all/003004@30.0523673309122,-90.7547353615734.jpg",1,229,270,326,121,555,391
"WSLP_all/003005@30.0524989067835,-90.7557433495033.jpg",6,175,261,300,89,475,350
"WSLP_all/003006@30.0519306902767,-90.7548551662612.jpg",3,326,278,291,114,617,392
"WSLP_all/003007@30.0516661353776,-90.7548252821633.jpg",1,241,288,400,108,641,396
"WSLP_all/003008@30.0492251602079,-90.7469560596859.jpg",1,166,258,374,137,540,395
"WSLP_all/003009@30.0486150872834,-90.7467283393959.jpg",1,52,243,388,145,440,388
"WSLP_all/003010@30.0486331053516,-90.7463656231109.jpg",1,234,271,160,97,394,368
"WSLP_all/003011@30.0486926545419,-90.7460669858823.jpg",1,156,265,270,117,426,382
"WSLP_all/003012@30.0488571974154,-90.7455290551831.jpg",2,134,248,364,149,498,397
"WSLP_all/003013@30.0493734518841,-90.7461769552296.jpg",1,204,244,251,122,455,366
"WSLP_all/003014@30.0494321891015,-90.7458318867854.jpg",1,179,221,252,130,431,351
"WSLP_all/003015@30.0497154460804,-90.7451472829921.jpg",6,216,273,292,117,508,390
"WSLP_all/003016@30.0493590558779,-90.7448673753083.jpg",6,196,256,261,134,457,390
"WSLP_all/003017@30.0490214071194,-90.7449725703514.jpg",1,191,214,307,162,498,376
"WSLP_all/003018@30.0487006975988,-90.744886939225.jpg",2,146,204,495,158,641,362
"WSLP_all/003019@30.0479839145009,-90.7445640912285.jpg",3,169,226,324,141,493,367
"WSLP_all/003020@30.0477443928076,-90.7444998241101.jpg",1,223,265,328,108,551,373
"WSLP_all/003021@30.0474109995183,-90.7443819679674.jpg",3,153,233,424,163,577,396
"WSLP_all/003022@30.0470884640553,-90.7441895495491.jpg",3,46,199,426,194,472,393
"WSLP_all/003023@30.046719809416,-90.7441375204274.jpg",3,212,246,214,126,426,372
"WSLP_all/003024@30.0240940275306,-90.4674299674536.jpg",1,95,207,437,182,532,389
"WSLP_all/003025@30.0243750315431,-90.4674122637667.jpg",1,127,202,507,198,634,400
"WSLP_all/003026@30.0240321099384,-90.4680254242341.jpg",1,20,242,341,158,361,400
"WSLP_all/003027@30.0238602097369,-90.4679911432362.jpg",1,141,249,268,148,409,397
"WSLP_all/003028@30.0236362946541,-90.4679546606874.jpg",1,95,248,284,126,379,374
"WSLP_all/003029@30.0229781165185,-90.4680768208998.jpg",1,72,246,354,149,426,395
"WSLP_all/003030@30.0227121417378,-90.4680800764784.jpg",1,89,253,279,125,368,378
"WSLP_all/003031@30.0225127201863,-90.4680464773582.jpg",1,90,259,283,128,373,387
"WSLP_all/003032@30.0220649856167,-90.4681386856914.jpg",1,60,229,235,154,295,383
"WSLP_all/003033@30.0218724435686,-90.4681435795877.jpg",1,84,232,284,162,368,394
"WSLP_all/003034@30.0235525874699,-90.4674191219453.jpg",1,149,215,411,187,560,402
"WSLP_all/003035@30.0233541217155,-90.4674347184077.jpg",1,192,201,430,200,622,401
"WSLP_all/003036@30.0231681477506,-90.467464047134.jpg",1,166,208,447,185,613,393
"WSLP_all/003037@30.0227583088524,-90.4674604326655.jpg",1,165,195,429,206,594,401
"WSLP_all/003038@30.0225819823571,-90.4675141044532.jpg",1,111,205,448,178,559,383
"WSLP_all/003039@30.0223954663993,-90.4675153445291.jpg",1,111,213,468,191,579,404
"WSLP_all/003040@30.0221844566643,-90.4675136693935.jpg",1,176,204,338,201,514,405
"WSLP_all/003041@30.0220011994276,-90.4675253409608.jpg",1,249,180,392,213,641,393
"WSLP_all/003042@30.0218244584625,-90.4675579697956.jpg",1,69,192,461,181,530,373
"WSLP_all/003043@30.0219415507104,-90.4668100183055.jpg",1,240,233,343,166,583,399
"WSLP_all/003044@30.0220268090304,-90.4666321575949.jpg",1,271,226,370,181,641,407
"WSLP_all/003045@30.0222565236531,-90.4664927629439.jpg",1,90,197,539,205,629,402
"WSLP_all/003046@30.0225692369685,-90.4665340008946.jpg",1,228,228,314,152,542,380
"WSLP_all/003047@30.0227676245234,-90.4665148960819.jpg",1,194,249,278,149,472,398
"WSLP_all/003048@30.0229751175747,-90.4664920460448.jpg",1,189,259,350,150,539,409
"WSLP_all/003049@30.0231486495796,-90.4664524902999.jpg",1,228,247,344,163,572,410
"WSLP_all/003050@30.0233337416157,-90.4665356346926.jpg",2,0,231,364,177,364,408
"WSLP_all/003051@30.0233539560595,-90.4669497756048.jpg",1,187,223,231,185,418,408
"WSLP_all/003052@30.0231579216825,-90.4669336869965.jpg",1,139,248,267,142,406,390
"WSLP_all/003053@30.0229842612887,-90.4669662282884.jpg",1,90,246,350,148,440,394
"WSLP_all/003054@30.0227758120497,-90.4669398830859.jpg",1,144,238,288,153,432,391
"WSLP_all/003055@30.022580604407,-90.4669659430275.jpg",1,109,236,332,166,441,402
"WSLP_all/003056@30.0224066584158,-90.4669844239936.jpg",1,72,219,395,171,467,390
"WSLP_all/003057@30.0234429847691,-90.4660163066765.jpg",2,0,147,577,261,577,408
"WSLP_all/003058@30.0231844873858,-90.4659314949048.jpg",1,0,223,436,167,436,390
"WSLP_all/003059@30.0230106199006,-90.4659535166135.jpg",1,31,223,449,168,480,391
"WSLP_all/003060@30.0227813730169,-90.4659593343449.jpg",2,0,175,431,234,431,409
"WSLP_all/003061@30.0226140234282,-90.4660022500363.jpg",1,0,194,433,205,433,399
"WSLP_all/003062@30.0224291385816,-90.4659296596103.jpg",1,69,234,352,160,421,394
"WSLP_all/003063@30.0222265346447,-90.4658891100243.jpg",4,204,227,217,125,421,352
"WSLP_all/003064@30.0220258445858,-90.4659469462697.jpg",1,10,208,349,186,359,394
"WSLP_all/003065@30.0218326508371,-90.4660783450165.jpg",1,8,215,433,186,441,401
"WSLP_all/003066@30.023421250103,-90.4652051157113.jpg",1,185,231,352,182,537,413
"WSLP_all/003067@30.0232428308952,-90.4651499134486.jpg",1,236,219,310,153,546,372
"WSLP_all/003068@30.0234688759529,-90.4646627163575.jpg",1,122,258,351,148,473,406
"WSLP_all/003069@30.0229850908258,-90.4644712285586.jpg",2,0,219,337,160,337,379
"WSLP_all/003070@30.023135087582,-90.4643198188441.jpg",2,0,233,361,176,361,409
"WSLP_all/003071@30.0232938766589,-90.4641506033391.jpg",2,0,226,404,169,404,395
"WSLP_all/003072@30.0233834767215,-90.4638812479075.jpg",1,225,246,356,145,581,391
"WSLP_all/003073@30.0234876124177,-90.4637310266708.jpg",1,252,152,360,208,612,360
"WSLP_all/003074@30.0240713470721,-90.4632382384622.jpg",1,215,199,268,156,483,355
"WSLP_all/003075@30.0242100869954,-90.4634560859797.jpg",3,116,171,359,205,475,376
"WSLP_all/003076@30.0243690304217,-90.4636101765093.jpg",1,71,224,352,152,423,376
"WSLP_all/003077@30.024531984444,-90.4630226818236.jpg",1,231,229,405,203,636,432
"WSLP_all/003078@30.0247157852984,-90.4631972213861.jpg",1,62,204,465,181,527,385
"WSLP_all/003079@30.0248686480511,-90.463354968159.jpg",1,143,228,451,185,594,413
"WSLP_all/003080@30.0250390763637,-90.4634701214335.jpg",1,223,196,275,191,498,387
"WSLP_all/003081@30.02169378844,-90.4662505416846.jpg",1,14,222,436,185,450,407
"WSLP_all/003082@30.0215955883787,-90.4664214989728.jpg",2,0,170,420,229,420,399
"WSLP_all/003083@30.0214517138464,-90.4665634020803.jpg",1,75,209,373,185,448,394
"WSLP_all/003084@30.0213990207545,-90.466754787227.jpg",1,29,180,503,205,532,385
"WSLP_all/003085@30.0212888666772,-90.4670858709861.jpg",3,31,197,402,172,433,369
"WSLP_all/003086@30.0213684285197,-90.4673127941702.jpg",1,47,200,395,168,442,368
"WSLP_all/003087@30.0214514795573,-90.4675266700307.jpg",1,156,227,321,126,477,353
"WSLP_all/003088@30.021666254281,-90.4681388910214.jpg",1,63,271,272,113,335,384
"WSLP_all/003089@30.0212160435088,-90.4681848881216.jpg",1,57,258,317,127,374,385
"WSLP_all/003090@30.0198914878225,-90.4681105875887.jpg",6,180,259,271,126,451,385
"WSLP_all/003091@30.0193109825917,-90.4680260080196.jpg",6,185,254,210,116,395,370
"WSLP_all/003092@30.0189551506096,-90.4678968216835.jpg",6,161,253,287,117,448,370
"WSLP_all/003093@30.0165077140279,-90.4688531257648.jpg",1,27,227,600,170,627,397
"WSLP_all/003094@30.0167117929765,-90.4685196653865.jpg",2,90,241,551,201,641,442
"WSLP_all/003095@30.0169617112588,-90.4682239471561.jpg",2,77,261,564,171,641,432
"WSLP_all/003096@30.0171527505706,-90.4679944621861.jpg",2,104,269,537,160,641,429
"WSLP_all/003097@30.0173067319903,-90.4677918738859.jpg",1,137,259,442,150,579,409
"WSLP_all/003098@30.017548949592,-90.4674876868281.jpg",3,71,263,522,143,593,406
"WSLP_all/003099@30.0176579232838,-90.4672905428055.jpg",2,79,259,562,159,641,418
"WSLP_all/003100@30.0178887269695,-90.4669779837337.jpg",2,0,246,627,193,627,439
"WSLP_all/003101@30.0180433743283,-90.4668099235559.jpg",1,1,232,638,183,639,415
"WSLP_all/003102@30.0181934208379,-90.4665987704192.jpg",1,165,221,476,191,641,412
"WSLP_all/003103@30.018405583321,-90.4662953439417.jpg",1,133,253,508,198,641,451
"WSLP_all/003104@30.0185672355241,-90.4661011516368.jpg",1,129,186,503,210,632,396
"WSLP_all/003105@30.0187908365251,-90.4658060612925.jpg",3,183,194,396,220,579,414
"WSLP_all/003106@30.0190120338168,-90.4655801605692.jpg",1,262,191,314,206,576,397
"WSLP_all/003107@30.0159627765725,-90.4688583547277.jpg",1,192,163,421,242,613,405
"WSLP_all/003108@30.0162089294181,-90.4685627033287.jpg",1,99,202,501,218,600,420
"WSLP_all/003109@30.0164487423488,-90.4683276795081.jpg",1,0,223,616,187,616,410
"WSLP_all/003110@30.0230867943848,-90.4558269398032.jpg",1,66,249,367,162,433,411
"WSLP_all/003111@30.0232068126715,-90.4564564111101.jpg",1,240,266,289,129,529,395
"WSLP_all/003112@30.0234600609803,-90.4562021364075.jpg",1,139,229,417,157,556,386
"WSLP_all/003113@30.023638161806,-90.4548477395126.jpg",2,0,248,389,158,389,406
"WSLP_all/003114@30.0240049238669,-90.4545938184352.jpg",1,15,242,388,185,403,427
"WSLP_all/003115@30.0248137686272,-90.4538721243692.jpg",5,324,278,144,102,468,380
"WSLP_all/003116@30.0238865742595,-90.4553695886346.jpg",2,253,226,388,188,641,414
"WSLP_all/003117@30.0240426092635,-90.4552221550478.jpg",1,218,171,423,218,641,389
"WSLP_all/003118@30.0243345760827,-90.45491469671.jpg",2,217,210,424,199,641,409
"WSLP_all/003119@30.0247832550205,-90.4544956632207.jpg",1,199,214,429,153,628,367
"WSLP_all/003120@30.0241466034755,-90.4557574759277.jpg",6,187,279,350,106,537,385
"WSLP_all/003121@30.0242645028766,-90.4562794038244.jpg",1,208,226,294,121,502,347
"WSLP_all/003122@30.024457992739,-90.4567472308177.jpg",1,185,241,317,122,502,363
"WSLP_all/003123@30.0249892388392,-90.456048944827.jpg",1,167,259,323,124,490,383
"WSLP_all/003124@30.025359171082,-90.4566916212357.jpg",1,119,258,307,111,426,369
"WSLP_all/003125@30.0258952679895,-90.4572713461985.jpg",1,47,258,349,126,396,384
"WSLP_all/003126@30.0260702688303,-90.4585450270732.jpg",1,116,222,418,142,534,364
"WSLP_all/003127@30.0265005480225,-90.4589351041773.jpg",1,177,208,382,163,559,371
"WSLP_all/003128@30.0272408454227,-90.4596563739616.jpg",1,234,231,298,133,532,364
"WSLP_all/003129@30.0276084369738,-90.4600317455263.jpg",1,156,227,373,161,529,388
"WSLP_all/003130@30.0282416645288,-90.4590308856643.jpg",1,87,207,314,154,401,361
"WSLP_all/003131@30.0272981315491,-90.4588038825534.jpg",1,29,236,490,157,519,393
"WSLP_all/003132@30.0274679211063,-90.458193074929.jpg",1,139,246,314,133,453,379
"WSLP_all/003133@30.0284896524983,-90.456595330502.jpg",1,156,219,274,153,430,372
"WSLP_all/003134@30.0274409486768,-90.4569449373102.jpg",1,60,221,403,149,463,370
"WSLP_all/003135@30.0278669005626,-90.4562297659907.jpg",1,186,202,336,157,522,359
"WSLP_all/003136@30.0264809091793,-90.4565977616208.jpg",1,252,214,225,142,477,356
"WSLP_all/003137@30.026891151451,-90.4562448904907.jpg",3,260,210,267,166,527,376
"WSLP_all/003138@30.0273203722085,-90.4558102536727.jpg",1,253,215,362,149,615,364
"WSLP_all/003139@30.027839553622,-90.455295278707.jpg",1,133,219,446,152,579,371
"WSLP_all/003140@30.0264242506496,-90.4557622059972.jpg",1,72,239,420,138,492,377
"WSLP_all/003141@30.0268749949657,-90.4553554095772.jpg",1,87,253,331,121,418,374
"WSLP_all/003142@30.0273680466518,-90.4548563070799.jpg",1,104,218,364,173,468,391
"WSLP_all/003143@30.0299948565108,-90.4565006545294.jpg",1,94,226,319,132,413,358
"WSLP_all/003144@30.0301263917116,-90.4559900602208.jpg",1,180,226,257,123,437,349
"WSLP_all/003145@30.0298258646481,-90.4557063196386.jpg",1,271,217,323,131,594,348
"WSLP_all/003146@30.0282003613792,-90.4546185309231.jpg",1,128,219,332,140,460,359
"WSLP_all/003147@30.0250502828826,-90.4550129295342.jpg",1,132,175,442,215,574,390
"WSLP_all/003148@30.0255275142378,-90.454739323229.jpg",1,75,204,447,190,522,394
"WSLP_all/003149@30.0259768550139,-90.4540941055709.jpg",1,112,218,370,147,482,365
"WSLP_all/003150@30.0258873204795,-90.4551658072021.jpg",1,223,213,317,167,540,380
"WSLP_all/003151@30.0264518235528,-90.454771154507.jpg",1,153,251,340,132,493,383
"WSLP_all/003152@30.0251318725325,-90.4542424349504.jpg",1,169,251,386,151,555,402
"WSLP_all/003153@30.0252874189501,-90.4540879550134.jpg",1,156,209,386,196,542,405
"WSLP_all/003154@30.0259918458046,-90.4534441500063.jpg",2,193,127,448,253,641,380
"WSLP_all/003155@30.0262159934093,-90.4532720606106.jpg",1,231,208,231,192,462,400
"WSLP_all/003156@30.0253754437812,-90.4532935424298.jpg",1,99,210,364,202,463,412
"WSLP_all/003157@30.0275250239357,-90.4520762513372.jpg",1,190,204,451,182,641,386
"WSLP_all/003158@30.027730121591,-90.4518808128063.jpg",1,213,201,388,203,601,404
"WSLP_all/003159@30.0278973532763,-90.4516894366758.jpg",1,158,204,404,202,562,406
"WSLP_all/003160@30.028116329712,-90.4515092322331.jpg",3,106,226,535,187,641,413
"WSLP_all/003161@30.0028269052415,-90.4590930885558.jpg",1,7,261,565,157,572,418
"WSLP_all/003162@30.0044874534274,-90.458211509459.jpg",5,1,285,640,254,641,539
"WSLP_all/003163@30.0185538432014,-90.4604289630375.jpg",1,183,283,347,115,530,398
"WSLP_all/003164@30.0181865030493,-90.4618304999845.jpg",1,207,244,283,128,490,372
"WSLP_all/003165@30.0183504318389,-90.4615035337672.jpg",1,117,251,385,121,502,372
"WSLP_all/003166@30.0186625920639,-90.4612119241865.jpg",1,132,244,423,130,555,374
"WSLP_all/003167@30.018995019697,-90.4607959186291.jpg",1,24,241,545,123,569,364
"WSLP_all/003168@30.0191497545528,-90.4605800366533.jpg",3,166,258,399,152,565,410
"WSLP_all/003169@30.0195044952502,-90.4602906087005.jpg",1,160,248,426,142,586,390
"WSLP_all/003170@30.0196834699442,-90.4601556282585.jpg",1,209,283,323,102,532,385
"WSLP_all/003171@30.0199403398556,-90.4599404291869.jpg",3,128,261,364,106,492,367
"WSLP_all/003172@30.0201977276661,-90.4596045455394.jpg",3,177,244,402,147,579,391
"WSLP_all/003173@30.020575853953,-90.4593503614729.jpg",1,185,256,392,103,577,359
"WSLP_all/003174@30.0189344754359,-90.4601584266785.jpg",3,79,249,421,153,500,402
"WSLP_all/003175@30.019164748317,-90.4598884795785.jpg",1,111,273,297,120,408,393
"WSLP_all/003176@30.0195256704336,-90.4594782214526.jpg",1,133,253,349,133,482,386
"WSLP_all/003177@30.0197649179124,-90.4592308491798.jpg",1,80,258,422,139,502,397
"WSLP_all/003178@30.0199981582165,-90.4591140663988.jpg",1,142,280,271,144,413,424
"WSLP_all/003179@30.0267134541193,-90.4639579501454.jpg",1,139,246,301,150,440,396
"WSLP_all/003180@30.0268006098059,-90.4637931142061.jpg",1,91,238,352,164,443,402
"WSLP_all/003181@30.0269147414804,-90.463624154668.jpg",1,139,237,390,172,529,409
"WSLP_all/003182@30.0271020572997,-90.4631903658232.jpg",1,129,204,417,195,546,399
"WSLP_all/003183@30.0272366580677,-90.4629897510321.jpg",1,109,247,380,154,489,401
"WSLP_all/003184@30.0274423696167,-90.4625727994788.jpg",1,173,216,340,188,513,404
"WSLP_all/003185@30.0276619611241,-90.4620966930348.jpg",1,104,246,329,175,433,421
"WSLP_all/003186@30.0261106694896,-90.4640770666826.jpg",1,92,221,443,189,535,410
"WSLP_all/003187@30.0263691849202,-90.463589600984.jpg",1,141,237,374,176,515,413
"WSLP_all/003188@30.0262284395356,-90.4634721020219.jpg",1,142,200,432,198,574,398
"WSLP_all/003189@30.0260631475498,-90.4633310210536.jpg",1,111,186,397,230,508,416
"WSLP_all/003190@30.0259188143455,-90.4631824575899.jpg",1,92,205,421,203,513,408
"WSLP_all/003191@30.0254158254171,-90.4633267460229.jpg",1,122,214,398,190,520,404
"WSLP_all/003192@30.0250610537932,-90.4630382563357.jpg",1,166,204,339,201,505,405
"WSLP_all/003193@30.0249437252916,-90.4628855721446.jpg",1,122,234,353,163,475,397
"WSLP_all/003194@30.0252057224267,-90.4624222543812.jpg",1,33,213,447,205,480,418
"WSLP_all/003195@30.0257788741727,-90.4624837376798.jpg",1,180,201,443,195,623,396
"WSLP_all/003196@30.0256222922536,-90.4623251389.jpg",1,124,205,478,191,602,396
"WSLP_all/003197@30.0254780079584,-90.4621800524271.jpg",1,13,218,467,170,480,388
"WSLP_all/003198@30.0253361306345,-90.4620037567108.jpg",1,80,223,413,185,493,408
"WSLP_all/003199@30.0257122522696,-90.4616828116795.jpg",1,46,219,473,180,519,399
"WSLP_all/003200@30.0261822347413,-90.462169033993.jpg",1,149,268,432,157,581,425
"WSLP_all/003201@30.0267664186798,-90.4628010851648.jpg",1,0,213,532,186,532,399
"WSLP_all/003202@30.0269785869304,-90.4624081907018.jpg",1,158,181,464,207,622,388
"WSLP_all/003203@30.0268282038104,-90.462259806544.jpg",1,123,194,458,215,581,409
"WSLP_all/003204@30.0270692664561,-90.4618038982442.jpg",1,119,188,384,206,503,394
"WSLP_all/003205@30.0269372314376,-90.4616688795588.jpg",1,80,209,370,212,450,421
"WSLP_all/003206@30.0276006254106,-90.4611018907457.jpg",1,0,212,409,168,409,380
"WSLP_all/003207@30.0268232968058,-90.4610698209002.jpg",2,228,209,413,196,641,405
"WSLP_all/003208@30.028044544374,-90.460550878916.jpg",6,171,264,289,152,460,416
"WSLP_all/003209@30.0285557613256,-90.4598977969827.jpg",1,239,215,375,156,614,371
"WSLP_all/003210@30.0259626146297,-90.4606178006861.jpg",1,84,221,364,158,448,379
"WSLP_all/003211@30.0290057144435,-90.4587238673531.jpg",1,203,211,344,163,547,374
"WSLP_all/003212@30.0284873107158,-90.4583807574855.jpg",1,137,239,345,141,482,380
"WSLP_all/003213@30.0286989235631,-90.4579601684394.jpg",1,47,231,451,161,498,392
"WSLP_all/003214@30.0289005401671,-90.4574879641485.jpg",1,116,200,293,186,409,386
"WSLP_all/003215@30.0291025991277,-90.4568842875431.jpg",1,127,233,366,150,493,383
"WSLP_all/003216@30.0293875849277,-90.456209278175.jpg",1,80,197,320,186,400,383
"WSLP_all/003217@30.028848577625,-90.4558909475388.jpg",1,41,251,491,115,532,366
"WSLP_all/003218@30.0283016859236,-90.4556315976182.jpg",2,0,133,636,266,636,399
"WSLP_all/003219@30.0279059525005,-90.4543166701714.jpg",1,114,204,380,167,494,371
"WSLP_all/003220@30.0268495859421,-90.4535548977169.jpg",1,142,216,314,137,456,353
"WSLP_all/003221@30.0257907565401,-90.4529765478487.jpg",1,41,208,494,192,535,400
"WSLP_all/003222@30.0255477154685,-90.4531730420327.jpg",1,72,246,391,161,463,407
"WSLP_all/003223@30.0249234857193,-90.454361796743.jpg",1,152,213,435,179,587,392
"WSLP_all/003224@30.0254760812806,-90.4555377431657.jpg",1,71,204,404,182,475,386
"WSLP_all/003225@30.0237352530467,-90.4635082930441.jpg",1,133,180,475,186,608,366
"WSLP_all/003226@30.0240671898814,-90.4629171775932.jpg",1,149,190,294,174,443,364
"WSLP_all/003227@30.0246624148399,-90.46210830191.jpg",1,112,231,392,144,504,375
"WSLP_all/003228@30.0251093652551,-90.4612710716028.jpg",1,67,167,389,200,456,367
"WSLP_all/003229@30.0252337794104,-90.4610981351575.jpg",1,39,180,417,201,456,381
"WSLP_all/003230@30.0254465288516,-90.4607440138628.jpg",1,162,175,388,196,550,371
"WSLP_all/003231@30.0256182972956,-90.4605423479768.jpg",1,99,223,342,126,441,349
"WSLP_all/003232@30.026426218482,-90.4606181037312.jpg",1,149,204,464,209,613,413
"WSLP_all/003233@30.026783874393,-90.4603245214551.jpg",1,80,246,336,163,416,409
"WSLP_all/003234@30.0266600715299,-90.4601166226282.jpg",1,49,258,314,150,363,408
"WSLP_all/003235@30.0265614659816,-90.4599723072268.jpg",1,137,247,254,136,391,383
"WSLP_all/003236@30.0263181512743,-90.459776644436.jpg",1,17,231,328,138,345,369
"WSLP_all/003237@30.0266515136429,-90.4581233222768.jpg",1,92,226,504,158,596,384
"WSLP_all/003238@30.071499862855,-90.7045225173503.jpg",1,0,258,455,141,455,399
"WSLP_all/003239@30.0714812462799,-90.7050816289738.jpg",3,259,294,308,115,567,409
"WSLP_all/003240@30.0681805895227,-90.703212014729.jpg",1,192,299,199,81,391,380
"WSLP_all/003241@30.0675803503414,-90.7026875666885.jpg",3,194,248,341,180,535,428
"WSLP_all/003242@30.0525318715629,-90.7235238514488.jpg",6,189,256,249,109,438,365
"WSLP_all/003243@30.0504832857318,-90.7543591210934.jpg",1,153,261,203,106,356,367
"WSLP_all/003244@30.0520258149002,-90.7530379022451.jpg",5,117,221,282,169,399,390
"WSLP_all/003245@30.0524715516861,-90.7552620335603.jpg",6,199,279,315,101,514,380
"WSLP_all/003246@30.0579470479622,-90.7545224416233.jpg",5,241,263,135,100,376,363
"WSLP_all/003247@30.0609544300288,-90.7526138780794.jpg",1,33,228,450,153,483,381
"WSLP_all/003248@30.0614203511856,-90.7543110816839.jpg",2,242,264,399,154,641,418
"WSLP_all/003249@30.0618211349029,-90.7534665359363.jpg",3,80,275,442,114,522,389
"WSLP_all/003250@30.0629994545134,-90.7526226381062.jpg",3,0,256,442,167,442,423
"WSLP_all/003251@30.0425272664018,-90.7605084952763.jpg",6,183,261,287,123,470,384
"WSLP_all/003252@30.0434844698737,-90.768579862861.jpg",6,201,248,232,146,433,394
"WSLP_all/003253@30.0437828722613,-90.7693159031547.jpg",6,178,261,262,107,440,368
"WSLP_all/003254@30.0440987493044,-90.7741536146901.jpg",6,192,265,255,106,447,371
"WSLP_all/003255@30.0229868610452,-90.4674576258465.jpg",1,152,198,418,190,570,388
"WSLP_all/003256@30.0244331233482,-90.4641755290215.jpg",1,45,204,448,197,493,401
"WSLP_all/003257@30.0244691169258,-90.4622359210153.jpg",1,149,209,383,148,532,357
"WSLP_all/003258@30.0243589113409,-90.4624452292915.jpg",2,0,212,475,191,475,403
"WSLP_all/003259@30.0249284366649,-90.4620956760707.jpg",1,153,227,315,149,468,376
"WSLP_all/003260@30.024841859008,-90.4627134764213.jpg",1,22,228,428,195,450,423
"WSLP_all/003261@30.0252494132246,-90.4631827369309.jpg",1,72,222,460,178,532,400
"WSLP_all/003262@30.0255185536868,-90.4627556655506.jpg",1,160,233,389,190,549,423
"WSLP_all/003263@30.0255579217324,-90.4634364903321.jpg",4,229,273,246,100,475,373
"WSLP_all/003264@30.0258206602103,-90.4630976108579.jpg",1,253,236,388,150,641,386
"WSLP_all/003265@30.0265539134603,-90.4632594900359.jpg",3,72,206,473,176,545,382
"WSLP_all/003266@30.026413097878,-90.4630523690216.jpg",1,129,233,396,163,525,396
"WSLP_all/003267@30.0266196207421,-90.462649887692.jpg",1,116,228,439,168,555,396
"WSLP_all/003268@30.0262659590141,-90.4629494624623.jpg",1,20,253,438,143,458,396
"WSLP_all/003269@30.0260905420318,-90.4627827156781.jpg",1,111,199,383,171,494,370
"WSLP_all/003270@30.0260229431851,-90.4620540683796.jpg",1,211,266,344,143,555,409
"WSLP_all/003271@30.025860989252,-90.4618150596561.jpg",1,114,202,373,207,487,409
"WSLP_all/003272@30.0251779745348,-90.4618691259967.jpg",1,122,241,356,144,478,385
"WSLP_all/003273@30.0253250922023,-90.4609222334211.jpg",1,136,215,426,183,562,398
"WSLP_all/003274@30.0257839288093,-90.4611699881828.jpg",2,0,221,493,200,493,421
"WSLP_all/003275@30.0260598781719,-90.4607631063312.jpg",1,1,176,414,214,415,390
"WSLP_all/003276@30.026452263801,-90.461332673863.jpg",1,0,206,381,184,381,390
"WSLP_all/003277@30.0266290551989,-90.461457503368.jpg",4,293,271,140,85,433,356
"WSLP_all/003278@30.0265515850357,-90.46193849485.jpg",1,185,239,350,162,535,401
"WSLP_all/003279@30.0267616003558,-90.461540625998.jpg",2,0,205,357,194,357,399
"WSLP_all/003280@30.0273637899834,-90.4627908763882.jpg",1,141,251,372,162,513,413
"WSLP_all/003281@30.0275879614449,-90.4623170366642.jpg",1,104,238,337,158,441,396
"WSLP_all/003282@30.02779063538,-90.461919228645.jpg",1,112,251,355,152,467,403
"WSLP_all/003283@30.0272739983458,-90.4614097383554.jpg",1,271,193,358,215,629,408
"WSLP_all/003284@30.0274728432152,-90.4615428137552.jpg",1,164,193,418,200,582,393
"WSLP_all/003285@30.0271262958733,-90.4612509347205.jpg",1,290,224,351,171,641,395
"WSLP_all/003286@30.0272113842181,-90.4608119986972.jpg",1,50,236,415,173,465,409
"WSLP_all/003287@30.0270849528518,-90.4605434776045.jpg",1,34,182,333,212,367,394
"WSLP_all/003288@30.0266473698291,-90.4609012157277.jpg",2,282,223,359,178,641,401
"WSLP_all/003289@30.0269079657432,-90.4603933372969.jpg",1,32,204,291,186,323,390
"WSLP_all/003290@30.0260923431151,-90.4601308541702.jpg",5,194,258,138,101,332,359
"WSLP_all/003291@30.0229645979312,-90.4605284763755.jpg",2,0,258,508,198,508,456
"WSLP_all/003292@30.0146134919631,-90.4650720444888.jpg",1,190,202,372,188,562,390
"WSLP_all/003293@30.0167222025873,-90.4627716962176.jpg",1,126,231,376,157,502,388
"WSLP_all/003295@30.023467991694,-90.4551764334377.jpg",1,147,253,284,127,431,380
"WSLP_all/003296@30.0258536555258,-90.4536487250151.jpg",1,100,221,435,175,535,396
"WSLP_all/003297@30.0279657936106,-90.4594447023474.jpg",1,91,226,429,154,520,380
"WSLP_all/003298@30.0291785444947,-90.456387617283.jpg",1,313,280,157,91,470,371
"WSLP_all/003299@30.0570267754505,-90.5514529168611.jpg",1,141,226,500,206,641,432
"WSLP_all/003300@30.0587979030748,-90.551337866446.jpg",1,31,270,269,156,300,426
"WSLP_all/003301@30.0578965517247,-90.5514618999842.jpg",1,244,315,167,85,411,400
"WSLP_all/003302@30.0544009667215,-90.5509519420558.jpg",2,0,233,637,326,637,559
"WSLP_all/003303@30.0571144024835,-90.5510065110188.jpg",3,0,261,609,178,609,439
"WSLP_all/003304@30.0566998185568,-90.5510129259643.jpg",2,168,256,473,206,641,462
"WSLP_all/003305@30.0557268010595,-90.5510110792888.jpg",1,20,248,621,176,641,424
"WSLP_all/003306@30.0561117633828,-90.5506287277658.jpg",2,0,246,636,191,636,437
"WSLP_all/003307@30.0553268021707,-90.5505843133854.jpg",3,0,246,562,182,562,428
"WSLP_all/003308@30.0548259230537,-90.550594568646.jpg",2,0,261,594,183,594,444
"WSLP_all/003309@30.0550875396574,-90.5505893532608.jpg",2,0,248,599,211,599,459
"WSLP_all/003310@30.0564554871023,-90.5506228666379.jpg",2,0,253,641,189,641,442
"WSLP_all/003311@30.0609906919487,-90.4425734330885.jpg",1,91,261,392,138,483,399
"WSLP_all/003312@30.061538273508,-90.4425084751871.jpg",1,164,223,393,168,557,391
"WSLP_all/003313@30.0706729674798,-90.5455254413948.jpg",1,87,227,364,195,451,422
"WSLP_all/003314@30.0703931992442,-90.5455118451406.jpg",5,136,222,353,174,489,396
"WSLP_all/003315@30.0610490749678,-90.4423136877361.jpg",1,102,256,340,134,442,390
"WSLP_all/003316@30.0702536029612,-90.545500302465.jpg",3,107,238,365,177,472,415
"WSLP_all/003317@30.0701141325375,-90.545523535658.jpg",1,142,241,404,167,546,408
"WSLP_all/003318@30.0598223665891,-90.4421602688203.jpg",1,124,212,460,164,584,376
"WSLP_all/003319@30.0705421598875,-90.5455075061087.jpg",1,82,215,412,195,494,410
"WSLP_all/003320@30.0698383203756,-90.5454909390856.jpg",1,119,237,421,184,540,421
"WSLP_all/003321@30.0603875307846,-90.4420603785279.jpg",1,92,281,343,127,435,408
"WSLP_all/003322@30.0699793465542,-90.5455024703971.jpg",3,25,254,447,143,472,397
"WSLP_all/003323@30.0571812523831,-90.5503864059975.jpg",1,80,276,405,137,485,413
"WSLP_all/003324@30.0695658395471,-90.545477285435.jpg",1,119,234,410,177,529,411
"WSLP_all/003325@30.0697015716865,-90.5455141506806.jpg",5,156,251,333,183,489,434
"WSLP_all/003326@30.0612110324835,-90.441828564806.jpg",1,75,229,363,167,438,396
"WSLP_all/003327@30.0692941964776,-90.5454889172694.jpg",1,107,223,463,173,570,396
"WSLP_all/003328@30.0617334296472,-90.4417764730785.jpg",1,211,238,387,144,598,382
"WSLP_all/003329@30.0694318470354,-90.5454878291646.jpg",1,128,238,345,173,473,411
"WSLP_all/003330@30.0688772090552,-90.5455301513576.jpg",1,90,231,442,178,532,409
"WSLP_all/003331@30.0612574893391,-90.4416068593365.jpg",1,62,248,384,136,446,384
"WSLP_all/003332@30.0690163640767,-90.5454816289931.jpg",1,116,208,450,195,566,403
"WSLP_all/003333@30.0604926014989,-90.4416010573131.jpg",1,77,237,423,175,500,412
"WSLP_all/003334@30.0691513922105,-90.5454742386122.jpg",1,107,209,429,200,536,409
"WSLP_all/003335@30.0686006510044,-90.5454785921742.jpg",1,102,234,416,184,518,418
"WSLP_all/003336@30.0618220302044,-90.4415449054978.jpg",1,190,239,354,123,544,362
"WSLP_all/003337@30.070410083465,-90.5451165181964.jpg",1,148,275,332,129,480,404
"WSLP_all/003338@30.0599957909714,-90.4414316343026.jpg",1,149,236,492,155,641,391
"WSLP_all/003339@30.0556863082233,-90.5487986427605.jpg",2,0,248,614,211,614,459
"WSLP_all/003340@30.070139042373,-90.5451091771665.jpg",1,139,261,355,148,494,409
"WSLP_all/003341@30.0564658187878,-90.5488557294905.jpg",2,0,198,636,239,636,437
"WSLP_all/003342@30.0706792355027,-90.5451207126578.jpg",5,242,290,120,95,362,385
"WSLP_all/003343@30.0613215070262,-90.441403965182.jpg",1,64,246,330,148,394,394
"WSLP_all/003344@30.0698612830349,-90.5451050508316.jpg",1,134,263,327,146,461,409
"WSLP_all/003345@30.0605575031247,-90.4413538993291.jpg",1,72,254,394,141,466,395
"WSLP_all/003346@30.0554544795282,-90.5488004673688.jpg",1,33,274,455,180,488,454
"WSLP_all/003347@30.0705485585449,-90.5451154230441.jpg",1,149,266,296,143,445,409
"WSLP_all/003348@30.0618786663746,-90.4412630439623.jpg",3,245,241,295,149,540,390
"WSLP_all/003349@30.0702705232631,-90.5451018142518.jpg",1,178,276,297,137,475,413
"WSLP_all/003350@30.0553021898589,-90.5487953438409.jpg",2,0,253,492,174,492,427
"WSLP_all/003351@30.0699866961975,-90.5450945743942.jpg",1,158,261,290,139,448,400
"WSLP_all/003352@30.0600610403255,-90.4411749895908.jpg",1,131,226,431,168,562,394
"WSLP_all/003353@30.0586997435254,-90.5486389945315.jpg",6,189,275,252,111,441,386
"WSLP_all/003354@30.0694468791617,-90.5450861976588.jpg",1,147,253,494,141,641,394
"WSLP_all/003355@30.0697217868996,-90.5450871849594.jpg",1,175,269,273,155,448,424
"WSLP_all/003356@30.0693151764171,-90.5450840777732.jpg",3,165,278,303,126,468,404
"WSLP_all/003357@30.0690382777052,-90.5450767832393.jpg",1,147,270,331,148,478,418
"WSLP_all/003358@30.0695879479336,-90.5450819204483.jpg",1,134,259,445,164,579,423
"WSLP_all/003359@30.0619234696232,-90.4410287063732.jpg",1,185,195,409,202,594,397
"WSLP_all/003360@30.0687650010253,-90.5450726215866.jpg",1,158,256,325,155,483,411
"WSLP_all/003361@30.0688979118297,-90.5450652474161.jpg",1,151,253,351,164,502,417
"WSLP_all/003362@30.0614527097811,-90.4408527279682.jpg",1,82,258,366,146,448,404
"WSLP_all/003363@30.0691730298492,-90.5450599099898.jpg",1,133,246,372,158,505,404
"WSLP_all/003364@30.0606786325932,-90.4408501752538.jpg",1,41,234,390,162,431,396
"WSLP_all/003365@30.0684850108114,-90.5450495441826.jpg",1,156,243,342,167,498,410
"WSLP_all/003366@30.0683550853086,-90.5450410873604.jpg",1,148,268,299,134,447,402
"WSLP_all/003367@30.0686243531156,-90.5450231502361.jpg",1,156,254,334,157,490,411
"WSLP_all/003368@30.0607472596916,-90.4406377556994.jpg",1,87,251,341,139,428,390
"WSLP_all/003369@30.0682139317925,-90.545035880836.jpg",1,166,239,391,167,557,406
"WSLP_all/003370@30.0620766290512,-90.4405973979018.jpg",1,225,239,342,146,567,385
"WSLP_all/003371@30.0615667014999,-90.4403996431746.jpg",1,67,239,401,141,468,380
"WSLP_all/003372@30.0639246477071,-90.5449085764884.jpg",1,144,248,349,178,493,426
"WSLP_all/003373@30.0637802615968,-90.5449192025994.jpg",1,85,241,360,157,445,398
"WSLP_all/003374@30.0633783147908,-90.5449097367572.jpg",1,90,226,420,184,510,410
"WSLP_all/003375@30.0635056540639,-90.5449087294823.jpg",1,91,228,422,181,513,409
"WSLP_all/003376@30.0632396241061,-90.5448887046353.jpg",1,127,216,363,182,490,398
"WSLP_all/003377@30.0608600944655,-90.4401277815846.jpg",1,91,251,350,153,441,404
"WSLP_all/003378@30.0636446129771,-90.5448918236661.jpg",1,128,243,295,161,423,404
"WSLP_all/003379@30.0629667864882,-90.5448845402651.jpg",1,134,248,445,161,579,409
"WSLP_all/003380@30.063117304438,-90.5448738656848.jpg",1,142,236,263,159,405,395
"WSLP_all/003381@30.0609563545761,-90.4398866631387.jpg",1,97,239,383,156,480,395
"WSLP_all/003382@30.0650364096027,-90.5449313958087.jpg",1,152,254,368,164,520,418
"WSLP_all/003383@30.0648910132289,-90.5449293845384.jpg",1,149,239,326,160,475,399
"WSLP_all/003384@30.064750896153,-90.5449273315142.jpg",1,137,241,336,156,473,397
"WSLP_all/003385@30.0609974067516,-90.4396428779596.jpg",1,50,238,363,134,413,372
"WSLP_all/003386@30.064614032203,-90.5449220914074.jpg",1,149,263,286,162,435,425
"WSLP_all/003387@30.0644754929057,-90.5449263486213.jpg",1,134,251,324,158,458,409
"WSLP_all/003388@30.0623254429214,-90.4395803885743.jpg",1,149,231,490,141,639,372
"WSLP_all/003389@30.0643253485997,-90.5449212135795.jpg",1,104,261,349,141,453,402
"WSLP_all/003390@30.0618005407111,-90.4394333534539.jpg",1,52,253,369,158,421,411
"WSLP_all/003391@30.0642078787928,-90.5449126587498.jpg",1,132,239,362,178,494,417
"WSLP_all/003392@30.0588944912171,-90.5483118594758.jpg",2,0,256,565,159,565,415
"WSLP_all/003393@30.0640735994501,-90.5449073982467.jpg",1,164,266,309,138,473,404
"WSLP_all/003394@30.0654172760978,-90.5453931071889.jpg",1,164,236,346,169,510,405
"WSLP_all/003395@30.0659718407457,-90.5453982072658.jpg",1,92,204,386,216,478,420
"WSLP_all/003396@30.0661094428135,-90.5453844738435.jpg",1,102,209,416,187,518,396
"WSLP_all/003397@30.0584916670187,-90.5482612922338.jpg",2,0,274,635,173,635,447
"WSLP_all/003398@30.0658298501867,-90.5453772000058.jpg",1,144,206,366,203,510,409
"WSLP_all/003399@30.0624249746895,-90.4390800084287.jpg",3,142,248,420,143,562,391
"WSLP_all/003400@30.0652841193811,-90.5453593836706.jpg",1,112,213,445,207,557,420
"WSLP_all/003401@30.0611717797413,-90.4389142207979.jpg",3,85,261,341,143,426,404
"WSLP_all/003402@30.0580844286785,-90.548236049353.jpg",2,0,243,569,189,569,432
"WSLP_all/003403@30.0655585732549,-90.5453856673955.jpg",1,117,204,391,189,508,393
"WSLP_all/003404@30.0661197537823,-90.5449797316467.jpg",3,137,261,448,203,585,464
"WSLP_all/003405@30.0659841275973,-90.5449744816059.jpg",1,149,278,368,135,517,413
"WSLP_all/003406@30.0655734429621,-90.5449524389022.jpg",1,169,285,271,152,440,437
"WSLP_all/003407@30.0620165094232,-90.4386790273745.jpg",1,62,253,438,132,500,385
"WSLP_all/003408@30.0653065524414,-90.5449355817088.jpg",1,194,268,234,152,428,420
"WSLP_all/003409@30.0612317730463,-90.4386860710118.jpg",1,67,256,401,136,468,392
"WSLP_all/003410@30.0657024528381,-90.5449640640061.jpg",1,106,261,421,133,527,394
"WSLP_all/003411@30.0658464644652,-90.5449597635066.jpg",1,132,263,326,153,458,416
"WSLP_all/003412@30.0654431601419,-90.5449439852793.jpg",1,177,268,286,149,463,417
"WSLP_all/003413@30.0651687585807,-90.5449082193037.jpg",1,169,271,281,138,450,409
"WSLP_all/003414@30.0668159602575,-90.5454073411794.jpg",1,129,233,380,175,509,408
"WSLP_all/003415@30.0666731387059,-90.5453989859822.jpg",1,138,246,382,172,520,418
"WSLP_all/003416@30.0613593545283,-90.4382107337188.jpg",1,75,265,423,129,498,394
"WSLP_all/003417@30.0663993116216,-90.5453948278953.jpg",1,122,242,463,188,585,430
"WSLP_all/003418@30.0621363035009,-90.4382069175646.jpg",1,80,246,418,142,498,388
"WSLP_all/003419@30.067787756676,-90.5454534033822.jpg",1,109,226,458,181,567,407
"WSLP_all/003420@30.0559693050729,-90.5481863257654.jpg",2,5,259,636,193,641,452
"WSLP_all/003421@30.067500981961,-90.5454683161351.jpg",1,204,228,276,180,480,408
"WSLP_all/003422@30.0627066387007,-90.4381480531841.jpg",1,169,224,383,139,552,363
"WSLP_all/003423@30.0595857063469,-90.5479081039673.jpg",1,44,194,582,277,626,471
"WSLP_all/003424@30.0679223651906,-90.5454586622139.jpg",1,197,218,328,180,525,398
"WSLP_all/003425@30.0680498110496,-90.5454386859633.jpg",1,149,228,393,171,542,399
"WSLP_all/003426@30.0614378387352,-90.4379602869948.jpg",1,90,246,452,135,542,381
"WSLP_all/003427@30.06765335016,-90.545454465872.jpg",1,170,241,377,170,547,411
"WSLP_all/003428@30.0665414629673,-90.5453968655283.jpg",1,96,226,372,187,468,413
"WSLP_all/003429@30.0621984371541,-90.4378933897476.jpg",1,0,243,475,168,475,411
"WSLP_all/003430@30.0669790642322,-90.5450045490286.jpg",1,171,256,374,160,545,416
"WSLP_all/003431@30.0596269105113,-90.5482744791767.jpg",2,0,248,628,203,628,451
"WSLP_all/003432@30.0667000003868,-90.5449846263233.jpg",1,166,265,302,143,468,408
"WSLP_all/003433@30.0673821173649,-90.5450519441653.jpg",1,129,248,346,184,475,432
"WSLP_all/003434@30.0679367648348,-90.545057041788.jpg",1,132,236,343,171,475,407
"WSLP_all/003435@30.0672364579382,-90.5450151589246.jpg",1,170,256,330,137,500,393
"WSLP_all/003436@30.0677944784814,-90.5450233911129.jpg",1,136,253,314,166,450,419
"WSLP_all/003437@30.0680766457849,-90.5450243208058.jpg",1,144,242,298,158,442,400
"WSLP_all/003438@30.0675236023525,-90.5450160492231.jpg",1,156,246,347,160,503,406
"WSLP_all/003439@30.0676659450125,-90.5450086004679.jpg",1,161,256,349,181,510,437
"WSLP_all/003440@30.0581448680649,-90.5479036515234.jpg",1,19,218,622,226,641,444
"WSLP_all/003441@30.0671121401646,-90.5449971735937.jpg",1,169,258,329,158,498,416
"WSLP_all/003442@30.0590447660585,-90.5478175310707.jpg",1,51,238,490,194,541,432
"WSLP_all/003443@30.0668304671845,-90.5449962400764.jpg",1,133,253,355,157,488,410
"WSLP_all/003444@30.0606537721932,-90.4372086287332.jpg",3,131,204,434,191,565,395
"WSLP_all/003445@30.0622284011926,-90.4373904725256.jpg",1,162,263,306,134,468,397
"WSLP_all/003446@30.0570892446946,-90.5478740360283.jpg",1,90,253,505,186,595,439
"WSLP_all/003447@30.0597349356031,-90.4372010833422.jpg",1,185,156,349,244,534,400
"WSLP_all/003448@30.0547918454708,-90.5477941465501.jpg",2,14,208,627,224,641,432
"WSLP_all/003449@30.0568121451872,-90.5478698973256.jpg",2,0,232,641,244,641,476
"WSLP_all/003450@30.060199825899,-90.4372411610569.jpg",3,117,213,356,174,473,387
"WSLP_all/003451@30.0585368571922,-90.5478847569432.jpg",2,0,142,641,339,641,481
"WSLP_all/003452@30.0577922177457,-90.5478558520695.jpg",1,57,219,584,220,641,439
"WSLP_all/003453@30.0622641484581,-90.4371720212883.jpg",1,0,228,638,210,638,438
"WSLP_all/003454@30.0542369690808,-90.5476815612764.jpg",1,74,258,458,131,532,389
"WSLP_all/003455@30.0605220434215,-90.4366534323735.jpg",1,124,256,309,114,433,370
"WSLP_all/003456@30.0607285536595,-90.4366326070646.jpg",2,167,146,474,268,641,414
"WSLP_all/003457@30.0592349444697,-90.4366460437967.jpg",1,106,241,351,144,457,385
"WSLP_all/003458@30.0598837847941,-90.4366433680095.jpg",1,119,223,339,162,458,385
"WSLP_all/003459@30.0611083065473,-90.4366481582852.jpg",2,0,256,473,139,473,395
"WSLP_all/003460@30.0594788766202,-90.4365679802173.jpg",3,178,236,342,154,520,390
"WSLP_all/003461@30.0600940257623,-90.4366130255472.jpg",3,192,261,193,110,385,371
"WSLP_all/003462@30.0590364075678,-90.4365940894196.jpg",3,151,246,305,136,456,382
"WSLP_all/003463@30.0614871522214,-90.4365910083784.jpg",3,186,212,309,152,495,364
"WSLP_all/003464@30.0621419294561,-90.4366040852534.jpg",3,75,221,503,148,578,369
"WSLP_all/003465@30.061161744356,-90.4359869714358.jpg",2,0,221,545,177,545,398
"WSLP_all/003466@30.063606568359,-90.4360313488859.jpg",1,162,204,415,181,577,385
"WSLP_all/003467@30.0622729772375,-90.4359927736303.jpg",1,147,224,398,150,545,374
"WSLP_all/003468@30.0616080728061,-90.4360714691211.jpg",1,204,256,284,130,488,386
"WSLP_all/003469@30.0614021623687,-90.4359784834052.jpg",1,154,265,350,124,504,389
"WSLP_all/003470@30.0601603298966,-90.4360402441945.jpg",3,19,216,350,179,369,395
"WSLP_all/003471@30.059900128023,-90.4359540711402.jpg",3,212,243,325,137,537,380
"WSLP_all/003472@30.0592568316593,-90.435947217879.jpg",1,173,246,377,139,550,385
"WSLP_all/003473@30.0633836009912,-90.4354611527852.jpg",1,102,241,383,139,485,380
"WSLP_all/003474@30.0627209965849,-90.4354576377194.jpg",1,95,242,437,148,532,390
"WSLP_all/003475@30.0605836768692,-90.4354073422887.jpg",1,84,256,317,119,401,375
"WSLP_all/003476@30.0629539670014,-90.4354618617077.jpg",1,109,218,400,188,509,406
"WSLP_all/003477@30.0616345624936,-90.4353947139324.jpg",3,82,201,467,184,549,385
"WSLP_all/003478@30.0622895640449,-90.4354204261653.jpg",1,112,238,321,148,433,386
"WSLP_all/003479@30.0624948581946,-90.4354470285474.jpg",1,80,195,390,190,470,385
"WSLP_all/003480@30.0590834744847,-90.546318823613.jpg",6,175,261,250,83,425,344
"WSLP_all/003481@30.0603666982188,-90.4354092969509.jpg",1,67,244,334,139,401,383
"WSLP_all/003482@30.0599094703599,-90.4353881260505.jpg",3,129,237,289,160,418,397
"WSLP_all/003483@30.0618553969057,-90.4353895631868.jpg",1,71,199,376,178,447,377
"WSLP_all/003484@30.0613817851559,-90.4353811847668.jpg",1,114,213,346,172,460,385
"WSLP_all/003485@30.072135815502,-90.5463928032946.jpg",1,72,251,469,187,541,438
"WSLP_all/003486@30.0717003883674,-90.5463393319221.jpg",2,0,229,579,225,579,454
"WSLP_all/003487@30.0719669113643,-90.5463498736769.jpg",3,28,256,492,188,520,444
"WSLP_all/003488@30.0587220348334,-90.4353577276835.jpg",1,62,239,411,178,473,417
"WSLP_all/003489@30.0714451409686,-90.5463381859017.jpg",2,0,253,505,202,505,455
"WSLP_all/003490@30.0589795348623,-90.4353459242895.jpg",1,60,194,391,223,451,417
"WSLP_all/003491@30.0724737883545,-90.5460044178304.jpg",1,119,228,420,204,539,432
"WSLP_all/003492@30.0721083086963,-90.5459725275487.jpg",3,104,264,384,175,488,439
"WSLP_all/003493@30.0723093914129,-90.5460025549491.jpg",3,114,249,457,205,571,454
"WSLP_all/003494@30.0718724619835,-90.545955421265.jpg",1,33,243,575,185,608,428
"WSLP_all/003495@30.073932216761,-90.5464039118929.jpg",2,59,239,582,238,641,477
"WSLP_all/003496@30.0620697713652,-90.4347838230772.jpg",1,185,243,304,142,489,385
"WSLP_all/003497@30.0734604586822,-90.5464139601564.jpg",2,0,219,636,211,636,430
"WSLP_all/003498@30.0608022603416,-90.4347857657178.jpg",2,129,143,512,269,641,412
"WSLP_all/003499@30.0731220926734,-90.5463913388406.jpg",2,0,233,628,222,628,455
"WSLP_all/003500@30.0611846920465,-90.4347949632282.jpg",2,0,238,584,179,584,417
"WSLP_all/003501@30.0728869803341,-90.5463773872116.jpg",1,33,300,564,119,597,419
"WSLP_all/003503@30.0740277455216,-90.5460585362585.jpg",3,108,265,415,143,523,408
"WSLP_all/003504@30.0618497248114,-90.4347794842024.jpg",1,142,284,331,82,473,366
"WSLP_all/003505@30.073841899623,-90.5460473577503.jpg",1,140,290,387,120,527,410
"WSLP_all/003506@30.0631712063585,-90.4347802162409.jpg",1,149,273,373,96,522,369
"WSLP_all/003507@30.0736703803657,-90.5460455510362.jpg",1,135,292,387,118,522,410
"WSLP_all/003508@30.0590763064079,-90.4346811989184.jpg",1,141,260,335,92,476,352
"WSLP_all/003509@30.0734981023025,-90.5460500735973.jpg",1,59,293,450,112,509,405
"WSLP_all/003510@30.0733418437083,-90.5460386614353.jpg",1,109,266,470,132,579,398
"WSLP_all/003511@30.0586158986529,-90.4347138004942.jpg",1,157,264,303,99,460,363
"WSLP_all/003512@30.0731595498543,-90.5460053235944.jpg",1,126,282,400,122,526,404
"WSLP_all/003513@30.0439880454655,-90.4704417591353.jpg",1,56,294,373,116,429,410
"WSLP_all/003514@30.0595210485204,-90.4347182850494.jpg",3,142,247,340,124,482,371
"WSLP_all/003515@30.0729817394446,-90.5459814353177.jpg",3,36,298,458,100,494,398
"WSLP_all/003516@30.0627311838956,-90.4342056607489.jpg",1,150,247,312,118,462,365
"WSLP_all/003517@30.0735324439239,-90.5456261417197.jpg",1,141,281,371,111,512,392
"WSLP_all/003518@30.061857600948,-90.4342008959503.jpg",1,149,253,336,105,485,358
"WSLP_all/003519@30.0736948302307,-90.5456090500323.jpg",1,152,272,361,121,513,393
"WSLP_all/003520@30.07287677467,-90.5455807380721.jpg",1,129,270,395,121,524,391
"WSLP_all/003521@30.074033166697,-90.5456221840932.jpg",1,92,280,403,107,495,387
"WSLP_all/003522@30.0738579656996,-90.545629892154.jpg",1,171,297,336,101,507,398
"WSLP_all/003523@30.0614379988419,-90.4341888746879.jpg",1,175,244,339,117,514,361
"WSLP_all/003524@30.073198796936,-90.5455971625063.jpg",1,137,280,389,113,526,393
"WSLP_all/003525@30.0586402887653,-90.4341414044078.jpg",2,185,257,348,122,533,379
"WSLP_all/003526@30.0733679804604,-90.5456084718019.jpg",1,145,262,374,133,519,395
"WSLP_all/003527@30.0730191772991,-90.5456017438488.jpg",1,250,276,316,113,566,389
"WSLP_all/003528@30.0622824747692,-90.4341875793245.jpg",2,150,255,346,113,496,368
"WSLP_all/003529@30.0738637551695,-90.5452093460306.jpg",1,126,277,341,107,467,384
"WSLP_all/003530@30.0608025146017,-90.4341218983515.jpg",1,90,233,497,137,587,370
"WSLP_all/003531@30.0730467820453,-90.545187351989.jpg",1,118,290,290,97,408,387
"WSLP_all/003532@30.0737043920717,-90.5452169295595.jpg",1,92,270,356,113,448,383
"WSLP_all/003533@30.0740315160735,-90.5452175043391.jpg",1,153,284,340,107,493,391
"WSLP_all/003534@30.0612122531786,-90.4341592984017.jpg",3,3,279,389,104,392,383
"WSLP_all/003535@30.0735382333821,-90.5452055969697.jpg",1,147,282,321,108,468,390
"WSLP_all/003536@30.0733771742943,-90.5452100322579.jpg",1,119,289,355,104,474,393
"WSLP_all/003537@30.0728817002921,-90.5451949807143.jpg",1,121,286,335,91,456,377
"WSLP_all/003539@30.0608252411922,-90.4335558270738.jpg",2,89,201,552,192,641,393
"WSLP_all/003540@30.0599380778528,-90.4335195783497.jpg",1,222,212,273,144,495,356
"WSLP_all/003541@30.0597367351097,-90.4335119122856.jpg",1,187,276,342,84,529,360
"WSLP_all/003542@30.0613059971832,-90.4330804563956.jpg",2,63,214,578,178,641,392
"WSLP_all/003543@30.0607680973846,-90.4330284120508.jpg",1,9,128,567,266,576,394
"WSLP_all/003544@30.072647911759,-90.54638243655.jpg",1,59,298,449,133,508,431
"WSLP_all/003545@30.0727895752396,-90.5460082463654.jpg",1,8,281,397,140,405,421
"WSLP_all/003546@30.0612942557816,-90.4327707566284.jpg",1,3,270,353,87,356,357
"WSLP_all/003547@30.0725364703685,-90.5455834278928.jpg",1,178,292,349,106,527,398
"WSLP_all/003548@30.0722149450167,-90.5455764844743.jpg",1,143,291,345,113,488,404
"WSLP_all/003549@30.0720479806672,-90.545568319414.jpg",2,120,249,453,163,573,412
"WSLP_all/003550@30.0718743703229,-90.545557045327.jpg",1,190,252,333,137,523,389
"WSLP_all/003551@30.07270661391,-90.5455852446651.jpg",1,165,276,361,117,526,393
"WSLP_all/003552@30.0723734934661,-90.5455752312769.jpg",1,150,289,357,115,507,404
"WSLP_all/003553@30.0597784195904,-90.4319467263863.jpg",1,157,230,414,137,571,367
"WSLP_all/003554@30.0717182775129,-90.5455551175558.jpg",1,150,267,358,131,508,398
"WSLP_all/003555@30.0714204818805,-90.5455479867162.jpg",1,132,313,353,128,485,441
"WSLP_all/003556@30.071564127077,-90.5455468512852.jpg",1,109,279,404,127,513,406
"WSLP_all/003557@30.0727135704435,-90.54518050223.jpg",1,126,298,315,99,441,397
"WSLP_all/003558@30.0717275937216,-90.5451724915397.jpg",3,120,296,401,167,521,463
"WSLP_all/003559@30.072548240594,-90.545188132903.jpg",1,101,288,375,109,476,397
"WSLP_all/003560@30.0718885772002,-90.5451554105167.jpg",3,114,305,294,96,408,401
"WSLP_all/003561@30.0720563661315,-90.5451635683515.jpg",3,95,316,363,93,458,409
"WSLP_all/003562@30.0723745734925,-90.5451673750647.jpg",1,101,298,335,103,436,401
"WSLP_all/003563@30.0715751818014,-90.5451515658052.jpg",1,138,300,316,101,454,401
"WSLP_all/003564@30.0714137843285,-90.5451591653403.jpg",1,138,316,292,86,430,402
"WSLP_all/003565@30.0727349597781,-90.5226253236733.jpg",1,119,272,356,112,475,384
"WSLP_all/003566@30.072863400759,-90.5226558950838.jpg",1,138,268,335,128,473,396
"WSLP_all/003567@30.0725750641527,-90.5225507456427.jpg",3,202,274,289,108,491,382
"WSLP_all/003569@30.0724599298978,-90.5224884490715.jpg",1,148,262,354,133,502,395
"WSLP_all/003570@30.0723462653276,-90.5224103336963.jpg",1,134,257,336,136,470,393
"WSLP_all/003571@30.0716814303889,-90.5223872889254.jpg",1,250,302,271,102,521,404
"WSLP_all/003572@30.0722131393658,-90.5223513464713.jpg",1,156,277,311,108,467,385
"WSLP_all/003573@30.072034635654,-90.5222958902742.jpg",1,180,264,280,120,460,384
"WSLP_all/003574@30.07299033742,-90.5222723047938.jpg",1,280,296,330,111,610,407
"WSLP_all/003575@30.0728368552819,-90.5222166446646.jpg",1,228,285,268,118,496,403
"WSLP_all/003576@30.0717017599007,-90.5222322058457.jpg",1,240,295,278,103,518,398
"WSLP_all/003577@30.0725668850568,-90.522079730899.jpg",1,234,298,256,95,490,393
"WSLP_all/003579@30.0727062250296,-90.5221386673932.jpg",1,223,301,259,95,482,396
"WSLP_all/003580@30.0724314926459,-90.5220144392177.jpg",3,205,303,293,108,498,411
"WSLP_all/003581@30.0730485295488,-90.5219114046253.jpg",1,162,305,279,85,441,390
"WSLP_all/003582@30.0722977053915,-90.5219238407769.jpg",1,167,301,277,97,444,398
"WSLP_all/003583@30.0720196279234,-90.5218280952953.jpg",2,65,287,340,103,405,390
"WSLP_all/003584@30.0716575169549,-90.5218753059284.jpg",1,256,308,237,85,493,393
"WSLP_all/003585@30.0729018952679,-90.5218335578994.jpg",2,227,279,211,108,438,387
"WSLP_all/003586@30.0721676929336,-90.5218837984771.jpg",1,201,301,282,85,483,386
"WSLP_all/003587@30.0726393441184,-90.5217092311185.jpg",1,104,266,291,101,395,367
"WSLP_all/003588@30.07278996581,-90.5217649136509.jpg",1,37,280,353,110,390,390
"WSLP_all/003589@30.0725258449554,-90.521608983862.jpg",2,79,292,375,95,454,387
"WSLP_all/003590@30.0716138825502,-90.5215057560712.jpg",1,167,275,360,108,527,383
"WSLP_all/003591@30.073024596565,-90.5214278695075.jpg",1,263,283,248,100,511,383
"WSLP_all/003592@30.072288130737,-90.5215034254423.jpg",4,227,265,311,206,538,471
"WSLP_all/003593@30.0719557692047,-90.5214207687103.jpg",1,27,279,301,102,328,381
"WSLP_all/003594@30.0723999654493,-90.52156574661.jpg",4,227,294,294,107,521,401
"WSLP_all/003595@30.0731677930574,-90.5215057447751.jpg",2,313,225,328,161,641,386
"WSLP_all/003596@30.0728927502979,-90.5213846808786.jpg",1,256,294,312,114,568,408
"WSLP_all/003597@30.0721330016633,-90.521457264062.jpg",4,271,312,250,116,521,428
"WSLP_all/003598@30.072757304145,-90.5212972590328.jpg",1,202,293,325,98,527,391
"WSLP_all/003599@30.0723987774773,-90.521123130235.jpg",4,186,285,223,99,409,384
"WSLP_all/003600@30.0726462464091,-90.5212317699958.jpg",4,132,287,231,98,363,385
"WSLP_all/003601@30.0725162124248,-90.5211569509115.jpg",4,123,250,452,143,575,393
"WSLP_all/003602@30.0722393177869,-90.5210390664992.jpg",1,266,289,313,95,579,384
"WSLP_all/003603@30.0718660518453,-90.5209852001244.jpg",3,129,314,473,104,602,418
"WSLP_all/003604@30.0717974404364,-90.5208687795665.jpg",1,201,301,268,91,469,392
"WSLP_all/003605@30.0721029115991,-90.5209832694991.jpg",4,134,280,296,138,430,418
"WSLP_all/003606@30.071750999845,-90.520726886747.jpg",1,145,277,352,118,497,395
"WSLP_all/003607@30.0450479414519,-90.4672054515375.jpg",6,152,147,391,326,543,473
"WSLP_all/003608@30.0413245950682,-90.466453961365.jpg",1,113,286,369,94,482,380
"WSLP_all/003609@30.0558352399512,-90.5500460978806.jpg",1,108,290,455,129,563,419
"WSLP_all/003610@30.0551022813878,-90.5500392132266.jpg",1,131,287,330,155,461,442
"WSLP_all/003611@30.0548846002647,-90.5500156353972.jpg",1,31,288,570,138,601,426
"WSLP_all/003612@30.0545977959783,-90.5500210502067.jpg",1,163,292,393,156,556,448
"WSLP_all/003613@30.0533547399818,-90.5499865642605.jpg",2,32,259,497,226,529,485
"WSLP_all/003614@30.0560173761178,-90.5491564015014.jpg",1,211,319,386,119,597,438
"WSLP_all/003615@30.0566645631459,-90.5500869975299.jpg",1,69,287,457,127,526,414
"WSLP_all/003616@30.0572482371146,-90.5500855723044.jpg",1,32,306,395,102,427,408
"WSLP_all/003618@30.0562515702013,-90.549154559102.jpg",1,138,309,305,96,443,405
"WSLP_all/003619@30.0562988993469,-90.5471532117312.jpg",2,11,284,589,153,600,437
"WSLP_all/003620@30.0557245776645,-90.5471229696169.jpg",1,40,292,475,126,515,418
"WSLP_all/003621@30.0568305466135,-90.547133213023.jpg",2,9,246,632,188,641,434
"WSLP_all/003622@30.0534104130995,-90.5470400697784.jpg",2,41,257,600,189,641,446
"WSLP_all/003623@30.054168746171,-90.5467464337831.jpg",2,210,271,431,165,641,436
"WSLP_all/003624@30.0555182412032,-90.5464987047666.jpg",2,37,248,604,236,641,484
"WSLP_all/003625@30.0562366850239,-90.5465246445288.jpg",4,198,273,381,190,579,463
"WSLP_all/003626@30.0534472247859,-90.5464676361028.jpg",1,7,292,611,159,618,451
"WSLP_all/003627@30.0570370376364,-90.5462591145092.jpg",4,53,294,431,154,484,448
"WSLP_all/003628@30.0551965321837,-90.5462357143842.jpg",2,97,313,544,234,641,547
"WSLP_all/003629@30.055903270926,-90.5462080062437.jpg",1,19,280,462,155,481,435
"WSLP_all/003630@30.0560835267792,-90.5462223882706.jpg",1,38,254,603,183,641,437
"WSLP_all/003631@30.0542813167244,-90.5462018476739.jpg",4,195,287,391,185,586,472
"WSLP_all/003632@30.0545810071193,-90.5461899980616.jpg",1,4,279,448,201,452,480
"WSLP_all/003633@30.0539806259459,-90.5461568067847.jpg",2,29,309,478,155,507,464
"WSLP_all/003634@30.0530156952496,-90.5461233338188.jpg",1,4,270,542,203,546,473
"WSLP_all/003635@30.0582222749012,-90.545927317011.jpg",1,53,275,587,145,640,420
"WSLP_all/003636@30.0598625373125,-90.545964939807.jpg",3,119,252,351,167,470,419
"WSLP_all/003637@30.0538323551525,-90.5458165871508.jpg",2,102,250,539,207,641,457
"WSLP_all/003638@30.0526993875412,-90.545724386531.jpg",2,32,282,609,154,641,436
"WSLP_all/003639@30.0545517289395,-90.5458140648856.jpg",2,92,276,549,197,641,473
"WSLP_all/003640@30.0527748433904,-90.5454393010914.jpg",1,6,279,635,222,641,501
"WSLP_all/003641@30.0526534122111,-90.5454212950226.jpg",1,120,290,367,197,487,487
"WSLP_all/003642@30.0525522818924,-90.5451470897054.jpg",3,188,294,277,163,465,457
"WSLP_all/003643@30.0547581282596,-90.5452339623298.jpg",6,175,314,238,137,413,451
"WSLP_all/003644@30.0594928990679,-90.5450447891749.jpg",1,2,280,590,140,592,420
"WSLP_all/003645@30.0591429368697,-90.5450191061968.jpg",1,15,259,596,167,611,426
"WSLP_all/003646@30.0589181081839,-90.5450050784238.jpg",1,65,292,432,136,497,428
"WSLP_all/003647@30.0607824538207,-90.5450883315954.jpg",2,10,271,466,145,476,416
"WSLP_all/003648@30.0580211973241,-90.5449742381238.jpg",2,76,286,565,134,641,420
"WSLP_all/003649@30.0602771500922,-90.5450575541951.jpg",6,220,315,362,111,582,426
"WSLP_all/003650@30.0564065830212,-90.5449079796001.jpg",1,127,284,375,143,502,427
"WSLP_all/003651@30.058678894634,-90.5450227761584.jpg",1,7,292,591,129,598,421
"WSLP_all/003652@30.0577166590995,-90.5449892912806.jpg",1,49,303,566,112,615,415
"WSLP_all/003653@30.0582946963546,-90.5449878807696.jpg",2,0,288,589,145,589,433
"WSLP_all/003654@30.0542839715236,-90.5448710307929.jpg",1,124,310,313,104,437,414
"WSLP_all/003655@30.0604615276028,-90.5447589399573.jpg",1,78,299,492,125,570,424
"WSLP_all/003656@30.0567761046792,-90.5449303467111.jpg",1,138,292,333,128,471,420
"WSLP_all/003657@30.057015787329,-90.544922128727.jpg",1,116,284,352,139,468,423
"WSLP_all/003658@30.0572331132679,-90.5449046031341.jpg",6,128,302,334,167,462,469
"WSLP_all/003659@30.0588376669401,-90.5446959186701.jpg",2,68,263,573,184,641,447
"WSLP_all/003660@30.0561523942497,-90.5448815403426.jpg",1,86,297,383,140,469,437
"WSLP_all/003661@30.059179135802,-90.5446900557978.jpg",2,141,305,500,130,641,435
"WSLP_all/003662@30.0556028607781,-90.5448764038392.jpg",1,48,320,367,135,415,455
"WSLP_all/003663@30.0558596191338,-90.5448680507541.jpg",1,103,292,343,140,446,432
"WSLP_all/003664@30.060925310884,-90.5447394645553.jpg",2,140,276,501,151,641,427
"WSLP_all/003665@30.0581282880354,-90.5446225024366.jpg",2,41,277,600,143,641,420
"WSLP_all/003666@30.0543277583972,-90.5446336072283.jpg",4,164,309,216,83,380,392
"WSLP_all/003667@30.0600728286292,-90.5447209193584.jpg",2,137,232,504,199,641,431
"WSLP_all/003668@30.0595494268399,-90.5447124155976.jpg",4,136,304,334,116,470,420
"WSLP_all/003669@30.0554010581304,-90.5445840211506.jpg",2,349,317,292,187,641,504
"WSLP_all/003671@30.0583462078959,-90.5446903235717.jpg",4,282,270,358,185,640,455
"WSLP_all/003672@30.0585717115364,-90.5446885393937.jpg",1,34,303,607,120,641,423
"WSLP_all/003673@30.0577583276823,-90.5446507188864.jpg",2,95,262,546,197,641,459
"WSLP_all/003674@30.0567696929944,-90.5447091188964.jpg",1,112,289,345,129,457,418
"WSLP_all/003675@30.0563893736401,-90.5446836779783.jpg",1,72,308,376,121,448,429
"WSLP_all/003677@30.0520230982614,-90.5388577960091.jpg",5,186,252,222,126,408,378
"WSLP_all/003678@30.0604961685353,-90.5444868005286.jpg",1,61,287,492,125,553,412
"WSLP_all/003679@30.0527897977259,-90.5391835885027.jpg",1,109,279,414,155,523,434
"WSLP_all/003681@30.0558562592813,-90.544646801867.jpg",1,59,295,353,135,412,430
"WSLP_all/003682@30.0545784996606,-90.5446031739711.jpg",1,271,317,365,124,636,441
"WSLP_all/003683@30.0561450813296,-90.5446476777334.jpg",1,13,283,403,154,416,437
"WSLP_all/003684@30.0555888476904,-90.544639434463.jpg",1,66,316,364,130,430,446
"WSLP_all/003685@30.0531257799619,-90.5389564813371.jpg",2,6,254,607,158,613,412
"WSLP_all/003687@30.0539598775133,-90.5446143908376.jpg",4,206,333,158,82,364,415
"WSLP_all/003688@30.0541650871565,-90.5445527076772.jpg",3,243,301,217,91,460,392
"WSLP_all/003689@30.054465293712,-90.5388478144496.jpg",2,130,288,504,187,634,475
"WSLP_all/003690@30.0598171101052,-90.5445079806921.jpg",1,172,315,228,104,400,419
"WSLP_all/003691@30.052677224176,-90.5383594689521.jpg",2,64,285,577,260,641,545
"WSLP_all/003692@30.0517772559077,-90.5382370471916.jpg",2,81,216,560,373,641,589
"WSLP_all/003693@30.052081388026,-90.5379817435713.jpg",3,76,276,415,173,491,449
"WSLP_all/003694@30.0535350732267,-90.5442321084405.jpg",1,98,285,456,141,554,426
"WSLP_all/003695@30.0523452671761,-90.5380049258848.jpg",3,50,282,451,144,501,426
"WSLP_all/003696@30.0606852981507,-90.5441691795576.jpg",3,1,304,529,149,530,453
"WSLP_all/003697@30.0587383675701,-90.5440802752259.jpg",3,126,265,372,157,498,422
"WSLP_all/003698@30.0608807650628,-90.5441613094958.jpg",1,96,284,424,158,520,442
"WSLP_all/003699@30.0585580213298,-90.5440785420597.jpg",1,86,275,460,137,546,412
"WSLP_all/003700@30.0576005154416,-90.5440450288844.jpg",3,107,301,422,139,529,440
"WSLP_all/003701@30.053201767146,-90.5438838755641.jpg",1,156,276,377,130,533,406
"WSLP_all/003702@30.0592528727888,-90.5438201442024.jpg",2,13,255,230,198,243,453
"WSLP_all/003703@30.0558906023665,-90.5439668970674.jpg",1,128,281,288,128,416,409
"WSLP_all/003704@30.0562743671578,-90.5439891467497.jpg",1,114,267,324,135,438,402
"WSLP_all/003705@30.0539798139176,-90.5368728812457.jpg",1,137,281,453,168,590,449
"WSLP_all/003706@30.0529855291718,-90.5438855880844.jpg",1,87,277,391,147,478,424
"WSLP_all/003707@30.0543790662206,-90.5369139456546.jpg",2,93,278,548,178,641,456
"WSLP_all/003708@30.0508838143312,-90.5367964680866.jpg",1,4,309,621,194,625,503
"WSLP_all/003709@30.0510777942908,-90.5368202055033.jpg",1,9,313,521,185,530,498
"WSLP_all/003710@30.0555620537351,-90.5437197733593.jpg",1,134,292,409,122,543,414
"WSLP_all/003711@30.0512370552936,-90.5368410594869.jpg",1,6,321,504,166,510,487
"WSLP_all/003712@30.0537464621788,-90.5368684237024.jpg",1,168,293,473,193,641,486
"WSLP_all/003713@30.0532679956499,-90.5367742557338.jpg",2,5,284,579,168,584,452
"WSLP_all/003714@30.0569950685221,-90.5436989382769.jpg",1,25,275,582,141,607,416
"WSLP_all/003715@30.0530085752972,-90.5367289139061.jpg",2,6,258,438,170,444,428
"WSLP_all/003717@30.0578751299962,-90.5434327528853.jpg",2,12,284,604,148,616,432
"WSLP_all/003718@30.0575337351001,-90.5434417805331.jpg",2,49,271,580,171,629,442
"WSLP_all/003719@30.0522392627752,-90.5364221251717.jpg",3,125,267,457,142,582,409
"WSLP_all/003720@30.0586679038334,-90.5427942348947.jpg",1,19,264,621,184,640,448
"WSLP_all/003721@30.054071306129,-90.5361008585275.jpg",1,150,296,253,95,403,391
"WSLP_all/003722@30.0545931799351,-90.5358248352624.jpg",1,106,281,478,113,584,394
"WSLP_all/003723@30.0542661233515,-90.5357357820485.jpg",1,122,265,437,144,559,409
"WSLP_all/003724@30.0540112881306,-90.5357030498623.jpg",4,169,301,211,118,380,419
"WSLP_all/003725@30.0538197331273,-90.5356666504548.jpg",4,189,263,387,158,576,421
"WSLP_all/003726@30.0536103575931,-90.5356209107695.jpg",1,2,292,533,131,535,423
"WSLP_all/003727@30.0533487087517,-90.5356071985849.jpg",2,103,281,538,164,641,445
"WSLP_all/003728@30.0546389302797,-90.5354103717992.jpg",1,40,292,491,124,531,416
"WSLP_all/003729@30.052632681891,-90.535508616411.jpg",1,165,281,271,92,436,373
"WSLP_all/003730@30.0541813305961,-90.5353792634601.jpg",1,127,279,332,128,459,407
"WSLP_all/003731@30.0543326862006,-90.5353843739157.jpg",1,155,303,325,112,480,415
"WSLP_all/003732@30.0538682249992,-90.5353280325851.jpg",1,58,290,491,124,549,414
"WSLP_all/003733@30.0543417744185,-90.5351914782228.jpg",2,26,271,247,136,273,407
"WSLP_all/003734@30.0536303257723,-90.5352856829565.jpg",1,87,270,437,134,524,404
"WSLP_all/003735@30.0534181812323,-90.5352368053243.jpg",1,12,298,617,119,629,417
"WSLP_all/003736@30.0531958918517,-90.5351974921149.jpg",2,12,275,508,125,520,400
"WSLP_all/003737@30.054249206854,-90.5350404889778.jpg",1,120,279,417,118,537,397
"WSLP_all/003738@30.0507329881405,-90.5350528427825.jpg",1,93,276,387,134,480,410
"WSLP_all/003739@30.0509054708343,-90.535095714456.jpg",1,65,273,486,158,551,431
"WSLP_all/003740@30.0531464064848,-90.5348817878981.jpg",1,0,268,484,146,484,414
"WSLP_all/003741@30.0540718149672,-90.5350134603959.jpg",1,162,286,417,116,579,402
"WSLP_all/003742@30.0514806865756,-90.5351322016016.jpg",2,103,301,538,134,641,435
"WSLP_all/003743@30.0538790475651,-90.5349675889485.jpg",1,175,295,403,109,578,404
"WSLP_all/003744@30.0536907909027,-90.5349627746956.jpg",1,185,285,409,119,594,404
"WSLP_all/003745@30.0532949633898,-90.5348426659808.jpg",1,220,284,421,127,641,411
"WSLP_all/003746@30.0548315294072,-90.5347070765265.jpg",1,67,295,415,101,482,396
"WSLP_all/003747@30.0579042563059,-90.5417982067842.jpg",1,185,271,248,104,433,375
"WSLP_all/003748@30.0564733769023,-90.5417305416802.jpg",1,24,290,588,154,612,444
"WSLP_all/003749@30.0568789859031,-90.5414112094165.jpg",1,124,273,345,134,469,407
"WSLP_all/003750@30.0515709922257,-90.5343475622927.jpg",2,1,275,463,138,464,413
"WSLP_all/003751@30.0572706698703,-90.5414744811747.jpg",3,101,292,535,203,636,495
"WSLP_all/003752@30.052444453211,-90.5414369560936.jpg",1,18,279,623,180,641,459
"WSLP_all/003753@30.0510195511741,-90.5342729589913.jpg",1,50,281,374,120,424,401
"WSLP_all/003754@30.0563484673209,-90.5413901354669.jpg",1,85,280,480,132,565,412
"WSLP_all/003755@30.052275508632,-90.5342439254769.jpg",1,43,303,508,128,551,431
"WSLP_all/003756@30.0543784041459,-90.5412414124159.jpg",1,22,270,516,142,538,412
"WSLP_all/003757@30.0526161590283,-90.5342980923167.jpg",2,37,281,604,138,641,419
"WSLP_all/003758@30.0528894803555,-90.5411015163078.jpg",1,81,287,402,105,483,392
"WSLP_all/003759@30.0524061357928,-90.541114840585.jpg",2,24,284,540,140,564,424
"WSLP_all/003760@30.0614113380023,-90.5369083363856.jpg",1,43,275,508,111,551,386
"WSLP_all/003761@30.0605679019875,-90.536817077516.jpg",1,79,293,440,95,519,388
"WSLP_all/003762@30.0608061326637,-90.5367962063616.jpg",1,85,292,350,112,435,404
"WSLP_all/003763@30.0610147568032,-90.5362539655424.jpg",1,112,291,426,126,538,417
"WSLP_all/003764@30.0611992473252,-90.5362999089409.jpg",1,99,291,467,125,566,416
"WSLP_all/003765@30.0594508973811,-90.5362917607782.jpg",1,54,267,561,175,615,442
"WSLP_all/003766@30.0605248216334,-90.5362231099357.jpg",1,2,294,600,113,602,407
"WSLP_all/003767@30.0602563214989,-90.5361177756926.jpg",1,153,298,433,141,586,439
"WSLP_all/003768@30.0596874772564,-90.5360116822675.jpg",1,133,287,445,152,578,439
"WSLP_all/003769@30.0614179763482,-90.5360010007922.jpg",3,111,276,442,155,553,431
"WSLP_all/003770@30.0598572541831,-90.5361209674652.jpg",1,102,289,539,141,641,430
"WSLP_all/003771@30.0594951759731,-90.5359974145321.jpg",3,106,283,471,162,577,445
"WSLP_all/003772@30.0592630939574,-90.5360119157628.jpg",3,227,282,339,144,566,426
"WSLP_all/003773@30.0610495198006,-90.5359185946055.jpg",2,25,241,510,186,535,427
"WSLP_all/003774@30.0608730820476,-90.5358947162254.jpg",3,146,289,410,130,556,419
"WSLP_all/003775@30.0590862056237,-90.5359817188852.jpg",1,135,287,481,151,616,438
"WSLP_all/003776@30.0589043993029,-90.5359294332221.jpg",3,170,250,437,192,607,442
"WSLP_all/003777@30.0600976975262,-90.5357523424936.jpg",1,54,303,439,106,493,409
"WSLP_all/003778@30.060496911488,-90.535787082787.jpg",1,16,262,543,148,559,410
"WSLP_all/003779@30.0581363903656,-90.5358154533852.jpg",1,168,299,422,107,590,406
"WSLP_all/003780@30.0599116524722,-90.5357222190961.jpg",1,40,293,473,120,513,413
"WSLP_all/003781@30.060293428793,-90.5357381314127.jpg",1,26,290,514,114,540,404
"WSLP_all/003784@30.0589629438452,-90.5355116882994.jpg",1,101,261,389,126,490,387
"WSLP_all/003785@30.0591571806813,-90.535532261899.jpg",2,43,264,505,164,548,428
"WSLP_all/003786@30.0581929832323,-90.5353977272348.jpg",1,142,292,381,90,523,382
"WSLP_all/003787@30.059504474026,-90.5349446599723.jpg",2,23,284,529,119,552,403
"WSLP_all/003788@30.0609610083625,-90.5346168690359.jpg",3,200,309,337,109,537,418
"WSLP_all/003789@30.0607926641635,-90.5345265421544.jpg",1,152,299,366,112,518,411
"WSLP_all/003790@30.0604737364099,-90.5345038072233.jpg",1,189,303,282,116,471,419
"WSLP_all/003791@30.0598221565997,-90.5343446464589.jpg",3,140,259,441,156,581,415
"WSLP_all/003792@30.0596614438812,-90.5343111615007.jpg",1,107,277,441,135,548,412
"WSLP_all/003793@30.059504260078,-90.5342744871651.jpg",1,126,306,408,118,534,424
"WSLP_all/003794@30.0593402811776,-90.5342599957544.jpg",1,123,308,417,115,540,423
"WSLP_all/003795@30.0588511037111,-90.5341501150113.jpg",1,117,305,470,130,587,435
"WSLP_all/003796@30.0590088891098,-90.534208912348.jpg",1,128,321,428,149,556,470
"WSLP_all/003797@30.0586963280785,-90.534107099578.jpg",1,106,284,444,142,550,426
"WSLP_all/003798@30.0600482055647,-90.5339476818119.jpg",1,143,303,389,111,532,414
"WSLP_all/003799@30.0602501511605,-90.5340377386327.jpg",2,18,240,621,159,639,399
"WSLP_all/003800@30.059735599134,-90.5339154156318.jpg",1,189,323,356,115,545,438
"WSLP_all/003801@30.0593915989908,-90.5338802402537.jpg",1,60,273,463,137,523,410
"WSLP_all/003802@30.0590629486122,-90.5338322972731.jpg",1,42,278,469,132,511,410
"WSLP_all/003803@30.0588997189354,-90.5337419324041.jpg",1,51,283,432,120,483,403
"WSLP_all/003804@30.0592386499889,-90.5338119208551.jpg",1,101,292,357,103,458,395
"WSLP_all/003805@30.0572752975667,-90.5370646669625.jpg",2,16,283,595,129,611,412
"WSLP_all/003806@30.0566476980408,-90.537019102754.jpg",3,28,255,604,169,632,424
"WSLP_all/003807@30.0563624598058,-90.5369423540621.jpg",3,27,282,513,166,540,448
"WSLP_all/003808@30.057036776676,-90.5362510031195.jpg",1,12,292,530,113,542,405
"WSLP_all/003809@30.0577458498575,-90.5363686174092.jpg",2,20,277,536,149,556,426
"WSLP_all/003810@30.0574458474675,-90.5363014711771.jpg",1,106,304,319,111,425,415
"WSLP_all/003811@30.0572880005579,-90.5362869277.jpg",1,66,292,426,114,492,406
"WSLP_all/003812@30.0577797217365,-90.5359858475301.jpg",1,84,242,537,193,621,435
"WSLP_all/003813@30.0572961701296,-90.5359012040428.jpg",1,109,284,343,128,452,412
"WSLP_all/003814@30.0570674630184,-90.5358872281149.jpg",1,103,273,428,146,531,419
"WSLP_all/003815@30.0579575705359,-90.5357568223336.jpg",1,101,295,470,105,571,400
"WSLP_all/003816@30.0575733841073,-90.5356334510379.jpg",1,116,307,497,132,613,439
"WSLP_all/003817@30.0570166243389,-90.5355430720888.jpg",1,164,306,335,98,499,404
"WSLP_all/003818@30.0576407991656,-90.535282024352.jpg",1,40,273,479,144,519,417
"WSLP_all/003819@30.0572285857924,-90.5352031354277.jpg",2,12,301,506,108,518,409
"WSLP_all/003820@30.0574358631799,-90.5352520538248.jpg",2,4,288,387,122,391,410
"WSLP_all/003821@30.0560928699523,-90.5369160581671.jpg",3,137,302,340,131,477,433
"WSLP_all/003822@30.0550469311324,-90.5363332967604.jpg",1,159,285,354,114,513,399
"WSLP_all/003823@30.0560023558879,-90.5360632865278.jpg",2,51,273,590,169,641,442
"WSLP_all/003824@30.0556784765771,-90.5359994944516.jpg",2,8,265,633,165,641,430
"WSLP_all/003825@30.0560798889983,-90.5357023024939.jpg",2,83,249,558,162,641,411
"WSLP_all/003826@30.0552882389058,-90.5355442609304.jpg",1,95,307,374,100,469,407
"WSLP_all/003827@30.0551270799011,-90.5355550339282.jpg",1,92,298,394,111,486,409
"WSLP_all/003828@30.0549000951557,-90.5355031127189.jpg",1,125,287,333,125,458,412
"WSLP_all/003829@30.0559849595047,-90.5353837916032.jpg",1,87,310,463,102,550,412
"WSLP_all/003830@30.055772413141,-90.5353412379799.jpg",3,135,292,434,113,569,405
"WSLP_all/003831@30.055399481277,-90.5352873243121.jpg",3,155,274,357,130,512,404
"WSLP_all/003832@30.0550085181517,-90.5351893006738.jpg",1,160,287,414,118,574,405
"WSLP_all/003833@30.0548287162139,-90.5351275193993.jpg",3,56,287,564,139,620,426
"WSLP_all/003834@30.0561817323611,-90.5350060456374.jpg",1,137,312,276,92,413,404
"WSLP_all/003835@30.0560213827465,-90.5349915244391.jpg",1,22,271,488,137,510,408
"WSLP_all/003836@30.071589610353,-90.4732979886964.jpg",6,55,249,330,224,385,473
"WSLP_all/003837@30.0709461720259,-90.4718587000812.jpg",2,3,254,204,139,207,393
"WSLP_all/003839@30.0703677106609,-90.4714843127587.jpg",2,2,276,639,145,641,421
"WSLP_all/003840@30.0705186015459,-90.471195306184.jpg",1,28,255,578,174,606,429
"WSLP_all/003841@30.0702377335402,-90.4708594490301.jpg",1,165,261,459,150,624,411
"WSLP_all/003842@30.0937795307789,-90.4713830052721.jpg",2,258,241,319,143,577,384
"WSLP_all/003843@30.0703894996063,-90.470712704216.jpg",3,189,298,340,104,529,402
"WSLP_all/003844@30.0705798563304,-90.4702652756663.jpg",5,219,266,204,126,423,392
"WSLP_all/003845@30.0706674791602,-90.4716366370677.jpg",2,49,275,592,239,641,514
"WSLP_all/003846@30.0737480039033,-90.4727007779206.jpg",2,383,321,258,145,641,466
"WSLP_all/003847@30.0741508459627,-90.4723874541825.jpg",4,180,305,182,132,362,437
"WSLP_all/003848@30.0744176919034,-90.4719709676902.jpg",3,51,281,477,128,528,409
"WSLP_all/003849@30.0741730698786,-90.471837129979.jpg",1,84,279,423,126,507,405
"WSLP_all/003850@30.0729386519167,-90.4717308200088.jpg",1,120,293,442,87,562,380
"WSLP_all/003851@30.0739766974841,-90.4716933907751.jpg",1,131,306,357,84,488,390
"WSLP_all/003852@30.0904594126732,-90.4744347850512.jpg",1,71,298,349,101,420,399
"WSLP_all/003853@30.070831729676,-90.471451846042.jpg",2,155,270,486,161,641,431
"WSLP_all/003854@30.0907195748605,-90.4742617838519.jpg",1,107,281,285,105,392,386
"WSLP_all/003855@30.0908343751424,-90.4741975500797.jpg",1,116,299,272,102,388,401
"WSLP_all/003856@30.0909381556476,-90.4741176001544.jpg",1,107,300,322,107,429,407
"WSLP_all/003857@30.0712116578532,-90.4712177651579.jpg",2,282,230,359,141,641,371
"WSLP_all/003858@30.0910579457766,-90.4740469975895.jpg",3,107,280,314,129,421,409
"WSLP_all/003859@30.0900573052122,-90.4742074121359.jpg",2,112,282,529,145,641,427
"WSLP_all/003860@30.0901533034551,-90.4741401786688.jpg",1,256,303,334,90,590,393
"WSLP_all/003861@30.0716963857508,-90.4710554913445.jpg",2,0,270,247,137,247,407
"WSLP_all/003862@30.0902829519443,-90.4740505185708.jpg",1,202,268,358,112,560,380
"WSLP_all/003863@30.0936165893228,-90.4709606668278.jpg",1,145,301,317,92,462,393
"WSLP_all/003864@30.0709941946533,-90.4710742128714.jpg",2,257,279,384,109,641,388
"WSLP_all/003865@30.0718563582882,-90.4711331472819.jpg",4,197,281,305,131,502,412
"WSLP_all/003866@30.0904100293306,-90.4740051520859.jpg",1,237,294,269,106,506,400
"WSLP_all/003867@30.0913038508472,-90.4738804417396.jpg",1,133,297,258,112,391,409
"WSLP_all/003868@30.0901377953149,-90.4737482010799.jpg",1,77,270,361,109,438,379
"WSLP_all/003869@30.0916567184296,-90.4736623666574.jpg",3,79,265,368,106,447,371
"WSLP_all/003870@30.0905081793732,-90.4738841423733.jpg",3,195,292,335,110,530,402
"WSLP_all/003871@30.0907538714126,-90.4737397242712.jpg",1,206,271,351,115,557,386
"WSLP_all/003872@30.0715146667934,-90.4708483986563.jpg",2,29,284,318,116,347,400
"WSLP_all/003873@30.0914086414115,-90.4738036446128.jpg",1,112,289,285,106,397,395
"WSLP_all/003874@30.0915393754997,-90.4737455968585.jpg",1,126,262,353,127,479,389
"WSLP_all/003875@30.0900176338894,-90.4738124811669.jpg",2,58,276,344,112,402,388
"WSLP_all/003876@30.0906565865795,-90.4738164562174.jpg",4,146,256,360,164,506,420
"WSLP_all/003877@30.0908707466288,-90.4736438499428.jpg",1,184,268,312,99,496,367
"WSLP_all/003878@30.0935236741185,-90.4705408867205.jpg",3,250,287,205,99,455,386
"WSLP_all/003879@30.090263484046,-90.4736838731526.jpg",3,56,283,357,103,413,386
"WSLP_all/003880@30.0911161146556,-90.473470972582.jpg",1,187,285,340,94,527,379
"WSLP_all/003881@30.0935021144975,-90.4704525293664.jpg",4,189,268,299,122,488,390
"WSLP_all/003882@30.0712720985101,-90.4707177113938.jpg",2,7,270,279,122,286,392
"WSLP_all/003883@30.0903765919445,-90.4735880317352.jpg",3,107,302,337,105,444,407
"WSLP_all/003884@30.091783698534,-90.473560078678.jpg",1,64,279,369,111,433,390
"WSLP_all/003885@30.089954541352,-90.4733639956661.jpg",4,119,313,327,106,446,419
"WSLP_all/003886@30.091005735442,-90.4735762779219.jpg",1,234,273,352,117,586,390
"WSLP_all/003887@30.0906053934562,-90.4734342712281.jpg",3,110,274,340,111,450,385
"WSLP_all/003888@30.091911937336,-90.4734988896808.jpg",1,77,302,315,106,392,408
"WSLP_all/003889@30.090491652846,-90.4735174697369.jpg",1,131,290,333,113,464,403
"WSLP_all/003890@30.0913551314883,-90.4733487457169.jpg",1,174,300,349,107,523,407
"WSLP_all/003891@30.0896942354655,-90.473476917984.jpg",2,49,278,363,142,412,420
"WSLP_all/003892@30.0710386796313,-90.4705774598038.jpg",2,8,295,303,85,311,380
"WSLP_all/003893@30.0912340622875,-90.4734256837649.jpg",3,219,276,310,121,529,397
"WSLP_all/003894@30.0907252451398,-90.4733478575887.jpg",1,115,288,332,111,447,399
"WSLP_all/003895@30.0908646683231,-90.4732644370134.jpg",4,288,298,205,115,493,413
"WSLP_all/003896@30.0920397088148,-90.4734124066381.jpg",3,65,311,313,93,378,404
"WSLP_all/003897@30.0900473157143,-90.4732493566244.jpg",3,241,309,360,92,601,401
"WSLP_all/003898@30.0921405809271,-90.4733419667555.jpg",3,114,301,295,100,409,401
"WSLP_all/003899@30.0898075633399,-90.4734063723335.jpg",1,237,313,324,91,561,404
"WSLP_all/003900@30.0901773759504,-90.4732102878369.jpg",1,175,278,349,116,524,394
"WSLP_all/003901@30.0923862988956,-90.4731848957165.jpg",3,59,293,297,108,356,401
"WSLP_all/003902@30.0903007879824,-90.4731301679323.jpg",1,172,272,327,123,499,395
"WSLP_all/003903@30.0909707719589,-90.4732160880954.jpg",1,96,297,333,107,429,404
"WSLP_all/003904@30.0922753563084,-90.4732585851048.jpg",1,76,308,297,92,373,400
"WSLP_all/003905@30.0914795749312,-90.4732622916901.jpg",3,219,305,334,107,553,412
"WSLP_all/003906@30.0916087899217,-90.4731947696158.jpg",1,198,287,355,122,553,409
"WSLP_all/003907@30.0927252929476,-90.4729479609746.jpg",1,118,298,298,111,416,409
"WSLP_all/003908@30.0917179517418,-90.4730926359532.jpg",3,192,283,361,96,553,379
"WSLP_all/003909@30.0723198921781,-90.4701616819588.jpg",6,101,228,339,226,440,454
"WSLP_all/003910@30.0924929522472,-90.4730985941751.jpg",1,84,321,316,85,400,406
"WSLP_all/003911@30.0905409934861,-90.4729541726729.jpg",1,153,286,386,116,539,402
"WSLP_all/003912@30.0913357711256,-90.472944147894.jpg",4,249,300,259,112,508,412
"WSLP_all/003913@30.0919484645515,-90.4729483441684.jpg",3,251,268,355,118,606,386
"WSLP_all/003914@30.0732981095796,-90.4700710057843.jpg",1,207,309,308,114,515,423
"WSLP_all/003915@30.0918444852998,-90.4730314600782.jpg",3,169,280,396,110,565,390
"WSLP_all/003916@30.0926286973508,-90.4730120402299.jpg",1,116,308,252,96,368,404
"WSLP_all/003917@30.0906589340402,-90.4728993969761.jpg",4,118,265,304,105,422,370
"WSLP_all/003918@30.0741305746912,-90.4700922500398.jpg",2,4,294,637,121,641,415
"WSLP_all/003919@30.0719206914911,-90.4699596341922.jpg",3,186,286,455,127,641,413
"WSLP_all/003920@30.0921866478824,-90.4727786885494.jpg",3,43,250,455,150,498,400
"WSLP_all/003921@30.0726537127889,-90.4699248294208.jpg",1,171,275,291,98,462,373
"WSLP_all/003922@30.0908947533976,-90.4727424126682.jpg",3,222,270,308,125,530,395
"WSLP_all/003923@30.0920819474382,-90.4728776222714.jpg",3,189,265,387,136,576,401
"WSLP_all/003924@30.0924409242815,-90.4726310288741.jpg",1,198,268,389,133,587,401
"WSLP_all/003925@30.0932288692418,-90.4726400340132.jpg",1,50,281,344,110,394,391
"WSLP_all/003926@30.0709411150346,-90.4696835786593.jpg",1,9,276,473,97,482,373
"WSLP_all/003927@30.0910255552664,-90.4726653899833.jpg",3,189,292,381,106,570,398
"WSLP_all/003928@30.0907941351807,-90.4728096878863.jpg",1,241,259,386,136,627,395
"WSLP_all/003929@30.0925403728768,-90.4725447889298.jpg",1,258,296,335,97,593,393
"WSLP_all/003930@30.0728384569015,-90.4696702983937.jpg",2,213,285,428,171,641,456
"WSLP_all/003931@30.0923056471068,-90.4727049291037.jpg",1,225,279,328,106,553,385
"WSLP_all/003932@30.0930981903231,-90.4727107328255.jpg",3,219,257,422,173,641,430
"WSLP_all/003933@30.0926817129674,-90.4724771594108.jpg",1,219,282,372,117,591,399
"WSLP_all/003934@30.0933528792496,-90.4725504189336.jpg",3,62,281,336,112,398,393
"WSLP_all/003935@30.0721013082984,-90.4696039694041.jpg",3,222,265,401,130,623,395
"WSLP_all/003936@30.0726113745623,-90.4695110223763.jpg",2,112,284,529,128,641,412
"WSLP_all/003937@30.0934669559402,-90.472489348984.jpg",1,88,320,312,82,400,402
"WSLP_all/003938@30.0711370019416,-90.4694131460419.jpg",4,86,270,332,125,418,395
"WSLP_all/003939@30.073889791469,-90.4692817867106.jpg",4,291,296,234,112,525,408
"WSLP_all/003940@30.0927970414336,-90.4723971064246.jpg",4,157,301,261,139,418,440
"WSLP_all/003941@30.0936888682786,-90.4723040188134.jpg",1,144,307,359,91,503,398
"WSLP_all/003942@30.0929029584141,-90.4723329459167.jpg",1,211,312,311,97,522,409
"WSLP_all/003943@30.0938801634509,-90.4722391197968.jpg",3,211,287,211,84,422,371
"WSLP_all/003944@30.071710819201,-90.4692880313379.jpg",3,194,260,379,158,573,418
"WSLP_all/003945@30.0935800014706,-90.4723966659493.jpg",1,97,299,327,102,424,401
"WSLP_all/003946@30.0713067063943,-90.4692093336689.jpg",2,4,286,481,139,485,425
"WSLP_all/003947@30.0930396038072,-90.4722621951855.jpg",3,224,306,347,101,571,407
"WSLP_all/003948@30.0933830572684,-90.4720220559433.jpg",1,175,280,354,116,529,396
"WSLP_all/003949@30.0932671452833,-90.4721052771593.jpg",3,200,292,362,98,562,390
"WSLP_all/003950@30.0714568408995,-90.4688476098838.jpg",2,1,286,619,143,620,429
"WSLP_all/003951@30.0931429702588,-90.4721695959418.jpg",1,167,299,320,106,487,405
"WSLP_all/003952@30.0935173167411,-90.4719355125953.jpg",1,130,280,449,127,579,407
"WSLP_all/003953@30.071821996494,-90.468563060143.jpg",1,94,291,297,94,391,385
"WSLP_all/003954@30.0716582730795,-90.4684253695619.jpg",2,54,239,387,142,441,381
"WSLP_all/003956@30.0938790359758,-90.4718058935762.jpg",1,39,301,326,105,365,406
"WSLP_all/003957@30.0781515189214,-90.4676734185307.jpg",2,139,289,502,100,641,389
"WSLP_all/003958@30.0785008990454,-90.4673320687758.jpg",3,52,272,414,101,466,373
"WSLP_all/003959@30.0778977070957,-90.4675270189855.jpg",2,98,246,543,174,641,420
"WSLP_all/003960@30.0775672655754,-90.4673022404513.jpg",2,118,282,523,130,641,412
"WSLP_all/003961@30.0779185613433,-90.4669260950078.jpg",4,279,261,168,121,447,382
"WSLP_all/003962@30.0772015528526,-90.4666066661695.jpg",2,4,251,525,165,529,416
"WSLP_all/003963@30.0769014337231,-90.4664227313566.jpg",2,12,275,478,135,490,410
"WSLP_all/003964@30.076589030199,-90.4662483908227.jpg",1,1,273,514,111,515,384
"WSLP_all/003965@30.0752306369292,-90.4658902885364.jpg",2,117,295,294,302,411,597
"WSLP_all/003966@30.0753080523638,-90.4653110205945.jpg",1,234,312,325,117,559,429
"WSLP_all/003967@30.0757612512883,-90.4651142080404.jpg",1,47,300,370,120,417,420
"WSLP_all/003968@30.0751256135056,-90.4651671711723.jpg",1,206,312,348,89,554,401
"WSLP_all/003969@30.0748987471929,-90.4650205476604.jpg",1,247,294,380,93,627,387
"WSLP_all/003970@30.0747085024172,-90.4649273544507.jpg",2,349,291,203,102,552,393
"WSLP_all/003971@30.0755137294143,-90.4648918814355.jpg",3,51,278,429,112,480,390
"WSLP_all/003972@30.0745962661966,-90.4648208339942.jpg",3,183,304,344,89,527,393
"WSLP_all/003974@30.0749099511863,-90.4645177389678.jpg",3,86,288,334,96,420,384
"WSLP_all/003975@30.0741611338086,-90.4645337519635.jpg",3,247,303,354,99,601,402
"WSLP_all/003976@30.0746873947211,-90.4642951980362.jpg",3,50,287,508,95,558,382
"WSLP_all/003977@30.0808150458106,-90.4639635157239.jpg",3,79,268,492,126,571,394
"WSLP_all/003979@30.0813991645799,-90.4637876760463.jpg",1,89,278,552,119,641,397
"WSLP_all/003980@30.0803660996683,-90.4635627116401.jpg",3,229,302,412,96,641,398
"WSLP_all/003981@30.0810010151358,-90.4635255512427.jpg",2,0,212,459,170,459,382
"WSLP_all/003982@30.0806586581789,-90.463196540872.jpg",2,4,254,390,152,394,406
"WSLP_all/003984@30.0870974481055,-90.4633648257223.jpg",3,105,255,289,117,394,372
"WSLP_all/003985@30.0800670714106,-90.463328181836.jpg",1,270,283,319,111,589,394
"WSLP_all/003986@30.0868847998905,-90.4632686577922.jpg",3,222,260,402,119,624,379
"WSLP_all/003987@30.0867007712897,-90.4631216461541.jpg",3,228,271,287,86,515,357
"WSLP_all/003988@30.0818600242327,-90.4632271559123.jpg",1,186,277,426,85,612,362
"WSLP_all/003989@30.0855161109189,-90.4630055100652.jpg",1,163,291,243,82,406,373
"WSLP_all/003990@30.0874019684785,-90.4630111735342.jpg",3,145,267,378,122,523,389
"WSLP_all/003991@30.086030412823,-90.4629883699768.jpg",3,159,273,371,92,530,365
"WSLP_all/003992@30.0853364987771,-90.4629817825397.jpg",1,167,286,259,95,426,381
"WSLP_all/003994@30.0862044997925,-90.4629583909651.jpg",3,155,294,264,87,419,381
"WSLP_all/003995@30.0863605098281,-90.4629475421182.jpg",1,183,290,241,84,424,374
"WSLP_all/003996@30.0894169285809,-90.4629872501827.jpg",1,222,270,269,95,491,365
"WSLP_all/003997@30.0804716186263,-90.463043242131.jpg",1,60,261,362,133,422,394
"WSLP_all/003999@30.0865119414228,-90.4628513574236.jpg",1,120,284,345,104,465,388
"WSLP_all/004000@30.0821193497653,-90.4630003947984.jpg",1,70,240,454,149,524,389
"WSLP_all/004001@30.0851610481995,-90.4629801529189.jpg",1,150,249,285,138,435,387
"WSLP_all/004002@30.0866786032693,-90.4628087946034.jpg",1,146,234,371,181,517,415
"WSLP_all/004003@30.0849832002698,-90.4629279519493.jpg",1,185,240,290,168,475,408
"WSLP_all/004004@30.0843706230374,-90.4628416045807.jpg",2,0,217,497,229,497,446
"WSLP_all/004005@30.084827625519,-90.4628882046601.jpg",1,0,221,443,179,443,400
"WSLP_all/004006@30.0871636196377,-90.4627002075659.jpg",1,107,209,534,223,641,432
"WSLP_all/004007@30.0813625926194,-90.4628425850151.jpg",2,139,212,502,213,641,425
"WSLP_all/004008@30.0803350231755,-90.4629084745803.jpg",1,5,236,466,184,471,420
"WSLP_all/004009@30.0794350412666,-90.4628404511013.jpg",1,169,255,447,179,616,434
"WSLP_all/004010@30.0868397101268,-90.4627536318623.jpg",1,189,249,420,182,609,431
"WSLP_all/004011@30.0898329089151,-90.462585182076.jpg",1,199,224,344,176,543,400
"WSLP_all/004013@30.0811594444388,-90.4626736160654.jpg",2,197,187,444,222,641,409
"WSLP_all/004014@30.0896722200795,-90.4627035874762.jpg",1,160,233,371,184,531,417
"WSLP_all/004015@30.0875668500546,-90.4625575520678.jpg",1,100,224,326,172,426,396
"WSLP_all/004016@30.0892669087223,-90.4623814258518.jpg",1,57,238,395,161,452,399
"WSLP_all/004017@30.0891493381119,-90.4625373988567.jpg",2,0,220,479,245,479,465
"WSLP_all/004018@30.0817883199232,-90.4626586358967.jpg",1,0,250,545,169,545,419
"WSLP_all/004019@30.0856120636846,-90.4624576383543.jpg",1,121,177,432,230,553,407
"WSLP_all/004020@30.0859436531199,-90.462426282011.jpg",1,144,213,378,190,522,403
"WSLP_all/004021@30.081564956151,-90.4625183014837.jpg",2,0,251,531,157,531,408
"WSLP_all/004022@30.0850939958941,-90.4624084115599.jpg",1,135,199,447,218,582,417
"WSLP_all/004023@30.0861082276238,-90.4624090333986.jpg",1,103,228,407,172,510,400
"WSLP_all/004024@30.090098369684,-90.4623298878812.jpg",1,119,233,296,162,415,395
"WSLP_all/004025@30.0862718466162,-90.462388631021.jpg",1,120,230,408,168,528,398
"WSLP_all/004026@30.0823684842766,-90.4626504050104.jpg",2,87,192,554,199,641,391
"WSLP_all/004027@30.0876932833765,-90.4624236388338.jpg",1,131,228,302,162,433,390
"WSLP_all/004028@30.0845693883403,-90.462488884654.jpg",1,153,213,483,187,636,400
"WSLP_all/004029@30.0809622697916,-90.4625014347493.jpg",1,187,245,454,172,641,417
"WSLP_all/004030@30.0865992140279,-90.4623383387242.jpg",1,96,226,405,168,501,394
"WSLP_all/004031@30.0864332917682,-90.4623555993187.jpg",1,161,225,373,166,534,391
"WSLP_all/004032@30.0867812777657,-90.4623335852836.jpg",1,33,196,483,212,516,408
"WSLP_all/004033@30.0857803566256,-90.4624371953098.jpg",1,133,213,410,195,543,408
"WSLP_all/004034@30.086936719959,-90.4622784712322.jpg",1,63,228,348,177,411,405
"WSLP_all/004035@30.0854440149229,-90.4624527829314.jpg",3,181,204,353,188,534,392
"WSLP_all/004036@30.0852685225455,-90.4624448305505.jpg",3,145,228,318,164,463,392
"WSLP_all/004037@30.0871119762049,-90.4622548046567.jpg",1,30,200,476,208,506,408
"WSLP_all/004038@30.0813986999714,-90.4623268781124.jpg",2,0,247,430,170,430,417
"WSLP_all/004039@30.08474591169,-90.4621743018949.jpg",1,111,261,360,135,471,396
"WSLP_all/004040@30.0846341972454,-90.4623175698909.jpg",1,143,245,284,138,427,383
"WSLP_all/004041@30.0807601157443,-90.4623040025581.jpg",1,168,240,473,187,641,427
"WSLP_all/004042@30.0877768557799,-90.4622205335613.jpg",2,0,250,359,159,359,409
"WSLP_all/004043@30.0902376004797,-90.4746106170322.jpg",2,3,218,638,231,641,449
"WSLP_all/004044@30.0903629602348,-90.4745083467276.jpg",1,0,266,385,141,385,407
"WSLP_all/004045@30.0902475488058,-90.4621926099144.jpg",3,59,236,408,169,467,405
"WSLP_all/004046@30.0872944589819,-90.4621678319509.jpg",1,182,237,372,175,554,412
"WSLP_all/004047@30.0795130694596,-90.4622643116858.jpg",2,0,236,418,172,418,408
"WSLP_all/004048@30.0889086769695,-90.4621347466251.jpg",1,148,216,382,178,530,394
"WSLP_all/004049@30.0903728346589,-90.4620681881754.jpg",1,112,217,449,221,561,438
"WSLP_all/004050@30.0893650467726,-90.4619441892979.jpg",1,172,259,268,131,440,390
"WSLP_all/004051@30.0895336258631,-90.4620375799777.jpg",1,238,201,371,230,609,431
"WSLP_all/004052@30.0878684070223,-90.462067950902.jpg",1,30,232,372,173,402,405
"WSLP_all/004053@30.0811899340063,-90.4621484735633.jpg",2,0,220,498,172,498,392
"WSLP_all/004054@30.0827449158484,-90.4621601751074.jpg",1,166,189,475,235,641,424
"WSLP_all/004055@30.085283001153,-90.4620810697587.jpg",1,113,203,446,201,559,404
"WSLP_all/004056@30.0848352085163,-90.4620217445833.jpg",1,20,253,382,147,402,400
"WSLP_all/004057@30.0880023464461,-90.4619339709972.jpg",1,106,266,267,138,373,404
"WSLP_all/004058@30.0803701613134,-90.4620133558001.jpg",3,0,247,628,172,628,419
"WSLP_all/004059@30.0907123025592,-90.4618185683211.jpg",1,41,258,382,145,423,403
"WSLP_all/004060@30.0537435937116,-90.5345419360273.jpg",1,17,278,521,156,538,434
"WSLP_all/004061@30.080981420492,-90.4619542591317.jpg",2,0,234,458,165,458,399
"WSLP_all/004062@30.0898893122597,-90.461737225478.jpg",1,87,267,332,123,419,390
"WSLP_all/004063@30.0875313761661,-90.4618337402712.jpg",1,152,224,452,160,604,384
"WSLP_all/004064@30.0849257265677,-90.4618502042164.jpg",3,29,259,373,145,402,404
"WSLP_all/004065@30.0881092182718,-90.4617654441749.jpg",3,141,212,500,220,641,432
"WSLP_all/004066@30.0857305005699,-90.4617008741561.jpg",3,239,290,191,86,430,376
"WSLP_all/004067@30.080787715072,-90.4618452869062.jpg",2,0,224,433,164,433,388
"WSLP_all/004068@30.0893055746119,-90.461679088294.jpg",1,224,229,356,149,580,378
"WSLP_all/004069@30.0539466097912,-90.5343506480089.jpg",1,152,276,468,147,620,423
"WSLP_all/004070@30.0859300829396,-90.4617339109392.jpg",1,198,262,238,104,436,366
"WSLP_all/004071@30.0801608285156,-90.4618033410839.jpg",2,42,218,599,181,641,399
"WSLP_all/004072@30.0906591894921,-90.4616419486975.jpg",1,127,255,369,144,496,399
"WSLP_all/004073@30.0902087124188,-90.4616174298106.jpg",1,132,255,364,140,496,395
"WSLP_all/004074@30.0898477287907,-90.4615035873716.jpg",1,69,236,294,143,363,379
"WSLP_all/004075@30.0536727823127,-90.5342422074412.jpg",2,15,276,626,189,641,465
"WSLP_all/004076@30.0805729795013,-90.46164164164.jpg",2,0,241,584,170,584,411
"WSLP_all/004077@30.0861093011713,-90.461590049887.jpg",1,133,236,264,134,397,370
"WSLP_all/004078@30.0885393680364,-90.4615561422415.jpg",3,230,217,411,208,641,425
"WSLP_all/004079@30.0850128420625,-90.4616881783198.jpg",2,0,246,389,163,389,409
"WSLP_all/004080@30.0901582657731,-90.4614407888906.jpg",1,162,259,311,141,473,400
"WSLP_all/004081@30.0797096025154,-90.4615037484945.jpg",2,62,236,579,152,641,388
"WSLP_all/004082@30.0878470594017,-90.4614388767359.jpg",2,117,188,524,232,641,420
"WSLP_all/004083@30.0896532444452,-90.4613724779736.jpg",3,198,284,302,106,500,390
"WSLP_all/004084@30.078866547827,-90.461602816763.jpg",1,28,279,375,129,403,408
"WSLP_all/004085@30.0877851364965,-90.4612939616019.jpg",1,129,237,389,168,518,405
"WSLP_all/004086@30.0906174555599,-90.4614146355733.jpg",1,87,254,371,150,458,404
"WSLP_all/004087@30.0884400213988,-90.4614115534924.jpg",3,145,278,237,109,382,387
"WSLP_all/004088@30.0803501255286,-90.4614412311868.jpg",1,0,263,506,153,506,416
"WSLP_all/004089@30.0527657392047,-90.5337342374674.jpg",2,0,233,640,190,640,423
"WSLP_all/004090@30.0850712097989,-90.4615200806384.jpg",1,95,258,269,138,364,396
"WSLP_all/004091@30.0861893446689,-90.461364843613.jpg",1,75,220,339,146,414,366
"WSLP_all/004092@30.0869549356437,-90.4613739547245.jpg",1,143,226,272,143,415,369
"WSLP_all/004093@30.0882777163435,-90.4612896508791.jpg",1,143,259,332,132,475,391
"WSLP_all/004094@30.0851371799067,-90.4613582402809.jpg",3,0,259,328,141,328,400
"WSLP_all/004095@30.0905380191476,-90.461228761165.jpg",3,137,249,339,146,476,395
"WSLP_all/004096@30.0519401666709,-90.5335512023115.jpg",2,0,263,513,138,513,401
"WSLP_all/004097@30.0873474417584,-90.4612440363785.jpg",1,315,241,323,135,638,376
"WSLP_all/004098@30.0513141616709,-90.5334424300928.jpg",2,0,232,641,195,641,427
"WSLP_all/004099@30.0900809111558,-90.4612327618355.jpg",1,141,245,286,160,427,405
"WSLP_all/004100@30.0871731420403,-90.4613499107105.jpg",1,231,216,410,182,641,398
"WSLP_all/004101@30.0520911735326,-90.5333540101462.jpg",1,0,254,513,228,513,482
"WSLP_all/004102@30.0868333758733,-90.4612011041631.jpg",1,25,241,319,133,344,374
"WSLP_all/004103@30.0523942830037,-90.5334116360712.jpg",2,0,250,462,221,462,471
"WSLP_all/004104@30.0508116207713,-90.5334053706091.jpg",3,0,242,380,190,380,432
"WSLP_all/004105@30.0876464454102,-90.4611876638151.jpg",3,153,225,423,165,576,390
"WSLP_all/004106@30.0543009860587,-90.5333678859307.jpg",2,304,283,337,198,641,481
"WSLP_all/004107@30.0794501613863,-90.4612846891785.jpg",2,40,175,601,253,641,428
"WSLP_all/004108@30.0541520012672,-90.5333185051448.jpg",2,0,299,377,165,377,464
"WSLP_all/004109@30.0533407167937,-90.5332965672114.jpg",3,207,282,434,261,641,543
"WSLP_all/004110@30.0534682279606,-90.5331880696705.jpg",1,212,278,269,142,481,420
"WSLP_all/004111@30.0528693872148,-90.5330695980697.jpg",2,0,272,641,148,641,420
"WSLP_all/004112@30.0532358283615,-90.5331456811658.jpg",1,144,265,387,140,531,405
"WSLP_all/004113@30.0515290833511,-90.5328527690646.jpg",1,131,270,470,135,601,405
"WSLP_all/004114@30.0512490309028,-90.5327791555012.jpg",1,62,255,554,131,616,386
"WSLP_all/004115@30.0510165419387,-90.532749413317.jpg",1,129,269,512,143,641,412
"WSLP_all/004116@30.0535215265958,-90.5326913628227.jpg",3,133,265,315,135,448,400
"WSLP_all/004117@30.0524921497199,-90.5324657175369.jpg",1,69,278,441,123,510,401
"WSLP_all/004118@30.0515986475841,-90.5323812285565.jpg",1,62,280,579,157,641,437
"WSLP_all/004119@30.0510850540654,-90.5308491404673.jpg",6,182,280,265,118,447,398
"WSLP_all/004120@30.0543168625916,-90.5306302999014.jpg",1,131,282,353,151,484,433
"WSLP_all/004121@30.0534685947504,-90.5303968932507.jpg",1,58,254,462,167,520,421
"WSLP_all/004122@30.0544702504952,-90.5302244509626.jpg",1,208,265,331,160,539,425
"WSLP_all/004123@30.0529135564277,-90.5298545121516.jpg",1,140,246,389,190,529,436
"WSLP_all/004124@30.052599064405,-90.5297748616404.jpg",3,205,287,350,217,555,504
"WSLP_all/004125@30.0581409185752,-90.5340989083042.jpg",1,50,257,583,167,633,424
"WSLP_all/004126@30.0585136256241,-90.5341338538273.jpg",1,224,276,338,132,562,408
"WSLP_all/004127@30.0583557363687,-90.5341351197616.jpg",1,156,270,381,147,537,417
"WSLP_all/004128@30.0582564842557,-90.5336712245446.jpg",1,106,288,374,129,480,417
"WSLP_all/004129@30.0584258526154,-90.5336856715936.jpg",1,120,298,297,142,417,440
"WSLP_all/004130@30.0586719361314,-90.533690019756.jpg",1,0,300,516,101,516,401
"WSLP_all/004131@30.058091083242,-90.5336535845649.jpg",1,143,296,374,129,517,425
"WSLP_all/004132@30.0579012766281,-90.5340502514763.jpg",1,44,292,553,121,597,413
"WSLP_all/004133@30.0577103081122,-90.5339474641647.jpg",1,49,259,568,178,617,437
"WSLP_all/004134@30.0575532355086,-90.5339518849685.jpg",1,168,270,374,130,542,400
"WSLP_all/004135@30.057399833015,-90.5338993760024.jpg",1,154,274,396,138,550,412
"WSLP_all/004136@30.057211317936,-90.5338882434238.jpg",3,182,267,413,146,595,413
"WSLP_all/004137@30.0570712095965,-90.5338514336997.jpg",1,106,270,422,159,528,429
"WSLP_all/004138@30.0564453157277,-90.5337110431602.jpg",1,160,267,390,144,550,411
"WSLP_all/004139@30.0562789879299,-90.5336902497759.jpg",1,154,270,425,147,579,417
"WSLP_all/004140@30.0577601644077,-90.5335898554533.jpg",3,198,259,271,123,469,382
"WSLP_all/004141@30.0575857178782,-90.533540676922.jpg",1,110,287,324,116,434,403
"WSLP_all/004142@30.0574239216084,-90.533532491743.jpg",1,131,290,358,121,489,411
"WSLP_all/004143@30.0579327049325,-90.5335378927748.jpg",1,103,294,341,113,444,407
"WSLP_all/004144@30.0572582351939,-90.5334769198976.jpg",1,139,291,320,108,459,399
"WSLP_all/004145@30.0570992611985,-90.5334623899625.jpg",1,107,279,337,128,444,407
"WSLP_all/004146@30.0566061852087,-90.533380996821.jpg",1,176,299,316,129,492,428
"WSLP_all/004147@30.0564656234801,-90.533328386173.jpg",1,90,278,403,145,493,423
"WSLP_all/004148@30.0561685818389,-90.5343201934173.jpg",1,117,300,383,111,500,411
"WSLP_all/004149@30.0558274030211,-90.5342786731259.jpg",2,0,276,419,185,419,461
"WSLP_all/004150@30.0561151660918,-90.5336789196223.jpg",3,201,226,294,195,495,421
"WSLP_all/004151@30.0559523908179,-90.5336454535275.jpg",1,95,265,443,162,538,427
"WSLP_all/004152@30.0557468307789,-90.5336123307991.jpg",3,156,269,344,156,500,425
"WSLP_all/004153@30.0551144218013,-90.5335130886015.jpg",3,191,250,333,145,524,395
"WSLP_all/004154@30.0554795831397,-90.5331339914733.jpg",3,202,288,315,132,517,420
"WSLP_all/004155@30.0553214775423,-90.5330499119793.jpg",1,111,265,315,156,426,421
"WSLP_all/004156@30.055041188434,-90.5330458401619.jpg",1,143,311,307,118,450,429
"WSLP_all/004157@30.0864679635904,-90.4714968427028.jpg",1,129,263,476,128,605,391
"WSLP_all/004158@30.090952023617,-90.4713948152465.jpg",1,176,271,282,117,458,388
"WSLP_all/004159@30.0874178441278,-90.4714253854551.jpg",1,26,249,523,175,549,424
"WSLP_all/004160@30.0883035341523,-90.4714114003093.jpg",1,53,234,480,186,533,420
"WSLP_all/004161@30.0898986942516,-90.4714956296457.jpg",1,173,246,314,154,487,400
"WSLP_all/004162@30.0877596377605,-90.4713939701367.jpg",3,208,278,259,89,467,367
"WSLP_all/004163@30.0914914382997,-90.4714375825312.jpg",1,107,236,322,148,429,384
"WSLP_all/004164@30.0928268756037,-90.4714924397183.jpg",1,150,232,429,183,579,415
"WSLP_all/004165@30.0929104440577,-90.471412659163.jpg",1,161,241,275,178,436,419
"WSLP_all/004166@30.0886665407621,-90.4713608283674.jpg",1,156,265,311,115,467,380
"WSLP_all/004167@30.0865761811492,-90.4713219930625.jpg",1,193,258,374,133,567,391
"WSLP_all/004168@30.0922883259629,-90.4714180405613.jpg",1,234,238,374,166,608,404
"WSLP_all/004169@30.0903456861695,-90.4712229776867.jpg",3,165,259,335,136,500,395
"WSLP_all/004170@30.0924016879293,-90.4713443281757.jpg",1,214,249,427,154,641,403
"WSLP_all/004171@30.0911037157163,-90.4712954745452.jpg",1,187,286,252,94,439,380
"WSLP_all/004172@30.0926445853789,-90.4711809516632.jpg",1,248,245,388,153,636,398
"WSLP_all/004173@30.0900566967109,-90.4714025599187.jpg",1,198,269,343,126,541,395
"WSLP_all/004174@30.0876760157934,-90.4712176157447.jpg",3,211,280,262,95,473,375
"WSLP_all/004175@30.0916199295561,-90.4713352798362.jpg",1,100,259,301,121,401,380
"WSLP_all/004176@30.0894624511497,-90.4712843759381.jpg",1,30,278,334,104,364,382
"WSLP_all/004177@30.0873415643739,-90.4712616164878.jpg",2,0,261,467,164,467,425
"WSLP_all/004178@30.091380289773,-90.4711223219839.jpg",1,201,283,319,109,520,392
"WSLP_all/004179@30.0918834917091,-90.4711906991956.jpg",1,121,294,296,107,417,401
"WSLP_all/004180@30.0867203468284,-90.471270152804.jpg",1,139,262,425,149,564,411
"WSLP_all/004181@30.0925281172345,-90.471267340313.jpg",1,228,262,413,130,641,392
"WSLP_all/004182@30.0882335235301,-90.4712349271812.jpg",1,117,272,467,136,584,408
"WSLP_all/004183@30.0920053497962,-90.4711169133324.jpg",1,106,292,358,127,464,419
"WSLP_all/004184@30.0917494180513,-90.4712551038679.jpg",1,108,282,317,131,425,413
"WSLP_all/004185@30.0861465181351,-90.4744719589877.jpg",1,193,278,258,123,451,401
"WSLP_all/004186@30.0902066151301,-90.4713095598308.jpg",1,152,253,348,145,500,398
"WSLP_all/004187@30.0885924669508,-90.4711812276553.jpg",1,26,282,430,130,456,412
"WSLP_all/004188@30.0904738677969,-90.4711238407602.jpg",1,111,253,428,158,539,411
"WSLP_all/004189@30.0927976241474,-90.4710815972936.jpg",1,172,251,445,157,617,408
"WSLP_all/004190@30.0931758202531,-90.4712301138414.jpg",1,245,255,367,145,612,400
"WSLP_all/004191@30.0862646592715,-90.47442667195.jpg",1,191,288,294,95,485,383
"WSLP_all/004192@30.0896761634206,-90.4712414189232.jpg",3,50,238,356,134,406,372
"WSLP_all/004193@30.0868646758346,-90.4711677177613.jpg",3,141,236,452,159,593,395
"WSLP_all/004194@30.0884922444793,-90.4710145020083.jpg",1,11,286,470,152,481,438
"WSLP_all/004195@30.0891234200293,-90.4712209038332.jpg",1,53,261,431,126,484,387
"WSLP_all/004196@30.0912454186555,-90.4711867333229.jpg",1,174,294,264,90,438,384
"WSLP_all/004197@30.0892956301379,-90.4710676305425.jpg",3,78,290,312,86,390,376
"WSLP_all/004198@30.0889934588445,-90.4710607588881.jpg",1,102,259,441,133,543,392
"WSLP_all/004199@30.086592664156,-90.4741740414579.jpg",3,71,236,371,164,442,400
"WSLP_all/004200@30.0881286196872,-90.4710840531723.jpg",1,63,241,507,186,570,427
"WSLP_all/004201@30.0863701649204,-90.4743245766408.jpg",1,210,276,382,115,592,391
"WSLP_all/004202@30.0898121924069,-90.471009403652.jpg",1,154,225,413,163,567,388
"WSLP_all/004203@30.0875765769571,-90.4710698574072.jpg",1,48,216,462,204,510,420
"WSLP_all/004204@30.0858281803062,-90.4741363630791.jpg",1,115,250,308,138,423,388
"WSLP_all/004205@30.0929316633578,-90.4710203542765.jpg",1,206,247,340,137,546,384
"WSLP_all/004206@30.0864921485716,-90.474269770009.jpg",1,186,288,268,117,454,405
"WSLP_all/004207@30.0930673932267,-90.4709527708782.jpg",1,236,249,327,139,563,388
"WSLP_all/004209@30.0916783512202,-90.4709047102468.jpg",1,136,283,331,105,467,388
"WSLP_all/004210@30.0922369937781,-90.4709567955182.jpg",1,117,275,347,136,464,411
"WSLP_all/004211@30.0923334992311,-90.4708832285442.jpg",1,28,296,342,111,370,407
"WSLP_all/004212@30.0907626151314,-90.4709410958225.jpg",3,96,230,441,178,537,408
"WSLP_all/004213@30.0860585289076,-90.474004732903.jpg",1,132,238,323,142,455,380
"WSLP_all/004214@30.0888732469014,-90.4709447989037.jpg",3,132,217,506,198,638,415
"WSLP_all/004215@30.0857159993423,-90.4742100582668.jpg",1,129,266,307,132,436,398
"WSLP_all/004216@30.0909038655083,-90.4708513316108.jpg",1,100,267,412,133,512,400
"WSLP_all/004217@30.0880271382293,-90.4709394730495.jpg",3,125,200,465,208,590,408
"WSLP_all/004218@30.0906124498109,-90.4710341001601.jpg",1,124,257,341,129,465,386
"WSLP_all/004220@30.0868431544565,-90.4740232631845.jpg",1,169,270,275,124,444,394
"WSLP_all/004221@30.0892302995675,-90.4708753035941.jpg",3,50,254,425,151,475,405
"WSLP_all/004222@30.0867190130037,-90.4741223579138.jpg",3,179,282,243,114,422,396
"WSLP_all/004223@30.0869655584693,-90.4710024157402.jpg",1,119,245,397,122,516,367
"WSLP_all/004224@30.0884112072997,-90.4708507717255.jpg",2,0,270,464,158,464,428
"WSLP_all/004225@30.0859407808526,-90.4740595030981.jpg",1,149,253,356,122,505,375
"WSLP_all/004226@30.0871316464746,-90.4709598713477.jpg",3,0,224,636,183,636,407
"WSLP_all/004227@30.0879218290393,-90.47078544106.jpg",2,70,229,571,204,641,433
"WSLP_all/004228@30.08707513237,-90.4738631586106.jpg",1,182,275,280,119,462,394
"WSLP_all/004229@30.0862852073533,-90.4738541614276.jpg",1,161,242,330,144,491,386
"WSLP_all/004230@30.0888158430046,-90.4707618916851.jpg",1,157,263,392,148,549,411
"WSLP_all/004231@30.0861686544349,-90.4739152457256.jpg",1,168,250,329,130,497,380
"WSLP_all/004232@30.0869685609027,-90.4739621022463.jpg",1,199,282,278,125,477,407
"WSLP_all/004233@30.0891228655663,-90.4707370989465.jpg",1,119,276,296,127,415,403
"WSLP_all/004234@30.0863783255961,-90.4737711447049.jpg",1,132,236,326,159,458,395
"WSLP_all/004235@30.0896697189883,-90.4707608245051.jpg",3,203,238,438,174,641,412
"WSLP_all/004236@30.0918365533296,-90.4708211228909.jpg",1,157,290,297,104,454,394
"WSLP_all/004237@30.0924511775786,-90.4708094781508.jpg",1,115,295,258,109,373,404
"WSLP_all/004238@30.091034054078,-90.4707521762749.jpg",1,71,265,425,122,496,387
"WSLP_all/004239@30.0911948465463,-90.4706401068661.jpg",1,202,225,333,173,535,398
"WSLP_all/004240@30.0903528879006,-90.4708149922127.jpg",1,67,262,333,114,400,376
"WSLP_all/004241@30.0873963122887,-90.4707235859667.jpg",2,148,238,493,196,641,434
"WSLP_all/004242@30.0872474052355,-90.470832386005.jpg",1,127,236,505,189,632,425
"WSLP_all/004243@30.0904659719818,-90.4706653903992.jpg",1,29,284,411,132,440,416
"WSLP_all/004244@30.0864921012066,-90.4737227323236.jpg",1,116,254,315,147,431,401
"WSLP_all/004245@30.0913340606045,-90.4705503594683.jpg",1,73,247,392,148,465,395
"WSLP_all/004246@30.0895283331414,-90.4706323998019.jpg",1,161,237,480,182,641,419
"WSLP_all/004247@30.0882698965326,-90.4707128615042.jpg",1,65,266,253,154,318,420
"WSLP_all/004248@30.091945666049,-90.4707411224671.jpg",1,207,278,332,120,539,398
"WSLP_all/004249@30.0866028103302,-90.4736300773411.jpg",1,187,262,322,125,509,387
"WSLP_all/004250@30.0899427213005,-90.4707394882278.jpg",1,182,287,293,95,475,382
"WSLP_all/004251@30.0857328685134,-90.473685013181.jpg",1,69,233,507,166,576,399
"WSLP_all/004252@30.092113717715,-90.4706416381369.jpg",1,152,291,344,101,496,392
"WSLP_all/004253@30.0887105047539,-90.470607858914.jpg",1,152,254,486,149,638,403
"WSLP_all/004254@30.0873181776356,-90.4736966336343.jpg",3,198,259,281,136,479,395
"WSLP_all/004255@30.0906006779586,-90.4705883315061.jpg",1,59,262,368,154,427,416
"WSLP_all/004256@30.0872135447266,-90.4738018851428.jpg",1,177,275,273,124,450,399
"WSLP_all/004257@30.0925825894633,-90.4707039861137.jpg",1,119,284,349,117,468,401
"WSLP_all/004258@30.0898933188244,-90.4705691585718.jpg",1,73,258,436,142,509,400
"WSLP_all/004259@30.0867100684677,-90.4735690716001.jpg",3,164,257,329,141,493,398
"WSLP_all/004260@30.089050331746,-90.4705574845344.jpg",1,65,258,386,142,451,400
"WSLP_all/004261@30.0894821818293,-90.4704588795561.jpg",1,263,272,228,128,491,400
"WSLP_all/004262@30.0858894711506,-90.4736046100498.jpg",1,149,241,353,147,502,388
"WSLP_all/004263@30.0881885711126,-90.4705554595988.jpg",1,244,226,397,187,641,413
"WSLP_all/004264@30.0927149921384,-90.470636432364.jpg",3,113,274,251,131,364,405
"WSLP_all/004265@30.0875675745613,-90.4735300520014.jpg",1,194,279,274,108,468,387
"WSLP_all/004266@30.0922442568008,-90.4705582895222.jpg",1,185,280,310,118,495,398
"WSLP_all/004267@30.0925180388877,-90.470366182531.jpg",1,222,282,327,105,549,387
"WSLP_all/004268@30.0868138216044,-90.4734891245629.jpg",1,145,259,330,124,475,383
"WSLP_all/004269@30.0914766366996,-90.4704700693737.jpg",1,125,240,343,151,468,391
"WSLP_all/004270@30.0874749302262,-90.4736099037579.jpg",1,143,282,229,118,372,400
"WSLP_all/004271@30.088598616648,-90.470469692805.jpg",1,186,243,455,148,641,391
"WSLP_all/004272@30.0924115660328,-90.4704461609662.jpg",1,148,295,298,93,446,388
"WSLP_all/004273@30.0876798251325,-90.4704049204322.jpg",1,88,278,393,120,481,398
"WSLP_all/004274@30.0897865305161,-90.4704246223647.jpg",1,135,284,340,129,475,413
"WSLP_all/004275@30.0878230059731,-90.4702993309812.jpg",1,80,271,392,129,472,400
"WSLP_all/004276@30.0893452505509,-90.4703177683198.jpg",3,205,257,275,142,480,399
"WSLP_all/004277@30.0917762040203,-90.4702935514431.jpg",1,165,243,348,148,513,391
"WSLP_all/004278@30.0902003301088,-90.4703704440034.jpg",1,100,228,520,214,620,442
"WSLP_all/004279@30.0869289783758,-90.4734375376508.jpg",1,140,226,316,156,456,382
"WSLP_all/004280@30.0916157073125,-90.4703708350066.jpg",1,112,250,405,144,517,394
"WSLP_all/004281@30.0870267849331,-90.4733481553771.jpg",1,129,246,327,145,456,391
"WSLP_all/004282@30.0889019893675,-90.4704291201201.jpg",1,63,283,346,118,409,401
"WSLP_all/004283@30.086010243915,-90.4734992204667.jpg",1,169,257,405,143,574,400
"WSLP_all/004284@30.0908678310846,-90.470345689919.jpg",1,98,270,335,137,433,407
"WSLP_all/004285@30.0907122283641,-90.470422930312.jpg",1,0,269,473,142,473,411
"WSLP_all/004286@30.0928113985164,-90.4701865549875.jpg",1,199,279,329,113,528,392
"WSLP_all/004287@30.0885140586952,-90.4703059943151.jpg",3,0,216,541,200,541,416
"WSLP_all/004288@30.0877811904668,-90.4733036993716.jpg",3,238,267,251,132,489,399
"WSLP_all/004289@30.0919081387421,-90.4701880549078.jpg",1,125,255,368,143,493,398
"WSLP_all/004290@30.0876951457852,-90.4734214397828.jpg",3,28,280,461,108,489,388
"WSLP_all/004291@30.0896996910432,-90.4702609417225.jpg",3,73,259,474,145,547,404
"WSLP_all/004292@30.0903412627924,-90.4702617091167.jpg",2,136,238,505,178,641,416
"WSLP_all/004293@30.0910019587534,-90.4702559864591.jpg",1,67,286,360,123,427,409
"WSLP_all/004294@30.0888515688804,-90.4702588012109.jpg",1,18,272,424,133,442,405
"WSLP_all/004295@30.0861488345417,-90.4733683804396.jpg",1,78,266,448,155,526,421
"WSLP_all/004296@30.0911391099526,-90.470115661171.jpg",1,32,267,416,146,448,413
"WSLP_all/004297@30.0879712659622,-90.4701715624491.jpg",1,115,287,406,116,521,403
"WSLP_all/004298@30.0920483708393,-90.4701109463777.jpg",1,115,267,328,127,443,394
"WSLP_all/004299@30.0878548408391,-90.4732082004943.jpg",1,239,294,290,104,529,398
"WSLP_all/004300@30.0871545211496,-90.4732901354509.jpg",1,168,245,313,145,481,390
"WSLP_all/004301@30.0926734008494,-90.47027313143.jpg",1,189,283,291,108,480,391
"WSLP_all/004302@30.0900160235695,-90.4700621468698.jpg",3,80,236,482,196,562,432
"WSLP_all/004303@30.0873407572095,-90.4730861532148.jpg",1,153,251,303,124,456,375
"WSLP_all/004304@30.090468830778,-90.4701151434039.jpg",3,222,247,286,165,508,412
"WSLP_all/004305@30.0896114150058,-90.4701130846275.jpg",1,54,266,372,122,426,388
"WSLP_all/004306@30.0862986306549,-90.4733070086039.jpg",1,161,282,386,142,547,424
"WSLP_all/004307@30.0896758171466,-90.4731576982461.jpg",1,257,259,253,119,510,378
"WSLP_all/004308@30.0887467739911,-90.4701079263405.jpg",1,26,240,496,201,522,441
"WSLP_all/004309@30.0892679318922,-90.4701634924788.jpg",3,226,265,415,133,641,398
"WSLP_all/004310@30.0881106456375,-90.4700944643275.jpg",1,57,271,361,119,418,390
"WSLP_all/004311@30.089785673713,-90.4730523973201.jpg",1,232,253,335,137,567,390
"WSLP_all/004312@30.0906159785159,-90.4700443003606.jpg",1,156,234,484,170,640,404
"WSLP_all/004313@30.0856933609764,-90.473150968427.jpg",1,132,290,326,130,458,420
"WSLP_all/004314@30.0929662644434,-90.4700682094672.jpg",1,146,238,421,187,567,425
"WSLP_all/004315@30.0899178240569,-90.4729880129494.jpg",3,211,242,185,124,396,366
"WSLP_all/004316@30.092344072448,-90.46989018834.jpg",1,104,261,414,137,518,398
"WSLP_all/004317@30.0872473844802,-90.4731849850577.jpg",3,150,250,343,140,493,390
"WSLP_all/004318@30.0891649917413,-90.470006276709.jpg",1,182,255,459,156,641,411
"WSLP_all/004319@30.0859802348377,-90.4729714163797.jpg",1,57,242,461,156,518,398
"WSLP_all/004320@30.0894843194731,-90.4699497523047.jpg",1,161,284,223,121,384,405
"WSLP_all/004321@30.0864201671326,-90.4731794772007.jpg",1,172,292,369,124,541,416
"WSLP_all/004322@30.0882469232582,-90.4699762852998.jpg",1,33,280,516,107,549,387
"WSLP_all/004323@30.0865569428232,-90.4730612990837.jpg",1,96,254,451,146,547,400
"WSLP_all/004324@30.0912483237782,-90.4699882264201.jpg",1,84,263,385,148,469,411
"WSLP_all/004325@30.0921990913474,-90.4700021243007.jpg",1,111,259,372,144,483,403
"WSLP_all/004326@30.0908724149726,-90.4698238855678.jpg",3,128,208,337,188,465,396
"WSLP_all/004327@30.0901332057029,-90.4699504543167.jpg",1,94,222,501,181,595,403
"WSLP_all/004328@30.0867129461535,-90.4729777384446.jpg",1,120,245,369,145,489,390
"WSLP_all/004329@30.088381834067,-90.4698549546297.jpg",1,141,280,346,128,487,408
"WSLP_all/004330@30.0913906173659,-90.4698858014564.jpg",3,25,258,466,153,491,411
"WSLP_all/004331@30.0890661497626,-90.4698490247121.jpg",1,116,229,495,205,611,434
"WSLP_all/004332@30.0907553788925,-90.4699577132341.jpg",1,140,217,501,183,641,400
"WSLP_all/004333@30.0925071801428,-90.4697496356941.jpg",1,104,258,379,147,483,405
"WSLP_all/004334@30.0898098767553,-90.4697445526025.jpg",1,111,242,442,158,553,400
"WSLP_all/004335@30.0900334476943,-90.4728858249937.jpg",1,223,272,268,129,491,401
"WSLP_all/004336@30.0914486176453,-90.4728799290722.jpg",1,99,257,304,142,403,399
"WSLP_all/004337@30.0902720813293,-90.4698259258085.jpg",1,15,238,564,170,579,408
"WSLP_all/004338@30.0858425859951,-90.4730611420456.jpg",1,75,247,409,153,484,400
"WSLP_all/004339@30.0894252297958,-90.4697826699247.jpg",1,75,280,443,136,518,416
"WSLP_all/004340@30.0915526752416,-90.4698243148813.jpg",1,36,279,375,129,411,408
"WSLP_all/004341@30.0868356710079,-90.4728596820699.jpg",1,104,242,487,161,591,403
"WSLP_all/004342@30.088509059278,-90.4697653125637.jpg",1,98,271,370,138,468,409
"WSLP_all/004343@30.0899300953306,-90.4696138615795.jpg",1,137,269,425,132,562,401
"WSLP_all/004344@30.0875807485894,-90.4728943554706.jpg",1,37,234,484,166,521,400
"WSLP_all/004345@30.0927618468291,-90.4696746964683.jpg",1,1,236,612,193,613,429
"WSLP_all/004346@30.0861063348672,-90.4728438455647.jpg",1,90,249,332,147,422,396
"WSLP_all/004347@30.0886595609924,-90.4696944413269.jpg",1,57,251,391,143,448,394
"WSLP_all/004348@30.0905420337051,-90.4696496657981.jpg",1,95,253,438,141,533,394
"WSLP_all/004349@30.0892946081316,-90.46964782931.jpg",1,61,233,510,198,571,431
"WSLP_all/004350@30.091682950852,-90.469684047813.jpg",1,58,266,456,145,514,411
"WSLP_all/004351@30.0875523498211,-90.4727143611146.jpg",1,157,258,355,132,512,390
"WSLP_all/004352@30.0904224803152,-90.469739243352.jpg",1,75,241,545,164,620,405
"WSLP_all/004353@30.0871327047696,-90.4726610679017.jpg",1,98,247,439,170,537,417
"WSLP_all/004354@30.0910138415543,-90.4697151448901.jpg",2,106,224,535,191,641,415
"WSLP_all/004355@30.0901599124401,-90.4728309758825.jpg",1,182,286,285,130,467,416
"WSLP_all/004356@30.0906624101834,-90.4694968369504.jpg",1,83,226,558,203,641,429
"WSLP_all/004357@30.0918041598631,-90.4695533456737.jpg",1,0,236,484,159,484,395
"WSLP_all/004358@30.0887773108508,-90.4694973682673.jpg",1,149,266,346,137,495,403
"WSLP_all/004359@30.0893716849905,-90.4728124854802.jpg",1,30,258,392,143,422,401
"WSLP_all/004360@30.0896092984778,-90.4726902712916.jpg",1,110,279,324,140,434,419
"WSLP_all/004361@30.0900724700957,-90.4694734916262.jpg",1,169,275,291,133,460,408
"WSLP_all/004362@30.0915826788767,-90.472834500249.jpg",1,148,265,315,127,463,392
"WSLP_all/004363@30.0912702495613,-90.4694820807835.jpg",3,186,241,455,149,641,390
"WSLP_all/004364@30.0914119383294,-90.4693796603151.jpg",1,132,230,493,191,625,421
"WSLP_all/004365@30.092679083945,-90.4695331120719.jpg",1,211,237,320,145,531,382
"WSLP_all/004366@30.0856394287716,-90.4727119097841.jpg",1,36,238,429,148,465,386
"WSLP_all/004367@30.0896365410192,-90.469486757342.jpg",3,116,226,525,189,641,415
"WSLP_all/004368@30.0902536486378,-90.4727542739995.jpg",1,210,266,283,158,493,424
"WSLP_all/004369@30.0908121622147,-90.4693911850156.jpg",1,70,208,543,212,613,420
"WSLP_all/004370@30.0894857765206,-90.4727450948632.jpg",1,91,286,324,130,415,416
"WSLP_all/004371@30.0911363840859,-90.4695654588339.jpg",1,174,250,375,166,549,416
"WSLP_all/004372@30.0889269470879,-90.4694581253583.jpg",3,63,272,381,132,444,404
"WSLP_all/004373@30.0919297086038,-90.4725943356078.jpg",1,80,287,329,118,409,405
"WSLP_all/004374@30.091930414306,-90.4694289239459.jpg",1,34,255,435,153,469,408
"WSLP_all/004375@30.0925314559815,-90.4694173873321.jpg",1,247,263,284,124,531,387
"WSLP_all/004376@30.0862652528504,-90.4727602597908.jpg",1,34,246,480,169,514,415
"WSLP_all/004377@30.0902212331149,-90.4694184437882.jpg",1,70,261,454,166,524,427
"WSLP_all/004378@30.086972453332,-90.4727509902371.jpg",1,28,240,538,160,566,400
"WSLP_all/004379@30.0903928582668,-90.4726803413938.jpg",1,190,294,298,115,488,409
"WSLP_all/004380@30.092073142891,-90.4693802518202.jpg",3,88,258,384,161,472,419
"WSLP_all/004381@30.0863907473406,-90.4726326935721.jpg",1,140,270,382,142,522,412
"WSLP_all/004382@30.0903493927154,-90.469303493907.jpg",1,67,254,475,165,542,419
"WSLP_all/004383@30.0857782118305,-90.4726063638124.jpg",1,45,258,394,128,439,386
"WSLP_all/004384@30.0912438516644,-90.4724990682404.jpg",1,224,271,352,142,576,413
"WSLP_all/004385@30.0918095606009,-90.4726522936656.jpg",1,92,275,309,137,401,412
"WSLP_all/004386@30.0890373486162,-90.4692895734816.jpg",1,16,290,407,114,423,404
"WSLP_all/004387@30.0910970992796,-90.4692021440744.jpg",1,143,238,461,166,604,404
"WSLP_all/004388@30.0898534560876,-90.4725300529009.jpg",1,113,255,359,141,472,396
"WSLP_all/004389@30.089767772482,-90.4693622940457.jpg",1,124,257,415,121,539,378
"WSLP_all/004390@30.0905085234918,-90.4725971253824.jpg",1,156,257,352,150,508,407
"WSLP_all/004391@30.0915559012705,-90.4692803830973.jpg",1,115,245,519,180,634,425
"WSLP_all/004392@30.0909555685523,-90.4692950754452.jpg",3,190,210,274,195,464,405
"WSLP_all/004393@30.0922076932798,-90.4692209728863.jpg",1,63,265,424,143,487,408
"WSLP_all/004394@30.089738011395,-90.4726006189071.jpg",1,131,271,308,123,439,394
"WSLP_all/004395@30.0891833356341,-90.4692598482528.jpg",1,48,274,342,121,390,395
"WSLP_all/004396@30.0886260824708,-90.4725121964864.jpg",1,133,257,383,131,516,388
"WSLP_all/004397@30.0911409310734,-90.4725758515026.jpg",1,183,270,364,141,547,411
"WSLP_all/004398@30.0899651543014,-90.4724247362169.jpg",1,113,263,309,112,422,375
"WSLP_all/004399@30.0923806154518,-90.4690676851978.jpg",1,45,274,467,139,512,413
"WSLP_all/004400@30.0893891623774,-90.4724360369324.jpg",1,172,286,293,104,465,390
"WSLP_all/004401@30.0913818645406,-90.4724061715654.jpg",1,186,275,392,132,578,407
"WSLP_all/004402@30.0916929150555,-90.4691780036284.jpg",1,113,265,499,167,612,432
"WSLP_all/004403@30.0906128730779,-90.4725203302848.jpg",1,231,241,302,157,533,398
"WSLP_all/004404@30.0900754028363,-90.4723795132036.jpg",1,160,234,302,164,462,398
"WSLP_all/004405@30.0865169237782,-90.4725335786876.jpg",1,116,286,373,138,489,424
"WSLP_all/004406@30.0893131027792,-90.4691259124957.jpg",1,123,272,373,114,496,386
"WSLP_all/004407@30.0866807493144,-90.4724436255348.jpg",1,111,288,399,124,510,412
"WSLP_all/004408@30.0906059921781,-90.4690704286286.jpg",1,86,272,381,156,467,428
"WSLP_all/004409@30.0859037749202,-90.4724724723011.jpg",1,37,254,409,146,446,400
"WSLP_all/004410@30.0898935451345,-90.4692189057583.jpg",1,98,237,419,149,517,386
"WSLP_all/004411@30.0892376556476,-90.4725511833357.jpg",1,61,250,393,130,454,380
"WSLP_all/004412@30.0900218345057,-90.4690944683408.jpg",1,94,228,444,181,538,409
"WSLP_all/004413@30.0914903804068,-90.4723483139681.jpg",3,187,274,348,139,535,413
"WSLP_all/004414@30.0868119218629,-90.4723349817675.jpg",3,157,241,343,167,500,408
"WSLP_all/004415@30.0912241021828,-90.4690745540749.jpg",1,73,234,494,182,567,416
"WSLP_all/004416@30.0872763266031,-90.4725301807284.jpg",1,96,250,358,157,454,407
"WSLP_all/004417@30.091811069965,-90.469009380542.jpg",1,202,250,316,167,518,417
"WSLP_all/004418@30.0920437506404,-90.4724858332746.jpg",1,143,271,242,171,385,442
"WSLP_all/004419@30.0907604592841,-90.4689710606469.jpg",1,80,261,446,139,526,400
"WSLP_all/004420@30.0904746294032,-90.4691664337386.jpg",1,108,274,384,135,492,409
"WSLP_all/004421@30.0875532754131,-90.4725024915259.jpg",1,63,278,420,146,483,424
"WSLP_all/004422@30.0913492988794,-90.4689564660748.jpg",1,100,230,480,169,580,399
"WSLP_all/004423@30.0874913714287,-90.4723417594065.jpg",1,183,207,458,229,641,436
"WSLP_all/004424@30.0894530214985,-90.4689634289019.jpg",1,164,266,340,141,504,407
"WSLP_all/004425@30.089531808211,-90.4723241289036.jpg",1,234,283,264,108,498,391
"WSLP_all/004426@30.0901713390244,-90.469001468389.jpg",1,102,247,447,144,549,391
"WSLP_all/004427@30.086050827507,-90.4723700163157.jpg",1,59,298,404,111,463,409
"WSLP_all/004428@30.092405565705,-90.4722739987978.jpg",1,50,276,351,123,401,399
"WSLP_all/004429@30.0921726350411,-90.4724183126638.jpg",1,55,254,350,144,405,398
"WSLP_all/004430@30.0879206383761,-90.4722431870753.jpg",1,128,266,352,129,480,395
"WSLP_all/004431@30.0922826970357,-90.4723319810289.jpg",1,41,253,374,141,415,394
"WSLP_all/004432@30.0902931319488,-90.4688802478501.jpg",1,95,241,427,131,522,372
"WSLP_all/004433@30.0909831436915,-90.4722515061898.jpg",1,148,232,357,156,505,388
"WSLP_all/004434@30.0908899725554,-90.4688655833969.jpg",3,62,276,459,153,521,429
"WSLP_all/004435@30.0916097223866,-90.4722682271067.jpg",1,228,261,375,140,603,401
"WSLP_all/004436@30.0920831519846,-90.4688394205577.jpg",3,21,250,579,162,600,412
"WSLP_all/004437@30.090204816311,-90.472296178307.jpg",1,131,249,299,154,430,403
"WSLP_all/004438@30.0914962880763,-90.4688951076981.jpg",1,144,251,364,147,508,398
"WSLP_all/004439@30.0861685616401,-90.4722709754221.jpg",1,87,253,430,152,517,405
"WSLP_all/004440@30.0897325217699,-90.4687965706202.jpg",1,123,269,383,142,506,411
"WSLP_all/004441@30.0896769703726,-90.4722311718.jpg",1,220,284,275,110,495,394
"WSLP_all/004442@30.0904316998037,-90.4687968287823.jpg",1,174,228,422,139,596,367
"WSLP_all/004443@30.0869395617533,-90.4722200440839.jpg",1,154,275,308,126,462,401
"WSLP_all/004444@30.0910190861208,-90.468728488291.jpg",1,116,262,451,150,567,412
"WSLP_all/004445@30.089042786081,-90.4720943556457.jpg",1,17,257,363,135,380,392
"WSLP_all/004446@30.0916343651994,-90.4687579340223.jpg",1,132,269,422,147,554,416
"WSLP_all/004447@30.0863337755517,-90.472174686034.jpg",3,48,272,362,114,410,386
"WSLP_all/004448@30.0918918304806,-90.4688916762277.jpg",1,22,257,533,156,555,413
"WSLP_all/004449@30.0905773682518,-90.468710185675.jpg",1,120,250,332,120,452,370
"WSLP_all/004450@30.0911266212988,-90.472199670932.jpg",1,189,247,341,154,530,401
"WSLP_all/004451@30.0926520595332,-90.4721011066917.jpg",1,50,280,361,143,411,423
"WSLP_all/004452@30.0918448951931,-90.4721049209202.jpg",1,235,249,378,152,613,401
"WSLP_all/004453@30.0898502432142,-90.4686374406714.jpg",3,125,296,344,113,469,409
"WSLP_all/004454@30.0911466190283,-90.4686230286734.jpg",1,41,257,459,168,500,425
"WSLP_all/004455@30.0902949573012,-90.4722163447679.jpg",1,113,250,318,157,431,407
"WSLP_all/004456@30.0925175527411,-90.4721876501639.jpg",1,113,272,372,136,485,408
"WSLP_all/004457@30.0917514144854,-90.4686304291424.jpg",1,125,269,405,151,530,420
"WSLP_all/004458@30.0871101440128,-90.4720952487144.jpg",1,125,269,392,154,517,423
"WSLP_all/004459@30.0900051250349,-90.4685886639945.jpg",1,96,274,391,126,487,400
"WSLP_all/004460@30.0912883675455,-90.4684921476685.jpg",1,94,269,443,159,537,428
"WSLP_all/004461@30.0898164409379,-90.4721382636151.jpg",1,183,280,267,107,450,387
"WSLP_all/004462@30.0906933439622,-90.4685573938214.jpg",1,80,230,495,169,575,399
"WSLP_all/004463@30.0919009799577,-90.4685216151645.jpg",1,119,272,463,156,582,428
"WSLP_all/004464@30.0904352447536,-90.4721392398728.jpg",1,132,267,294,128,426,395
"WSLP_all/004465@30.0901219377558,-90.4684168925292.jpg",1,149,284,202,133,351,417
"WSLP_all/004466@30.0889026840374,-90.472187268628.jpg",1,58,250,415,146,473,396
"WSLP_all/004467@30.0908253729557,-90.4684582197088.jpg",1,166,245,433,143,599,388
"WSLP_all/004468@30.0878294556472,-90.4720415991531.jpg",1,140,265,345,144,485,409
"WSLP_all/004469@30.0906694615326,-90.4719980779106.jpg",1,110,282,283,131,393,413
"WSLP_all/004470@30.0902703917819,-90.4683523592099.jpg",1,99,276,402,127,501,403
"WSLP_all/004471@30.0928892390018,-90.4719504290848.jpg",1,74,288,374,112,448,400
"WSLP_all/004472@30.0909639675581,-90.4683621495085.jpg",1,154,237,421,150,575,387
"WSLP_all/004473@30.086462982304,-90.4720597341154.jpg",1,150,292,292,108,442,400
"WSLP_all/004474@30.0857852577125,-90.4720434574332.jpg",1,187,214,420,186,607,400
"WSLP_all/004475@30.0913908238064,-90.4683869040998.jpg",1,113,245,421,156,534,401
"WSLP_all/004476@30.0887324683997,-90.4719895240701.jpg",1,49,253,452,167,501,420
"WSLP_all/004477@30.0920819713487,-90.4719384342277.jpg",1,183,271,432,170,615,441
"WSLP_all/004478@30.0915603325236,-90.468312701496.jpg",1,11,208,503,182,514,390
"WSLP_all/004479@30.0893122742686,-90.4718801611112.jpg",1,96,263,307,124,403,387
"WSLP_all/004480@30.0916735030862,-90.4681725809428.jpg",2,12,247,601,135,613,382
"WSLP_all/004481@30.0902293780997,-90.471859583789.jpg",1,191,269,297,117,488,386
"WSLP_all/004482@30.0913525200848,-90.4720396077561.jpg",1,121,258,396,137,517,395
"WSLP_all/004483@30.0907973828658,-90.4719052683162.jpg",1,145,274,327,139,472,413
"WSLP_all/004484@30.0903892673555,-90.468180569097.jpg",1,153,299,355,100,508,399
"WSLP_all/004485@30.0865936805703,-90.4719289597044.jpg",1,66,263,368,120,434,383
"WSLP_all/004486@30.0930138198053,-90.4718892689553.jpg",1,104,282,340,119,444,401
"WSLP_all/004487@30.0910923164851,-90.4682218980714.jpg",1,125,229,433,147,558,376
"WSLP_all/004488@30.0881071881163,-90.4720202258953.jpg",3,0,249,557,154,557,403
"WSLP_all/004489@30.091812441148,-90.4680701831126.jpg",1,55,271,465,136,520,407
"WSLP_all/004490@30.0927674148354,-90.4720210530601.jpg",1,123,279,295,132,418,411
"WSLP_all/004491@30.0914539347869,-90.4719596745701.jpg",1,211,265,332,130,543,395
"WSLP_all/004492@30.0912477537674,-90.468157304236.jpg",3,127,270,306,104,433,374
"WSLP_all/004493@30.0899712262786,-90.472032573059.jpg",1,207,278,195,109,402,387
"WSLP_all/004494@30.0872787127777,-90.4719989280876.jpg",1,33,272,422,145,455,417
"WSLP_all/004495@30.0859126836456,-90.4719253603619.jpg",3,123,218,464,177,587,395
"WSLP_all/004496@30.0905437773413,-90.4681381190606.jpg",1,125,272,371,127,496,399
"WSLP_all/004497@30.0877226354651,-90.4719002277915.jpg",3,82,237,416,172,498,409
"WSLP_all/004498@30.0886230903396,-90.4718608221248.jpg",3,127,225,486,183,613,408
"WSLP_all/004499@30.0906774820523,-90.4680136324032.jpg",3,149,236,380,171,529,407
"WSLP_all/004500@30.0900717815161,-90.4719431629074.jpg",1,203,245,236,138,439,383
"WSLP_all/004501@30.092213810685,-90.4718772118255.jpg",1,208,267,377,139,585,406
"WSLP_all/004502@30.0913541454227,-90.4679856206189.jpg",1,113,261,399,122,512,383
"WSLP_all/004503@30.0915804535523,-90.4718921741278.jpg",1,182,285,335,115,517,400
"WSLP_all/004504@30.0923300937738,-90.4718129615119.jpg",1,180,260,364,136,544,396
"WSLP_all/004505@30.0907898213906,-90.4678640323266.jpg",1,191,294,290,95,481,389
"WSLP_all/004506@30.0918160722269,-90.4717383499422.jpg",1,237,287,339,105,576,392
"WSLP_all/004507@30.0924634462092,-90.4717390766919.jpg",1,176,195,375,186,551,381
"WSLP_all/004508@30.0916939322484,-90.471815299569.jpg",1,214,296,337,114,551,410
"WSLP_all/004509@30.0909457321021,-90.4677962718088.jpg",1,170,296,359,96,529,392
"WSLP_all/004510@30.0932598935393,-90.4717195407492.jpg",1,140,286,267,98,407,384
"WSLP_all/004511@30.0925714938008,-90.4716306256697.jpg",1,256,241,334,130,590,371
"WSLP_all/004512@30.0910609445209,-90.4676529715793.jpg",2,186,289,293,102,479,391
"WSLP_all/004513@30.0934004764015,-90.4716076451826.jpg",2,143,272,309,114,452,386
"WSLP_all/004514@30.0931259090416,-90.4717807825518.jpg",3,154,296,256,83,410,379
"WSLP_all/004515@30.0919325479835,-90.4716488001602.jpg",3,195,285,380,109,575,394
"WSLP_all/004516@30.0911982053515,-90.4675758859405.jpg",3,152,275,332,111,484,386
"WSLP_all/004517@30.0926869996122,-90.471544245732.jpg",1,177,265,314,113,491,378
"WSLP_all/004518@30.0920486111266,-90.4715719026997.jpg",1,224,248,405,121,629,369
"WSLP_all/004519@30.0913396383894,-90.467489277178.jpg",3,72,254,414,113,486,367
"WSLP_all/004520@30.0921678361735,-90.471494976674.jpg",1,215,247,416,136,631,383
"WSLP_all/004521@30.091393633397,-90.4715143228402.jpg",1,143,249,319,118,462,367
"WSLP_all/004522@30.0894773774351,-90.4717585717187.jpg",1,128,280,377,118,505,398
"WSLP_all/004523@30.0909190623069,-90.4718125124502.jpg",1,131,284,314,113,445,397
"WSLP_all/004524@30.0905152679181,-90.4716642184197.jpg",1,193,285,273,99,466,384
"WSLP_all/004525@30.0914407449248,-90.4673587475057.jpg",3,175,253,425,111,600,364
"WSLP_all/004526@30.0903872917185,-90.4717570285366.jpg",1,143,296,271,82,414,378
"WSLP_all/004527@30.0896015730171,-90.4716974167743.jpg",3,193,276,247,101,440,377
"WSLP_all/004528@30.0910394835997,-90.471741902697.jpg",1,184,277,271,115,455,392
"WSLP_all/004529@30.0915577412069,-90.4672944851626.jpg",3,24,263,307,128,331,391
"WSLP_all/004530@30.0911664087615,-90.4716902098074.jpg",1,163,290,285,105,448,395
"WSLP_all/004531@30.0908021811389,-90.471478328641.jpg",1,211,280,277,92,488,372
"WSLP_all/004532@30.0906553561595,-90.4715649789211.jpg",3,176,283,270,95,446,378
"WSLP_all/004534@30.0876212856183,-90.4717208642314.jpg",3,134,256,339,132,473,388
"WSLP_all/004535@30.089158533673,-90.4715652753232.jpg",3,222,258,263,101,485,359
"WSLP_all/004536@30.0885122755734,-90.4717099979841.jpg",3,132,266,430,129,562,395
"WSLP_all/004537@30.0884422173344,-90.4715430110707.jpg",3,109,279,356,124,465,403
"WSLP_all/004538@30.0889629567087,-90.4716902903004.jpg",1,174,274,278,102,452,376
"WSLP_all/004539@30.0875337603,-90.4715571919612.jpg",1,111,270,427,117,538,387
"WSLP_all/004541@30.0879201216825,-90.4716929834249.jpg",1,245,290,203,81,448,371
"WSLP_all/004542@30.0878614063658,-90.4715448720624.jpg",3,194,291,259,81,453,372
"WSLP_all/004543@30.091637331874,-90.4671704664936.jpg",3,162,277,275,109,437,386
"WSLP_all/004544@30.0872217016249,-90.4718255060681.jpg",1,114,267,420,145,534,412
"WSLP_all/004545@30.0860363342607,-90.47172192028.jpg",2,2,245,225,138,227,383
"WSLP_all/004546@30.0920908282746,-90.4668471378484.jpg",1,29,244,570,135,599,379
"WSLP_all/004547@30.0867513739229,-90.4718390584997.jpg",1,113,288,278,105,391,393
"WSLP_all/004548@30.086188674114,-90.4717174410217.jpg",1,126,242,477,141,603,383
"WSLP_all/004549@30.0871093952106,-90.4716905074053.jpg",1,151,282,384,104,535,386
"WSLP_all/004550@30.0868596208572,-90.4717400983086.jpg",1,115,279,332,114,447,393
"WSLP_all/004551@30.092277236763,-90.4667253503518.jpg",1,19,263,469,106,488,369
"WSLP_all/004552@30.086321201143,-90.4716056230578.jpg",1,126,257,470,126,596,383
"WSLP_all/004553@30.0870128580023,-90.4715490485082.jpg",2,3,227,431,179,434,406
"WSLP_all/004554@30.0924706183252,-90.4665307709123.jpg",3,42,252,567,115,609,367
"WSLP_all/004555@30.0846521870912,-90.4749053860035.jpg",2,225,274,312,122,537,396
"WSLP_all/004556@30.0848924564423,-90.4747515395998.jpg",1,89,260,459,95,548,355
"WSLP_all/004557@30.0844894139208,-90.4746380171393.jpg",2,148,241,491,167,639,408
"WSLP_all/004558@30.0846065032462,-90.4745326620411.jpg",1,149,250,437,129,586,379
"WSLP_all/004559@30.0851095663285,-90.4746137010921.jpg",3,33,246,539,124,572,370
"WSLP_all/004560@30.0853390084516,-90.4744694326768.jpg",1,43,245,537,118,580,363
"WSLP_all/004561@30.0855766444452,-90.474325092962.jpg",3,148,255,462,120,610,375
"WSLP_all/004562@30.084748876384,-90.4744081167173.jpg",1,143,249,419,133,562,382
"WSLP_all/004563@30.084897112656,-90.474318302638.jpg",1,136,252,418,120,554,372
"WSLP_all/004564@30.0850351059856,-90.4742096044919.jpg",1,125,249,417,131,542,380
"WSLP_all/004565@30.0842908605225,-90.4742096969033.jpg",2,186,247,432,131,618,378
"WSLP_all/004566@30.0851667684642,-90.4740914735289.jpg",1,120,245,412,136,532,381
"WSLP_all/004567@30.0853241546761,-90.4740047417221.jpg",1,83,254,446,135,529,389
"WSLP_all/004568@30.0854702256741,-90.4739117831645.jpg",1,140,264,398,109,538,373
"WSLP_all/004569@30.0847269484799,-90.473883411379.jpg",3,162,294,301,82,463,376
"WSLP_all/004570@30.0841669870234,-90.4739325086908.jpg",2,206,266,372,134,578,400
"WSLP_all/004571@30.084855324468,-90.47375898571.jpg",1,142,292,284,99,426,391
"WSLP_all/004572@30.0842927578448,-90.473804944261.jpg",1,111,290,365,85,476,375
"WSLP_all/004573@30.085598258125,-90.4738063317808.jpg",1,141,260,430,132,571,392
"WSLP_all/004574@30.0844246877966,-90.4736899743688.jpg",1,88,285,383,123,471,408
"WSLP_all/004575@30.0847048533474,-90.4734851879895.jpg",1,99,287,361,107,460,394
"WSLP_all/004576@30.085273469939,-90.4734518233372.jpg",1,159,291,311,94,470,385
"WSLP_all/004577@30.0850101804193,-90.4736849235432.jpg",1,93,277,358,104,451,381
"WSLP_all/004578@30.0845659118035,-90.4735875709586.jpg",1,93,292,336,102,429,394
"WSLP_all/004579@30.0840399838311,-90.4734751149489.jpg",3,222,257,323,113,545,370
"WSLP_all/004580@30.0851444270278,-90.4735667696169.jpg",1,140,290,292,95,432,385
"WSLP_all/004581@30.0848222031384,-90.4733608569869.jpg",1,101,276,372,121,473,397
"WSLP_all/004582@30.0854330753023,-90.4733808814247.jpg",1,76,280,391,114,467,394
"WSLP_all/004583@30.0841757908523,-90.4733601114506.jpg",1,178,257,403,122,581,379
"WSLP_all/004584@30.0849673248758,-90.4732615821115.jpg",1,130,279,333,102,463,381
"WSLP_all/004585@30.0855580279022,-90.4732628078386.jpg",3,118,297,365,92,483,389
"WSLP_all/004586@30.0842969009087,-90.4732009665661.jpg",3,214,269,341,99,555,368
"WSLP_all/004587@30.0852506594382,-90.4730409559251.jpg",1,62,279,347,102,409,381
"WSLP_all/004588@30.0844465117348,-90.473149083216.jpg",1,176,249,408,115,584,364
"WSLP_all/004589@30.0850959827447,-90.4731339908832.jpg",1,103,273,344,113,447,386
"WSLP_all/004590@30.0846964708893,-90.4728749919109.jpg",1,240,273,306,112,546,385
"WSLP_all/004591@30.0845731618446,-90.4730341568175.jpg",1,179,260,400,119,579,379
"WSLP_all/004592@30.0853717000043,-90.4729260779328.jpg",3,85,285,366,91,451,376
"WSLP_all/004593@30.0848488170309,-90.4728167602179.jpg",1,143,264,450,125,593,389
"WSLP_all/004594@30.0849819352102,-90.4726986160898.jpg",1,237,273,353,113,590,386
"WSLP_all/004595@30.0854988451743,-90.4728111469443.jpg",1,63,266,391,114,454,380
"WSLP_all/004596@30.0850962523143,-90.4725395267482.jpg",3,201,283,351,89,552,372
"WSLP_all/004597@30.0852475885398,-90.4724907891059.jpg",3,203,269,365,116,568,385
"WSLP_all/004598@30.0853834083823,-90.472369458696.jpg",1,187,266,391,113,578,379
"WSLP_all/004599@30.085518279456,-90.4722671083529.jpg",3,194,283,376,113,570,396
"WSLP_all/004600@30.0856301136234,-90.4720985540409.jpg",1,211,289,318,104,529,393
"WSLP_all/004601@30.0842801302057,-90.4752216294311.jpg",1,61,264,440,128,501,392
"WSLP_all/004602@30.084254800651,-90.4750099930013.jpg",1,52,253,363,119,415,372
"WSLP_all/004603@30.0841675333214,-90.4748558071536.jpg",1,18,241,428,137,446,378
"WSLP_all/004604@30.084041150999,-90.4747082825764.jpg",3,76,285,367,91,443,376
"WSLP_all/004605@30.0840119642182,-90.4745124899463.jpg",3,93,277,368,106,461,383
"WSLP_all/004606@30.083892779461,-90.4743680659715.jpg",1,82,278,356,114,438,392
"WSLP_all/004607@30.083810798144,-90.4741853778584.jpg",1,24,249,465,125,489,374
"WSLP_all/004608@30.0836700890968,-90.4739747376679.jpg",1,119,275,272,83,391,358
"WSLP_all/004610@30.083888950726,-90.4735617916638.jpg",1,135,258,382,98,517,356
"WSLP_all/004611@30.0854805396551,-90.4749077362805.jpg",1,203,282,235,101,438,383
"WSLP_all/004612@30.0856059606799,-90.4748529012411.jpg",3,188,289,252,99,440,388
"WSLP_all/004613@30.0857177226442,-90.4747570772348.jpg",1,162,274,243,105,405,379
"WSLP_all/004614@30.085932625754,-90.47462241866.jpg",3,213,293,327,101,540,394
"WSLP_all/004615@30.0858274561902,-90.4747087011317.jpg",1,206,296,240,93,446,389
"WSLP_all/004616@30.0860506294872,-90.4745644848834.jpg",1,193,297,213,84,406,381
"WSLP_all/004617@30.0848196196976,-90.4753434641817.jpg",1,176,272,363,121,539,393
"WSLP_all/004618@30.0849322470297,-90.4753045502879.jpg",1,222,283,271,100,493,383
"WSLP_all/004619@30.0850379602847,-90.4751961314565.jpg",3,184,283,254,110,438,393
"WSLP_all/004620@30.0851568647322,-90.4751540001938.jpg",1,206,300,243,89,449,389
"WSLP_all/004621@30.0852579097838,-90.4750551072383.jpg",3,215,291,247,91,462,382
"WSLP_all/004622@30.0853808833987,-90.4750002935882.jpg",1,193,298,231,89,424,387
"WSLP_all/004623@30.0882986281777,-90.4744375992032.jpg",1,179,289,327,131,506,420
"WSLP_all/004624@30.0868362240396,-90.4744154212591.jpg",1,126,245,380,134,506,379
"WSLP_all/004629@30.0892544634041,-90.4742333069925.jpg",1,162,276,248,96,410,372
"WSLP_all/004631@30.0884396461728,-90.4743541684428.jpg",1,259,308,311,95,570,403
"WSLP_all/004632@30.0887527066975,-90.4741965251268.jpg",2,131,290,482,138,613,428
"WSLP_all/004633@30.087010356275,-90.4743158958339.jpg",1,182,277,333,104,515,381
"WSLP_all/004634@30.0885525766081,-90.4742646553334.jpg",1,212,299,295,103,507,402
"WSLP_all/004636@30.0872768983213,-90.4741428453032.jpg",3,100,276,408,113,508,389
"WSLP_all/004637@30.0871264212412,-90.4742137086049.jpg",1,101,269,364,98,465,367
"WSLP_all/004638@30.0874137987034,-90.4740183422382.jpg",1,128,272,323,117,451,389
"WSLP_all/004640@30.0886916770155,-90.474038943595.jpg",1,310,287,328,103,638,390
"WSLP_all/004641@30.0894746313182,-90.474016380983.jpg",1,189,289,229,83,418,372
"WSLP_all/004642@30.0882022111936,-90.4740147053937.jpg",1,188,279,269,90,457,369
"WSLP_all/004643@30.0891237295175,-90.4739751369955.jpg",1,48,268,350,122,398,390
"WSLP_all/004644@30.0886080523609,-90.4739289901403.jpg",1,263,282,341,102,604,384
"WSLP_all/004645@30.0894103990335,-90.4738778000183.jpg",1,189,298,247,85,436,383
"WSLP_all/004646@30.0883279614764,-90.4738586769794.jpg",1,201,294,247,90,448,384
"WSLP_all/004647@30.0877176460307,-90.4738228337182.jpg",1,147,271,437,114,584,385
"WSLP_all/004648@30.0875668735479,-90.4739537802284.jpg",1,104,241,392,153,496,394
"WSLP_all/004649@30.0878377594742,-90.473717448155.jpg",1,204,266,292,123,496,389
"WSLP_all/004650@30.0893419384482,-90.4737360935521.jpg",1,205,289,230,90,435,379
"WSLP_all/004651@30.0890413142564,-90.473827226948.jpg",1,22,275,388,123,410,398
"WSLP_all/004652@30.0889413152021,-90.4736857931238.jpg",1,13,274,322,112,335,386
"WSLP_all/004653@30.0884543168337,-90.4737279399597.jpg",2,218,264,419,146,637,410
"WSLP_all/004654@30.0892713324031,-90.4736197030077.jpg",1,209,283,234,100,443,383
"WSLP_all/004655@30.0888638758217,-90.4734619482691.jpg",3,12,274,341,104,353,378
"WSLP_all/004656@30.0879803312807,-90.473564435868.jpg",3,136,249,370,132,506,381
"WSLP_all/004657@30.0886368133824,-90.473422799927.jpg",2,6,249,437,147,443,396
"WSLP_all/004658@30.0892032705201,-90.4734463709358.jpg",3,256,286,214,92,470,378
"WSLP_all/004659@30.0880982648798,-90.4734116367992.jpg",1,173,270,422,144,595,414
"WSLP_all/004660@30.0887429230466,-90.4732574531948.jpg",1,234,290,383,96,617,386
"WSLP_all/004663@30.0784762968774,-90.4823319364655.jpg",1,130,266,238,87,368,353
"WSLP_all/004665@30.0882640287239,-90.4731129669989.jpg",2,8,207,524,199,532,406
"WSLP_all/004666@30.0786152212978,-90.482191630402.jpg",1,153,252,421,138,574,390
"WSLP_all/004667@30.0781420161873,-90.4821134651796.jpg",1,190,263,294,86,484,349
"WSLP_all/004668@30.0780983603337,-90.4819620708237.jpg",1,149,280,339,103,488,383
"WSLP_all/004669@30.088817727053,-90.4730860520935.jpg",1,245,276,363,112,608,388
"WSLP_all/004670@30.079110825184,-90.4818806991936.jpg",1,165,266,358,119,523,385
"WSLP_all/004671@30.088070050158,-90.4729565348086.jpg",2,7,275,605,133,612,408
"WSLP_all/004672@30.0883565752973,-90.4729508987467.jpg",1,124,289,233,96,357,385
"WSLP_all/004673@30.0780352297027,-90.4818140058329.jpg",1,157,292,330,113,487,405
"WSLP_all/004674@30.0883923334929,-90.4727924837762.jpg",3,132,291,187,91,319,382
"WSLP_all/004675@30.0881338488953,-90.4727504463979.jpg",1,151,273,323,95,474,368
"WSLP_all/004676@30.0784243456629,-90.4818201664418.jpg",2,90,280,455,121,545,401
"WSLP_all/004677@30.079347679956,-90.4817205837414.jpg",1,213,244,364,131,577,375
"WSLP_all/004678@30.0779041327319,-90.4815526974313.jpg",1,103,272,345,134,448,406
"WSLP_all/004679@30.0882249028173,-90.472591554067.jpg",3,166,280,335,106,501,386
"WSLP_all/004680@30.0885354202776,-90.4726679250554.jpg",1,117,294,287,84,404,378
"WSLP_all/004681@30.0883082723895,-90.472426402552.jpg",1,161,285,346,102,507,387
"WSLP_all/004682@30.0795854420666,-90.4815604597713.jpg",1,207,247,404,122,611,369
"WSLP_all/004683@30.0783049364826,-90.481533462695.jpg",1,54,252,573,131,627,383
"WSLP_all/004684@30.078912187359,-90.4815124631818.jpg",1,121,302,310,101,431,403
"WSLP_all/004685@30.0776679209346,-90.4814124351075.jpg",1,118,284,245,89,363,373
"WSLP_all/004686@30.0797169355454,-90.4814960989251.jpg",1,229,236,362,137,591,373
"WSLP_all/004687@30.0790281819494,-90.4814324250303.jpg",1,66,299,325,103,391,402
"WSLP_all/004688@30.0798176071194,-90.4814193529496.jpg",1,254,254,318,117,572,371
"WSLP_all/004689@30.0784070732154,-90.481428249068.jpg",1,139,258,362,103,501,361
"WSLP_all/004690@30.0884285768568,-90.4723210130207.jpg",1,222,291,257,83,479,374
"WSLP_all/004691@30.0785340298422,-90.481363927594.jpg",3,143,296,258,107,401,403
"WSLP_all/004692@30.0791468913301,-90.4813302317147.jpg",1,127,297,305,112,432,409
"WSLP_all/004693@30.0800716736407,-90.4812717355306.jpg",1,113,269,365,115,478,384
"WSLP_all/004694@30.0787714075462,-90.4811911600939.jpg",1,115,286,326,108,441,394
"WSLP_all/004695@30.0773900958579,-90.4809437047758.jpg",2,162,285,478,117,640,402
"WSLP_all/004696@30.0788847406722,-90.4811206309402.jpg",1,124,285,296,106,420,391
"WSLP_all/004697@30.0796271085219,-90.4810257508689.jpg",1,108,303,268,89,376,392
"WSLP_all/004698@30.0797522801552,-90.4809361475337.jpg",1,146,298,327,113,473,411
"WSLP_all/004699@30.0771483336245,-90.4808509196224.jpg",1,153,238,363,133,516,371
"WSLP_all/004700@30.0806619947148,-90.4808398336961.jpg",1,134,283,337,103,471,386
"WSLP_all/004701@30.0798683411911,-90.4808750796165.jpg",1,145,302,254,95,399,397
"WSLP_all/004702@30.0799803266054,-90.4807919134313.jpg",1,126,288,300,109,426,397
"WSLP_all/004703@30.0807786612763,-90.4807661124035.jpg",1,158,288,332,111,490,399
"WSLP_all/004704@30.0809061191469,-90.4807112699192.jpg",1,229,299,231,102,460,401
"WSLP_all/004705@30.0802293396247,-90.480653822997.jpg",1,132,292,306,89,438,381
"WSLP_all/004706@30.0768698443132,-90.480594037742.jpg",1,162,239,389,133,551,372
"WSLP_all/004707@30.0810119956573,-90.4805933741793.jpg",1,114,310,356,112,470,422
"WSLP_all/004708@30.0803504071617,-90.4805547692049.jpg",1,136,294,318,100,454,394
"WSLP_all/004709@30.081143832675,-90.4805353319773.jpg",1,148,296,298,96,446,392
"WSLP_all/004710@30.079719151144,-90.4805633328823.jpg",1,102,285,350,118,452,403
"WSLP_all/004711@30.0798260499217,-90.4804928574054.jpg",3,165,297,387,99,552,396
"WSLP_all/004712@30.0812807579082,-90.4804645984868.jpg",1,101,272,364,118,465,390
"WSLP_all/004713@30.0767752282142,-90.4804209498142.jpg",1,84,238,442,150,526,388
"WSLP_all/004714@30.079047816006,-90.4804931937502.jpg",1,162,287,343,109,505,396
"WSLP_all/004715@30.0804761342303,-90.4804746465239.jpg",1,166,296,316,104,482,400
"WSLP_all/004716@30.0792862717674,-90.4803172511764.jpg",1,175,270,327,121,502,391
"WSLP_all/004717@30.0791594514437,-90.4804068679467.jpg",1,303,283,233,94,536,377
"WSLP_all/004718@30.080194664395,-90.4802715332578.jpg",1,112,302,327,97,439,399
"WSLP_all/004719@30.0766680597813,-90.4802669412049.jpg",1,121,233,428,143,549,376
"WSLP_all/004720@30.0814960117209,-90.4802983362244.jpg",1,104,266,414,137,518,403
"WSLP_all/004721@30.0807173860164,-90.4803144868464.jpg",1,225,258,282,106,507,364
"WSLP_all/004722@30.0808260986167,-90.4802566423995.jpg",1,104,258,383,117,487,375
"WSLP_all/004723@30.079408429747,-90.4802592924682.jpg",1,238,275,307,105,545,380
"WSLP_all/004724@30.081626048501,-90.4802339849437.jpg",1,162,267,383,121,545,388
"WSLP_all/004725@30.0809420494593,-90.4801829264273.jpg",1,107,255,331,118,438,373
"WSLP_all/004726@30.0765617223033,-90.4801097640635.jpg",1,32,237,548,173,580,410
"WSLP_all/004727@30.0795376972421,-90.4801823017026.jpg",1,189,277,329,89,518,366
"WSLP_all/004728@30.0817441921168,-90.4801634114919.jpg",1,148,260,374,132,522,392
"WSLP_all/004729@30.080315895833,-90.4801724776302.jpg",1,116,294,349,107,465,401
"WSLP_all/004730@30.0811883133846,-90.480019561517.jpg",1,134,285,313,109,447,394
"WSLP_all/004731@30.0810588331988,-90.4801060412618.jpg",1,129,294,315,92,444,386
"WSLP_all/004732@30.0831021865062,-90.4759368900373.jpg",1,57,270,364,124,421,394
"WSLP_all/004733@30.0829951303988,-90.4756785299888.jpg",1,191,286,433,117,624,403
"WSLP_all/004734@30.0834436187743,-90.4757062897277.jpg",1,32,257,402,110,434,367
"WSLP_all/004735@30.0833160778258,-90.4754607542773.jpg",3,68,256,384,123,452,379
"WSLP_all/004736@30.0837051933926,-90.475542777812.jpg",1,107,241,513,151,620,392
"WSLP_all/004737@30.0818604882426,-90.4800707202809.jpg",1,153,263,355,122,508,385
"WSLP_all/004738@30.0840530524532,-90.4753152824377.jpg",1,115,278,294,122,409,400
"WSLP_all/004739@30.0797711181244,-90.4800443438592.jpg",1,174,259,374,130,548,389
"WSLP_all/004740@30.0827417305389,-90.4751842845259.jpg",3,170,272,370,111,540,383
"WSLP_all/004741@30.0828623783638,-90.4754393644373.jpg",3,178,274,456,101,634,375
"WSLP_all/004742@30.0831992320636,-90.4752151273535.jpg",3,35,289,368,94,403,383
"WSLP_all/004743@30.0805529133815,-90.4800250022668.jpg",1,149,301,319,93,468,394
"WSLP_all/004744@30.0835774655636,-90.4752940815618.jpg",3,243,244,341,114,584,358
"WSLP_all/004745@30.0831005339726,-90.4749693436472.jpg",1,60,269,415,114,475,383
"WSLP_all/004746@30.0791673957453,-90.4800242184972.jpg",1,200,274,212,96,412,370
"WSLP_all/004747@30.0819818562502,-90.4799969569386.jpg",1,201,266,292,100,493,366
"WSLP_all/004748@30.0839302741795,-90.4750665419408.jpg",1,76,286,433,94,509,380
"WSLP_all/004749@30.0834520334805,-90.4750390412002.jpg",1,108,241,503,102,611,343
"WSLP_all/004750@30.0821003222449,-90.4799421898086.jpg",1,184,283,278,83,462,366
"WSLP_all/004751@30.0808994616191,-90.4797848924511.jpg",1,149,297,275,101,424,398
"WSLP_all/004752@30.0837979815844,-90.474817885058.jpg",1,51,271,495,114,546,385
"WSLP_all/004753@30.0825700210916,-90.4749422938658.jpg",1,244,286,378,88,622,374
"WSLP_all/004754@30.0813025599635,-90.4799458595943.jpg",1,143,299,316,94,459,393
"WSLP_all/004755@30.0829890288691,-90.4746825653861.jpg",3,12,271,393,87,405,358
"WSLP_all/004756@30.0833350630493,-90.4747997394302.jpg",1,115,252,456,87,571,339
"WSLP_all/004757@30.0831712106493,-90.4745734890305.jpg",1,171,247,446,105,617,352
"WSLP_all/004758@30.0836912882342,-90.4745690071876.jpg",1,52,287,459,98,511,385
"WSLP_all/004759@30.0799010396214,-90.4799452139583.jpg",3,21,265,415,118,436,383
"WSLP_all/004760@30.0826743129995,-90.4746030666141.jpg",1,57,263,480,118,537,381
"WSLP_all/004761@30.0807949964777,-90.4798743198989.jpg",1,167,290,304,98,471,388
"WSLP_all/004762@30.0792719431122,-90.479934791964.jpg",1,189,260,287,109,476,369
"WSLP_all/004763@30.0763925985864,-90.4797349636426.jpg",1,115,251,366,146,481,397
"WSLP_all/004764@30.083125311861,-90.4742482029973.jpg",1,151,274,475,94,626,368
"WSLP_all/004766@30.0822194229228,-90.4798494729497.jpg",1,160,282,305,90,465,372
"WSLP_all/004767@30.0833824232683,-90.4740499435905.jpg",1,38,255,482,104,520,359
"WSLP_all/004768@30.0814241417867,-90.4798499603306.jpg",1,158,303,277,105,435,408
"WSLP_all/004769@30.0800065763794,-90.4798684246003.jpg",1,186,252,381,148,567,400
"WSLP_all/004770@30.0802442120897,-90.4797146199446.jpg",1,217,260,340,130,557,390
"WSLP_all/004771@30.0878610859428,-90.4761457493728.jpg",1,140,260,342,123,482,383
"WSLP_all/004772@30.0810364070967,-90.4797046722572.jpg",1,101,307,290,86,391,393
"WSLP_all/004773@30.0877399814798,-90.476225844754.jpg",3,179,297,326,97,505,394
"WSLP_all/004774@30.0794566920627,-90.4798604865269.jpg",1,209,287,245,82,454,369
"WSLP_all/004775@30.0879810704777,-90.4760877992439.jpg",1,177,266,358,131,535,397
"WSLP_all/004776@30.08768751762,-90.4757488176638.jpg",1,143,266,317,135,460,401
"WSLP_all/004777@30.0823431627647,-90.4797725268245.jpg",1,162,291,245,86,407,377
"WSLP_all/004779@30.0879255607003,-90.475607635177.jpg",1,102,269,339,123,441,392
"WSLP_all/004780@30.0880591486905,-90.475540080919.jpg",1,121,288,340,102,461,390
"WSLP_all/004781@30.0801284192655,-90.4797788490119.jpg",1,134,268,373,110,507,378
"WSLP_all/004782@30.087651247094,-90.4753601904323.jpg",1,73,296,331,109,404,405
"WSLP_all/004783@30.088134092924,-90.4754192753772.jpg",1,143,288,237,97,380,385
"WSLP_all/004784@30.0815534230612,-90.4797666435443.jpg",1,164,302,304,94,468,396
"WSLP_all/004785@30.0877724208204,-90.4752737702984.jpg",1,36,258,395,140,431,398
"WSLP_all/004786@30.0816546905476,-90.4796930522404.jpg",1,137,290,287,97,424,387
"WSLP_all/004787@30.0893001572508,-90.4751942095873.jpg",1,119,263,374,120,493,383
"WSLP_all/004788@30.0824662151359,-90.4796955863968.jpg",2,478,255,162,143,640,398
"WSLP_all/004790@30.0812820100658,-90.4795413116681.jpg",1,118,305,303,97,421,402
"WSLP_all/004791@30.087889723259,-90.4752095180488.jpg",1,96,295,326,102,422,397
"WSLP_all/004792@30.0880226851171,-90.4751388055224.jpg",1,113,287,264,119,377,406
"WSLP_all/004793@30.0888858357404,-90.4749574540204.jpg",1,159,302,288,95,447,397
"WSLP_all/004794@30.0798349470728,-90.479556871164.jpg",1,237,266,298,113,535,379
"WSLP_all/004796@30.0883624121732,-90.4748955583121.jpg",1,135,277,342,112,477,389
"WSLP_all/004797@30.0803743858883,-90.4796376200601.jpg",1,150,257,391,127,541,384
"WSLP_all/004798@30.0887768996193,-90.4750437700995.jpg",1,178,287,313,107,491,394
"WSLP_all/004799@30.079735196822,-90.4796652285972.jpg",1,210,281,227,95,437,376
"WSLP_all/004800@30.0890253285582,-90.474893009511.jpg",1,206,293,295,99,501,392
"WSLP_all/004801@30.0885051210621,-90.4748310863464.jpg",1,63,259,365,126,428,385
"WSLP_all/004802@30.082577381785,-90.4796092617871.jpg",1,118,257,355,121,473,378
"WSLP_all/004804@30.0891339900505,-90.4748319925977.jpg",1,140,302,324,90,464,392
"WSLP_all/004805@30.087812480881,-90.4747453526698.jpg",3,211,268,329,124,540,392
"WSLP_all/004806@30.0804813318535,-90.4795576571022.jpg",1,140,263,388,131,528,394
"WSLP_all/004807@30.0886032719566,-90.4747480253292.jpg",1,157,247,374,132,531,379
"WSLP_all/004809@30.0826977803708,-90.479538667598.jpg",1,108,260,392,124,500,384
"WSLP_all/004810@30.0877195409651,-90.4748220439302.jpg",1,262,241,369,144,631,385
"WSLP_all/004811@30.0887330377475,-90.4746678538518.jpg",1,85,267,339,103,424,370
"WSLP_all/004812@30.0829273866286,-90.4793849268049.jpg",1,211,262,253,105,464,367
"WSLP_all/004813@30.0894786236153,-90.4746582668269.jpg",3,198,269,213,98,411,367
"WSLP_all/004814@30.0819047407153,-90.4795328144235.jpg",1,206,270,353,102,559,372
"WSLP_all/004815@30.0879521383855,-90.4746682586975.jpg",1,231,260,342,119,573,379
"WSLP_all/004817@30.0790844595049,-90.479519035176.jpg",1,179,296,338,86,517,382
"WSLP_all/004818@30.0880652271022,-90.4745945545509.jpg",1,168,292,364,111,532,403
"WSLP_all/004819@30.0893803231194,-90.4745199780344.jpg",1,68,268,403,116,471,384
"WSLP_all/004820@30.0813989369873,-90.4794739099618.jpg",1,129,301,276,93,405,394
"WSLP_all/004821@30.0889672781353,-90.4745045650685.jpg",1,149,281,352,104,501,385
"WSLP_all/004822@30.0828160831435,-90.4794586053573.jpg",1,173,252,326,134,499,386
"WSLP_all/004823@30.0881857876321,-90.4745113005251.jpg",1,242,289,304,107,546,396
"WSLP_all/004824@30.0806078007659,-90.4794775266964.jpg",1,137,266,370,109,507,375
"WSLP_all/004825@30.0819994165929,-90.4794434695002.jpg",1,151,253,378,132,529,385
"WSLP_all/004826@30.0792075538137,-90.4794357729279.jpg",1,163,277,340,123,503,400
"WSLP_all/004827@30.0807275184723,-90.4794037776976.jpg",1,209,281,302,105,511,386
"WSLP_all/004828@30.0815108254733,-90.479384417938.jpg",1,143,294,322,104,465,398
"WSLP_all/004829@30.0793607298395,-90.4793269569646.jpg",1,148,266,447,146,595,412
"WSLP_all/004830@30.0830631296407,-90.4792889039243.jpg",1,106,272,383,108,489,380
"WSLP_all/004831@30.0834329899341,-90.4772304520859.jpg",1,254,274,267,112,521,386
"WSLP_all/004832@30.0832996844459,-90.4791382643893.jpg",3,172,269,380,112,552,381
"WSLP_all/004834@30.0822612559979,-90.4792989380686.jpg",1,162,274,280,96,442,370
"WSLP_all/004835@30.0833136791105,-90.4772820695143.jpg",1,159,271,274,100,433,371
"WSLP_all/004836@30.0839581736691,-90.4772670460078.jpg",3,217,267,254,112,471,379
"WSLP_all/004837@30.0802757147401,-90.4792716878889.jpg",1,223,298,273,83,496,381
"WSLP_all/004838@30.0826517200308,-90.4771739250612.jpg",1,233,299,202,87,435,386
"WSLP_all/004839@30.0836074617237,-90.4770898264477.jpg",1,197,274,240,99,437,373
"WSLP_all/004841@30.0809648308946,-90.4792468106624.jpg",1,218,282,319,87,537,369
"WSLP_all/004843@30.0831828396086,-90.4792309627358.jpg",1,175,272,348,87,523,359
"WSLP_all/004844@30.0837484609668,-90.4770032415684.jpg",1,165,284,323,100,488,384
"WSLP_all/004845@30.0831024165457,-90.4768601812429.jpg",1,225,297,255,89,480,386
"WSLP_all/004847@30.081081785744,-90.4791667610198.jpg",1,185,271,378,98,563,369
"WSLP_all/004848@30.0833699033577,-90.4766966210678.jpg",1,173,294,289,85,462,379
"WSLP_all/004849@30.0824986837539,-90.479164101968.jpg",3,212,302,360,106,572,408
"WSLP_all/004850@30.083660819314,-90.476469620136.jpg",1,207,291,266,90,473,381
"WSLP_all/004851@30.0804070236242,-90.4791662208427.jpg",3,218,243,253,125,471,368
"WSLP_all/004852@30.0832889388311,-90.4763526632327.jpg",1,287,285,317,93,604,378
"WSLP_all/004855@30.0839472718067,-90.4763090579017.jpg",1,177,282,287,100,464,382
"WSLP_all/004856@30.0835265217583,-90.4761956825382.jpg",1,136,296,415,101,551,397
"WSLP_all/004857@30.0837655690226,-90.4760481754642.jpg",1,117,274,478,106,595,380
"WSLP_all/004858@30.0853484675116,-90.4777958110047.jpg",1,257,302,281,92,538,394
"WSLP_all/004859@30.0854745705594,-90.4777188385741.jpg",1,233,299,323,87,556,386
"WSLP_all/004860@30.0847784217761,-90.4772663245516.jpg",1,123,280,337,97,460,377
"WSLP_all/004861@30.0813080786956,-90.478994078874.jpg",3,166,269,304,88,470,357
"WSLP_all/004862@30.085396992871,-90.4772610105503.jpg",3,129,255,488,167,617,422
"WSLP_all/004863@30.0836823966244,-90.4788946738417.jpg",1,20,285,513,127,533,412
"WSLP_all/004864@30.0848831183101,-90.4771832117782.jpg",1,105,291,328,102,433,393
"WSLP_all/004865@30.0811890411872,-90.4790709848605.jpg",3,187,269,276,92,463,361
"WSLP_all/004866@30.0841209447214,-90.4771707880585.jpg",1,292,285,258,105,550,390
"WSLP_all/004867@30.0805769995785,-90.4790825551766.jpg",1,159,269,356,117,515,386
"WSLP_all/004868@30.0842151502227,-90.4771320347881.jpg",1,240,293,298,101,538,394
"WSLP_all/004869@30.0843411913689,-90.4770582259541.jpg",1,170,288,295,115,465,403
"WSLP_all/004870@30.0827831594141,-90.4790035663276.jpg",2,12,269,520,157,532,426
"WSLP_all/004871@30.0850286750299,-90.4771123968473.jpg",1,134,313,299,97,433,410
"WSLP_all/004872@30.0851252390737,-90.4770388406833.jpg",1,159,300,294,115,453,415
"WSLP_all/004873@30.0819960161994,-90.4790419337385.jpg",1,121,310,380,93,501,403
"WSLP_all/004874@30.0844693224938,-90.4769591029798.jpg",3,240,302,257,111,497,413
"WSLP_all/004875@30.0821162483262,-90.4789966360926.jpg",1,206,294,226,91,432,385
"WSLP_all/004876@30.0846958729847,-90.4768180277745.jpg",1,212,290,258,105,470,395
"WSLP_all/004877@30.0797488481721,-90.4790264171528.jpg",2,96,289,298,86,394,375
"WSLP_all/004878@30.0852531839448,-90.4769745007684.jpg",2,15,253,599,162,614,415
"WSLP_all/004879@30.0807196976778,-90.4790117705959.jpg",1,224,283,255,103,479,386
"WSLP_all/004880@30.0845613216873,-90.4768855863122.jpg",1,199,293,287,101,486,394
"WSLP_all/004881@30.0840372169274,-90.476833174978.jpg",1,83,260,400,130,483,390
"WSLP_all/004882@30.083001534157,-90.4788182999122.jpg",1,139,287,325,127,464,414
"WSLP_all/004883@30.0849314902837,-90.4766673869031.jpg",1,147,241,320,151,467,392
"WSLP_all/004884@30.084457527579,-90.4765702774555.jpg",1,181,286,301,99,482,385
"WSLP_all/004885@30.084834644658,-90.4767314596741.jpg",1,179,269,337,107,516,376
"WSLP_all/004886@30.084175487624,-90.4767371258079.jpg",1,119,264,401,119,520,383
"WSLP_all/004887@30.0822241834239,-90.4789293102746.jpg",1,43,264,474,140,517,404
"WSLP_all/004888@30.0850505467267,-90.4765809889289.jpg",1,115,258,388,139,503,397
"WSLP_all/004889@30.0828964374042,-90.4788950889232.jpg",1,230,299,268,104,498,403
"WSLP_all/004890@30.0843211965544,-90.4766220414951.jpg",1,173,229,295,146,468,375
"WSLP_all/004891@30.080853858552,-90.4789220877027.jpg",1,238,285,243,90,481,375
"WSLP_all/004892@30.0848939093097,-90.4762882684548.jpg",2,53,219,511,211,564,430
"WSLP_all/004893@30.0815614949643,-90.4788780776805.jpg",1,234,267,270,107,504,374
"WSLP_all/004894@30.084742915505,-90.4763812653109.jpg",1,92,273,343,121,435,394
"WSLP_all/004895@30.0840910611698,-90.4762161226078.jpg",1,160,264,317,108,477,372
"WSLP_all/004896@30.0831180550211,-90.4787350898939.jpg",1,80,289,343,117,423,406
"WSLP_all/004899@30.0842338072329,-90.4760979011227.jpg",1,232,289,216,86,448,375
"WSLP_all/004900@30.0846836263455,-90.4758442331011.jpg",1,77,183,543,224,620,407
"WSLP_all/004901@30.0837961061647,-90.4788272963014.jpg",1,223,293,286,97,509,390
"WSLP_all/004902@30.0845209055165,-90.4759310073341.jpg",1,157,292,355,96,512,388
"WSLP_all/004903@30.0840024576629,-90.4758943622856.jpg",1,105,263,501,104,606,367
"WSLP_all/004904@30.0800592202509,-90.4788435294575.jpg",1,119,281,300,89,419,370
"WSLP_all/004905@30.0842319567175,-90.4757248020095.jpg",1,95,260,542,120,637,380
"WSLP_all/004906@30.0832535008892,-90.4786612032476.jpg",1,84,263,384,118,468,381
"WSLP_all/004907@30.0844824627607,-90.4755677070871.jpg",1,46,256,562,116,608,372
"WSLP_all/004908@30.0816821014205,-90.4787505661191.jpg",1,154,254,370,113,524,367
"WSLP_all/004909@30.0827009265478,-90.4787260193311.jpg",2,123,304,518,110,641,414
"WSLP_all/004910@30.0817836974342,-90.4787149138278.jpg",1,141,255,293,133,434,388
"WSLP_all/004912@30.083373005418,-90.4785842911702.jpg",1,176,286,225,88,401,374
"WSLP_all/004913@30.0826344232534,-90.4785969500932.jpg",1,161,307,334,111,495,418
"WSLP_all/004914@30.0802054805245,-90.4787284482665.jpg",3,162,285,309,84,471,369
"WSLP_all/004915@30.0834981127903,-90.4785104928139.jpg",1,106,267,427,126,533,393
"WSLP_all/004916@30.0803608411638,-90.4786638785793.jpg",1,109,278,359,114,468,392
"WSLP_all/004917@30.0836120292691,-90.4784114945042.jpg",1,91,269,373,119,464,388
"WSLP_all/004918@30.0813089039716,-90.4786209667439.jpg",1,170,288,274,89,444,377
"WSLP_all/004919@30.0819233724793,-90.4785935631014.jpg",1,223,277,258,102,481,379
"WSLP_all/004920@30.0825615614241,-90.478458449758.jpg",1,171,303,299,109,470,412
"WSLP_all/004921@30.0815669342289,-90.4784574964184.jpg",3,209,292,231,84,440,376
"WSLP_all/004922@30.0804961434794,-90.4785678620029.jpg",1,103,286,344,92,447,378
"WSLP_all/004923@30.0806420863456,-90.4784717538877.jpg",1,76,275,361,101,437,376
"WSLP_all/004925@30.0837272430904,-90.4783472665643.jpg",1,57,271,358,118,415,389
"WSLP_all/004926@30.0828171700362,-90.4783329410898.jpg",1,167,287,374,106,541,393
"WSLP_all/004927@30.080765709772,-90.4783726750928.jpg",1,154,289,267,93,421,382
"WSLP_all/004928@30.0845110233182,-90.4783500278532.jpg",1,234,290,251,96,485,386
"WSLP_all/004929@30.0830648323928,-90.4784193509004.jpg",5,268,294,115,93,383,387
"WSLP_all/004930@30.0817605162239,-90.4783546545642.jpg",1,94,285,343,82,437,367
"WSLP_all/004932@30.0838420865572,-90.4782767166581.jpg",3,79,266,518,167,597,433
"WSLP_all/004933@30.0824944870496,-90.4783262238404.jpg",3,177,318,288,115,465,433
"WSLP_all/004934@30.0824244632556,-90.4781845365699.jpg",1,157,318,286,95,443,413
"WSLP_all/004935@30.0846267258283,-90.4782763080203.jpg",1,239,294,270,98,509,392
"WSLP_all/004936@30.0832272340595,-90.4782788304036.jpg",1,27,249,399,128,426,377
"WSLP_all/004937@30.0882187560557,-90.4759086758478.jpg",1,147,276,353,124,500,400
"WSLP_all/004938@30.0848697907579,-90.4781161218023.jpg",1,231,296,307,101,538,397
"WSLP_all/004939@30.0809296420667,-90.4782858966991.jpg",3,171,283,316,91,487,374
"WSLP_all/004940@30.0887108183472,-90.4755882273742.jpg",1,185,282,266,118,451,400
"WSLP_all/004941@30.0818449359214,-90.4782401002846.jpg",1,208,238,283,129,491,367
"WSLP_all/004942@30.0887990780395,-90.4755020899493.jpg",1,128,267,382,129,510,396
"WSLP_all/004943@30.0827459103653,-90.4781533206311.jpg",2,115,294,305,97,420,391
"WSLP_all/004944@30.0891628510043,-90.4752776079128.jpg",1,176,265,339,116,515,381
"WSLP_all/004945@30.083957803036,-90.4781966741871.jpg",2,153,275,271,113,424,388
"WSLP_all/004946@30.0884081567327,-90.4752777823307.jpg",1,162,283,327,105,489,388
"WSLP_all/004947@30.0833452264086,-90.4781892830096.jpg",1,65,266,317,116,382,382
"WSLP_all/004948@30.0840838998142,-90.4781228664179.jpg",1,99,282,385,119,484,401
"WSLP_all/004949@30.0820087375051,-90.4781754563367.jpg",2,130,260,440,134,570,394
"WSLP_all/004950@30.0810759437749,-90.4781771371071.jpg",1,179,291,293,81,472,372
"WSLP_all/004951@30.0834480067616,-90.4780903800565.jpg",1,64,291,350,105,414,396
"WSLP_all/004952@30.0812130459159,-90.4781000751045.jpg",1,123,277,314,92,437,369
"WSLP_all/004953@30.082280950207,-90.4779644330346.jpg",2,6,164,411,239,417,403
"WSLP_all/004954@30.0849818704099,-90.4780392715482.jpg",1,276,300,278,89,554,389
"WSLP_all/004955@30.0835861180609,-90.4780417651753.jpg",1,212,310,224,98,436,408
"WSLP_all/004956@30.085109589997,-90.4779528008139.jpg",1,243,279,300,118,543,397
"WSLP_all/004957@30.0826110283795,-90.4777845301271.jpg",1,110,288,344,97,454,385
"WSLP_all/004959@30.0813459160795,-90.4779598112158.jpg",3,156,266,289,113,445,379
"WSLP_all/004960@30.0836971884241,-90.4779491146188.jpg",1,101,313,282,86,383,399
"WSLP_all/004961@30.0843340999682,-90.477956295461.jpg",1,149,266,364,117,513,383
"WSLP_all/004962@30.0831336702236,-90.4777895289231.jpg",2,262,304,220,95,482,399
"WSLP_all/004963@30.0852165413855,-90.4778696701694.jpg",1,291,295,286,86,577,381
"WSLP_all/004964@30.0830133062461,-90.4778949077627.jpg",1,236,310,315,92,551,402
"WSLP_all/004965@30.0844353393296,-90.4778827004963.jpg",1,46,258,397,130,443,388
"WSLP_all/004966@30.0841737393535,-90.4776699298673.jpg",1,177,281,278,111,455,392
"WSLP_all/004967@30.0824153099227,-90.4778715836792.jpg",1,232,260,219,114,451,374
"WSLP_all/004968@30.0815158698446,-90.477898276224.jpg",1,189,291,293,92,482,383
"WSLP_all/004969@30.08327740486,-90.4777471894188.jpg",1,216,280,352,109,568,389
"WSLP_all/004970@30.0839376321656,-90.4778300573646.jpg",1,126,276,281,111,407,387
"WSLP_all/004971@30.0845498383651,-90.4778058295426.jpg",1,66,266,318,117,384,383
"WSLP_all/004972@30.0816623419587,-90.4777989986495.jpg",1,176,263,314,118,490,381
"WSLP_all/004973@30.0840402881723,-90.4777248295102.jpg",1,12,248,406,148,418,396
"WSLP_all/004974@30.0846876489868,-90.4777066231785.jpg",1,72,276,376,101,448,377
"WSLP_all/004975@30.0811698390569,-90.4777178556683.jpg",1,115,251,164,157,279,408
"WSLP_all/004976@30.0830225350898,-90.4775122311832.jpg",1,179,281,273,104,452,385
"WSLP_all/004977@30.0818023036159,-90.4777219111197.jpg",2,154,277,486,136,640,413
"WSLP_all/004978@30.0848048500894,-90.4776518626914.jpg",1,32,263,395,133,427,396
"WSLP_all/004979@30.0834001743478,-90.4776734101526.jpg",3,231,256,361,138,592,394
"WSLP_all/004980@30.0842934428222,-90.4775772042104.jpg",3,145,296,317,87,462,383
"WSLP_all/004981@30.0849180160627,-90.4775686786076.jpg",1,57,277,310,100,367,377
"WSLP_all/004982@30.0828975252217,-90.4775797057097.jpg",1,83,273,360,101,443,374
"WSLP_all/004983@30.0835106185915,-90.4775776027644.jpg",1,237,262,380,111,617,373
"WSLP_all/004984@30.0837468560961,-90.4774206372469.jpg",1,257,267,307,99,564,366
"WSLP_all/004985@30.082071696125,-90.4775425304588.jpg",2,10,255,436,158,446,413
"WSLP_all/004986@30.0850419129637,-90.4774695920856.jpg",1,60,274,354,109,414,383
"WSLP_all/004987@30.0845278373049,-90.4774329012921.jpg",1,129,277,301,114,430,391
"WSLP_all/004988@30.0852780468813,-90.4773347589611.jpg",3,45,264,352,131,397,395
"WSLP_all/004989@30.0851511596136,-90.4774054133851.jpg",2,26,262,314,118,340,380
"WSLP_all/004990@30.0822465248778,-90.477452495081.jpg",1,154,230,332,137,486,367
"WSLP_all/004991@30.0838593132177,-90.4773595937293.jpg",1,193,255,366,129,559,384
"WSLP_all/004992@30.0846719585341,-90.4773399652718.jpg",3,149,258,280,113,429,371
"WSLP_all/004993@30.0823745667586,-90.477343889669.jpg",1,135,274,415,114,550,388
"WSLP_all/004994@30.0857025656572,-90.4775714271973.jpg",1,353,291,238,90,591,381
"WSLP_all/004995@30.0856007967272,-90.4776481899981.jpg",1,230,294,308,105,538,399
"WSLP_all/004996@30.085828400852,-90.4774912955038.jpg",1,97,281,375,99,472,380
"WSLP_all/004997@30.0859357781599,-90.4774018360122.jpg",1,135,266,394,132,529,398
"WSLP_all/004998@30.0861885825357,-90.4772510469983.jpg",1,129,260,355,122,484,382
"WSLP_all/004999@30.0860596750577,-90.4773280446656.jpg",1,129,275,369,114,498,389
"WSLP_all/005000@30.0856586036145,-90.477069039847.jpg",2,7,306,497,99,504,405
"WSLP_all/005001@30.0863073231819,-90.4771709754625.jpg",1,82,235,414,165,496,400
"WSLP_all/005002@30.0871964320084,-90.476050280095.jpg",1,147,285,279,137,426,422
"WSLP_all/005003@30.0873342959825,-90.4759890143173.jpg",1,164,266,363,149,527,415
"WSLP_all/005004@30.0875676242959,-90.4757909567582.jpg",1,188,293,294,113,482,406
"WSLP_all/005005@30.0859092322795,-90.4759917889088.jpg",1,159,222,453,190,612,412
"WSLP_all/005006@30.0868222072765,-90.4759238545543.jpg",3,73,234,353,154,426,388
"WSLP_all/005007@30.0869521865543,-90.4758468462886.jpg",1,87,228,392,169,479,397
"WSLP_all/005008@30.087452960024,-90.4758931305395.jpg",1,146,254,301,149,447,403
"WSLP_all/005009@30.0856495332078,-90.4757884908604.jpg",1,163,293,307,106,470,399
"WSLP_all/005010@30.086293408353,-90.4757924360496.jpg",1,173,216,448,201,621,417
"WSLP_all/005011@30.0871709134976,-90.4756868588144.jpg",1,101,265,394,150,495,415
"WSLP_all/005012@30.0861566244653,-90.4758505301128.jpg",2,186,246,412,172,598,418
"WSLP_all/005013@30.0859172187723,-90.4756091116782.jpg",1,198,250,314,151,512,401
"WSLP_all/005014@30.0870664378483,-90.4757573248485.jpg",1,149,238,286,191,435,429
"WSLP_all/005015@30.0872985138106,-90.4755908979109.jpg",3,128,236,296,191,424,427
"WSLP_all/005016@30.0863968807519,-90.4756903586282.jpg",1,210,240,411,166,621,406
"WSLP_all/005017@30.0860830952429,-90.4755001741823.jpg",3,183,279,298,133,481,412
"WSLP_all/005018@30.0873987207464,-90.4754983346754.jpg",1,68,210,355,180,423,390
"WSLP_all/005019@30.0781017063923,-90.4948242491691.jpg",1,101,258,467,152,568,410
"WSLP_all/005020@30.0757692725408,-90.4835565083831.jpg",3,146,265,392,184,538,449
"WSLP_all/005021@30.0775476911466,-90.4946423658171.jpg",3,90,267,344,145,434,412
"WSLP_all/005022@30.0778677387437,-90.4943993755996.jpg",3,230,271,290,148,520,419
"WSLP_all/005023@30.075651847618,-90.4836365536286.jpg",1,184,244,361,197,545,441
"WSLP_all/005024@30.0759073614423,-90.4834699643191.jpg",3,217,288,403,160,620,448
"WSLP_all/005025@30.0745977756372,-90.4842083214181.jpg",1,216,288,293,135,509,423
"WSLP_all/005026@30.074549143051,-90.4840822674222.jpg",1,160,263,369,155,529,418
"WSLP_all/005027@30.0744598015049,-90.4839502381749.jpg",1,125,267,402,120,527,387
"WSLP_all/005028@30.076649526247,-90.4834667970726.jpg",3,183,272,243,157,426,429
"WSLP_all/005029@30.0745831374741,-90.4833200108436.jpg",2,72,234,552,282,624,516
"WSLP_all/005030@30.075247266532,-90.4835008870052.jpg",1,117,250,365,173,482,423
"WSLP_all/005031@30.0741623120587,-90.4832919833722.jpg",1,141,218,367,187,508,405
"WSLP_all/005032@30.0744798217039,-90.4830679575592.jpg",1,14,207,519,238,533,445
"WSLP_all/005033@30.0753830663489,-90.4834175245484.jpg",1,138,268,289,125,427,393
"WSLP_all/005034@30.0740329504913,-90.4830180206945.jpg",2,0,212,517,209,517,421
"WSLP_all/005035@30.0743746123804,-90.4826420276449.jpg",1,88,202,371,212,459,414
"WSLP_all/005036@30.0743097237337,-90.4824813350307.jpg",1,113,222,298,176,411,398
"WSLP_all/005037@30.0761573542558,-90.4833255544202.jpg",3,236,243,357,196,593,439
"WSLP_all/005038@30.0760075242193,-90.4834121990339.jpg",1,139,297,385,135,524,432
"WSLP_all/005039@30.0742153256744,-90.4822734705541.jpg",1,113,265,346,140,459,405
"WSLP_all/005040@30.0741139672139,-90.4821288993117.jpg",1,28,219,546,218,574,437
"WSLP_all/005041@30.073577743391,-90.4819880421148.jpg",4,145,290,221,141,366,431
"WSLP_all/005042@30.073759881118,-90.481913768086.jpg",1,118,212,375,160,493,372
"WSLP_all/005043@30.0767895620234,-90.4833707502526.jpg",1,76,280,346,127,422,407
"WSLP_all/005044@30.074466522239,-90.4818729526385.jpg",1,152,271,408,135,560,406
"WSLP_all/005045@30.0769182697072,-90.4833475202268.jpg",4,167,285,224,154,391,439
"WSLP_all/005046@30.0743379736406,-90.481984709586.jpg",1,132,270,394,159,526,429
"WSLP_all/005047@30.0747437816843,-90.4832301133957.jpg",1,165,265,337,121,502,386
"WSLP_all/005048@30.0738953938933,-90.481786143878.jpg",1,108,226,477,165,585,391
"WSLP_all/005049@30.0740343449079,-90.4816458432715.jpg",1,65,214,464,163,529,377
"WSLP_all/005050@30.0763600864093,-90.4831783852178.jpg",1,65,257,470,172,535,429
"WSLP_all/005051@30.0746192268328,-90.4817546656245.jpg",1,121,246,411,175,532,421
"WSLP_all/005052@30.0741813427119,-90.4815339285404.jpg",1,106,243,422,147,528,390
"WSLP_all/005053@30.0743208704886,-90.4814062679145.jpg",1,121,229,415,191,536,420
"WSLP_all/005054@30.0756797736105,-90.4832126441599.jpg",3,144,265,368,131,512,396
"WSLP_all/005055@30.0744677589239,-90.4812943534416.jpg",1,144,231,412,177,556,408
"WSLP_all/005056@30.0746027944611,-90.4812078334681.jpg",1,5,204,473,216,478,420
"WSLP_all/005057@30.0755029472098,-90.4833090039305.jpg",3,160,247,336,144,496,391
"WSLP_all/005058@30.0748840285014,-90.4831498747469.jpg",1,167,270,262,127,429,397
"WSLP_all/005059@30.0758312938397,-90.4831449554535.jpg",1,145,271,315,113,460,384
"WSLP_all/005060@30.0762663728725,-90.4832297724557.jpg",3,220,277,373,142,593,419
"WSLP_all/005061@30.0771510383214,-90.4831589907661.jpg",1,111,281,275,128,386,409
"WSLP_all/005062@30.0765126735412,-90.483088554677.jpg",1,221,229,377,180,598,409
"WSLP_all/005063@30.0759674586954,-90.4830457792289.jpg",1,144,280,337,105,481,385
"WSLP_all/005064@30.0772777709052,-90.4830725418386.jpg",3,112,275,313,133,425,408
"WSLP_all/005065@30.076109748607,-90.4829497132377.jpg",5,162,266,342,133,504,399
"WSLP_all/005066@30.0766092348747,-90.483005524359.jpg",1,125,238,423,173,548,411
"WSLP_all/005067@30.0773901642682,-90.4829925375518.jpg",1,85,271,327,134,412,405
"WSLP_all/005068@30.0776134476508,-90.4828768082653.jpg",1,172,283,304,122,476,405
"WSLP_all/005069@30.0753069108976,-90.4828617125197.jpg",1,160,254,391,137,551,391
"WSLP_all/005070@30.0762591598671,-90.4828535861987.jpg",1,147,276,332,117,479,393
"WSLP_all/005071@30.0775101454093,-90.4829124693717.jpg",1,88,256,354,156,442,412
"WSLP_all/005072@30.0777515232068,-90.4827839381982.jpg",1,112,253,319,155,431,408
"WSLP_all/005073@30.0751541459516,-90.4829452204347.jpg",1,157,262,358,147,515,409
"WSLP_all/005074@30.0767456396757,-90.4829221549226.jpg",1,214,254,393,153,607,407
"WSLP_all/005075@30.0748551874454,-90.4827074827472.jpg",1,34,239,414,154,448,393
"WSLP_all/005076@30.0769800261149,-90.4827841991462.jpg",1,197,251,366,142,563,393
"WSLP_all/005077@30.0755939076951,-90.4827075009739.jpg",1,109,233,448,165,557,398
"WSLP_all/005078@30.0764157213433,-90.4827573978447.jpg",1,125,279,327,98,452,377
"WSLP_all/005079@30.0779980407686,-90.4826680096981.jpg",4,191,272,93,121,284,393
"WSLP_all/005080@30.0754472200623,-90.4827783106533.jpg",1,145,258,332,137,477,395
"WSLP_all/005081@30.0770697334305,-90.4827043894452.jpg",3,206,243,296,171,502,414
"WSLP_all/005082@30.0750925075986,-90.4826959720552.jpg",1,137,234,337,149,474,383
"WSLP_all/005083@30.0757348571371,-90.4826082845796.jpg",1,134,233,405,161,539,394
"WSLP_all/005084@30.0746794061129,-90.4824971489918.jpg",1,112,216,379,178,491,394
"WSLP_all/005085@30.0774352244412,-90.4824799445245.jpg",1,133,264,302,146,435,410
"WSLP_all/005086@30.0773240975104,-90.4825472915318.jpg",1,86,242,420,172,506,414
"WSLP_all/005087@30.0772126754374,-90.4826241251737.jpg",1,145,233,416,172,561,405
"WSLP_all/005088@30.0765398557529,-90.4826520007415.jpg",1,135,257,374,155,509,412
"WSLP_all/005089@30.0767025834721,-90.4825525974062.jpg",1,115,255,332,122,447,377
"WSLP_all/005090@30.0752057536529,-90.4824926553595.jpg",1,129,233,400,178,529,411
"WSLP_all/005091@30.0760323934736,-90.4824255250436.jpg",3,133,240,411,163,544,403
"WSLP_all/005092@30.0775705150016,-90.482402906747.jpg",2,160,257,481,152,641,409
"WSLP_all/005093@30.0753446939663,-90.4824187498693.jpg",1,216,227,376,178,592,405
"WSLP_all/005094@30.0780562582233,-90.4824683186686.jpg",4,210,248,293,154,503,402
"WSLP_all/005095@30.0758781643325,-90.4825122084632.jpg",1,111,228,417,172,528,400
"WSLP_all/005096@30.0755121633915,-90.4823256302813.jpg",1,187,238,319,175,506,413
"WSLP_all/005097@30.0768570636937,-90.4824026750217.jpg",2,75,258,566,124,641,382
"WSLP_all/005098@30.0769959723338,-90.4822939890812.jpg",1,89,255,343,124,432,379
"WSLP_all/005099@30.0762994036065,-90.4821956000638.jpg",1,157,258,385,132,542,390
"WSLP_all/005100@30.0771123884475,-90.48217284788.jpg",1,143,269,355,116,498,385
"WSLP_all/005101@30.0747237623867,-90.48222486507.jpg",3,209,282,310,99,519,381
"WSLP_all/005102@30.0761783693576,-90.4822914858058.jpg",1,177,264,368,125,545,389
"WSLP_all/005103@30.0772626273743,-90.4820134762462.jpg",2,91,153,549,253,640,406
"WSLP_all/005104@30.0748831794004,-90.4820685806329.jpg",1,230,291,211,88,441,379
"WSLP_all/005105@30.0764840372374,-90.4821244648127.jpg",1,199,262,310,129,509,391
"WSLP_all/005106@30.075686623811,-90.4821312756556.jpg",1,184,279,265,94,449,373
"WSLP_all/005107@30.0751494784226,-90.4819967475017.jpg",1,55,276,442,127,497,403
"WSLP_all/005108@30.0777683311442,-90.4820186416466.jpg",1,94,279,305,122,399,401
"WSLP_all/005109@30.0766295913352,-90.482018883871.jpg",3,163,244,384,151,547,395
"WSLP_all/005110@30.0762572980405,-90.4818797848773.jpg",1,125,228,333,143,458,371
"WSLP_all/005111@30.0777192654176,-90.4818641323366.jpg",1,92,276,291,105,383,381
"WSLP_all/005112@30.0760681135482,-90.4819572827617.jpg",1,104,247,316,127,420,374
"WSLP_all/005113@30.0756438399433,-90.4818850260305.jpg",1,162,236,318,119,480,355
"WSLP_all/005114@30.0750444506178,-90.4818079427463.jpg",1,90,248,464,143,554,391
"WSLP_all/005115@30.0754992271533,-90.4817534695701.jpg",3,153,243,382,165,535,408
"WSLP_all/005116@30.0774877476214,-90.4817522864526.jpg",1,9,255,539,188,548,443
"WSLP_all/005117@30.0768557779763,-90.481748201367.jpg",3,152,263,325,137,477,400
"WSLP_all/005118@30.076751673311,-90.4818723993221.jpg",1,177,259,419,159,596,418
"WSLP_all/005119@30.07477481151,-90.4816395153245.jpg",1,160,250,344,156,504,406
"WSLP_all/005120@30.0758054535306,-90.4816433543052.jpg",1,181,251,315,143,496,394
"WSLP_all/005121@30.0763455365032,-90.4816324152466.jpg",1,143,221,390,161,533,382
"WSLP_all/005122@30.0769961779517,-90.4816236929608.jpg",1,173,266,396,118,569,384
"WSLP_all/005123@30.077571162529,-90.4815839993648.jpg",1,97,265,281,118,378,383
"WSLP_all/005124@30.0753934165752,-90.4815583476754.jpg",1,191,233,312,181,503,414
"WSLP_all/005125@30.0757171680453,-90.4815176399738.jpg",1,91,255,451,156,542,411
"WSLP_all/005126@30.0771314811995,-90.4814296678918.jpg",1,256,270,368,151,624,421
"WSLP_all/005127@30.0749312297111,-90.4814959012426.jpg",1,31,194,555,260,586,454
"WSLP_all/005128@30.0752767896927,-90.4814044198064.jpg",1,115,259,390,158,505,417
"WSLP_all/005129@30.0762444622484,-90.4814340885609.jpg",1,183,221,338,162,521,383
"WSLP_all/005130@30.0767437044909,-90.4814266591913.jpg",1,125,204,325,171,450,375
"WSLP_all/005131@30.0756331676141,-90.481344462428.jpg",1,161,227,379,172,540,399
"WSLP_all/005132@30.076132823394,-90.4813243821852.jpg",1,138,222,434,160,572,382
"WSLP_all/005133@30.0764153494628,-90.4812998345975.jpg",1,206,262,268,133,474,395
"WSLP_all/005134@30.0781449530437,-90.4811554133804.jpg",5,81,218,358,231,439,449
"WSLP_all/005135@30.0772021774508,-90.481280460482.jpg",2,242,270,350,141,592,411
"WSLP_all/005136@30.0768713209949,-90.4812643186762.jpg",1,140,226,357,145,497,371
"WSLP_all/005137@30.0763438604155,-90.4811265500692.jpg",1,170,252,385,151,555,403
"WSLP_all/005138@30.076015201503,-90.481148330881.jpg",2,38,239,426,188,464,427
"WSLP_all/005139@30.0747393382639,-90.4810738750188.jpg",1,85,219,415,157,500,376
"WSLP_all/005140@30.0751737267818,-90.4812345688464.jpg",1,100,232,524,205,624,437
"WSLP_all/005141@30.0773294500391,-90.4810991513419.jpg",1,199,239,413,185,612,424
"WSLP_all/005142@30.0755160398094,-90.4811810546148.jpg",1,208,241,364,154,572,395
"WSLP_all/005143@30.0780443785306,-90.4809792129157.jpg",1,159,283,273,114,432,397
"WSLP_all/005144@30.0762518356732,-90.4809755735917.jpg",1,192,257,312,148,504,405
"WSLP_all/005145@30.075444494096,-90.4810330659141.jpg",1,84,203,494,226,578,429
"WSLP_all/005146@30.0784503418901,-90.4808777236867.jpg",1,140,243,431,159,571,402
"WSLP_all/005147@30.076869861566,-90.4810430081547.jpg",1,169,239,284,145,453,384
"WSLP_all/005148@30.0779540275577,-90.4808914544733.jpg",1,151,236,320,160,471,396
"WSLP_all/005149@30.0749055768167,-90.4809649547441.jpg",1,73,223,469,176,542,399
"WSLP_all/005150@30.0761620735856,-90.4808214152641.jpg",1,129,253,403,149,532,402
"WSLP_all/005151@30.0767456171499,-90.4809017907743.jpg",1,86,242,452,141,538,383
"WSLP_all/005152@30.0751937309143,-90.4807095539091.jpg",3,51,217,297,171,348,388
"WSLP_all/005153@30.0765150356965,-90.4806033971888.jpg",3,15,223,459,216,474,439
"WSLP_all/005154@30.0781455345021,-90.4806842995203.jpg",1,45,241,388,159,433,400
"WSLP_all/005155@30.0788326013673,-90.480691068327.jpg",1,160,248,437,176,597,424
"WSLP_all/005156@30.0750445064748,-90.4808214900462.jpg",1,38,215,442,183,480,398
"WSLP_all/005157@30.0757548976922,-90.4808248983486.jpg",1,7,196,541,231,548,427
"WSLP_all/005158@30.0766289420115,-90.4807447012794.jpg",3,73,188,383,205,456,393
"WSLP_all/005160@30.0759278745379,-90.4806906261169.jpg",1,200,238,329,179,529,417
"WSLP_all/005161@30.0784242797622,-90.480517500674.jpg",3,124,245,384,133,508,378
"WSLP_all/005162@30.0789274779809,-90.4805859164352.jpg",1,170,254,385,151,555,405
"WSLP_all/005163@30.077386140653,-90.480472634338.jpg",1,132,267,382,155,514,422
"WSLP_all/005164@30.0753189040676,-90.4805820146895.jpg",3,105,224,378,177,483,401
"WSLP_all/005165@30.0764410482342,-90.4804649135414.jpg",1,76,212,483,177,559,389
"WSLP_all/005166@30.0760719783028,-90.4805692474109.jpg",1,50,222,591,204,641,426
"WSLP_all/005167@30.0754542626982,-90.4804986519552.jpg",1,48,223,412,162,460,385
"WSLP_all/005168@30.0786943097437,-90.4803254799298.jpg",1,153,253,327,132,480,385
"WSLP_all/005169@30.0785657229727,-90.4804056258421.jpg",1,133,252,347,144,480,396
"WSLP_all/005170@30.0777518949819,-90.4803999439271.jpg",4,184,292,175,86,359,378
"WSLP_all/005171@30.0756038654597,-90.480389872314.jpg",1,64,236,456,169,520,405
"WSLP_all/005172@30.0772469899767,-90.4803694857502.jpg",1,87,262,427,145,514,407
"WSLP_all/005173@30.0778769832415,-90.4803103432396.jpg",1,205,243,331,163,536,406
"WSLP_all/005174@30.0757358015702,-90.4802622742753.jpg",1,33,229,437,153,470,382
"WSLP_all/005175@30.0788606934983,-90.4801880974878.jpg",1,162,215,298,176,460,391
"WSLP_all/005176@30.077555791978,-90.4801518417544.jpg",4,214,254,213,148,427,402
"WSLP_all/005177@30.0789862742661,-90.4801490805111.jpg",1,189,266,273,115,462,381
"WSLP_all/005178@30.0780182330355,-90.480211118595.jpg",3,111,254,419,143,530,397
"WSLP_all/005179@30.0758663416334,-90.4801694668301.jpg",1,22,224,474,159,496,383
"WSLP_all/005180@30.0770108682809,-90.4800395217016.jpg",1,127,248,325,153,452,401
"WSLP_all/005181@30.0773366735984,-90.4800272467638.jpg",1,120,286,285,110,405,396
"WSLP_all/005182@30.0760081892104,-90.480073400599.jpg",1,98,231,406,163,504,394
"WSLP_all/005183@30.0781835449596,-90.4800737460701.jpg",3,139,257,448,148,587,405
"WSLP_all/005184@30.0772495016063,-90.4798699036522.jpg",1,115,259,323,136,438,395
"WSLP_all/005185@30.0777612693287,-90.4800046404939.jpg",1,18,212,464,194,482,406
"WSLP_all/005186@30.0761247876041,-90.4799807120302.jpg",1,90,209,396,178,486,387
"WSLP_all/005187@30.0783153627935,-90.4799746015489.jpg",1,93,270,387,120,480,390
"WSLP_all/005188@30.0769999438321,-90.4797708644726.jpg",1,109,251,398,180,507,431
"WSLP_all/005189@30.0785078526157,-90.4798939069898.jpg",1,143,244,331,153,474,397
"WSLP_all/005190@30.0778061846233,-90.479738664747.jpg",1,234,200,296,209,530,409
"WSLP_all/005191@30.076265963094,-90.479840385663.jpg",1,86,228,473,163,559,391
"WSLP_all/005192@30.0786400004864,-90.4797947590802.jpg",3,181,269,342,130,523,399
"WSLP_all/005193@30.0781241261539,-90.4797138088949.jpg",1,114,265,295,111,409,376
"WSLP_all/005194@30.077138355028,-90.4796621789506.jpg",1,102,265,393,153,495,418
"WSLP_all/005195@30.0776316470063,-90.4795852324115.jpg",1,183,248,456,170,639,418
"WSLP_all/005196@30.0787729599785,-90.4796766330479.jpg",1,60,262,424,134,484,396
"WSLP_all/005197@30.0783143667795,-90.4796552669134.jpg",4,208,300,190,110,398,410
"WSLP_all/005198@30.0784331512165,-90.4795562333652.jpg",1,51,224,393,182,444,406
"WSLP_all/005199@30.0765246158406,-90.4796326569984.jpg",3,150,233,358,186,508,419
"WSLP_all/005200@30.0789276348942,-90.4795867770637.jpg",1,171,222,389,164,560,386
"WSLP_all/005201@30.0785926523374,-90.4794347180272.jpg",1,60,214,408,189,468,403
"WSLP_all/005202@30.0766650624177,-90.4794986603563.jpg",1,98,257,421,152,519,409
"WSLP_all/005203@30.0768072051203,-90.4794057505856.jpg",1,207,264,237,138,444,402
"WSLP_all/005204@30.0793490350446,-90.4773129643026.jpg",1,56,233,496,181,552,414
"WSLP_all/005205@30.0802743963788,-90.4771026551275.jpg",1,161,210,271,209,432,419
"WSLP_all/005206@30.0775566315834,-90.4793392552341.jpg",1,279,236,277,185,556,421
"WSLP_all/005207@30.0796461799752,-90.4770669487062.jpg",1,60,222,495,176,555,398
"WSLP_all/005208@30.0779089365117,-90.4793425598046.jpg",1,158,275,365,135,523,410
"WSLP_all/005209@30.0808982499441,-90.4769834670788.jpg",1,136,226,383,207,519,433
"WSLP_all/005210@30.0787107492937,-90.4793230415286.jpg",1,68,250,403,167,471,417
"WSLP_all/005211@30.0797865754578,-90.4769424302187.jpg",1,112,242,463,163,575,405
"WSLP_all/005212@30.0799317001401,-90.4768558129949.jpg",1,111,215,491,182,602,397
"WSLP_all/005213@30.0788585432794,-90.4792237585605.jpg",1,27,232,419,173,446,405
"WSLP_all/005214@30.0769522237123,-90.4792685522999.jpg",3,144,247,370,155,514,402
"WSLP_all/005215@30.077071488112,-90.479188486112.jpg",3,176,297,227,109,403,406
"WSLP_all/005216@30.0778260697059,-90.4791156211863.jpg",1,118,200,447,214,565,414
"WSLP_all/005217@30.0783891210603,-90.4790633678507.jpg",1,193,289,334,108,527,397
"WSLP_all/005218@30.0782499971156,-90.4791341200659.jpg",1,111,217,475,222,586,439
"WSLP_all/005219@30.0772128212674,-90.4790513187364.jpg",3,16,242,484,185,500,427
"WSLP_all/005220@30.0785267137373,-90.4789388777923.jpg",4,143,319,196,104,339,423
"WSLP_all/005221@30.0773737443705,-90.4789329536569.jpg",3,115,236,346,184,461,420
"WSLP_all/005222@30.0786756882457,-90.4788522305355.jpg",4,228,276,332,138,560,414
"WSLP_all/005223@30.0787949597479,-90.4787816478575.jpg",1,226,236,319,166,545,402
"WSLP_all/005224@30.0775627511319,-90.4787732432175.jpg",2,25,242,418,159,443,401
"WSLP_all/005225@30.0783511757328,-90.4786779519239.jpg",1,117,263,411,134,528,397
"WSLP_all/005226@30.0777419957457,-90.4786136169337.jpg",3,19,258,331,145,350,403
"WSLP_all/005227@30.0789671639436,-90.478660021888.jpg",1,260,278,275,130,535,408
"WSLP_all/005228@30.0797812530865,-90.4786467163231.jpg",3,208,199,210,202,418,401
"WSLP_all/005229@30.0784833442013,-90.4785566697113.jpg",1,153,287,314,126,467,413
"WSLP_all/005230@30.0798701063337,-90.4785416131352.jpg",1,21,235,486,173,507,408
"WSLP_all/005231@30.0793637080175,-90.4783657320398.jpg",1,210,260,326,162,536,422
"WSLP_all/005232@30.0779061783095,-90.4784888989754.jpg",1,54,242,424,140,478,382
"WSLP_all/005233@30.0800500985296,-90.4784420516357.jpg",3,63,233,328,158,391,391
"WSLP_all/005234@30.0787770608551,-90.4783454693946.jpg",1,109,218,305,184,414,402
"WSLP_all/005235@30.078152495336,-90.4783002389584.jpg",3,241,250,286,146,527,396
"WSLP_all/005236@30.0780442293159,-90.478405508125.jpg",3,5,241,404,181,409,422
"WSLP_all/005237@30.0801630254086,-90.4783304166774.jpg",1,1,184,476,214,477,398
"WSLP_all/005238@30.0803196777044,-90.4782658353127.jpg",1,43,212,423,211,466,423
"WSLP_all/005239@30.0796694174248,-90.4782018540761.jpg",3,227,240,339,194,566,434
"WSLP_all/005240@30.0782843957665,-90.4781631497707.jpg",4,23,326,391,86,414,412
"WSLP_all/005241@30.0788884962488,-90.4782243641221.jpg",1,118,219,363,196,481,415
"WSLP_all/005242@30.0790199694166,-90.4781188957472.jpg",3,103,300,368,119,471,419
"WSLP_all/005243@30.078443249233,-90.478060608778.jpg",3,158,248,396,140,554,388
"WSLP_all/005244@30.0798073040231,-90.4781058153578.jpg",3,272,282,351,138,623,420
"WSLP_all/005245@30.0806116477315,-90.4780609700229.jpg",3,51,242,320,205,371,447
"WSLP_all/005246@30.0799406965685,-90.4779781963928.jpg",1,233,265,344,144,577,409
"WSLP_all/005247@30.0786969565228,-90.4778497515684.jpg",1,185,220,273,162,458,382
"WSLP_all/005248@30.0792953441379,-90.4779078514775.jpg",3,104,266,342,195,446,461
"WSLP_all/005249@30.0785489657398,-90.4779142581894.jpg",3,229,250,351,159,580,409
"WSLP_all/005250@30.0788421516274,-90.4777188694905.jpg",1,220,245,323,143,543,388
"WSLP_all/005251@30.0805020570998,-90.477619247305.jpg",4,267,272,175,92,442,364
"WSLP_all/005252@30.0791222547366,-90.4775204311976.jpg",1,168,191,434,206,602,397
"WSLP_all/005253@30.0789737344514,-90.4776133995527.jpg",1,109,220,456,179,565,399
"WSLP_all/005254@30.0805958253175,-90.4977469725824.jpg",1,106,205,460,215,566,420
"WSLP_all/005255@30.0791961163015,-90.4976891485238.jpg",1,139,234,487,168,626,402
"WSLP_all/005256@30.0813889702466,-90.4976612747194.jpg",2,22,211,474,194,496,405
"WSLP_all/005257@30.0789294591916,-90.4976407954076.jpg",1,94,257,340,132,434,389
"WSLP_all/005258@30.0807250475071,-90.4975530146339.jpg",5,185,285,171,148,356,433
"WSLP_all/005259@30.0809476548827,-90.4976365185157.jpg",1,16,250,353,104,369,354
"WSLP_all/005260@30.0798957115562,-90.4975947503829.jpg",3,99,264,323,112,422,376
"WSLP_all/005261@30.0798179846398,-90.477489161646.jpg",1,163,256,275,154,438,410
"WSLP_all/005262@30.0792164964838,-90.477427928742.jpg",3,116,240,398,154,514,394
"WSLP_all/005263@30.0797094550934,-90.4975457228788.jpg",3,94,223,353,183,447,406
"WSLP_all/005264@30.0706221759219,-90.4926424675518.jpg",1,37,244,604,220,641,464
"WSLP_all/005265@30.0806752134612,-90.4773521626395.jpg",1,82,270,339,143,421,413
"WSLP_all/005266@30.0782237697119,-90.4974854604271.jpg",3,14,248,419,170,433,418
"WSLP_all/005267@30.081319235635,-90.4960935564131.jpg",1,56,262,399,122,455,384
"WSLP_all/005268@30.0802230049644,-90.4960237197572.jpg",1,65,259,562,154,627,413
"WSLP_all/005269@30.0798916280424,-90.4959253237679.jpg",1,23,258,569,195,592,453
"WSLP_all/005270@30.0704444687539,-90.4929379907791.jpg",3,188,297,332,160,520,457
"WSLP_all/005271@30.0782577449562,-90.4959200823436.jpg",1,96,264,423,138,519,402
"WSLP_all/005272@30.0800523997418,-90.4959840490782.jpg",1,63,258,533,150,596,408
"WSLP_all/005273@30.0805467936857,-90.4958755521544.jpg",1,65,278,499,124,564,402
"WSLP_all/005274@30.0794120443027,-90.4958155276591.jpg",3,102,260,528,140,630,400
"WSLP_all/005275@30.0790728461767,-90.4957456563527.jpg",1,144,250,492,160,636,410
"WSLP_all/005276@30.0785762150051,-90.4957529922142.jpg",1,77,250,414,152,491,402
"WSLP_all/005277@30.0809087557208,-90.4957586825967.jpg",3,253,243,298,158,551,401
"WSLP_all/005278@30.078885033148,-90.4956334094243.jpg",1,123,278,512,127,635,405
"WSLP_all/005279@30.0801614125123,-90.4955657667296.jpg",2,51,227,569,183,620,410
"WSLP_all/005280@30.0782058671473,-90.4957402958678.jpg",3,78,245,349,197,427,442
"WSLP_all/005281@30.0805265337538,-90.4956733627196.jpg",1,131,258,351,137,482,395
"WSLP_all/005282@30.0781863592409,-90.4955697228456.jpg",1,169,270,288,108,457,378
"WSLP_all/005283@30.0808758250493,-90.4955660846144.jpg",1,204,279,432,121,636,400
"WSLP_all/005284@30.0799698864689,-90.49550097792.jpg",1,110,280,508,118,618,398
"WSLP_all/005285@30.0798117700606,-90.4954706887758.jpg",1,79,269,493,117,572,386
"WSLP_all/005286@30.0804789330173,-90.49548721258.jpg",1,54,280,439,115,493,395
"WSLP_all/005287@30.079647563729,-90.495434126209.jpg",1,87,275,513,150,600,425
"WSLP_all/005288@30.0791511528583,-90.4953118269223.jpg",1,112,285,310,110,422,395
"WSLP_all/005289@30.079491439723,-90.4954101441909.jpg",1,46,270,513,148,559,418
"WSLP_all/005290@30.0793083944493,-90.4953990359392.jpg",1,141,272,335,140,476,412
"WSLP_all/005291@30.0808589852817,-90.4953828360591.jpg",1,169,256,455,152,624,408
"WSLP_all/005292@30.0788069170214,-90.4953621488741.jpg",3,63,271,362,172,425,443
"WSLP_all/005293@30.0811721501043,-90.4951209277394.jpg",1,33,283,400,124,433,407
"WSLP_all/005294@30.0800498261384,-90.4951208821874.jpg",4,175,326,237,151,412,477
"WSLP_all/005295@30.0794709065451,-90.4949834688697.jpg",4,164,279,222,109,386,388
"WSLP_all/005296@30.0790882620404,-90.4950910280534.jpg",1,27,272,400,127,427,399
"WSLP_all/005297@30.081150845535,-90.49495352676.jpg",1,76,286,397,124,473,410
"WSLP_all/005298@30.0811034183153,-90.4947515638486.jpg",1,66,288,382,110,448,398
"WSLP_all/005299@30.0803285596929,-90.494754922312.jpg",1,54,274,452,122,506,396
"WSLP_all/005300@30.0782491592681,-90.4947344781603.jpg",1,182,265,386,142,568,407
"WSLP_all/005301@30.0793802537409,-90.4947818730697.jpg",2,149,260,460,160,609,420
"WSLP_all/005302@30.0790154568832,-90.4946995734264.jpg",2,18,265,437,159,455,424
"WSLP_all/005303@30.0810623323731,-90.4945653582271.jpg",1,13,271,463,135,476,406
"WSLP_all/005304@30.0810232596701,-90.4943886204295.jpg",1,78,268,374,139,452,407
"WSLP_all/005305@30.0786042628643,-90.4945512668683.jpg",3,86,275,276,121,362,396
"WSLP_all/005306@30.0787614466509,-90.4944392803888.jpg",1,172,265,344,114,516,379
"WSLP_all/005307@30.0806191557955,-90.4942655474529.jpg",1,184,263,391,149,575,412
"WSLP_all/005308@30.0809873813142,-90.4941739142869.jpg",1,35,271,382,138,417,409
"WSLP_all/005309@30.0805941255568,-90.4940918552063.jpg",1,85,268,491,143,576,411
"WSLP_all/005310@30.0801529352827,-90.4940133623497.jpg",1,11,258,510,155,521,413
"WSLP_all/005311@30.0805284643343,-90.4939026959365.jpg",5,138,285,316,110,454,395
"WSLP_all/005312@30.0750762812802,-90.4846057802973.jpg",3,78,259,371,116,449,375
"WSLP_all/005313@30.0748931680115,-90.4846484427823.jpg",1,165,268,234,103,399,371
"WSLP_all/005314@30.0747218414175,-90.4845613734488.jpg",1,212,282,183,82,395,364
"WSLP_all/005315@30.0751903521054,-90.4844404002799.jpg",3,137,256,282,177,419,433
"WSLP_all/005316@30.0746814436399,-90.4843688545928.jpg",1,126,283,389,104,515,387
"WSLP_all/005317@30.076909969066,-90.4977272886059.jpg",1,121,269,386,136,507,405
"WSLP_all/005318@30.075435973384,-90.4842960311062.jpg",3,63,269,393,148,456,417
"WSLP_all/005319@30.0773210352628,-90.4977649449073.jpg",1,163,258,424,130,587,388
"WSLP_all/005320@30.0777741099383,-90.4976884251505.jpg",1,192,265,327,131,519,396
"WSLP_all/005321@30.0768838534486,-90.4975378012865.jpg",1,110,264,498,178,608,442
"WSLP_all/005322@30.0754014655717,-90.4975597184239.jpg",5,118,281,251,131,369,412
"WSLP_all/005323@30.0778174894341,-90.4975173240404.jpg",1,164,265,396,128,560,393
"WSLP_all/005324@30.0753154845171,-90.4843444832001.jpg",2,33,263,379,140,412,403
"WSLP_all/005325@30.0772541055748,-90.4975094019884.jpg",1,117,251,514,170,631,421
"WSLP_all/005326@30.0764903573599,-90.4973830142808.jpg",3,102,290,339,118,441,408
"WSLP_all/005327@30.0768506884744,-90.4973641830012.jpg",1,79,267,428,144,507,411
"WSLP_all/005328@30.0778391411343,-90.4973369207289.jpg",1,184,269,358,120,542,389
"WSLP_all/005329@30.0774478610831,-90.4973623354533.jpg",1,192,272,367,130,559,402
"WSLP_all/005330@30.0764467604265,-90.4971905138108.jpg",1,157,279,307,123,464,402
"WSLP_all/005331@30.0757474235879,-90.4841384534187.jpg",4,174,239,253,149,427,388
"WSLP_all/005332@30.0771139664493,-90.4970837395069.jpg",1,99,251,540,167,639,418
"WSLP_all/005333@30.0779443268596,-90.4969692699141.jpg",1,171,272,369,128,540,400
"WSLP_all/005334@30.0767309065407,-90.4970047472954.jpg",1,120,290,302,109,422,399
"WSLP_all/005335@30.0766768526741,-90.4968154960436.jpg",3,126,274,359,144,485,418
"WSLP_all/005336@30.0770160467139,-90.4967462519642.jpg",2,17,245,564,162,581,407
"WSLP_all/005337@30.0763348497861,-90.4968278519607.jpg",1,66,265,398,141,464,406
"WSLP_all/005338@30.0776927862676,-90.4966425558121.jpg",1,133,291,419,110,552,401
"WSLP_all/005339@30.0779724747328,-90.4967856499285.jpg",3,124,283,236,131,360,414
"WSLP_all/005340@30.0763035242418,-90.4966668663614.jpg",1,150,279,334,139,484,418
"WSLP_all/005341@30.0751565097487,-90.4966543638776.jpg",1,111,278,327,120,438,398
"WSLP_all/005342@30.0765875735291,-90.4964747759369.jpg",1,84,264,400,129,484,393
"WSLP_all/005343@30.0780064257362,-90.4965893339531.jpg",3,181,264,264,129,445,393
"WSLP_all/005344@30.0758293479341,-90.4839986384711.jpg",1,51,280,384,121,435,401
"WSLP_all/005345@30.0758872168941,-90.4966008034679.jpg",1,128,255,403,135,531,390
"WSLP_all/005346@30.0750664563427,-90.4840114634674.jpg",4,179,310,205,128,384,438
"WSLP_all/005347@30.0750671755923,-90.4965128364723.jpg",1,38,277,359,105,397,382
"WSLP_all/005348@30.0753051208227,-90.4838671527094.jpg",1,235,294,319,127,554,421
"WSLP_all/005349@30.0772692774941,-90.4964816985275.jpg",3,147,265,379,138,526,403
"WSLP_all/005350@30.0762450195861,-90.4964523585635.jpg",1,129,289,391,113,520,402
"WSLP_all/005351@30.075865210383,-90.4963354025351.jpg",1,26,251,558,161,584,412
"WSLP_all/005352@30.0759553508826,-90.483931168347.jpg",1,52,280,387,114,439,394
"WSLP_all/005353@30.0750134355017,-90.4962951307487.jpg",1,131,267,453,156,584,423
"WSLP_all/005354@30.0762085026045,-90.4962186969658.jpg",1,196,304,310,101,506,405
"WSLP_all/005355@30.0751854071853,-90.483937730574.jpg",1,250,289,382,119,632,408
"WSLP_all/005356@30.0764390370128,-90.4960997761266.jpg",2,167,256,463,159,630,415
"WSLP_all/005357@30.0754876780652,-90.496325926419.jpg",3,84,264,433,166,517,430
"WSLP_all/005358@30.0776266774138,-90.496235240435.jpg",1,109,275,439,124,548,399
"WSLP_all/005359@30.0775679458785,-90.4960586742953.jpg",3,68,256,468,152,536,408
"WSLP_all/005360@30.077127772322,-90.4959453861576.jpg",1,149,281,311,96,460,377
"WSLP_all/005361@30.0778883004213,-90.4960148796023.jpg",1,165,258,341,124,506,382
"WSLP_all/005362@30.075505012734,-90.4958040975115.jpg",1,173,293,303,105,476,398
"WSLP_all/005363@30.0775251095625,-90.4958693266528.jpg",3,163,256,380,139,543,395
"WSLP_all/005364@30.075828414919,-90.4957855710624.jpg",3,169,297,297,94,466,391
"WSLP_all/005365@30.0760792924242,-90.4838637156228.jpg",3,89,254,301,158,390,412
"WSLP_all/005366@30.0778537664601,-90.495838108739.jpg",1,116,274,391,124,507,398
"WSLP_all/005367@30.0756642279305,-90.4957995977673.jpg",1,137,294,315,111,452,405
"WSLP_all/005368@30.0759783825398,-90.4957495317333.jpg",3,141,291,289,100,430,391
"WSLP_all/005369@30.0755408315569,-90.4836912492954.jpg",1,241,278,366,134,607,412
"WSLP_all/005370@30.0769555323186,-90.4957349957099.jpg",1,99,285,375,102,474,387
"WSLP_all/005371@30.0748021242714,-90.4837829127055.jpg",1,18,259,527,149,545,408
"WSLP_all/005372@30.0770544782464,-90.4956235024967.jpg",1,105,277,486,118,591,395
"WSLP_all/005373@30.0763239539389,-90.4956106726928.jpg",3,61,281,351,112,412,393
"WSLP_all/005374@30.0800401220524,-90.5278809736966.jpg",1,3,283,406,130,409,413
"WSLP_all/005375@30.0941527616524,-90.4975320907795.jpg",3,114,246,516,164,630,410
"WSLP_all/005376@30.0804191355663,-90.5278589391897.jpg",1,21,278,449,124,470,402
"WSLP_all/005377@30.0800493643324,-90.5276880262262.jpg",1,4,291,392,117,396,408
"WSLP_all/005378@30.0804300355449,-90.5276628157205.jpg",1,0,275,508,163,508,438
"WSLP_all/005379@30.0914539565551,-90.4965744388835.jpg",1,171,257,430,156,601,413
"WSLP_all/005380@30.0903963440294,-90.4968046729343.jpg",2,43,246,579,163,622,409
"WSLP_all/005381@30.0897864199091,-90.496651685099.jpg",1,80,245,558,140,638,385
"WSLP_all/005382@30.0906978005097,-90.4967641958506.jpg",1,40,234,600,186,640,420
"WSLP_all/005383@30.0947374447819,-90.4966195981843.jpg",3,151,230,438,179,589,409
"WSLP_all/005384@30.090990927747,-90.4966637066152.jpg",1,11,226,593,188,604,414
"WSLP_all/005385@30.0797306036275,-90.5276747939886.jpg",2,226,254,415,178,641,432
"WSLP_all/005386@30.0804246871875,-90.527476308144.jpg",1,40,268,405,137,445,405
"WSLP_all/005387@30.0947382140001,-90.4964203655024.jpg",3,255,242,367,146,622,388
"WSLP_all/005388@30.09388395885,-90.49631369701.jpg",3,236,269,355,134,591,403
"WSLP_all/005389@30.080058554275,-90.5275045636506.jpg",2,0,272,398,141,398,413
"WSLP_all/005390@30.09264478442,-90.4962640235375.jpg",3,109,266,442,135,551,401
"WSLP_all/005391@30.0781300394622,-90.4942643721321.jpg",1,116,297,348,92,464,389
"WSLP_all/005392@30.0947357222923,-90.4961579127539.jpg",1,200,227,420,156,620,383
"WSLP_all/005393@30.0797388473313,-90.5274850159723.jpg",2,162,238,468,159,630,397
"WSLP_all/005394@30.0800591173767,-90.5273180100013.jpg",3,39,244,385,178,424,422
"WSLP_all/005395@30.0928857098551,-90.496239863745.jpg",1,76,276,465,129,541,405
"WSLP_all/005396@30.0912279175362,-90.4961367888716.jpg",2,15,255,609,182,624,437
"WSLP_all/005397@30.0936301717063,-90.4962177980425.jpg",3,104,292,534,133,638,425
"WSLP_all/005398@30.0804307978616,-90.527292870799.jpg",2,0,260,432,189,432,449
"WSLP_all/005399@30.0907930750764,-90.4962131728609.jpg",3,137,240,294,204,431,444
"WSLP_all/005400@30.0797224728586,-90.5272985999156.jpg",2,172,256,469,173,641,429
"WSLP_all/005401@30.0902371859105,-90.4960344365726.jpg",1,4,238,525,152,529,390
"WSLP_all/005402@30.094679644235,-90.4958579635931.jpg",3,143,245,473,164,616,409
"WSLP_all/005403@30.0797398812959,-90.5271055869339.jpg",1,204,291,430,127,634,418
"WSLP_all/005404@30.092067123926,-90.4958482978169.jpg",1,30,172,560,227,590,399
"WSLP_all/005405@30.0930217788863,-90.4957865154627.jpg",1,61,235,542,187,603,422
"WSLP_all/005406@30.0907944420021,-90.495640802872.jpg",3,43,238,375,200,418,438
"WSLP_all/005407@30.0800612481212,-90.5271314436657.jpg",4,235,233,197,136,432,369
"WSLP_all/005408@30.0804249429884,-90.5271000446505.jpg",2,11,255,428,175,439,430
"WSLP_all/005409@30.0800682078029,-90.526938513509.jpg",3,50,256,407,194,457,450
"WSLP_all/005410@30.0940698215303,-90.4954614759833.jpg",2,125,223,430,161,555,384
"WSLP_all/005411@30.0934677583341,-90.4954507272471.jpg",1,5,238,456,151,461,389
"WSLP_all/005412@30.0797486908081,-90.5269094805889.jpg",1,232,250,404,162,636,412
"WSLP_all/005413@30.0804366199648,-90.5269007518915.jpg",2,49,267,418,155,467,422
"WSLP_all/005414@30.0800785677579,-90.5267487186892.jpg",2,26,257,367,163,393,420
"WSLP_all/005415@30.0797579617677,-90.5267260188679.jpg",2,153,251,488,183,641,434
"WSLP_all/005416@30.0921087543882,-90.4949182489756.jpg",3,43,269,478,151,521,420
"WSLP_all/005417@30.0804464962422,-90.5267172840037.jpg",2,80,278,378,146,458,424
"WSLP_all/005418@30.0933612278433,-90.4948539515603.jpg",1,0,235,473,185,473,420
"WSLP_all/005419@30.0800595689075,-90.5265559986198.jpg",1,13,279,412,124,425,403
"WSLP_all/005420@30.092592398399,-90.4947370922596.jpg",2,22,243,485,150,507,393
"WSLP_all/005421@30.0923211206861,-90.4947362130981.jpg",3,160,250,416,159,576,409
"WSLP_all/005422@30.0807934991437,-90.4933597800404.jpg",1,35,276,472,125,507,401
"WSLP_all/005424@30.0797526013288,-90.5265331890075.jpg",2,200,236,414,186,614,422
"WSLP_all/005425@30.0803905478655,-90.4931070652731.jpg",1,162,246,465,160,627,406
"WSLP_all/005426@30.0900488743182,-90.494499200009.jpg",3,285,264,260,147,545,411
"WSLP_all/005427@30.0795928392627,-90.492968346303.jpg",1,80,285,303,127,383,412
"WSLP_all/005428@30.0803687238705,-90.492949155993.jpg",1,80,255,503,162,583,417
"WSLP_all/005429@30.0804373964506,-90.5265244830853.jpg",1,50,278,427,144,477,422
"WSLP_all/005430@30.0888904769494,-90.4943698175716.jpg",1,7,252,364,124,371,376
"WSLP_all/005431@30.0799081579534,-90.4928898028821.jpg",4,257,286,176,152,433,438
"WSLP_all/005432@30.0797520719562,-90.5263434829214.jpg",2,198,263,436,146,634,409
"WSLP_all/005433@30.0795242299291,-90.4928045082008.jpg",3,41,223,426,195,467,418
"WSLP_all/005434@30.0798906458033,-90.4927223714518.jpg",4,208,302,340,158,548,460
"WSLP_all/005435@30.0803324684084,-90.4927660725489.jpg",3,91,250,509,163,600,413
"WSLP_all/005436@30.0802285049017,-90.4925993708066.jpg",2,69,245,561,162,630,407
"WSLP_all/005437@30.079476681557,-90.4926057134776.jpg",4,204,295,309,130,513,425
"WSLP_all/005438@30.0800818617253,-90.5263661071448.jpg",1,22,283,373,129,395,412
"WSLP_all/005439@30.0800591018433,-90.4922656421891.jpg",3,52,244,380,175,432,419
"WSLP_all/005440@30.0898253579211,-90.4940615395702.jpg",4,291,278,118,83,409,361
"WSLP_all/005441@30.0797207844039,-90.4923254107208.jpg",1,44,280,350,103,394,383
"WSLP_all/005442@30.0896124480145,-90.4941107652039.jpg",3,226,275,375,92,601,367
"WSLP_all/005443@30.0795237121111,-90.4923871498202.jpg",1,7,246,375,140,382,386
"WSLP_all/005444@30.0804483688383,-90.5263315206934.jpg",3,48,280,436,126,484,406
"WSLP_all/005445@30.0892152909308,-90.4939686513566.jpg",3,270,251,317,151,587,402
"WSLP_all/005446@30.080204186183,-90.492188533051.jpg",1,11,271,624,156,635,427
"WSLP_all/005447@30.0900706170407,-90.4939709329908.jpg",1,34,271,444,136,478,407
"WSLP_all/005448@30.0902630483433,-90.4938238517794.jpg",1,27,281,465,121,492,402
"WSLP_all/005449@30.0907948847538,-90.4939300478938.jpg",3,216,219,425,211,641,430
"WSLP_all/005450@30.0893223098536,-90.4937780198671.jpg",4,310,285,116,113,426,398
"WSLP_all/005451@30.0904393674091,-90.4936294719538.jpg",1,46,278,400,103,446,381
"WSLP_all/005452@30.080108416847,-90.5261761810601.jpg",1,1,263,435,156,436,419
"WSLP_all/005453@30.0911750863757,-90.4937371115163.jpg",1,112,262,511,151,623,413
"WSLP_all/005454@30.0894598201558,-90.4935649969638.jpg",4,294,311,133,121,427,432
"WSLP_all/005455@30.0804583350135,-90.526144890131.jpg",1,27,275,430,152,457,427
"WSLP_all/005456@30.0797686341728,-90.5261473147182.jpg",3,194,234,447,214,641,448
"WSLP_all/005457@30.0906398173964,-90.4935107816738.jpg",1,0,270,483,117,483,387
"WSLP_all/005458@30.0895583771148,-90.4933712747782.jpg",3,64,259,280,144,344,403
"WSLP_all/005459@30.0903850361849,-90.4931903852624.jpg",2,301,256,340,129,641,385
"WSLP_all/005460@30.0921262922791,-90.4933369790039.jpg",3,121,230,326,192,447,422
"WSLP_all/005461@30.0800827187784,-90.5259898390087.jpg",1,37,278,385,139,422,417
"WSLP_all/005462@30.0912391044342,-90.4932369417958.jpg",3,54,231,529,162,583,393
"WSLP_all/005463@30.0908541543136,-90.4933793250633.jpg",1,129,258,377,129,506,387
"WSLP_all/005464@30.0800944964572,-90.5257937088624.jpg",1,2,257,403,127,405,384
"WSLP_all/005465@30.0901619356848,-90.4932713207168.jpg",2,300,238,341,158,641,396
"WSLP_all/005466@30.0804544509458,-90.5259552088405.jpg",1,89,290,369,121,458,411
"WSLP_all/005467@30.0896329344703,-90.49318724.jpg",3,303,252,338,159,641,411
"WSLP_all/005468@30.0952920492608,-90.4932122570375.jpg",1,98,279,386,127,484,406
"WSLP_all/005469@30.0914228654087,-90.4931531748767.jpg",3,0,264,479,167,479,431
"WSLP_all/005470@30.095069410632,-90.4932362705574.jpg",1,91,267,411,122,502,389
"WSLP_all/005471@30.0804591170258,-90.5257654593125.jpg",1,19,295,431,116,450,411
"WSLP_all/005472@30.0927247945768,-90.4930694651243.jpg",3,141,247,339,155,480,402
"WSLP_all/005473@30.0800794083283,-90.5255977964227.jpg",1,7,270,434,141,441,411
"WSLP_all/005474@30.0955193837689,-90.4931913661617.jpg",1,80,199,377,215,457,414
"WSLP_all/005475@30.0804725668745,-90.5255819622924.jpg",3,57,275,374,151,431,426
"WSLP_all/005476@30.0916088107663,-90.4930282803369.jpg",3,123,184,368,205,491,389
"WSLP_all/005477@30.0943242696869,-90.493018029137.jpg",1,61,248,543,157,604,405
"WSLP_all/005478@30.0961043180995,-90.4930472900069.jpg",3,129,189,461,209,590,398
"WSLP_all/005479@30.0898087518881,-90.4929833790416.jpg",3,87,258,286,168,373,426
"WSLP_all/005480@30.0963018505284,-90.4929887014652.jpg",3,74,239,474,178,548,417
"WSLP_all/005481@30.0919942851185,-90.4928732423084.jpg",1,2,270,490,143,492,413
"WSLP_all/005482@30.0946722536238,-90.492796894363.jpg",3,134,285,452,106,586,391
"WSLP_all/005483@30.0907758108807,-90.4929910343264.jpg",2,265,278,376,120,641,398
"WSLP_all/005484@30.0900334973382,-90.4928455102506.jpg",2,5,260,353,160,358,420
"WSLP_all/005485@30.0909622531032,-90.4929009203239.jpg",2,279,266,356,160,635,426
"WSLP_all/005486@30.0928961201154,-90.4929288807838.jpg",3,67,251,315,176,382,427
"WSLP_all/005487@30.0953228535208,-90.4926870477863.jpg",3,176,262,419,135,595,397
"WSLP_all/005488@30.080086565595,-90.5254017026533.jpg",1,7,252,458,160,465,412
"WSLP_all/005489@30.0804620075751,-90.5253891732466.jpg",1,4,280,403,123,407,403
"WSLP_all/005490@30.0921907616394,-90.4927482566494.jpg",3,18,251,325,152,343,403
"WSLP_all/005491@30.0967517462603,-90.4928584116354.jpg",3,148,244,404,168,552,412
"WSLP_all/005492@30.0932877426645,-90.4927073796733.jpg",1,84,252,556,159,640,411
"WSLP_all/005493@30.0902336219329,-90.4927363071151.jpg",3,41,231,344,146,385,377
"WSLP_all/005494@30.0800791021642,-90.5252025666033.jpg",3,23,257,421,138,444,395
"WSLP_all/005495@30.0842058143306,-90.4931918896498.jpg",1,33,256,467,132,500,388
"WSLP_all/005496@30.0962297207187,-90.4916010266185.jpg",1,118,244,389,154,507,398
"WSLP_all/005497@30.0943695032685,-90.4915787934331.jpg",3,3,254,412,170,415,424
"WSLP_all/005498@30.0849203471272,-90.4931637314199.jpg",1,0,248,502,163,502,411
"WSLP_all/005499@30.0976423504994,-90.4915637934529.jpg",3,99,232,498,167,597,399
"WSLP_all/005500@30.0966320685477,-90.491496431404.jpg",1,60,227,418,194,478,421
"WSLP_all/005501@30.0838778743187,-90.4931282529344.jpg",1,154,246,414,124,568,370
"WSLP_all/005502@30.0964211185383,-90.49155513646.jpg",1,134,246,316,162,450,408
"WSLP_all/005503@30.0845830745131,-90.4930812010352.jpg",1,157,278,396,131,553,409
"WSLP_all/005504@30.0979486229838,-90.4914726580806.jpg",2,137,237,405,165,542,402
"WSLP_all/005505@30.0842437312244,-90.4930144986135.jpg",1,161,282,357,124,518,406
"WSLP_all/005506@30.0968343133891,-90.4914093381569.jpg",1,113,239,364,155,477,394
"WSLP_all/005507@30.0932814320921,-90.4912496217501.jpg",1,159,260,351,143,510,403
"WSLP_all/005508@30.084945678041,-90.4929832832268.jpg",1,27,274,458,137,485,411
"WSLP_all/005509@30.0970020490572,-90.4913225361828.jpg",1,85,260,352,132,437,392
"WSLP_all/005510@30.0839158677534,-90.4929413758766.jpg",1,64,249,494,140,558,389
"WSLP_all/005511@30.0943579789952,-90.491341717543.jpg",1,41,263,418,142,459,405
"WSLP_all/005512@30.0835880356343,-90.4929378166495.jpg",1,143,274,308,90,451,364
"WSLP_all/005513@30.0846052030136,-90.4928944564391.jpg",1,167,277,357,126,524,403
"WSLP_all/005514@30.084981057273,-90.4928090731709.jpg",1,84,266,426,145,510,411
"WSLP_all/005516@30.0846594516635,-90.4927169257688.jpg",1,136,282,462,115,598,397
"WSLP_all/005517@30.094703124881,-90.4910984635205.jpg",2,0,288,422,112,422,400
"WSLP_all/005518@30.0838444484065,-90.492673209178.jpg",2,131,218,509,131,640,349
"WSLP_all/005519@30.0934575234628,-90.4911880491936.jpg",2,0,269,539,137,539,406
"WSLP_all/005520@30.0850208919889,-90.4925747481832.jpg",1,101,283,418,133,519,416
"WSLP_all/005521@30.0976858407944,-90.4910669257457.jpg",2,33,222,418,208,451,430
"WSLP_all/005522@30.0842998456071,-90.4925302398369.jpg",2,312,252,329,117,641,369
"WSLP_all/005523@30.0846834140077,-90.4925333274739.jpg",1,168,264,382,139,550,403
"WSLP_all/005524@30.0840135033212,-90.4924567682857.jpg",1,71,245,415,136,486,381
"WSLP_all/005525@30.084739232352,-90.4923431362358.jpg",1,132,267,402,126,534,393
"WSLP_all/005526@30.0938406222147,-90.4909413147169.jpg",1,132,262,441,141,573,403
"WSLP_all/005527@30.0980046291588,-90.4909377338813.jpg",1,5,255,626,163,631,418
"WSLP_all/005528@30.0851196057761,-90.4923841943289.jpg",1,144,285,325,120,469,405
"WSLP_all/005529@30.0848206680934,-90.4921685375359.jpg",1,148,266,421,129,569,395
"WSLP_all/005530@30.0852445817467,-90.4922155515237.jpg",1,161,272,384,126,545,398
"WSLP_all/005531@30.0832801482223,-90.4923364781123.jpg",1,115,283,281,85,396,368
"WSLP_all/005532@30.094321181625,-90.4908676811259.jpg",1,67,214,470,152,537,366
"WSLP_all/005533@30.0984358332889,-90.4907917784045.jpg",1,24,264,369,148,393,412
"WSLP_all/005534@30.0834211890728,-90.4922246180847.jpg",2,0,247,450,164,450,411
"WSLP_all/005535@30.0835841175492,-90.4922074330476.jpg",2,0,238,398,176,398,414
"WSLP_all/005536@30.0837424138058,-90.4921839631082.jpg",1,36,244,435,179,471,423
"WSLP_all/005537@30.0838935935913,-90.4921226094327.jpg",1,68,255,450,143,518,398
"WSLP_all/005538@30.0854268349245,-90.4921412865637.jpg",2,0,240,628,162,628,402
"WSLP_all/005539@30.0843884422126,-90.492029896306.jpg",1,248,290,235,91,483,381
"WSLP_all/005540@30.0842210750575,-90.4920281473164.jpg",1,121,277,361,137,482,414
"WSLP_all/005541@30.0840675872163,-90.4920768728886.jpg",1,21,260,480,148,501,408
"WSLP_all/005542@30.0980149519387,-90.490681490088.jpg",1,90,217,497,176,587,393
"WSLP_all/005543@30.0849124315676,-90.4920223104807.jpg",1,152,270,371,112,523,382
"WSLP_all/005544@30.0850252744487,-90.491904363281.jpg",2,104,257,414,130,518,387
"WSLP_all/005546@30.0936336089646,-90.490424448733.jpg",2,184,243,457,122,641,365
"WSLP_all/005547@30.0851448969302,-90.4917800334869.jpg",1,201,275,325,125,526,400
"WSLP_all/005548@30.0984188957177,-90.4905167884011.jpg",2,0,229,464,176,464,405
"WSLP_all/005549@30.0833167790723,-90.4919061414499.jpg",2,186,278,455,144,641,422
"WSLP_all/005550@30.0834758170614,-90.4918352353633.jpg",1,218,262,360,165,578,427
"WSLP_all/005551@30.0846550264472,-90.4917651984573.jpg",4,201,280,189,85,390,365
"WSLP_all/005552@30.0836463699444,-90.4918148233247.jpg",3,177,283,448,137,625,420
"WSLP_all/005553@30.0838210759241,-90.4917342975718.jpg",1,169,280,412,134,581,414
"WSLP_all/005554@30.0849495905792,-90.4915888001725.jpg",1,285,251,353,141,638,392
"WSLP_all/005555@30.0840393806093,-90.4916344324324.jpg",1,244,258,329,144,573,402
"WSLP_all/005556@30.0832587256725,-90.4915999207015.jpg",3,197,259,340,162,537,421
"WSLP_all/005558@30.0848261460851,-90.4914633626083.jpg",2,198,240,443,154,641,394
"WSLP_all/005559@30.0844265210363,-90.4914477667564.jpg",1,15,259,399,150,414,409
"WSLP_all/005560@30.098356726136,-90.4902896188189.jpg",1,94,248,364,163,458,411
"WSLP_all/005561@30.0945449785702,-90.4901605913865.jpg",3,19,213,448,203,467,416
"WSLP_all/005562@30.0838611315131,-90.4914272475326.jpg",3,163,237,407,174,570,411
"WSLP_all/005563@30.0832034474871,-90.4914138322194.jpg",2,144,246,497,155,641,401
"WSLP_all/005564@30.0842627810904,-90.49136377637.jpg",1,16,271,402,135,418,406
"WSLP_all/005565@30.0847302074295,-90.491321882921.jpg",2,214,247,427,150,641,397
"WSLP_all/005566@30.0841595962213,-90.4912286817477.jpg",1,47,272,402,131,449,403
"WSLP_all/005567@30.0845962883939,-90.4911838854424.jpg",2,299,262,342,134,641,396
"WSLP_all/005568@30.0837277181314,-90.4912607890901.jpg",1,204,291,345,128,549,419
"WSLP_all/005569@30.0982423658259,-90.4900154536908.jpg",1,51,258,357,142,408,400
"WSLP_all/005570@30.0840310599017,-90.4910811547797.jpg",2,0,263,456,143,456,406
"WSLP_all/005571@30.0944994301598,-90.4899269644971.jpg",1,95,271,318,145,413,416
"WSLP_all/005572@30.0844813960447,-90.4910457285496.jpg",1,278,257,304,135,582,392
"WSLP_all/005573@30.083313815966,-90.4910808929712.jpg",1,43,266,381,148,424,414
"WSLP_all/005574@30.0834736351466,-90.4910289507507.jpg",1,26,272,389,139,415,411
"WSLP_all/005575@30.0843792486783,-90.4909137882176.jpg",1,214,263,420,137,634,400
"WSLP_all/005576@30.08362943207,-90.4909802043331.jpg",1,74,257,500,151,574,408
"WSLP_all/005577@30.0941432562372,-90.4899805761755.jpg",1,140,233,499,170,639,403
"WSLP_all/005578@30.0839870673781,-90.4909012936913.jpg",2,100,236,396,149,496,385
"WSLP_all/005579@30.0842743134783,-90.4907502507877.jpg",2,137,249,504,157,641,406
"WSLP_all/005580@30.0944065679133,-90.489690577142.jpg",1,71,243,299,130,370,373
"WSLP_all/005581@30.0832843762367,-90.490682733965.jpg",1,184,277,427,137,611,414
"WSLP_all/005582@30.0836050779491,-90.4905946489597.jpg",1,120,260,367,144,487,404
"WSLP_all/005583@30.0834469539032,-90.4906149579734.jpg",2,157,257,484,148,641,405
"WSLP_all/005584@30.0837558908157,-90.4905491059231.jpg",1,85,260,383,157,468,417
"WSLP_all/005585@30.0839270074692,-90.4905223628979.jpg",1,97,286,415,126,512,412
"WSLP_all/005586@30.0840918784224,-90.4903660312468.jpg",1,157,298,283,112,440,410
"WSLP_all/005587@30.0943533821882,-90.4893937692625.jpg",1,133,238,251,120,384,358
"WSLP_all/005588@30.0945069161006,-90.4891805937402.jpg",3,203,259,253,108,456,367
"WSLP_all/005589@30.0939993486805,-90.4891975430212.jpg",1,139,266,443,143,582,409
"WSLP_all/005590@30.0831642356818,-90.4931500796756.jpg",2,252,261,389,178,641,439
"WSLP_all/005591@30.0831014487232,-90.4928944908964.jpg",1,185,233,441,150,626,383
"WSLP_all/005592@30.0831013938035,-90.4923126900227.jpg",1,165,286,242,87,407,373
"WSLP_all/005593@30.0829712457759,-90.4921493670953.jpg",1,212,285,217,87,429,372
"WSLP_all/005594@30.0830027051162,-90.491934088975.jpg",2,0,266,497,148,497,414
"WSLP_all/005595@30.0829454248066,-90.4917575025037.jpg",1,79,258,424,160,503,418
"WSLP_all/005596@30.0829067056006,-90.4915807604871.jpg",2,0,274,410,134,410,408
"WSLP_all/005597@30.0828720771507,-90.4913944982078.jpg",1,34,288,409,126,443,414
"WSLP_all/005598@30.0828345762267,-90.491201935404.jpg",1,29,247,444,156,473,403
"WSLP_all/005599@30.0827282742692,-90.4910352508571.jpg",1,115,276,250,85,365,361
"WSLP_all/005600@30.0831592669796,-90.4911011709379.jpg",2,0,259,424,140,424,399
"WSLP_all/005601@30.0828028868429,-90.4908259319412.jpg",1,231,274,216,85,447,359
"WSLP_all/005602@30.08313716993,-90.4907503797664.jpg",1,192,266,390,155,582,421
"WSLP_all/005603@30.0829479117228,-90.4907266844055.jpg",3,217,259,252,124,469,383
"WSLP_all/005604@30.0786190068887,-90.4939820159421.jpg",1,206,298,339,108,545,406
"WSLP_all/005605@30.0790759861512,-90.4938453693783.jpg",1,78,294,384,107,462,401
"WSLP_all/005606@30.0795682881562,-90.4936420263497.jpg",1,121,291,326,120,447,411
"WSLP_all/005607@30.0793950038344,-90.4937256941307.jpg",1,96,302,336,99,432,401
"WSLP_all/005608@30.0804149109359,-90.4935210654903.jpg",1,96,283,368,124,464,407
"WSLP_all/005609@30.0800315242639,-90.4934041458725.jpg",4,214,286,113,120,327,406
"WSLP_all/005610@30.0800284104352,-90.5290699252408.jpg",1,57,280,339,113,396,393
"WSLP_all/005611@30.079706385972,-90.5288733283471.jpg",2,259,233,382,171,641,404
"WSLP_all/005612@30.0800332026179,-90.5288548809044.jpg",2,0,281,341,133,341,414
"WSLP_all/005613@30.0800347050944,-90.5286461857668.jpg",2,34,285,365,119,399,404
"WSLP_all/005614@30.0797191324723,-90.5286550575905.jpg",2,236,247,405,158,641,405
"WSLP_all/005615@30.0800329496894,-90.5284533272112.jpg",1,85,276,320,140,405,416
"WSLP_all/005616@30.0803837875132,-90.5284283605961.jpg",1,40,281,433,133,473,414
"WSLP_all/005617@30.0797213065652,-90.5284526823943.jpg",2,244,219,397,178,641,397
"WSLP_all/005618@30.0800467296342,-90.5282603431566.jpg",2,0,293,370,120,370,413
"WSLP_all/005619@30.0804140849472,-90.5282384042761.jpg",2,0,287,462,116,462,403
"WSLP_all/005620@30.0797230728887,-90.528237663128.jpg",2,201,235,440,166,641,401
"WSLP_all/005621@30.0800416852388,-90.5280738338161.jpg",1,4,288,398,120,402,408
"WSLP_all/005622@30.0797239044326,-90.5280542687511.jpg",2,172,238,469,175,641,413
"WSLP_all/005623@30.0804111269185,-90.5280423918092.jpg",1,99,291,366,120,465,411
"WSLP_all/005624@30.0797323958738,-90.5278644898183.jpg",2,209,249,432,169,641,418
"WSLP_all/005625@30.0926538918488,-90.4976079084141.jpg",3,68,244,455,156,523,400
"WSLP_all/005626@30.0930761501432,-90.4975980422759.jpg",1,48,270,467,122,515,392
"WSLP_all/005627@30.093501587159,-90.497569175703.jpg",1,18,260,493,127,511,387
"WSLP_all/005628@30.0937181960508,-90.4975610342687.jpg",1,9,263,469,131,478,394
"WSLP_all/005629@30.0807311522722,-90.5278532553939.jpg",2,140,247,466,167,606,414
"WSLP_all/005630@30.0817754984325,-90.5278100332099.jpg",1,12,245,446,161,458,406
"WSLP_all/005631@30.0828260244605,-90.5276307968787.jpg",1,139,241,388,153,527,394
"WSLP_all/005632@30.0821220824678,-90.527696564672.jpg",1,236,258,314,157,550,415
"WSLP_all/005633@30.0810871950079,-90.5277080929167.jpg",1,206,264,236,157,442,421
"WSLP_all/005634@30.0824631389816,-90.5277001312737.jpg",1,115,277,307,135,422,412
"WSLP_all/005635@30.082146044486,-90.5275319503225.jpg",1,246,286,345,131,591,417
"WSLP_all/005636@30.0817708668678,-90.5276551373847.jpg",1,71,245,263,153,334,398
"WSLP_all/005637@30.0807416158732,-90.52766662045.jpg",2,159,250,482,148,641,398
"WSLP_all/005638@30.0810973835537,-90.5275530772958.jpg",1,172,254,307,171,479,425
"WSLP_all/005639@30.0824610425122,-90.5275325651466.jpg",1,109,285,306,118,415,403
"WSLP_all/005640@30.0821438088806,-90.5273643868931.jpg",1,214,273,346,138,560,411
"WSLP_all/005641@30.0828291628625,-90.5274695116828.jpg",1,154,247,395,158,549,405
"WSLP_all/005642@30.0818032168205,-90.5274683224455.jpg",1,0,235,407,169,407,404
"WSLP_all/005643@30.0807414703532,-90.5274674227347.jpg",1,148,260,492,153,640,413
"WSLP_all/005644@30.0807418249027,-90.5272871932349.jpg",2,204,261,437,165,641,426
"WSLP_all/005645@30.0811018803678,-90.52739810871.jpg",2,144,268,344,153,488,421
"WSLP_all/005646@30.082475148643,-90.5273617070937.jpg",1,105,272,314,144,419,416
"WSLP_all/005647@30.0828382243673,-90.5273145034788.jpg",1,220,238,407,169,627,407
"WSLP_all/005648@30.0817723543704,-90.5272915054268.jpg",1,24,252,295,137,319,389
"WSLP_all/005649@30.0810948915487,-90.5272400711326.jpg",1,169,258,292,159,461,417
"WSLP_all/005650@30.0807645590124,-90.5270972970617.jpg",1,187,275,372,150,559,425
"WSLP_all/005651@30.0824797282271,-90.5272067356854.jpg",1,193,295,248,119,441,414
"WSLP_all/005652@30.082158173211,-90.5271682319439.jpg",1,283,263,290,145,573,408
"WSLP_all/005653@30.081774687161,-90.5271333913805.jpg",3,42,245,321,163,363,408
"WSLP_all/005654@30.0828383302129,-90.5271026528233.jpg",1,129,216,400,193,529,409
"WSLP_all/005655@30.082162653233,-90.5270195846178.jpg",1,234,242,338,166,572,408
"WSLP_all/005656@30.0811024205561,-90.5270819150821.jpg",1,140,236,346,172,486,408
"WSLP_all/005657@30.0807565594772,-90.5269044865943.jpg",2,179,251,462,148,641,399
"WSLP_all/005658@30.0828501827012,-90.5269634306349.jpg",1,123,224,393,176,516,400
"WSLP_all/005659@30.0810951261196,-90.5269143943499.jpg",1,217,235,259,168,476,403
"WSLP_all/005660@30.0824869934416,-90.526884159406.jpg",1,136,287,301,129,437,416
"WSLP_all/005661@30.0821605426076,-90.5268678297346.jpg",1,246,255,327,148,573,403
"WSLP_all/005662@30.0807641069433,-90.5267178750958.jpg",1,238,259,312,166,550,425
"WSLP_all/005663@30.0817832720169,-90.5268108066964.jpg",2,127,282,285,121,412,403
"WSLP_all/005664@30.082832202274,-90.5268023173336.jpg",1,201,246,380,165,581,411
"WSLP_all/005665@30.0818079947492,-90.5266493494687.jpg",1,111,268,304,132,415,400
"WSLP_all/005666@30.0821692925813,-90.5267159869479.jpg",1,193,227,328,176,521,403
"WSLP_all/005667@30.0824718920322,-90.5267261853278.jpg",1,122,282,305,124,427,406
"WSLP_all/005668@30.0828651663843,-90.526643953628.jpg",1,240,241,318,159,558,400
"WSLP_all/005669@30.0811125068017,-90.5265822560258.jpg",1,250,231,265,199,515,430
"WSLP_all/005670@30.0824762120292,-90.5265648921389.jpg",1,106,282,304,122,410,404
"WSLP_all/005671@30.0821655826778,-90.52655475822.jpg",1,231,249,357,160,588,409
"WSLP_all/005672@30.0817845649096,-90.5265009286057.jpg",1,165,272,270,125,435,397
"WSLP_all/005673@30.0828561445002,-90.5264954145374.jpg",1,213,227,325,173,538,400
"WSLP_all/005674@30.0807640451351,-90.5265281622626.jpg",2,168,253,461,153,629,406
"WSLP_all/005675@30.0807740201892,-90.526338369187.jpg",1,193,254,383,154,576,408
"WSLP_all/005676@30.0821646533106,-90.5264029937726.jpg",1,173,226,328,177,501,403
"WSLP_all/005677@30.0814734764504,-90.5263485144737.jpg",1,164,247,246,168,410,415
"WSLP_all/005678@30.0811110821888,-90.5264304961549.jpg",1,193,238,279,175,472,413
"WSLP_all/005679@30.0828511858433,-90.5263278719785.jpg",1,154,253,372,146,526,399
"WSLP_all/005680@30.0818109566278,-90.5263426196854.jpg",1,89,247,318,161,407,408
"WSLP_all/005681@30.0814760282298,-90.5261903990967.jpg",1,196,253,273,158,469,411
"WSLP_all/005682@30.0811111942779,-90.5262692392311.jpg",3,245,142,251,269,496,411
"WSLP_all/005683@30.0807624250279,-90.5261424270429.jpg",3,267,249,373,174,640,423
"WSLP_all/005684@30.0824781336664,-90.5262455210154.jpg",1,128,292,269,107,397,399
"WSLP_all/005685@30.0821714938931,-90.526244842566.jpg",1,215,230,290,173,505,403
"WSLP_all/005686@30.0818032760417,-90.5261751009363.jpg",1,113,250,307,150,420,400
"WSLP_all/005687@30.0828430333184,-90.526173003055.jpg",1,204,245,387,156,591,401
"WSLP_all/005688@30.0824864340867,-90.5260968432523.jpg",1,121,280,307,126,428,406
"WSLP_all/005689@30.0807958540691,-90.5259524428705.jpg",1,164,258,394,125,558,383
"WSLP_all/005690@30.0821693064846,-90.525919181866.jpg",1,203,242,262,174,465,416
"WSLP_all/005691@30.0818114555375,-90.5260201003059.jpg",1,112,250,322,152,434,402
"WSLP_all/005692@30.0828568191808,-90.526008469574.jpg",1,171,244,358,150,529,394
"WSLP_all/005693@30.0811143861746,-90.5259688334761.jpg",1,131,214,278,179,409,393
"WSLP_all/005694@30.0824862210767,-90.5259229379905.jpg",1,127,290,283,110,410,400
"WSLP_all/005695@30.0797636387233,-90.5259513200645.jpg",1,220,237,409,171,629,408
"WSLP_all/005696@30.0807752978501,-90.5257660589584.jpg",2,227,247,414,155,641,402
"WSLP_all/005697@30.0818039697957,-90.5258620657129.jpg",1,143,237,289,161,432,398
"WSLP_all/005698@30.0828719292696,-90.5257459062548.jpg",1,231,238,304,166,535,404
"WSLP_all/005699@30.0821711019577,-90.5257231285018.jpg",1,160,256,324,166,484,422
"WSLP_all/005700@30.0818117646213,-90.5257070692077.jpg",1,107,249,324,153,431,402
"WSLP_all/005701@30.0808088395351,-90.5255855603748.jpg",1,228,244,385,169,613,413
"WSLP_all/005702@30.0797295428497,-90.525565851948.jpg",2,55,227,586,184,641,411
"WSLP_all/005703@30.0824904142012,-90.5255750920966.jpg",1,223,279,268,107,491,386
"WSLP_all/005704@30.0818271480035,-90.5255520111647.jpg",1,86,236,348,155,434,391
"WSLP_all/005705@30.0823465018313,-90.525487723755.jpg",1,213,280,336,129,549,409
"WSLP_all/005706@30.0807876829045,-90.52538653285.jpg",2,192,253,449,144,641,397
"WSLP_all/005707@30.0811209497735,-90.525500820564.jpg",1,189,233,280,161,469,394
"WSLP_all/005708@30.0830041890402,-90.5254128293745.jpg",2,320,278,321,122,641,400
"WSLP_all/005709@30.0821944044209,-90.5253751277248.jpg",1,183,282,428,135,611,417
"WSLP_all/005710@30.0818468928777,-90.5252293356449.jpg",1,211,280,317,129,528,409
"WSLP_all/005711@30.0828780643959,-90.5253158318091.jpg",2,231,262,410,141,641,403
"WSLP_all/005712@30.0797242046415,-90.5253635364945.jpg",1,252,226,333,174,585,400
"WSLP_all/005713@30.0811099712525,-90.5253428154193.jpg",1,140,209,286,191,426,400
"WSLP_all/005714@30.0807993798353,-90.5251998875114.jpg",2,261,258,304,146,565,404
"WSLP_all/005715@30.0797097654126,-90.5251612959035.jpg",1,259,247,332,161,591,408
"WSLP_all/005716@30.0816992896546,-90.5251230279258.jpg",1,142,286,385,131,527,417
"WSLP_all/005717@30.0815429031706,-90.5250104669334.jpg",1,98,286,436,128,534,414
"WSLP_all/005718@30.0825082169649,-90.5251196292394.jpg",1,121,288,272,107,393,395
"WSLP_all/005719@30.0807837856218,-90.5249976530914.jpg",3,248,247,393,179,641,426
"WSLP_all/005720@30.0823446549544,-90.5250387458005.jpg",2,0,260,473,148,473,408
"WSLP_all/005721@30.0829303057229,-90.5249517840083.jpg",2,0,264,408,130,408,394
"WSLP_all/005722@30.0822110955604,-90.5249671039647.jpg",1,67,266,374,128,441,394
"WSLP_all/005723@30.0820499299748,-90.5248956873134.jpg",2,53,253,447,141,500,394
"WSLP_all/005724@30.0796893776564,-90.5249622644217.jpg",2,240,258,305,152,545,410
"WSLP_all/005725@30.0811796281911,-90.5248458336486.jpg",1,190,250,322,160,512,410
"WSLP_all/005726@30.081912093914,-90.5248082720735.jpg",1,133,258,367,147,500,405
"WSLP_all/005727@30.0808412274681,-90.5246746759698.jpg",2,201,260,307,146,508,406
"WSLP_all/005728@30.0826424928361,-90.5248149937568.jpg",2,0,277,497,149,497,426
"WSLP_all/005729@30.0823458956137,-90.5246403325105.jpg",2,95,283,302,124,397,407
"WSLP_all/005730@30.0824874453455,-90.5247055842793.jpg",1,80,290,363,108,443,398
"WSLP_all/005731@30.0817578372079,-90.5247336379299.jpg",3,117,228,464,183,581,411
"WSLP_all/005732@30.0810080455567,-90.5247618549332.jpg",1,224,249,371,162,595,411
"WSLP_all/005733@30.0796622921856,-90.524769612073.jpg",1,248,249,295,163,543,412
"WSLP_all/005734@30.0815998564327,-90.5246527104403.jpg",1,70,247,477,155,547,402
"WSLP_all/005735@30.0814723919696,-90.5245525641784.jpg",1,154,272,322,105,476,377
"WSLP_all/005736@30.0821752195268,-90.5245563458079.jpg",1,50,282,382,121,432,403
"WSLP_all/005737@30.0831016435353,-90.5245298552742.jpg",2,0,216,610,218,610,434
"WSLP_all/005738@30.0796440252442,-90.5245800500964.jpg",1,253,260,301,152,554,412
"WSLP_all/005739@30.0811666473025,-90.5244064359421.jpg",1,142,280,391,130,533,410
"WSLP_all/005740@30.0813149709726,-90.5245000896685.jpg",1,154,289,394,130,548,419
"WSLP_all/005741@30.0820362931416,-90.524497396987.jpg",1,61,284,359,126,420,410
"WSLP_all/005742@30.0810219604979,-90.5243095921259.jpg",3,165,288,300,122,465,410
"WSLP_all/005743@30.082803276102,-90.5243805028961.jpg",1,128,271,387,153,515,424
"WSLP_all/005744@30.0825223345498,-90.5242341728915.jpg",2,247,236,394,172,641,408
"WSLP_all/005745@30.0818911779383,-90.5244068784501.jpg",1,107,287,275,118,382,405
"WSLP_all/005746@30.0808634600092,-90.5242602888756.jpg",3,118,276,414,134,532,410
"WSLP_all/005747@30.0796144281372,-90.5243905791209.jpg",1,231,245,280,174,511,419
"WSLP_all/005748@30.0826499656856,-90.5242584320846.jpg",1,145,258,427,155,572,413
"WSLP_all/005749@30.0817471709275,-90.5243131903138.jpg",1,54,274,329,137,383,411
"WSLP_all/005750@30.0832340673245,-90.5242283941598.jpg",1,96,281,391,133,487,414
"WSLP_all/005751@30.0829366836465,-90.5240600638854.jpg",2,152,276,343,152,495,428
"WSLP_all/005752@30.0812988034047,-90.5240480697231.jpg",2,0,268,421,131,421,399
"WSLP_all/005753@30.0814407471399,-90.5241639070651.jpg",1,61,263,396,134,457,397
"WSLP_all/005754@30.0823551212734,-90.52411853939.jpg",2,200,260,441,142,641,402
"WSLP_all/005755@30.0815855465312,-90.5242164835896.jpg",1,4,252,437,147,441,399
"WSLP_all/005756@30.0795860175814,-90.5242105851633.jpg",1,204,235,324,169,528,404
"WSLP_all/005757@30.0827897410333,-90.5239853707266.jpg",1,88,282,396,127,484,409
"WSLP_all/005758@30.0807077322304,-90.5241477258637.jpg",1,145,277,333,133,478,410
"WSLP_all/005759@30.0811515564532,-90.5239955134717.jpg",1,51,270,406,124,457,394
"WSLP_all/005760@30.0803853087733,-90.5239859271777.jpg",1,116,284,376,113,492,397
"WSLP_all/005761@30.0805358804435,-90.5240827221191.jpg",1,103,278,413,133,516,411
"WSLP_all/005762@30.082207025091,-90.524075475128.jpg",1,174,239,442,155,616,394
"WSLP_all/005763@30.0819070156382,-90.523922976875.jpg",1,253,261,374,144,627,405
"WSLP_all/005764@30.0810009176585,-90.5239145269698.jpg",1,96,264,300,133,396,397
"WSLP_all/005765@30.08023108716,-90.5239081322687.jpg",1,172,286,306,132,478,418
"WSLP_all/005766@30.0834064225115,-90.5238380731349.jpg",3,34,222,529,189,563,411
"WSLP_all/005767@30.0820525381532,-90.5239723865474.jpg",1,205,244,417,167,622,411
"WSLP_all/005768@30.0824885617443,-90.5238170717209.jpg",1,112,269,392,139,504,408
"WSLP_all/005769@30.0795591696501,-90.5240210931146.jpg",1,199,252,219,123,418,375
"WSLP_all/005770@30.0808419281964,-90.5238304477081.jpg",1,58,266,314,128,372,394
"WSLP_all/005771@30.0800839133853,-90.5238271195371.jpg",1,207,275,355,136,562,411
"WSLP_all/005772@30.0826310108834,-90.5238854770428.jpg",1,156,274,394,129,550,403
"WSLP_all/005773@30.0823588425559,-90.5237485631756.jpg",2,65,252,485,163,550,415
"WSLP_all/005774@30.0806817453189,-90.5237179215834.jpg",2,8,251,429,154,437,405
"WSLP_all/005775@30.0830893211223,-90.5236920375561.jpg",1,103,278,372,134,475,412
"WSLP_all/005776@30.0817579319835,-90.5237819021035.jpg",1,199,280,403,134,602,414
"WSLP_all/005777@30.0821782688213,-90.5236425249826.jpg",1,191,249,339,165,530,414
"WSLP_all/005778@30.0795392430834,-90.5238347057396.jpg",1,132,253,282,152,414,405
"WSLP_all/005779@30.0829308442646,-90.523633248249.jpg",1,71,227,458,189,529,416
"WSLP_all/005780@30.079903872866,-90.52372740298.jpg",1,217,263,345,162,562,425
"WSLP_all/005781@30.081609842088,-90.5237040576587.jpg",1,170,273,420,144,590,417
"WSLP_all/005782@30.0795174385036,-90.5236514965656.jpg",1,86,233,315,170,401,403
"WSLP_all/005783@30.0813262969433,-90.5235862094737.jpg",1,198,266,411,139,609,405
"WSLP_all/005784@30.0827985888802,-90.5235457886266.jpg",1,107,264,391,133,498,397
"WSLP_all/005785@30.0805224827148,-90.523665463768.jpg",1,56,264,373,144,429,408
"WSLP_all/005786@30.081459368223,-90.5236230709208.jpg",1,190,279,425,128,615,407
"WSLP_all/005787@30.0820343669682,-90.523561484472.jpg",1,134,249,421,146,555,395
"WSLP_all/005788@30.0817353033274,-90.5234153041447.jpg",1,132,256,433,137,565,393
"WSLP_all/005789@30.0803553983724,-90.5235529943482.jpg",1,22,271,390,118,412,389
"WSLP_all/005790@30.0811579899058,-90.5234895586393.jpg",1,197,274,399,141,596,415
"WSLP_all/005791@30.0835319929926,-90.5234955614151.jpg",1,223,283,345,146,568,429
"WSLP_all/005792@30.0802202075631,-90.5234845320768.jpg",1,46,283,343,123,389,406
"WSLP_all/005793@30.0826479583913,-90.5234616405021.jpg",1,110,276,386,122,496,398
"WSLP_all/005794@30.0815855760876,-90.5233216640776.jpg",3,157,256,352,164,509,420
"WSLP_all/005795@30.0810107556066,-90.5234211927452.jpg",1,215,276,358,135,573,411
"WSLP_all/005796@30.0824859234921,-90.5233744223597.jpg",1,48,281,429,136,477,417
"WSLP_all/005797@30.0818825452411,-90.5234805085575.jpg",1,127,254,429,149,556,403
"WSLP_all/005798@30.080063725965,-90.5234194038377.jpg",1,30,278,371,119,401,397
"WSLP_all/005799@30.0795198379119,-90.5234333095754.jpg",1,2,260,465,157,467,417
"WSLP_all/005800@30.0799010213857,-90.5232499865388.jpg",2,0,266,408,143,408,409
"WSLP_all/005801@30.0821955771204,-90.5232060386785.jpg",1,105,285,352,118,457,403
"WSLP_all/005802@30.0808600225571,-90.5233338852758.jpg",1,220,272,406,128,626,400
"WSLP_all/005803@30.0807084834337,-90.5232497464931.jpg",1,245,275,388,134,633,409
"WSLP_all/005804@30.0812994114404,-90.523184866966.jpg",1,61,258,440,146,501,404
"WSLP_all/005805@30.0823460198171,-90.5232996733301.jpg",2,134,283,350,111,484,394
"WSLP_all/005806@30.0814408778721,-90.5232722499216.jpg",1,8,246,540,154,548,400
"WSLP_all/005807@30.0827808392167,-90.5230874510708.jpg",1,118,294,361,117,479,411
"WSLP_all/005808@30.0811354487779,-90.5230881815109.jpg",1,123,258,380,156,503,414
"WSLP_all/005809@30.0829187593941,-90.5231748640179.jpg",1,177,288,327,120,504,408
"WSLP_all/005810@30.0836712333006,-90.5231402887919.jpg",2,0,235,487,172,487,407
"WSLP_all/005811@30.0820346093249,-90.5231535947462.jpg",1,68,273,452,135,520,408
"WSLP_all/005812@30.0795031436766,-90.5232405734825.jpg",1,29,252,452,139,481,391
"WSLP_all/005813@30.0805587408041,-90.523162431495.jpg",2,218,261,423,140,641,401
"WSLP_all/005814@30.0809938574078,-90.5230387426544.jpg",1,106,260,395,146,501,406
"WSLP_all/005815@30.0794325310824,-90.5230577613433.jpg",1,58,261,367,120,425,381
"WSLP_all/005816@30.0835348292959,-90.5230623487851.jpg",1,31,249,461,161,492,410
"WSLP_all/005817@30.0804129936328,-90.5231035410236.jpg",1,184,254,439,145,623,399
"WSLP_all/005818@30.0824755061784,-90.5229413230882.jpg",1,119,264,363,149,482,413
"WSLP_all/005819@30.0818988420029,-90.523063003191.jpg",1,132,283,361,127,493,410
"WSLP_all/005820@30.0826375144022,-90.523006406177.jpg",1,85,274,447,137,532,411
"WSLP_all/005821@30.081592885096,-90.5228915854231.jpg",1,118,280,423,129,541,409
"WSLP_all/005822@30.0802617541622,-90.5230099149616.jpg",3,229,259,412,133,641,392
"WSLP_all/005823@30.0801140456647,-90.5229225831347.jpg",2,227,244,414,155,641,399
"WSLP_all/005824@30.0833910675515,-90.5229907927342.jpg",1,68,258,452,148,520,406
"WSLP_all/005825@30.08069365032,-90.5228767653655.jpg",1,115,257,296,141,411,398
"WSLP_all/005826@30.0805476439295,-90.5228336866668.jpg",1,70,270,314,132,384,402
"WSLP_all/005827@30.0817515458642,-90.5229756675355.jpg",1,165,286,345,129,510,415
"WSLP_all/005828@30.0832250771183,-90.5229130927246.jpg",1,41,246,519,162,560,408
"WSLP_all/005829@30.0808457205429,-90.5229577384141.jpg",1,74,258,422,139,496,397
"WSLP_all/005830@30.0829458585026,-90.5227477805607.jpg",2,105,234,486,165,591,399
"WSLP_all/005831@30.0823285131627,-90.5228318501502.jpg",1,168,269,361,139,529,408
"WSLP_all/005832@30.0830896592895,-90.5228256595173.jpg",3,113,246,407,148,520,394
"WSLP_all/005833@30.0813029901419,-90.5227295247593.jpg",1,162,283,342,124,504,407
"WSLP_all/005834@30.0821774680622,-90.5227698402908.jpg",1,126,280,367,133,493,413
"WSLP_all/005835@30.0799798441616,-90.5228541138357.jpg",3,218,258,397,125,615,383
"WSLP_all/005836@30.0814564343803,-90.5228104858662.jpg",1,148,273,363,138,511,411
"WSLP_all/005837@30.0797920514257,-90.5227860806048.jpg",3,217,244,371,157,588,401
"WSLP_all/005838@30.08277668892,-90.5226764320737.jpg",1,71,256,513,150,584,406
"WSLP_all/005839@30.0820292371273,-90.5226825124272.jpg",1,143,277,404,138,547,415
"WSLP_all/005840@30.0810019472022,-90.5225612319743.jpg",1,151,272,396,136,547,408
"WSLP_all/005841@30.0800927615016,-90.5225559814976.jpg",1,107,282,389,131,496,413
"WSLP_all/005842@30.0818765623447,-90.5226015447916.jpg",1,160,268,343,146,503,414
"WSLP_all/005843@30.0803868457829,-90.5226927107306.jpg",1,66,265,409,141,475,406
"WSLP_all/005844@30.0824942462981,-90.5224921759824.jpg",1,148,269,355,155,503,424
"WSLP_all/005845@30.0794082241549,-90.5225172851231.jpg",2,267,254,374,157,641,411
"WSLP_all/005846@30.0811553858296,-90.5226010881216.jpg",1,150,285,381,121,531,406
"WSLP_all/005847@30.0808727980056,-90.5224737501871.jpg",1,231,274,303,128,534,402
"WSLP_all/005848@30.0826318789429,-90.5225953998551.jpg",1,107,261,428,164,535,425
"WSLP_all/005849@30.079938736361,-90.5224655410767.jpg",1,104,283,306,128,410,411
"WSLP_all/005850@30.0817445543372,-90.5225140854452.jpg",2,106,275,420,142,526,417
"WSLP_all/005851@30.0802404678481,-90.5226116931869.jpg",2,76,279,401,129,477,408
"WSLP_all/005852@30.0797818818015,-90.5223846084461.jpg",1,74,280,328,126,402,406
"WSLP_all/005853@30.0807014898968,-90.5223676394376.jpg",1,157,272,385,131,542,403
"WSLP_all/005854@30.0823269694899,-90.5224334605372.jpg",1,71,253,499,161,570,414
"WSLP_all/005855@30.0815996180612,-90.5224393791263.jpg",1,97,282,381,125,478,407
"WSLP_all/005856@30.0821946667636,-90.5223428404606.jpg",3,104,254,420,152,524,406
"WSLP_all/005857@30.0825330140846,-90.5216918905283.jpg",6,225,283,226,98,451,381
"WSLP_all/005858@30.0814314081289,-90.5224122897885.jpg",1,82,278,353,136,435,414
"WSLP_all/005859@30.0811275347497,-90.5221997544029.jpg",1,169,279,303,146,472,425
"WSLP_all/005860@30.0818861234633,-90.5221935798342.jpg",1,94,257,490,155,584,412
"WSLP_all/005861@30.0805529056554,-90.5222676688757.jpg",3,157,246,411,150,568,396
"WSLP_all/005862@30.0812825073972,-90.5222743783371.jpg",1,147,280,370,122,517,402
"WSLP_all/005863@30.0820420510676,-90.5222713584674.jpg",1,173,258,380,160,553,418
"WSLP_all/005864@30.0793371204292,-90.5223218293131.jpg",1,254,254,314,152,568,406
"WSLP_all/005865@30.081746589075,-90.5221030203822.jpg",1,120,249,403,141,523,390
"WSLP_all/005866@30.080254648959,-90.5221278127731.jpg",1,173,268,395,132,568,400
"WSLP_all/005867@30.0810047651969,-90.5221122210395.jpg",3,102,277,405,148,507,425
"WSLP_all/005868@30.0804044542248,-90.5221803449743.jpg",1,135,247,444,143,579,390
"WSLP_all/005869@30.0793062951238,-90.5221386942527.jpg",2,253,253,388,142,641,395
"WSLP_all/005870@30.0801025672462,-90.5220405188947.jpg",1,168,260,440,132,608,392
"WSLP_all/005871@30.0808416576304,-90.5220250162918.jpg",1,163,284,365,122,528,406
"WSLP_all/005872@30.0793002642339,-90.5219363864764.jpg",1,242,272,339,136,581,408
"WSLP_all/005873@30.0815912852606,-90.5220283990623.jpg",1,112,257,464,147,576,404
"WSLP_all/005874@30.0806822724205,-90.5219662383506.jpg",1,161,294,329,123,490,417
"WSLP_all/005875@30.079961118601,-90.5219784334857.jpg",1,195,264,375,133,570,397
"WSLP_all/005876@30.0814505604627,-90.5219410116954.jpg",1,106,258,426,149,532,407
"WSLP_all/005877@30.0798052110528,-90.5218816846796.jpg",2,237,272,404,124,641,396
"WSLP_all/005878@30.0805282773352,-90.5218852826162.jpg",1,149,289,302,122,451,411
"WSLP_all/005879@30.0812914198397,-90.5218506116077.jpg",1,141,247,432,173,573,420
"WSLP_all/005880@30.0792699641164,-90.5217627317597.jpg",2,226,264,415,144,641,408
"WSLP_all/005881@30.0802374489747,-90.5217327197697.jpg",3,112,282,430,132,542,414
"WSLP_all/005882@30.0803987704344,-90.52179780503.jpg",1,78,277,412,131,490,408
"WSLP_all/005883@30.0796584431953,-90.5218133193209.jpg",1,59,261,408,154,467,415
"WSLP_all/005884@30.0811499008258,-90.5217727168761.jpg",1,109,241,415,176,524,417
"WSLP_all/005885@30.0809876523535,-90.5217044768363.jpg",1,36,232,570,184,606,416
"WSLP_all/005886@30.0807050660853,-90.5215328754487.jpg",1,198,233,345,170,543,403
"WSLP_all/005887@30.0808470839283,-90.5216202510557.jpg",1,73,227,470,173,543,400
"WSLP_all/005888@30.0800742166809,-90.5216297080748.jpg",1,133,269,354,141,487,410
"WSLP_all/005889@30.0799395284834,-90.5215359497318.jpg",1,98,269,386,142,484,411
"WSLP_all/005890@30.0796003354302,-90.5214154012133.jpg",2,0,269,404,139,404,408
"WSLP_all/005891@30.0797794835711,-90.5214771784773.jpg",1,104,266,374,140,478,406
"WSLP_all/005892@30.080396007025,-90.5213804608567.jpg",1,141,251,474,154,615,405
"WSLP_all/005893@30.0792385919085,-90.5215669541474.jpg",1,208,265,400,145,608,410
"WSLP_all/005894@30.0805272818517,-90.5214647626697.jpg",1,70,242,534,172,604,414
"WSLP_all/005895@30.0792122083739,-90.5213774586195.jpg",2,231,276,410,141,641,417
"WSLP_all/005896@30.0800866336517,-90.5212217271049.jpg",1,143,247,461,164,604,411
"WSLP_all/005897@30.0802597016734,-90.5212740682973.jpg",1,126,264,417,144,543,408
"WSLP_all/005898@30.0790997182842,-90.5211285913724.jpg",1,134,265,425,151,559,416
"WSLP_all/005899@30.0789550324648,-90.5210412397415.jpg",1,135,264,404,151,539,415
"WSLP_all/005900@30.0799501183655,-90.5211437934245.jpg",3,200,254,418,163,618,417
"WSLP_all/005901@30.0788002970998,-90.5209919120104.jpg",1,153,252,359,156,512,408
"WSLP_all/005902@30.0786271732287,-90.5209617051628.jpg",1,126,263,284,117,410,380
"WSLP_all/005903@30.079796889737,-90.5210533488156.jpg",1,120,256,394,155,514,411
"WSLP_all/005904@30.0796347314198,-90.5209819482982.jpg",1,62,253,501,159,563,412
"WSLP_all/005905@30.0794981964853,-90.520900853626.jpg",1,144,258,401,156,545,414
"WSLP_all/005906@30.0793522381625,-90.520816673141.jpg",1,120,260,362,134,482,394
"WSLP_all/005907@30.0790458464257,-90.5206421093901.jpg",1,111,275,345,122,456,397
"WSLP_all/005908@30.0791977945359,-90.5207388867751.jpg",1,90,270,444,139,534,409
"WSLP_all/005909@30.0784692802122,-90.5207258562258.jpg",1,81,253,341,123,422,376
"WSLP_all/005910@30.0789254004583,-90.5204723536385.jpg",3,185,294,255,90,440,384
"WSLP_all/005911@30.0787224050733,-90.5203918023857.jpg",1,190,290,273,87,463,377
"WSLP_all/005912@30.0784928324069,-90.5204916909269.jpg",1,148,257,249,110,397,367
"WSLP_all/005913@30.0773645837022,-90.5180505200729.jpg",6,212,266,237,116,449,382
"WSLP_all/005915@30.0870520956003,-90.5147427777343.jpg",1,237,305,250,106,487,411
"WSLP_all/005916@30.0869131373675,-90.5147059744201.jpg",1,336,301,275,110,611,411
"WSLP_all/005917@30.0866700904345,-90.5145972989402.jpg",1,145,263,311,129,456,392
"WSLP_all/005918@30.0861962458822,-90.5144304406031.jpg",1,25,272,453,133,478,405
"WSLP_all/005919@30.0865264974149,-90.5146111269605.jpg",1,163,275,266,105,429,380
"WSLP_all/005920@30.0867888072873,-90.5146247821188.jpg",4,222,279,192,96,414,375
"WSLP_all/005921@30.0863959769451,-90.5145426331311.jpg",3,130,282,308,125,438,407
"WSLP_all/005922@30.0871525994054,-90.5143530156451.jpg",2,228,268,230,93,458,361
"WSLP_all/005923@30.0869949867312,-90.5142879075135.jpg",2,348,249,293,132,641,381
"WSLP_all/005924@30.0859471935897,-90.5143154918557.jpg",1,90,277,366,138,456,415
"WSLP_all/005925@30.0857982924173,-90.5142408268638.jpg",1,91,270,371,147,462,417
"WSLP_all/005926@30.0854878228817,-90.5141105738315.jpg",1,96,290,380,126,476,416
"WSLP_all/005927@30.0856435350373,-90.5141883444374.jpg",1,89,293,365,137,454,430
"WSLP_all/005928@30.0865204419701,-90.5140261941557.jpg",1,93,259,488,129,581,388
"WSLP_all/005929@30.086251261506,-90.513933545895.jpg",2,190,260,323,134,513,394
"WSLP_all/005930@30.0860927204887,-90.5138652846049.jpg",1,156,247,392,142,548,389
"WSLP_all/005931@30.0872970553141,-90.51396921552.jpg",1,130,262,348,144,478,406
"WSLP_all/005932@30.0871432088515,-90.513904076929.jpg",1,144,274,329,143,473,417
"WSLP_all/005933@30.0859313407802,-90.5138223431821.jpg",1,163,286,364,117,527,403
"WSLP_all/005934@30.0869838947266,-90.5138042007182.jpg",1,82,265,447,185,529,450
"WSLP_all/005935@30.0868320588387,-90.5137263977825.jpg",1,64,256,469,182,533,438
"WSLP_all/005936@30.0866710520423,-90.5136771290755.jpg",1,73,272,437,147,510,419
"WSLP_all/005937@30.0853476790216,-90.5135868296753.jpg",1,215,276,273,141,488,417
"WSLP_all/005938@30.0865151357529,-90.5136151704265.jpg",1,123,266,395,148,518,414
"WSLP_all/005939@30.0862071327874,-90.5134880591179.jpg",1,101,289,391,151,492,440
"WSLP_all/005940@30.087393594298,-90.5135699990743.jpg",1,162,291,336,135,498,426
"WSLP_all/005941@30.0871172119319,-90.5134426266147.jpg",3,223,274,200,150,423,424
"WSLP_all/005942@30.0863584096594,-90.5135468934925.jpg",3,62,280,463,142,525,422
"WSLP_all/005943@30.0851175399321,-90.5135065095001.jpg",2,121,268,433,135,554,403
"WSLP_all/005944@30.0869480733993,-90.5133902630647.jpg",2,223,271,354,155,577,426
"WSLP_all/005945@30.0848862334664,-90.5133756082581.jpg",1,190,265,274,137,464,402
"WSLP_all/005946@30.0872449365179,-90.5135079793887.jpg",1,119,284,353,134,472,418
"WSLP_all/005947@30.0860403784061,-90.513438838394.jpg",1,98,283,377,134,475,417
"WSLP_all/005948@30.084557454393,-90.5132771297327.jpg",1,258,272,268,134,526,406
"WSLP_all/005949@30.0858930959904,-90.5133989437244.jpg",1,126,285,340,116,466,401
"WSLP_all/005950@30.0857449957834,-90.5133337596439.jpg",1,132,272,314,131,446,403
"WSLP_all/005951@30.0846776008757,-90.5133488669714.jpg",1,221,252,355,152,576,404
"WSLP_all/005952@30.0839375580196,-90.5133391465696.jpg",2,159,258,297,128,456,386
"WSLP_all/005953@30.0854106069048,-90.5131910582724.jpg",1,132,269,292,150,424,419
"WSLP_all/005954@30.08557947933,-90.5132623950296.jpg",1,104,276,408,153,512,429
"WSLP_all/005955@30.0843767475845,-90.5132438349453.jpg",1,267,243,300,160,567,403
"WSLP_all/005956@30.0837449890728,-90.5130656398598.jpg",1,48,266,448,118,496,384
"WSLP_all/005957@30.0835526368217,-90.5131494342095.jpg",1,91,247,274,134,365,381
"WSLP_all/005958@30.0850264841773,-90.5130677393056.jpg",1,52,273,481,123,533,396
"WSLP_all/005959@30.0833806012032,-90.5130117229903.jpg",1,134,280,273,97,407,377
"WSLP_all/005960@30.0833410385064,-90.5128096834779.jpg",1,226,297,245,87,471,384
"WSLP_all/005961@30.0846566267132,-90.5128905488474.jpg",1,76,261,433,170,509,431
"WSLP_all/005962@30.0841546481824,-90.5128251181146.jpg",1,150,266,334,151,484,417
"WSLP_all/005963@30.0852290372608,-90.5126834670266.jpg",3,204,242,275,175,479,417
"WSLP_all/005964@30.0845174079039,-90.5128031592471.jpg",1,30,255,446,173,476,428
"WSLP_all/005965@30.0873715131395,-90.5126247155643.jpg",1,180,269,285,147,465,416
"WSLP_all/005966@30.0766260735741,-90.5155240009158.jpg",6,213,280,206,82,419,362
"WSLP_all/005967@30.0764529333638,-90.5143492534383.jpg",2,0,264,560,126,560,390
"WSLP_all/005968@30.0769052208027,-90.5146269324687.jpg",1,38,274,488,106,526,380
"WSLP_all/005969@30.0763450239776,-90.5148749890634.jpg",1,215,285,242,98,457,383
"WSLP_all/005970@30.0774873851663,-90.5149003866823.jpg",1,13,269,608,132,621,401
"WSLP_all/005971@30.0834718872668,-90.5125113807795.jpg",2,0,280,641,134,641,414
"WSLP_all/005972@30.082741776337,-90.5126217395515.jpg",1,73,298,326,90,399,388
"WSLP_all/005973@30.0830519642571,-90.5127330150069.jpg",1,33,268,466,112,499,380
"WSLP_all/005974@30.0841694268827,-90.5126416014519.jpg",1,140,268,340,162,480,430
"WSLP_all/005975@30.084668320431,-90.5124193137987.jpg",1,168,283,416,125,584,408
"WSLP_all/005976@30.0768850130034,-90.5124929123416.jpg",6,203,269,226,104,429,373
"WSLP_all/005977@30.0823395943075,-90.512473278397.jpg",2,276,285,278,87,554,372
"WSLP_all/005978@30.082506783193,-90.5124244722825.jpg",2,290,288,278,87,568,375
"WSLP_all/005979@30.0842641787436,-90.5122740297596.jpg",2,118,269,523,143,641,412
"WSLP_all/005981@30.0850663661007,-90.5121377777519.jpg",1,118,281,344,136,462,417
"WSLP_all/005982@30.0831977435149,-90.5123681890957.jpg",2,0,263,641,165,641,428
"WSLP_all/005983@30.0847846110248,-90.5120705355849.jpg",1,153,270,390,123,543,393
"WSLP_all/005985@30.0817788959359,-90.5121237634109.jpg",2,0,250,641,153,641,403
"WSLP_all/005986@30.0843799876147,-90.5118525299689.jpg",1,109,280,342,121,451,401
"WSLP_all/005987@30.0821931823012,-90.5119464427799.jpg",2,0,250,561,171,561,421
"WSLP_all/005988@30.0850360274645,-90.5116953453242.jpg",1,213,267,306,139,519,406
"WSLP_all/005989@30.0815223978139,-90.511692695979.jpg",1,10,282,306,128,316,410
"WSLP_all/005990@30.0848813231771,-90.5116207327699.jpg",3,193,273,308,146,501,419
"WSLP_all/005991@30.0811187682639,-90.5115284428888.jpg",3,202,242,243,139,445,381
"WSLP_all/005992@30.0845613756044,-90.511452622267.jpg",1,254,263,360,162,614,425
"WSLP_all/005993@30.0809564117356,-90.5114349253511.jpg",1,256,274,277,112,533,386
"WSLP_all/005994@30.0802958160087,-90.5111969103747.jpg",1,43,227,523,147,566,374
"WSLP_all/005995@30.0791357012761,-90.5106974264677.jpg",2,0,278,508,133,508,411
"WSLP_all/005996@30.0794630423816,-90.5108338450131.jpg",1,50,260,480,114,530,374
"WSLP_all/005997@30.0787037008791,-90.5105081210952.jpg",1,219,273,285,120,504,393
"WSLP_all/005998@30.0783508796242,-90.5103118409032.jpg",1,220,281,237,147,457,428
"WSLP_all/005999@30.0785073468771,-90.5103516521506.jpg",1,129,281,391,136,520,417
"WSLP_all/006000@30.0778834022871,-90.5100912149446.jpg",1,156,277,346,145,502,422
"WSLP_all/006000@30.0778834022871,-90.5100912149446.jpg",1,92,271,438,143,530,414
"WSLP_all/006001@30.0780611809413,-90.5101529821439.jpg",1,74,258,382,168,456,426
"WSLP_all/006002@30.0777191209404,-90.5100419835728.jpg",3,127,263,366,143,493,406
"WSLP_all/006003@30.0774963562049,-90.5099584550134.jpg",1,62,275,487,139,549,414
"WSLP_all/006004@30.0770578330482,-90.5097375933157.jpg",1,0,258,557,165,557,423
"WSLP_all/006005@30.0767182429176,-90.5096170916305.jpg",1,102,256,318,163,420,419
"WSLP_all/006006@30.0765436930964,-90.5095394908224.jpg",1,43,265,418,140,461,405
"WSLP_all/006007@30.0771158300396,-90.5093071137262.jpg",2,1,229,640,200,641,429
"WSLP_all/006008@30.0765548185921,-90.5090935922747.jpg",2,271,261,370,181,641,442
"WSLP_all/006009@30.0767151127425,-90.5087033706684.jpg",1,104,247,466,180,570,427
"WSLP_all/006010@30.0765746817068,-90.5086381360836.jpg",1,43,228,557,216,600,444
"WSLP_all/006011@30.0766569740495,-90.5082675299112.jpg",1,152,265,410,169,562,434
"WSLP_all/006012@30.0874544550711,-90.5151505446531.jpg",1,65,251,405,177,470,428
"WSLP_all/006013@30.0875216263155,-90.5149412942618.jpg",1,62,268,428,157,490,425
"WSLP_all/006014@30.0883660158277,-90.5148742791625.jpg",3,164,248,417,173,581,421
"WSLP_all/006015@30.0882074845837,-90.5148028527411.jpg",1,185,248,344,171,529,419
"WSLP_all/006016@30.088064511154,-90.5147218124223.jpg",1,212,243,313,201,525,444
"WSLP_all/006017@30.087615716349,-90.5145547453331.jpg",2,19,145,622,285,641,430
"WSLP_all/006018@30.0897105603544,-90.51449958627.jpg",1,136,261,359,150,495,411
"WSLP_all/006019@30.088207577542,-90.514344344969.jpg",1,97,232,378,152,475,384
"WSLP_all/006020@30.0888745042176,-90.514155459903.jpg",1,128,254,456,155,584,409
"WSLP_all/006021@30.0884876800546,-90.5140131814004.jpg",1,162,268,339,155,501,423
"WSLP_all/006022@30.0877187863921,-90.5142060680176.jpg",2,0,231,636,206,636,437
"WSLP_all/006023@30.0885238073905,-90.5135923223479.jpg",1,0,244,456,156,456,400
"WSLP_all/006024@30.0887530504514,-90.5136568411601.jpg",1,47,249,421,157,468,406
"WSLP_all/006025@30.0893494462992,-90.5134242596737.jpg",3,188,279,410,134,598,413
"WSLP_all/006026@30.0888034519892,-90.5132010789103.jpg",1,156,263,389,146,545,409
"WSLP_all/006027@30.0881510110202,-90.5129471547995.jpg",1,92,242,540,167,632,409
"WSLP_all/006028@30.0827498586888,-90.5298605804468.jpg",1,255,265,183,101,438,366
"WSLP_all/006029@30.0823879924497,-90.5297275354021.jpg",1,180,236,387,156,567,392
"WSLP_all/006030@30.0825142326019,-90.52982137519.jpg",1,252,261,261,113,513,374
"WSLP_all/006031@30.0822690674166,-90.5296652550055.jpg",1,109,199,438,197,547,396
"WSLP_all/006032@30.0812993716214,-90.5296351325419.jpg",1,109,242,287,151,396,393
"WSLP_all/006033@30.082141136272,-90.529618858005.jpg",3,148,213,376,206,524,419
"WSLP_all/006034@30.0814637255095,-90.5297065316257.jpg",1,119,233,326,166,445,399
"WSLP_all/006035@30.0828377797943,-90.5296005917063.jpg",1,147,263,226,126,373,389
"WSLP_all/006036@30.0819957953167,-90.529585249184.jpg",1,132,209,485,199,617,408
"WSLP_all/006037@30.0807084068485,-90.5293743015567.jpg",1,0,227,527,174,527,401
"WSLP_all/006038@30.0810105246821,-90.5294856918674.jpg",1,47,261,381,140,428,401
"WSLP_all/006039@30.0828158981617,-90.5294395094461.jpg",1,117,224,479,182,596,406
"WSLP_all/006040@30.081557966948,-90.5293421525411.jpg",1,146,249,379,166,525,415
"WSLP_all/006041@30.0824511312026,-90.5292906796197.jpg",2,0,275,470,133,470,408
"WSLP_all/006042@30.0827853521028,-90.5292690113592.jpg",1,144,218,418,176,562,394
"WSLP_all/006043@30.081293088715,-90.5292272996809.jpg",1,52,212,433,179,485,391
"WSLP_all/006044@30.0814141834518,-90.5292800747283.jpg",1,99,231,388,162,487,393
"WSLP_all/006045@30.0811221198477,-90.5291938985153.jpg",1,90,271,279,118,369,389
"WSLP_all/006046@30.080384876624,-90.5291966856471.jpg",3,141,268,389,145,530,413
"WSLP_all/006047@30.0807105019107,-90.5291814106222.jpg",1,0,206,636,215,636,421
"WSLP_all/006048@30.0824371139757,-90.529129533546.jpg",1,96,264,345,154,441,418
"WSLP_all/006049@30.0827899967191,-90.5291108760766.jpg",3,142,209,400,216,542,425
"WSLP_all/006050@30.0824415460728,-90.5289682396365.jpg",1,104,256,324,168,428,424
"WSLP_all/006051@30.0807154207169,-90.5289916577182.jpg",1,81,206,549,209,630,415
"WSLP_all/006052@30.0810199452608,-90.5289702285279.jpg",1,181,258,240,129,421,387
"WSLP_all/006053@30.0803958307436,-90.5289910753549.jpg",3,112,258,386,151,498,409
"WSLP_all/006054@30.0827995467619,-90.5289590260907.jpg",1,213,241,328,196,541,437
"WSLP_all/006055@30.0814404893527,-90.5288593297284.jpg",1,107,256,418,150,525,406
"WSLP_all/006056@30.0821090189744,-90.528834961382.jpg",5,264,241,168,186,432,427
"WSLP_all/006057@30.0810669733519,-90.5288180786618.jpg",1,105,256,318,130,423,386
"WSLP_all/006058@30.082438710753,-90.5288101663074.jpg",1,127,254,326,158,453,412
"WSLP_all/006059@30.0804026937401,-90.5288044702397.jpg",1,111,265,404,167,515,432
"WSLP_all/006060@30.0807136223358,-90.5288051219293.jpg",1,139,204,490,200,629,404
"WSLP_all/006061@30.0827921224582,-90.5287788556939.jpg",1,161,222,448,177,609,399
"WSLP_all/006062@30.0814424658781,-90.5287012191371.jpg",1,216,223,282,176,498,399
"WSLP_all/006063@30.0821235834468,-90.528657776601.jpg",2,233,184,408,243,641,427
"WSLP_all/006064@30.0824526572519,-90.5286487955504.jpg",1,122,258,294,157,416,415
"WSLP_all/006065@30.0810615532407,-90.5286600283871.jpg",1,122,217,291,182,413,399
"WSLP_all/006066@30.0804052117937,-90.5286178991448.jpg",1,60,268,452,151,512,419
"WSLP_all/006067@30.0807217112314,-90.5286121815278.jpg",1,43,196,598,211,641,407
"WSLP_all/006068@30.0814426626149,-90.5283913510207.jpg",1,158,221,322,183,480,404
"WSLP_all/006069@30.082131257021,-90.5284869702128.jpg",1,247,232,394,169,641,401
"WSLP_all/006070@30.082447850014,-90.5284875751738.jpg",1,141,268,322,150,463,418
"WSLP_all/006071@30.0817710983814,-90.5284803933049.jpg",1,89,270,300,136,389,406
"WSLP_all/006072@30.0827957313625,-90.5284468222733.jpg",1,180,233,428,171,608,404
"WSLP_all/006073@30.0807389391978,-90.5284254920543.jpg",1,132,229,509,167,641,396
"WSLP_all/006074@30.0817572163902,-90.5283192483817.jpg",1,34,251,342,158,376,409
"WSLP_all/006075@30.0807248928116,-90.5282327314348.jpg",5,122,249,519,164,641,413
"WSLP_all/006076@30.0810789494365,-90.5281856046948.jpg",1,144,241,336,168,480,409
"WSLP_all/006077@30.0821108091553,-90.5281646201312.jpg",1,243,238,292,171,535,409
"WSLP_all/006078@30.0817641393349,-90.5281516115972.jpg",1,55,227,345,190,400,417
"WSLP_all/006079@30.0821354264238,-90.5280126482815.jpg",3,238,253,328,145,566,398
"WSLP_all/006080@30.0828103468733,-90.5281115379495.jpg",1,187,227,407,172,594,399
"WSLP_all/006081@30.0824542304038,-90.5280195577181.jpg",1,121,254,326,164,447,418
"WSLP_all/006082@30.0807249432448,-90.528043017786.jpg",1,101,224,540,193,641,417
"WSLP_all/006083@30.0817591479743,-90.5279872319385.jpg",3,147,224,244,173,391,397
"WSLP_all/006084@30.0821295844356,-90.527857761673.jpg",1,266,241,283,182,549,423
"WSLP_all/006085@30.082828872781,-90.5279438056019.jpg",1,175,190,407,227,582,417
"WSLP_all/006086@30.081073964147,-90.5278694558194.jpg",1,173,261,302,150,475,411
"WSLP_all/006087@30.0824614224355,-90.527864565263.jpg",1,92,263,321,146,413,409
"WSLP_all/006088@30.0731025027663,-90.5519148614138.jpg",1,139,266,403,128,542,394
"WSLP_all/006089@30.0736588876298,-90.5519674085141.jpg",3,147,241,296,141,443,382
"WSLP_all/006090@30.0761410442065,-90.5491276877571.jpg",6,177,228,293,145,470,373
"WSLP_all/006091@30.0765136683858,-90.5465068357634.jpg",2,67,256,574,174,641,430
"WSLP_all/006092@30.0760988035523,-90.5464753322691.jpg",1,243,276,398,185,641,461
"WSLP_all/006093@30.0751134015211,-90.5464989208496.jpg",2,128,256,513,153,641,409
"WSLP_all/006094@30.0759275604217,-90.546473522598.jpg",1,171,253,452,169,623,422
"WSLP_all/006095@30.0762600950423,-90.5464867056939.jpg",2,216,258,425,157,641,415
"WSLP_all/006096@30.0757413212268,-90.5464655079173.jpg",1,194,254,447,156,641,410
"WSLP_all/006097@30.0747239928687,-90.5464292767282.jpg",1,123,221,518,213,641,434
"WSLP_all/006098@30.0755524053292,-90.5464606761032.jpg",1,235,246,406,171,641,417
"WSLP_all/006099@30.0745425089689,-90.5464117396681.jpg",2,121,248,520,194,641,442
"WSLP_all/006100@30.0762668547549,-90.5460945973676.jpg",3,0,273,400,179,400,452
"WSLP_all/006101@30.0761080986477,-90.5461116600297.jpg",2,0,226,539,218,539,444
"WSLP_all/006102@30.07648997359,-90.5460801879503.jpg",2,0,232,551,193,551,425
"WSLP_all/006103@30.0757681188781,-90.5460858901783.jpg",1,55,261,354,183,409,444
"WSLP_all/006104@30.0759102510906,-90.546084767424.jpg",1,8,242,429,174,437,416
"WSLP_all/006105@30.07455403036,-90.5460480555135.jpg",1,38,273,392,135,430,408
"WSLP_all/006106@30.0752385292073,-90.5460679417246.jpg",1,79,261,352,173,431,434
"WSLP_all/006107@30.076520965464,-90.5457353131656.jpg",2,0,218,314,191,314,409
"WSLP_all/006108@30.0763855678389,-90.5457268980155.jpg",2,337,226,304,179,641,405
"WSLP_all/006109@30.0759700105618,-90.5457175352903.jpg",2,297,195,344,221,641,416
"WSLP_all/006110@30.0761101544169,-90.5457195894427.jpg",1,293,231,340,170,633,401
"WSLP_all/006111@30.0758232461152,-90.5457028866219.jpg",1,243,246,398,148,641,394
"WSLP_all/006112@30.0756571023128,-90.5456662592167.jpg",2,234,241,407,179,641,420
"WSLP_all/006113@30.0745158923983,-90.5456436620323.jpg",3,278,241,363,169,641,410
"WSLP_all/006114@30.0746684633252,-90.5456361328079.jpg",2,256,243,385,154,641,397
"WSLP_all/006115@30.0762468340718,-90.5457216709786.jpg",2,314,233,327,185,641,418
"WSLP_all/006116@30.0766695009472,-90.5453104663966.jpg",1,309,248,330,161,639,409
"WSLP_all/006117@30.0758331397625,-90.5452696529118.jpg",1,0,268,379,151,379,419
"WSLP_all/006118@30.0756678461172,-90.5452741216838.jpg",3,37,266,381,137,418,403
"WSLP_all/006119@30.0753280690709,-90.5452546765899.jpg",3,0,253,346,149,346,402
"WSLP_all/006120@30.0750053719184,-90.5452540666756.jpg",2,0,238,406,175,406,413
"WSLP_all/006121@30.0746758150815,-90.5452377026345.jpg",1,0,256,445,147,445,403
"WSLP_all/006122@30.074523176683,-90.5452294246531.jpg",1,7,261,339,157,346,418
"WSLP_all/006123@30.0745119286433,-90.5450682684465.jpg",2,0,266,323,158,323,424
"WSLP_all/006124@30.0765375254651,-90.5452672446406.jpg",2,332,233,309,169,641,402
"WSLP_all/006125@30.076399754261,-90.5452620106238.jpg",2,0,232,319,170,319,402
"WSLP_all/006126@30.076259939685,-90.5452599545051.jpg",2,0,264,324,125,324,389
"WSLP_all/006127@30.0761216001626,-90.5452515632863.jpg",2,348,248,293,146,641,394
"WSLP_all/006128@30.0759863233165,-90.5452494713045.jpg",1,10,243,346,161,356,404
"WSLP_all/006129@30.0765081756161,-90.5443790286945.jpg",1,242,258,399,142,641,400
"WSLP_all/006130@30.0759739181852,-90.5443484792645.jpg",2,259,261,382,167,641,428
"WSLP_all/006131@30.0746391586814,-90.5443369144357.jpg",1,318,270,254,139,572,409
"WSLP_all/006132@30.0751099963828,-90.5443110550619.jpg",2,127,236,514,251,641,487
"WSLP_all/006133@30.0762672076002,-90.5443240252637.jpg",2,275,258,366,192,641,450
"WSLP_all/006134@30.0754542201353,-90.543906792885.jpg",3,0,243,518,180,518,423
"WSLP_all/006135@30.076482216715,-90.5431493171598.jpg",6,219,259,234,128,453,387
"WSLP_all/006136@30.0735973033271,-90.5442597971832.jpg",1,297,285,344,107,641,392
"WSLP_all/006137@30.0725332625668,-90.5046468347967.jpg",6,192,266,260,87,452,353
"WSLP_all/006138@30.0769026152494,-90.6270776545226.jpg",6,161,285,299,86,460,371
"WSLP_all/006139@30.0840032378589,-90.5121623485589.jpg",1,163,263,381,155,544,418
"WSLP_all/006140@30.0837647321617,-90.5119840806409.jpg",1,0,247,594,154,594,401
"WSLP_all/006141@30.0832311611163,-90.511839866648.jpg",3,147,261,365,151,512,412
"WSLP_all/006142@30.0835450504321,-90.5119669195261.jpg",1,121,246,423,154,544,400
"WSLP_all/006143@30.083073620933,-90.5117779263922.jpg",1,156,231,383,178,539,409
"WSLP_all/006144@30.0833948798298,-90.5119049181276.jpg",1,119,263,428,131,547,394
"WSLP_all/006145@30.0840029955792,-90.5116912149075.jpg",1,47,256,389,166,436,422
"WSLP_all/006146@30.0827456371497,-90.5116351812373.jpg",5,435,296,200,119,635,415
"WSLP_all/006147@30.082913567639,-90.5117096831667.jpg",3,184,254,368,167,552,421
"WSLP_all/006148@30.0825286958589,-90.5115547598586.jpg",3,132,270,509,156,641,426
"WSLP_all/006149@30.0841196310906,-90.5117376829404.jpg",1,167,268,397,160,564,428
"WSLP_all/006150@30.0835136459295,-90.5115213417654.jpg",1,106,261,466,158,572,419
"WSLP_all/006151@30.0838291502227,-90.5116515426581.jpg",1,127,251,395,179,522,430
"WSLP_all/006152@30.0836906024047,-90.511570473909.jpg",1,132,256,372,167,504,423
"WSLP_all/006153@30.0842532499516,-90.5113855998865.jpg",1,114,253,416,158,530,411
"WSLP_all/006154@30.0833635581063,-90.5114593393361.jpg",1,62,243,482,186,544,429
"WSLP_all/006155@30.0830552424402,-90.5113354042559.jpg",1,111,256,436,191,547,447
"WSLP_all/006156@30.0828270655919,-90.5112613998459.jpg",1,131,247,404,175,535,422
"WSLP_all/006157@30.0832252770223,-90.5113592973156.jpg",1,116,244,439,174,555,418
"WSLP_all/006158@30.0821145076592,-90.5113905927558.jpg",2,129,258,512,159,641,417
"WSLP_all/006159@30.0836681953455,-90.5110995246032.jpg",1,164,256,435,161,599,417
"WSLP_all/006160@30.0834914349153,-90.5110377438431.jpg",1,104,263,404,156,508,419
"WSLP_all/006161@30.0833478753633,-90.510982012194.jpg",1,127,216,380,202,507,418
"WSLP_all/006162@30.0825875907064,-90.5111305741996.jpg",3,60,247,530,171,590,418
"WSLP_all/006163@30.0824507631319,-90.5110431691309.jpg",1,100,247,403,176,503,423
"WSLP_all/006164@30.0822646820248,-90.5110257330525.jpg",1,52,256,452,152,504,408
"WSLP_all/006165@30.0821238523999,-90.5109668176607.jpg",1,31,229,588,250,619,479
"WSLP_all/006166@30.0827161860553,-90.5107184604001.jpg",3,149,276,343,128,492,404
"WSLP_all/006167@30.0818109588701,-90.5108144662539.jpg",1,91,251,362,186,453,437
"WSLP_all/006168@30.082861895324,-90.5108057919482.jpg",1,117,241,397,179,514,420
"WSLP_all/006169@30.082549401336,-90.5106249792366.jpg",3,119,218,433,196,552,414
"WSLP_all/006170@30.082286893243,-90.5105575841267.jpg",1,52,238,589,180,641,418
"WSLP_all/006171@30.0819470723169,-90.5104086169908.jpg",1,129,261,393,148,522,409
"WSLP_all/006172@30.0817737435115,-90.5103373244595.jpg",1,95,246,390,167,485,413
"WSLP_all/006173@30.0814525617809,-90.5102008535028.jpg",3,0,211,577,221,577,432
"WSLP_all/006174@30.0816072401289,-90.5102975948184.jpg",1,99,254,490,160,589,414
"WSLP_all/006175@30.0812776317216,-90.510154870042.jpg",3,82,236,453,182,535,418
"WSLP_all/006176@30.0811062330452,-90.5100930481418.jpg",3,65,242,551,186,616,428
"WSLP_all/006177@30.080943593313,-90.5100248303301.jpg",1,121,251,421,173,542,424
"WSLP_all/006178@30.0805773434415,-90.5097875530672.jpg",1,212,239,333,154,545,393
"WSLP_all/006179@30.0807085523719,-90.5099129436811.jpg",1,107,246,361,161,468,407
"WSLP_all/006180@30.0802460644111,-90.5097207298598.jpg",1,128,261,493,184,621,445
"WSLP_all/006181@30.080404481272,-90.5097953053238.jpg",1,166,258,404,162,570,420
"WSLP_all/006182@30.0800353496573,-90.5095896735611.jpg",1,129,238,484,162,613,400
"WSLP_all/006183@30.0778462052892,-90.5096393863097.jpg",1,156,261,414,143,570,404
"WSLP_all/006184@30.077705708491,-90.509589959103.jpg",1,152,239,445,174,597,413
"WSLP_all/006185@30.0772278038962,-90.5027644868195.jpg",4,0,263,289,126,289,389
"WSLP_all/006186@30.0797926497756,-90.5095284428151.jpg",1,144,248,385,177,529,425
"WSLP_all/006187@30.0796385971782,-90.5094569929531.jpg",1,176,243,465,177,641,420
"WSLP_all/006188@30.0794856571596,-90.5093349457994.jpg",1,143,265,323,155,466,420
"WSLP_all/006189@30.0771602282559,-90.5023002699536.jpg",1,20,246,425,165,445,411
"WSLP_all/006190@30.0773276145223,-90.5023051976788.jpg",1,70,263,373,147,443,410
"WSLP_all/006191@30.0774737051356,-90.5023735384399.jpg",2,0,264,431,144,431,408
"WSLP_all/006192@30.077003472882,-90.5022415037246.jpg",1,51,251,402,148,453,399
"WSLP_all/006193@30.0791746437262,-90.5092900900202.jpg",1,137,270,331,141,468,411
"WSLP_all/006194@30.0768321572558,-90.5021891815786.jpg",1,21,244,435,145,456,389
"WSLP_all/006195@30.076676835816,-90.5021177567706.jpg",1,95,239,345,141,440,380
"WSLP_all/006196@30.077958113424,-90.5092463988644.jpg",1,199,222,378,186,577,408
"WSLP_all/006197@30.0778059057697,-90.5091622894071.jpg",1,192,253,311,219,503,472
"WSLP_all/006198@30.0781430388763,-90.5092417078832.jpg",1,0,280,589,196,589,476
"WSLP_all/006199@30.0788961275161,-90.5091343022399.jpg",1,147,271,343,146,490,417
"WSLP_all/006200@30.0787327572647,-90.5090724171646.jpg",1,114,299,319,131,433,430
"WSLP_all/006201@30.0784124208826,-90.5089043284014.jpg",1,0,281,433,120,433,401
"WSLP_all/006202@30.0776794560981,-90.5091032613828.jpg",1,148,266,355,155,503,421
"WSLP_all/006203@30.0785552618998,-90.5090296199593.jpg",1,107,251,334,163,441,414
"WSLP_all/006204@30.0770378380656,-90.5088840821525.jpg",1,72,261,505,181,577,442
"WSLP_all/006205@30.0775200143162,-90.5090539917087.jpg",1,170,259,375,170,545,429
"WSLP_all/006206@30.0782202823815,-90.508890108926.jpg",1,114,271,295,142,409,413
"WSLP_all/006207@30.0773356828773,-90.5089954427699.jpg",1,46,268,407,128,453,396
"WSLP_all/006208@30.0768850248245,-90.5087999790335.jpg",1,90,266,467,142,557,408
"WSLP_all/006209@30.0779488098057,-90.5087658833276.jpg",1,200,266,315,156,515,422
"WSLP_all/006210@30.0772190883276,-90.5089205238607.jpg",1,129,266,327,156,456,422
"WSLP_all/006211@30.0780989153945,-90.508821553578.jpg",3,214,299,242,119,456,418
"WSLP_all/006212@30.077776502832,-90.5087040733908.jpg",1,175,280,216,148,391,428
"WSLP_all/006213@30.0776033674377,-90.5086549176223.jpg",4,195,290,236,137,431,427
"WSLP_all/006214@30.0774913008404,-90.5085609918455.jpg",1,183,274,352,137,535,411
"WSLP_all/006215@30.0771638940606,-90.5084277447113.jpg",1,84,276,357,144,441,420
"WSLP_all/006216@30.077327764287,-90.5084991099561.jpg",3,149,283,364,140,513,423
"WSLP_all/006217@30.0768773189086,-90.508328940728.jpg",1,215,278,356,144,571,422
"WSLP_all/006218@30.0926813553104,-90.5019494625692.jpg",3,158,221,445,168,603,389
"WSLP_all/006219@30.0920537287723,-90.5016700981261.jpg",1,223,202,393,196,616,398
"WSLP_all/006220@30.092258825353,-90.5017506045707.jpg",1,207,190,401,225,608,415
"WSLP_all/006221@30.0914598272989,-90.5014536989017.jpg",2,178,173,463,225,641,398
"WSLP_all/006222@30.0918566038001,-90.5016021743858.jpg",2,206,181,435,249,641,430
"WSLP_all/006223@30.0925054002184,-90.5013058308249.jpg",1,136,222,341,172,477,394
"WSLP_all/006224@30.0927059424693,-90.5013705636344.jpg",2,0,191,366,227,366,418
"WSLP_all/006225@30.0908775206071,-90.5012403686641.jpg",4,167,246,184,138,351,384
"WSLP_all/006226@30.0900604588163,-90.501196596855.jpg",1,2,156,613,227,615,383
"WSLP_all/006227@30.0896590144558,-90.5010797862343.jpg",1,106,233,340,167,446,400
"WSLP_all/006228@30.0920880455714,-90.5011733396291.jpg",1,75,218,318,192,393,410
"WSLP_all/006229@30.0906697565069,-90.5011946707607.jpg",1,76,176,454,219,530,395
"WSLP_all/006230@30.097431337424,-90.5008852068695.jpg",3,222,226,415,155,637,381
"WSLP_all/006231@30.0904512785226,-90.501168035629.jpg",3,71,243,526,189,597,432
"WSLP_all/006232@30.0916790076702,-90.5009775345767.jpg",4,190,266,159,107,349,373
"WSLP_all/006233@30.0887163143987,-90.5008536621883.jpg",1,156,246,287,138,443,384
"WSLP_all/006234@30.0914669933234,-90.5009034124123.jpg",1,77,200,371,226,448,426
"WSLP_all/006235@30.0904499977962,-90.5006431227395.jpg",1,156,195,388,210,544,405
"WSLP_all/006236@30.077608350367,-90.5545828464832.jpg",4,207,218,256,148,463,366
"WSLP_all/006237@30.0890910173899,-90.5005026952385.jpg",1,43,228,598,185,641,413
"WSLP_all/006239@30.0928172925258,-90.5001837846514.jpg",1,80,243,528,173,608,416
"WSLP_all/006240@30.093175287039,-90.5003958257031.jpg",1,221,233,411,206,632,439
"WSLP_all/006241@30.0790152594442,-90.55148275676.jpg",1,69,241,572,181,641,422
"WSLP_all/006242@30.0778562901778,-90.5514096431609.jpg",5,0,275,362,236,362,511
"WSLP_all/006243@30.0926440316125,-90.5000935279949.jpg",1,67,214,447,191,514,405
"WSLP_all/006244@30.0786590486111,-90.5514602569873.jpg",2,0,254,522,140,522,394
"WSLP_all/006245@30.0800410113174,-90.5510763168437.jpg",5,196,226,250,163,446,389
"WSLP_all/006246@30.0934101448047,-90.4999859275347.jpg",1,96,251,536,147,632,398
"WSLP_all/006247@30.0778217839839,-90.551030501074.jpg",2,134,244,507,212,641,456
"WSLP_all/006248@30.0787493144228,-90.5510738088301.jpg",1,0,248,463,168,463,416
"WSLP_all/006249@30.0946813985936,-90.4997254721661.jpg",2,227,163,414,227,641,390
"WSLP_all/006250@30.0791544225958,-90.5510832761666.jpg",1,0,204,545,241,545,445
"WSLP_all/006251@30.0932072267004,-90.4998674583015.jpg",1,79,227,450,182,529,409
"WSLP_all/006252@30.0920863912584,-90.4997629930583.jpg",1,75,194,457,188,532,382
"WSLP_all/006253@30.0799334221474,-90.5504163346101.jpg",6,221,264,240,106,461,370
"WSLP_all/006254@30.0922565124292,-90.4998785728325.jpg",1,124,236,431,159,555,395
"WSLP_all/006255@30.0953715937606,-90.4995710678313.jpg",3,81,256,272,144,353,400
"WSLP_all/006256@30.0928339078639,-90.4996934944064.jpg",3,52,226,589,181,641,407
"WSLP_all/006257@30.0958463612405,-90.4995417962169.jpg",1,232,209,373,188,605,397
"WSLP_all/006258@30.0915149056079,-90.499461037646.jpg",3,91,254,476,122,567,376
"WSLP_all/006259@30.0918890372896,-90.4996634526767.jpg",1,57,238,515,164,572,402
"WSLP_all/006260@30.0935784933058,-90.4996777780563.jpg",1,85,256,373,156,458,412
"WSLP_all/006261@30.0926595440301,-90.4995463272335.jpg",1,67,256,468,148,535,404
"WSLP_all/006262@30.0932405700373,-90.4994307847084.jpg",1,43,227,598,177,641,404
"WSLP_all/006263@30.0947803558889,-90.4993546515923.jpg",3,149,208,366,165,515,373
"WSLP_all/006264@30.098974703968,-90.4993922802736.jpg",1,35,175,606,243,641,418
"WSLP_all/006265@30.0903025212864,-90.4993383718835.jpg",5,160,275,268,95,428,370
"WSLP_all/006266@30.0911325375284,-90.4992998027912.jpg",1,116,258,482,153,598,411
"WSLP_all/006267@30.0921156287604,-90.4992599517237.jpg",1,153,256,394,165,547,421
"WSLP_all/006268@30.0930522753733,-90.4993374925376.jpg",1,122,238,410,167,532,405
"WSLP_all/006269@30.075218045921,-90.5567388321423.jpg",2,182,184,459,244,641,428
"WSLP_all/006270@30.093816327713,-90.4992520401455.jpg",1,116,233,411,180,527,413
"WSLP_all/006271@30.0907155202317,-90.4992906444996.jpg",3,137,265,388,145,525,410
"WSLP_all/006272@30.0919123677801,-90.4991699484496.jpg",1,75,256,536,152,611,408
"WSLP_all/006273@30.0926831573562,-90.4991192241514.jpg",2,104,253,537,138,641,391
"WSLP_all/006274@30.0747933216152,-90.5565176616902.jpg",1,25,253,358,147,383,400
"WSLP_all/006275@30.0898610516266,-90.4991586612201.jpg",1,209,263,428,132,637,395
"WSLP_all/006276@30.0958960903536,-90.4990006159611.jpg",1,19,253,481,169,500,422
"WSLP_all/006277@30.093538099654,-90.4991089041556.jpg",1,48,242,459,168,507,410
"WSLP_all/006278@30.0767317594527,-90.5561294659237.jpg",2,221,239,420,128,641,367
"WSLP_all/006279@30.0748010911372,-90.5562962837578.jpg",1,0,251,349,145,349,396
"WSLP_all/006280@30.0944654735926,-90.4988987508682.jpg",1,15,242,510,148,525,390
"WSLP_all/006281@30.0761308513983,-90.5560898881008.jpg",2,306,232,335,155,641,387
"WSLP_all/006282@30.0915422718457,-90.4989580147675.jpg",1,81,188,548,225,629,413
"WSLP_all/006283@30.0754564333901,-90.5560540457814.jpg",1,186,190,436,196,622,386
"WSLP_all/006284@30.0759162865849,-90.5560536209417.jpg",2,218,190,423,196,641,386
"WSLP_all/006285@30.0930981345785,-90.4988627673982.jpg",1,7,276,468,132,475,408
"WSLP_all/006286@30.0756916155025,-90.5560427264049.jpg",2,291,216,350,164,641,380
"WSLP_all/006287@30.0935896756796,-90.498902922847.jpg",1,76,293,318,96,394,389
"WSLP_all/006288@30.094851310811,-90.4989650908102.jpg",3,170,197,308,177,478,374
"WSLP_all/006289@30.0904881323327,-90.4988340298272.jpg",3,0,247,520,166,520,413
"WSLP_all/006290@30.0729755234172,-90.5556339285995.jpg",2,0,261,433,193,433,454
"WSLP_all/006291@30.090689222816,-90.4988070482026.jpg",1,0,227,494,207,494,434
"WSLP_all/006292@30.0725139639947,-90.5556248838625.jpg",5,133,295,318,111,451,406
"WSLP_all/006293@30.0911162032746,-90.498800309999.jpg",3,0,241,249,214,249,455
"WSLP_all/006295@30.0939832759629,-90.4987794594235.jpg",3,203,259,422,135,625,394
"WSLP_all/006296@30.0921372350131,-90.4988202187545.jpg",3,104,205,490,221,594,426
"WSLP_all/006297@30.0750093661984,-90.5548434440287.jpg",6,190,254,267,141,457,395
"WSLP_all/006298@30.0757881339469,-90.5546128783695.jpg",1,100,236,477,180,577,416
"WSLP_all/006299@30.0763147081112,-90.5545676613799.jpg",2,151,211,490,205,641,416
"WSLP_all/006300@30.0931395650562,-90.4986442238136.jpg",1,223,237,418,156,641,393
"WSLP_all/006301@30.0760437228557,-90.5545602937815.jpg",1,121,236,520,179,641,415
"WSLP_all/006302@30.0753380502047,-90.5545215443908.jpg",1,65,283,477,126,542,409
"WSLP_all/006303@30.0739411542905,-90.5544976823734.jpg",2,0,273,603,136,603,409
"WSLP_all/006304@30.0917557924385,-90.4985925708487.jpg",1,151,249,465,166,616,415
"WSLP_all/006305@30.0736388203404,-90.5544715902838.jpg",1,91,258,503,161,594,419
"WSLP_all/006306@30.0928586698339,-90.498722471098.jpg",1,9,236,488,196,497,432
"WSLP_all/006307@30.0733680124391,-90.5544895148105.jpg",1,100,258,541,155,641,413
"WSLP_all/006308@30.0765497726574,-90.554568986246.jpg",2,228,253,413,194,641,447
"WSLP_all/006309@30.0926808259918,-90.4986164440513.jpg",3,0,219,550,189,550,408
"WSLP_all/006310@30.0731569464392,-90.5544310933793.jpg",1,85,270,466,152,551,422
"WSLP_all/006311@30.0728942382614,-90.5544331465451.jpg",1,15,261,564,156,579,417
"WSLP_all/006312@30.0924355765453,-90.4984920086332.jpg",3,0,193,500,216,500,409
"WSLP_all/006313@30.0750995203721,-90.5545107616727.jpg",1,67,278,484,143,551,421
"WSLP_all/006314@30.0915707449528,-90.4984866055607.jpg",2,182,247,459,181,641,428
"WSLP_all/006315@30.0723967777558,-90.5544307111594.jpg",1,57,275,556,143,613,418
"WSLP_all/006316@30.0958906750313,-90.4984061360913.jpg",3,114,165,484,239,598,404
"WSLP_all/006317@30.0748565949618,-90.5545379535032.jpg",1,168,233,369,190,537,423
"WSLP_all/006318@30.0945519808231,-90.4983730811464.jpg",1,75,182,462,235,537,417
"WSLP_all/006319@30.0720868633183,-90.5544015173315.jpg",2,0,268,598,174,598,442
"WSLP_all/006320@30.0745940644174,-90.5544862566358.jpg",1,102,280,416,138,518,418
"WSLP_all/006321@30.0726069767876,-90.5544448764144.jpg",2,200,261,435,152,635,413
"WSLP_all/006322@30.0897715020449,-90.498387841052.jpg",1,27,208,456,172,483,380
"WSLP_all/006323@30.0940370195661,-90.4985165385281.jpg",2,132,251,509,177,641,428
"WSLP_all/006324@30.0757546191832,-90.5541673395074.jpg",2,0,254,532,238,532,492
"WSLP_all/006325@30.0754520900774,-90.5541222792842.jpg",2,0,258,589,255,589,513
"WSLP_all/006326@30.0763452266549,-90.5541342664213.jpg",2,0,228,436,209,436,437
"WSLP_all/006327@30.0902037434424,-90.4983304622042.jpg",1,42,246,493,158,535,404
"WSLP_all/006328@30.0751429329519,-90.5541468282961.jpg",2,5,223,636,267,641,490
"WSLP_all/006329@30.0766106295088,-90.5541416765301.jpg",2,0,216,453,240,453,456
"WSLP_all/006330@30.0913681677128,-90.4983744620893.jpg",3,127,243,509,168,636,411
"WSLP_all/006331@30.0747974105836,-90.5541273979854.jpg",1,0,234,556,265,556,499
"WSLP_all/006332@30.0739698056892,-90.5540927661328.jpg",2,0,261,641,165,641,426
"WSLP_all/006333@30.0736682981833,-90.554076153725.jpg",3,0,227,630,233,630,460
"WSLP_all/006334@30.073277580044,-90.5540634005974.jpg",2,0,251,562,200,562,451
"WSLP_all/006335@30.0921418776205,-90.4981814067193.jpg",1,74,231,524,196,598,427
"WSLP_all/006336@30.072311814506,-90.5540551439555.jpg",2,0,243,641,216,641,459
"WSLP_all/006337@30.0925379200653,-90.4980832197696.jpg",1,57,246,505,168,562,414
"WSLP_all/006338@30.0927459017679,-90.4980719895927.jpg",1,14,233,461,194,475,427
"WSLP_all/006339@30.0941012739372,-90.4980290048853.jpg",1,96,241,459,169,555,410
"WSLP_all/006340@30.0931639325158,-90.4980589985799.jpg",1,90,238,503,184,593,422
"WSLP_all/006341@30.0752819818857,-90.5439271273816.jpg",4,282,265,240,225,522,490
"WSLP_all/006342@30.074734094253,-90.5526292558791.jpg",1,248,232,355,165,603,397
"WSLP_all/006343@30.093591102616,-90.4980301194219.jpg",3,47,238,513,194,560,432
"WSLP_all/006344@30.0727968286711,-90.5525685515997.jpg",3,203,236,374,163,577,399
"WSLP_all/006345@30.090615349358,-90.4980803622128.jpg",1,86,261,453,138,539,399
"WSLP_all/006346@30.0755530696264,-90.5526228402899.jpg",1,147,238,423,176,570,414
"WSLP_all/006347@30.0933790609069,-90.4979907873757.jpg",1,20,209,557,204,577,413
"WSLP_all/006348@30.075301285479,-90.5526121659238.jpg",1,170,251,439,153,609,404
"WSLP_all/006349@30.0749952660054,-90.5525861080682.jpg",1,124,216,492,190,616,406
"WSLP_all/006350@30.0910200374573,-90.4979188587948.jpg",3,31,249,441,169,472,418
"WSLP_all/006351@30.091425798832,-90.4978269148439.jpg",1,36,253,444,126,480,379
"WSLP_all/006352@30.0735608970347,-90.5525309494095.jpg",1,1,236,640,188,641,424
"WSLP_all/006353@30.0916247265567,-90.4977841379566.jpg",3,40,234,464,160,504,394
"WSLP_all/006354@30.091830795721,-90.4977444632398.jpg",1,41,253,489,150,530,403
"WSLP_all/006355@30.0920387891075,-90.4977047722218.jpg",1,65,244,472,166,537,410
"WSLP_all/006356@30.0730798200182,-90.5524904556715.jpg",1,48,243,593,164,641,407
"WSLP_all/006357@30.0922386583871,-90.497658824689.jpg",1,107,256,402,162,509,418
"WSLP_all/006358@30.0924474333178,-90.4976381002629.jpg",1,67,213,482,198,549,411
"WSLP_all/006359@30.0759905112652,-90.5521166997098.jpg",1,104,217,366,202,470,419
"WSLP_all/006360@30.0757426792916,-90.5520490848609.jpg",3,26,256,427,159,453,415
"WSLP_all/006361@30.0754326731896,-90.552023058835.jpg",2,0,242,525,165,525,407
"WSLP_all/006362@30.0747106130654,-90.5520034261681.jpg",3,224,299,264,122,488,421
"WSLP_all/006363@30.0951520347373,-90.4914425268842.jpg",2,81,194,560,222,641,416
"WSLP_all/006364@30.0955621639065,-90.4913505157977.jpg",2,228,212,413,222,641,434
"WSLP_all/006365@30.0957451754767,-90.4913046963353.jpg",4,226,195,254,220,480,415
"WSLP_all/006366@30.0959574026326,-90.4912523050744.jpg",1,245,161,396,268,641,429
"WSLP_all/006367@30.0967898176134,-90.4909827908311.jpg",2,231,201,410,219,641,420
"WSLP_all/006368@30.0955116576695,-90.4908829142515.jpg",2,0,212,431,207,431,419
"WSLP_all/006369@30.0965935418776,-90.4910571849255.jpg",1,173,213,468,197,641,410
"WSLP_all/006370@30.0957314011514,-90.4908146468908.jpg",3,62,241,337,168,399,409
"WSLP_all/006371@30.0969994667365,-90.4908798218279.jpg",3,225,223,416,195,641,418
"WSLP_all/006372@30.099689380446,-90.4909045147659.jpg",2,0,231,371,233,371,464
"WSLP_all/006373@30.0976607649508,-90.4908394438492.jpg",1,186,210,411,200,597,410
"WSLP_all/006374@30.0961165289414,-90.4907133570111.jpg",2,0,227,426,186,426,413
"WSLP_all/006375@30.0972437999942,-90.4908081831112.jpg",4,224,275,154,191,378,466
"WSLP_all/006376@30.0959049864041,-90.4907783931529.jpg",2,0,217,373,195,373,412
"WSLP_all/006377@30.095052303808,-90.4905958624738.jpg",2,49,130,592,324,641,454
"WSLP_all/006378@30.0952715700165,-90.4905434105264.jpg",3,119,169,472,242,591,411
"WSLP_all/006379@30.0969183404727,-90.4904187975846.jpg",1,0,205,322,194,322,399
"WSLP_all/006380@30.0956746750061,-90.4904324809315.jpg",1,0,227,581,196,581,423
"WSLP_all/006381@30.0979389104624,-90.4904006764334.jpg",1,193,216,448,197,641,413
"WSLP_all/006382@30.09711867044,-90.4903032565146.jpg",1,15,205,340,171,355,376
"WSLP_all/006383@30.0962680808009,-90.4902503682037.jpg",3,129,171,512,237,641,408
"WSLP_all/006384@30.0977796436441,-90.4899972331915.jpg",1,142,211,428,214,570,425
"WSLP_all/006385@30.0966922179293,-90.4901044710606.jpg",4,262,268,154,148,416,416
"WSLP_all/006386@30.0978713210707,-90.4901988532541.jpg",1,131,160,496,244,627,404
"WSLP_all/006387@30.0993967700633,-90.4899329459593.jpg",1,109,218,503,193,612,411
"WSLP_all/006388@30.0951672430285,-90.4900794285531.jpg",3,0,231,519,194,519,425
"WSLP_all/006389@30.09495872636,-90.4900843555611.jpg",2,154,200,487,208,641,408
"WSLP_all/006390@30.0970773121456,-90.489933605014.jpg",1,131,222,503,200,634,422
"WSLP_all/006391@30.0954183546464,-90.4900014071298.jpg",1,97,228,391,188,488,416
"WSLP_all/006392@30.0960542722125,-90.4897936334929.jpg",1,24,264,438,165,462,429
"WSLP_all/006393@30.095631175253,-90.4899300341334.jpg",1,74,212,396,212,470,424
"WSLP_all/006394@30.0976811079569,-90.4897166122034.jpg",1,36,214,579,215,615,429
"WSLP_all/006395@30.0948606920514,-90.4896930567692.jpg",1,168,221,466,198,634,419
"WSLP_all/006396@30.084391136428,-90.4802134753059.jpg",1,72,241,369,191,441,432
"WSLP_all/006397@30.0974577067695,-90.4897975639285.jpg",1,109,241,519,172,628,413
"WSLP_all/006398@30.0981582206734,-90.4898264200371.jpg",2,0,266,488,152,488,418
"WSLP_all/006399@30.0980976023584,-90.4896055631916.jpg",1,89,256,369,176,458,432
"WSLP_all/006400@30.0964646053956,-90.4896478526366.jpg",1,114,248,309,162,423,410
"WSLP_all/006401@30.0966848143901,-90.4895922264507.jpg",1,76,239,465,179,541,418
"WSLP_all/006402@30.0957114755069,-90.4895055980519.jpg",3,180,194,360,202,540,396
"WSLP_all/006403@30.0950615130757,-90.4896628954447.jpg",3,39,234,507,189,546,423
"WSLP_all/006404@30.0908779461849,-90.4894421778094.jpg",1,52,234,581,194,633,428
"WSLP_all/006405@30.0845458031849,-90.479990811123.jpg",1,210,253,337,142,547,395
"WSLP_all/006406@30.0959422689576,-90.4894625328077.jpg",1,106,223,441,202,547,425
"WSLP_all/006407@30.0910765421144,-90.4893867383808.jpg",1,124,244,436,161,560,405
"WSLP_all/006408@30.0974667336573,-90.4892662017561.jpg",1,126,247,314,177,440,424
"WSLP_all/006409@30.0963373222081,-90.4893010683158.jpg",3,165,228,394,169,559,397
"WSLP_all/006410@30.0912798341797,-90.4893217723157.jpg",1,47,247,573,168,620,415
"WSLP_all/006411@30.0961412686096,-90.4893628140435.jpg",1,60,193,573,213,633,406
"WSLP_all/006412@30.0979933166975,-90.4894103748533.jpg",3,60,195,358,228,418,423
"WSLP_all/006413@30.0843265524572,-90.4800749004829.jpg",1,95,233,321,181,416,414
"WSLP_all/006414@30.0970655082643,-90.4894213957014.jpg",1,84,216,410,212,494,428
"WSLP_all/006415@30.0914863681112,-90.4892820762776.jpg",1,52,251,442,181,494,432
"WSLP_all/006416@30.0842692751389,-90.4799520732258.jpg",1,82,221,401,216,483,437
"WSLP_all/006417@30.097295765182,-90.4893245733593.jpg",1,66,241,461,188,527,429
"WSLP_all/006418@30.0949412227762,-90.4891800766104.jpg",1,92,228,413,181,505,409
"WSLP_all/006419@30.0846770660771,-90.4798695308774.jpg",4,107,284,383,123,490,407
"WSLP_all/006420@30.0951975608185,-90.4891367945182.jpg",3,142,214,380,218,522,432
"WSLP_all/006421@30.0921247900638,-90.4891217175795.jpg",2,0,248,403,208,403,456
"WSLP_all/006422@30.0979183157948,-90.4892022901662.jpg",1,70,243,365,199,435,442
"WSLP_all/006423@30.0953995500312,-90.4891002963471.jpg",3,101,243,426,180,527,423
"WSLP_all/006424@30.0969598928617,-90.4890617764044.jpg",1,108,256,424,169,532,425
"WSLP_all/006425@30.0847698593412,-90.4797485787974.jpg",1,193,241,297,179,490,420
"WSLP_all/006426@30.0973749059539,-90.4888653530406.jpg",1,107,259,486,164,593,423
"WSLP_all/006427@30.0962286664819,-90.4888402817022.jpg",1,114,238,420,186,534,424
"WSLP_all/006428@30.097146016516,-90.488965327334.jpg",1,132,238,405,194,537,432
"WSLP_all/006429@30.0978255354383,-90.4889532439513.jpg",1,21,228,445,189,466,417
"WSLP_all/006430@30.0963850222925,-90.4887630595018.jpg",1,70,224,387,208,457,432
"WSLP_all/006431@30.0965983847917,-90.48869484095.jpg",1,35,226,479,204,514,430
"WSLP_all/006432@30.0968074209157,-90.488595034901.jpg",1,19,212,527,214,546,426
"WSLP_all/006433@30.0921446755673,-90.4887705404379.jpg",3,0,241,438,169,438,410
"WSLP_all/006434@30.084612723441,-90.4795475565916.jpg",1,165,221,353,190,518,411
"WSLP_all/006435@30.0921156584638,-90.4885336173947.jpg",2,112,256,529,186,641,442
"WSLP_all/006436@30.0969963981826,-90.4884890726871.jpg",1,87,180,411,229,498,409
"WSLP_all/006437@30.0844707557797,-90.4794001590053.jpg",1,185,218,272,153,457,371
"WSLP_all/006438@30.0930050039489,-90.4883521524893.jpg",2,114,226,527,211,641,437
"WSLP_all/006439@30.0862533846095,-90.5045169272632.jpg",1,112,254,383,155,495,409
"WSLP_all/006440@30.0861102663543,-90.5044706869447.jpg",1,85,275,454,145,539,420
"WSLP_all/006441@30.0973353645229,-90.4883122662529.jpg",3,104,221,353,176,457,397
"WSLP_all/006442@30.0932023625255,-90.488296720194.jpg",2,220,190,421,252,641,442
"WSLP_all/006443@30.0856326158599,-90.5042691279565.jpg",1,184,244,288,173,472,417
"WSLP_all/006444@30.0934143249713,-90.4882759489058.jpg",2,289,227,352,220,641,447
"WSLP_all/006445@30.085773781085,-90.5043153840124.jpg",1,74,194,472,196,546,390
"WSLP_all/006446@30.0923662561296,-90.4880539923605.jpg",1,175,263,380,158,555,421
"WSLP_all/006447@30.0850824270697,-90.5041598718863.jpg",1,99,263,384,155,483,418
"WSLP_all/006448@30.0941144820315,-90.4880518109111.jpg",3,132,281,395,140,527,421
"WSLP_all/006449@30.0854101085791,-90.5042488450049.jpg",1,190,273,362,141,552,414
"WSLP_all/006450@30.0881262741267,-90.4806115457918.jpg",1,132,243,403,189,535,432
"WSLP_all/006451@30.0849258483996,-90.5040852865581.jpg",1,65,263,386,153,451,416
"WSLP_all/006452@30.0880407862015,-90.4804763065455.jpg",1,47,237,451,181,498,418
"WSLP_all/006453@30.0976370168548,-90.4882085106769.jpg",1,144,243,242,117,386,360
"WSLP_all/006454@30.085240738146,-90.504199660836.jpg",1,126,268,349,161,475,429
"WSLP_all/006455@30.0842775533368,-90.5039642018653.jpg",1,72,251,369,160,441,411
"WSLP_all/006456@30.0946764388842,-90.4878288435097.jpg",1,92,222,418,180,510,402
"WSLP_all/006457@30.0847627169259,-90.5040834820658.jpg",1,85,271,338,158,423,429
"WSLP_all/006458@30.0927725869816,-90.4879620021062.jpg",2,0,248,448,157,448,405
"WSLP_all/006459@30.0845993656489,-90.5040468974332.jpg",1,101,273,388,144,489,417
"WSLP_all/006460@30.0844370845,-90.504022951985.jpg",1,62,251,416,160,478,411
"WSLP_all/006461@30.0876376578407,-90.4796481227069.jpg",1,180,239,308,206,488,445
"WSLP_all/006462@30.0933868469001,-90.4877733784167.jpg",1,134,231,483,225,617,456
"WSLP_all/006463@30.0841137275478,-90.5039307835378.jpg",1,77,256,403,172,480,428
"WSLP_all/006464@30.0881329152568,-90.4797260947691.jpg",1,151,182,435,255,586,437
"WSLP_all/006465@30.0839595798068,-90.5038972847659.jpg",3,137,274,346,135,483,409
"WSLP_all/006466@30.0879613624132,-90.4794050291866.jpg",1,109,236,421,188,530,424
"WSLP_all/006467@30.0948929367638,-90.487760597516.jpg",3,77,218,416,206,493,424
"WSLP_all/006468@30.0880424786784,-90.4795529533206.jpg",1,114,199,418,210,532,409
"WSLP_all/006469@30.0929663721124,-90.4878939504195.jpg",1,18,241,358,159,376,400
"WSLP_all/006470@30.0875540533583,-90.4794812478388.jpg",1,129,223,317,186,446,409
"WSLP_all/006471@30.0850974644939,-90.4791102058237.jpg",1,101,238,386,170,487,408
"WSLP_all/006472@30.095089820048,-90.4877083293637.jpg",1,107,238,387,194,494,432
"WSLP_all/006473@30.0987419615271,-90.4876646833556.jpg",1,136,224,441,185,577,409
"WSLP_all/006474@30.0956732112118,-90.4875389348335.jpg",1,122,224,405,206,527,430
"WSLP_all/006475@30.0877182536431,-90.4789011751916.jpg",1,149,247,383,173,532,420
"WSLP_all/006476@30.0958787363169,-90.4874834301125.jpg",1,128,247,411,173,539,420
"WSLP_all/006477@30.0937919200016,-90.4876181508931.jpg",3,55,209,485,240,540,449
"WSLP_all/006478@30.0941937379997,-90.4874313256457.jpg",1,65,233,457,162,522,395
"WSLP_all/006479@30.0876389323037,-90.4787121283412.jpg",1,0,206,510,315,510,521
"WSLP_all/006480@30.0962872668031,-90.487391415608.jpg",1,101,234,439,198,540,432
"WSLP_all/006481@30.0870753668077,-90.4785873163688.jpg",1,274,242,177,120,451,362
"WSLP_all/006482@30.0946080277783,-90.4873582374975.jpg",1,121,191,453,226,574,417
"WSLP_all/006483@30.096073983896,-90.4874248500503.jpg",1,175,238,395,190,570,428
"WSLP_all/006484@30.0964800695314,-90.4873075568583.jpg",1,116,226,423,187,539,413
"WSLP_all/006485@30.0873012167888,-90.4782660071071.jpg",1,261,241,219,144,480,385
"WSLP_all/006486@30.0966825940705,-90.4872773757655.jpg",1,104,236,423,191,527,427
"WSLP_all/006487@30.0876933935101,-90.4782057240422.jpg",3,57,243,480,244,537,487
"WSLP_all/006488@30.0844388199308,-90.4791822537961.jpg",1,168,238,252,118,420,356
"WSLP_all/006489@30.094400490477,-90.4874042719155.jpg",1,119,208,356,193,475,401
"WSLP_all/006490@30.0868522703797,-90.4781591868492.jpg",1,144,215,350,200,494,415
"WSLP_all/006491@30.0950174608144,-90.4872440796673.jpg",3,117,202,423,204,540,406
"WSLP_all/006492@30.0870006677017,-90.4780598888558.jpg",1,144,224,365,204,509,428
"WSLP_all/006493@30.0876344448684,-90.4780544491456.jpg",1,203,229,411,210,614,439
"WSLP_all/006494@30.0974758710674,-90.4870208094001.jpg",1,75,211,487,207,562,418
"WSLP_all/006495@30.0871795028138,-90.4780235709871.jpg",1,166,228,299,190,465,418
"WSLP_all/006496@30.097070416379,-90.487150749165.jpg",1,95,251,460,157,555,408
"WSLP_all/006497@30.0957865037617,-90.4870161833408.jpg",3,32,222,267,175,299,397
"WSLP_all/006498@30.0972984822594,-90.4870855642082.jpg",1,205,218,374,203,579,421
"WSLP_all/006499@30.0866290363302,-90.4777310604163.jpg",1,173,242,326,160,499,402
"WSLP_all/006500@30.0849080706722,-90.478972700795.jpg",3,223,285,188,110,411,395
"WSLP_all/006501@30.0956217094814,-90.4870681817251.jpg",1,109,230,414,154,523,384
"WSLP_all/006502@30.0962223065187,-90.4869017987406.jpg",1,113,246,380,144,493,390
"WSLP_all/006503@30.0960314723635,-90.4869540176996.jpg",3,76,256,389,129,465,385
"WSLP_all/006504@30.096419218223,-90.4868368784441.jpg",1,46,240,439,145,485,385
"WSLP_all/006505@30.0968315587005,-90.4867258540768.jpg",1,103,229,390,153,493,382
"WSLP_all/006506@30.0877490398092,-90.477297721907.jpg",3,186,298,294,95,480,393
"WSLP_all/006507@30.0970222013316,-90.4866483367242.jpg",1,37,233,493,151,530,384
"WSLP_all/006508@30.0874310821887,-90.4774174508056.jpg",1,203,248,228,132,431,380
"WSLP_all/006509@30.088303170128,-90.4826021716431.jpg",1,198,267,300,127,498,394
"WSLP_all/006510@30.0779041529498,-90.5021359761169.jpg",1,214,268,258,98,472,366
"WSLP_all/006511@30.0886233814498,-90.4824476556086.jpg",3,168,276,318,128,486,404
"WSLP_all/006512@30.0887627678706,-90.4823832216568.jpg",1,196,247,325,143,521,390
"WSLP_all/006513@30.0890677230324,-90.4822636180942.jpg",1,219,259,299,131,518,390
"WSLP_all/006514@30.0885309230947,-90.4816673976843.jpg",3,169,270,291,137,460,407
"WSLP_all/006515@30.0818518640175,-90.5033709780675.jpg",1,134,281,305,105,439,386
"WSLP_all/006516@30.0890077477207,-90.4817739972789.jpg",1,111,251,336,143,447,394
"WSLP_all/006517@30.0858983851716,-90.4838527388011.jpg",1,112,277,326,112,438,389
"WSLP_all/006518@30.0888799747969,-90.481452551118.jpg",1,123,231,404,157,527,388
"WSLP_all/006519@30.0857306505553,-90.483892113141.jpg",1,102,266,389,129,491,395
"WSLP_all/006520@30.0816941313528,-90.5033533203068.jpg",1,93,298,340,93,433,391
"WSLP_all/006521@30.0862024458272,-90.4836793959165.jpg",1,132,284,360,104,492,388
"WSLP_all/006522@30.0892266192376,-90.4814906955614.jpg",1,238,245,333,152,571,397
"WSLP_all/006523@30.0815298299812,-90.5033230697096.jpg",1,103,301,346,103,449,404
"WSLP_all/006524@30.0863506598834,-90.4836022427918.jpg",1,129,246,337,144,466,390
"WSLP_all/006525@30.0813605291995,-90.5033023465386.jpg",1,105,298,353,97,458,395
"WSLP_all/006526@30.0864936359377,-90.4835188099831.jpg",1,156,252,279,143,435,395
"WSLP_all/006527@30.0877700573108,-90.5048837651681.jpg",3,159,275,237,103,396,378
"WSLP_all/006528@30.0884351583671,-90.4813077329967.jpg",1,135,249,317,140,452,389
"WSLP_all/006529@30.0878839290516,-90.5049144394763.jpg",1,87,277,333,112,420,389
"WSLP_all/006530@30.0869470091561,-90.4832809488534.jpg",1,109,227,414,149,523,376
"WSLP_all/006531@30.0812029778065,-90.5032435828919.jpg",3,110,303,331,87,441,390
"WSLP_all/006532@30.0867992012576,-90.5046262219078.jpg",1,137,291,254,86,391,377
"WSLP_all/006533@30.0895104554155,-90.4811372685257.jpg",1,38,227,420,158,458,385
"WSLP_all/006534@30.0874748935969,-90.5047881943438.jpg",1,162,275,304,108,466,383
"WSLP_all/006535@30.0883478449339,-90.481128238653.jpg",1,153,271,304,131,457,402
"WSLP_all/006536@30.0873289656214,-90.5047672731072.jpg",2,73,290,368,97,441,387
"WSLP_all/006537@30.0871107722643,-90.4832099860666.jpg",2,120,287,364,108,484,395
"WSLP_all/006538@30.0882713508004,-90.4809549763107.jpg",1,112,268,384,126,496,394
"WSLP_all/006539@30.0810396964061,-90.5032006755507.jpg",3,91,293,348,115,439,408
"WSLP_all/006540@30.0871998008017,-90.5047272390255.jpg",1,161,274,319,120,480,394
"WSLP_all/006541@30.0808931062294,-90.5031576303403.jpg",1,119,303,326,94,445,397
"WSLP_all/006542@30.0870702410284,-90.5047030197493.jpg",4,61,264,356,142,417,406
"WSLP_all/006543@30.080717762851,-90.503133796047.jpg",1,107,293,349,102,456,395
"WSLP_all/006544@30.0869284274172,-90.5046630920789.jpg",1,152,275,305,112,457,387
"WSLP_all/006545@30.087412154992,-90.483065120776.jpg",3,167,267,244,135,411,402
"WSLP_all/006546@30.0890301004787,-90.4809611344859.jpg",1,202,235,375,158,577,393
"WSLP_all/006547@30.0865324746793,-90.5045620368464.jpg",1,180,275,322,101,502,376
"WSLP_all/006548@30.0805689030335,-90.5030970937227.jpg",1,97,299,331,89,428,388
"WSLP_all/006549@30.0866604170912,-90.5045957554492.jpg",1,165,266,283,121,448,387
"WSLP_all/006550@30.0881942724631,-90.4807848803097.jpg",1,147,254,319,148,466,402
"WSLP_all/006551@30.0864015247597,-90.5045441536186.jpg",1,159,282,259,108,418,390
"WSLP_all/006552@30.0803888553825,-90.5030511657559.jpg",1,82,304,310,93,392,397
"WSLP_all/006553@30.0893677241728,-90.4807906512546.jpg",1,114,298,294,95,408,393
"WSLP_all/006554@30.0877054007973,-90.4829076746103.jpg",2,208,281,264,110,472,391
"WSLP_all/006555@30.0889574771328,-90.4807783505066.jpg",1,220,240,375,156,595,396
"WSLP_all/006556@30.0802337608243,-90.5030113537638.jpg",2,164,306,477,97,641,403
"WSLP_all/006557@30.0878513448273,-90.4828368627554.jpg",1,158,295,351,98,509,393
"WSLP_all/006558@30.08853506732,-90.4805606156447.jpg",1,159,227,379,175,538,402
"WSLP_all/006559@30.080070877325,-90.5029747686501.jpg",4,280,301,238,130,518,431
"WSLP_all/006560@30.0893039209136,-90.4805856572747.jpg",4,316,308,190,99,506,407
"WSLP_all/006562@30.0797491613504,-90.5028857558032.jpg",3,16,291,389,98,405,389
"WSLP_all/006563@30.0795902643219,-90.5028491378509.jpg",1,29,279,354,112,383,391
"WSLP_all/006564@30.0884611838828,-90.4803999795597.jpg",1,80,242,460,157,540,399
"WSLP_all/006565@30.0794272579033,-90.5028062305946.jpg",2,1,286,365,110,366,396
"WSLP_all/006566@30.079267143952,-90.502772784858.jpg",3,10,269,385,119,395,388
"WSLP_all/006567@30.0786199219622,-90.5026042784566.jpg",1,71,302,342,100,413,402
"WSLP_all/006568@30.0787851055737,-90.5026566523284.jpg",1,86,294,361,102,447,396
"WSLP_all/006569@30.0870836582555,-90.4827327421403.jpg",1,142,240,421,158,563,398
"WSLP_all/006570@30.0791051422976,-90.5027235448063.jpg",3,27,276,348,111,375,387
"WSLP_all/006571@30.0789470426905,-90.502686920702.jpg",3,79,287,329,107,408,394
"WSLP_all/006572@30.0875501460701,-90.482494765072.jpg",1,93,262,453,137,546,399
"WSLP_all/006573@30.0882939004391,-90.5050058946016.jpg",3,126,296,326,111,452,407
"WSLP_all/006574@30.0779685752468,-90.5024705893334.jpg",3,43,273,430,117,473,390
"WSLP_all/006575@30.0881583648448,-90.5049627517111.jpg",1,102,276,321,119,423,395
"WSLP_all/006576@30.0880280545963,-90.5049417002416.jpg",1,138,289,289,106,427,395
"WSLP_all/006577@30.0784599370303,-90.5025739940425.jpg",1,95,301,324,106,419,407
"WSLP_all/006578@30.0782902061781,-90.5025374673767.jpg",1,65,295,359,99,424,394
"WSLP_all/006579@30.0781297443536,-90.5024882163889.jpg",1,61,270,346,125,407,395
"WSLP_all/006580@30.087170672963,-90.5009740855211.jpg",6,201,251,297,201,498,452
"WSLP_all/006581@30.0852836219764,-90.5009961717989.jpg",1,126,219,444,170,570,389
"WSLP_all/006582@30.0874398861173,-90.5005481158764.jpg",6,166,342,261,151,427,493
"WSLP_all/006583@30.0888411463455,-90.4795745694738.jpg",1,156,306,252,91,408,397
"WSLP_all/006584@30.0869529448152,-90.5006091037239.jpg",6,119,360,284,139,403,499
"WSLP_all/006585@30.0873553116364,-90.5003496112777.jpg",6,175,251,393,217,568,468
"WSLP_all/006586@30.0837474989457,-90.5000730566359.jpg",1,212,240,348,136,560,376
"WSLP_all/006587@30.0882299734683,-90.4792193234306.jpg",1,203,247,371,138,574,385
"WSLP_all/006588@30.0848802704832,-90.5001078537152.jpg",1,131,270,280,114,411,384
"WSLP_all/006589@30.0839291915505,-90.4999355723414.jpg",1,192,232,388,121,580,353
"WSLP_all/006590@30.086527225169,-90.4997019860305.jpg",1,258,272,268,86,526,358
"WSLP_all/006591@30.0834554398386,-90.4993735420841.jpg",1,43,234,428,133,471,367
"WSLP_all/006592@30.08362666531,-90.4992551163296.jpg",3,217,257,235,113,452,370
"WSLP_all/006593@30.0865171065286,-90.4818300640763.jpg",1,13,270,514,126,527,396
"WSLP_all/006594@30.0881792573353,-90.4782047166769.jpg",1,152,250,283,133,435,383
"WSLP_all/006595@30.0867001858879,-90.4817526099942.jpg",1,189,284,263,117,452,401
"WSLP_all/006596@30.0843259543911,-90.4989299012408.jpg",3,162,244,378,138,540,382
"WSLP_all/006597@30.0864450523186,-90.4815777149177.jpg",3,90,290,376,103,466,393
"WSLP_all/006598@30.0868475475383,-90.4816628125993.jpg",3,103,238,412,150,515,388
"WSLP_all/006599@30.0820891640359,-90.5003841443968.jpg",3,226,262,280,109,506,371
"WSLP_all/006600@30.0825562813011,-90.5001842000969.jpg",3,3,246,325,148,328,394
"WSLP_all/006601@30.0827602469234,-90.500011749025.jpg",1,204,228,357,141,561,369
"WSLP_all/006603@30.0870610504346,-90.481246754261.jpg",1,141,237,379,161,520,398
"WSLP_all/006604@30.0828898083755,-90.4993624659609.jpg",3,217,237,324,132,541,369
"WSLP_all/006605@30.0862725840662,-90.4812250378595.jpg",3,117,292,296,109,413,401
"WSLP_all/006606@30.0866536001647,-90.4812502383412.jpg",1,199,268,309,134,508,402
"WSLP_all/006607@30.0861893872213,-90.4810613225378.jpg",1,123,287,273,96,396,383
"WSLP_all/006608@30.0869748711707,-90.4810640906668.jpg",1,101,260,378,158,479,418
"WSLP_all/006609@30.087272889645,-90.4809350582787.jpg",1,181,228,380,173,561,401
"WSLP_all/006610@30.0868949602776,-90.4808940220641.jpg",1,154,246,334,156,488,402
"WSLP_all/006611@30.0861001762328,-90.4808818476473.jpg",1,105,266,281,128,386,394
"WSLP_all/006612@30.0863994988573,-90.4807844252831.jpg",1,159,237,341,153,500,390
"WSLP_all/006613@30.0874384709628,-90.4803676262676.jpg",1,135,306,310,81,445,387
"WSLP_all/006614@30.0869351928277,-90.4802612604974.jpg",1,194,262,323,128,517,390
"WSLP_all/006616@30.0864997621227,-90.4800373196096.jpg",4,184,289,354,98,538,387
"WSLP_all/006617@30.0859974168058,-90.4799688941191.jpg",4,191,275,363,134,554,409
"WSLP_all/006618@30.0864003819492,-90.4798674193792.jpg",4,250,267,230,96,480,363
"WSLP_all/006619@30.0858287590758,-90.4796193507886.jpg",1,127,264,346,120,473,384
"WSLP_all/006620@30.0859141571088,-90.479783045475.jpg",1,85,266,406,127,491,393
"WSLP_all/006621@30.0861445169681,-90.4793636814814.jpg",1,137,279,364,116,501,395
"WSLP_all/006622@30.0856464531774,-90.4793236802193.jpg",1,152,245,286,159,438,404
"WSLP_all/006623@30.0865414668369,-90.4794330071723.jpg",1,179,262,321,132,500,394
"WSLP_all/006624@30.0869404784105,-90.4793536981296.jpg",1,114,275,331,124,445,399
"WSLP_all/006625@30.0864471244089,-90.4792725494361.jpg",1,206,270,358,120,564,390
"WSLP_all/006626@30.0858233394065,-90.4788383719052.jpg",3,161,281,246,103,407,384
"WSLP_all/006627@30.0866192566497,-90.4786987389859.jpg",3,163,269,285,117,448,386
"WSLP_all/006628@30.0865318500871,-90.4785224130316.jpg",3,214,285,426,110,640,395
"WSLP_all/006629@30.0862867547377,-90.4779585063649.jpg",3,211,268,201,113,412,381
"WSLP_all/006630@30.0861370852459,-90.4780609767691.jpg",1,169,273,236,98,405,371
"WSLP_all/006631@30.0868249006971,-90.4807207063319.jpg",1,157,255,324,150,481,405
"WSLP_all/006632@30.0863191612167,-90.4806206856494.jpg",1,148,242,283,158,431,400
"WSLP_all/006633@30.0876067722206,-90.4806665849397.jpg",1,110,279,321,111,431,390
"WSLP_all/006634@30.086023604844,-90.4807307243936.jpg",1,127,302,337,96,464,398
"WSLP_all/006635@30.0867302922015,-90.4805570881779.jpg",1,170,278,321,129,491,407
"WSLP_all/006636@30.0859207270521,-90.4805513680897.jpg",2,158,283,311,110,469,393
"WSLP_all/006637@30.0875139494171,-90.4805282470299.jpg",2,87,284,319,108,406,392
"WSLP_all/006638@30.0858543515259,-90.4803653745854.jpg",1,130,292,297,102,427,394
"WSLP_all/006639@30.0871942800521,-90.4798701060378.jpg",3,86,262,391,128,477,390
"WSLP_all/006640@30.0871033008238,-90.47969380762.jpg",2,161,263,245,143,406,406
"WSLP_all/006641@30.0859547806033,-90.4790332916335.jpg",1,103,273,373,122,476,395
"WSLP_all/006642@30.0863709642528,-90.4791340715879.jpg",1,165,257,346,141,511,398
"WSLP_all/006643@30.0776449712082,-90.5024005663954.jpg",1,54,287,358,92,412,379
"WSLP_all/006644@30.0855412909725,-90.4791569937428.jpg",3,242,273,323,106,565,379
"WSLP_all/006645@30.077817662362,-90.5024180972131.jpg",1,40,280,387,108,427,388
"WSLP_all/006646@30.0867777855768,-90.4790293979544.jpg",1,128,284,285,109,413,393
"WSLP_all/006647@30.0866959188688,-90.4788719963456.jpg",1,101,276,312,100,413,376
"WSLP_all/006648@30.0853231851942,-90.4787983913221.jpg",3,113,270,364,97,477,367
"WSLP_all/006649@30.0857042115258,-90.4783714107741.jpg",1,127,240,305,142,432,382
"WSLP_all/006650@30.0881698425383,-90.4827234703063.jpg",1,129,288,364,94,493,382
"WSLP_all/006651@30.0891121001462,-90.5052046322975.jpg",1,96,255,316,127,412,382
"WSLP_all/006652@30.0889710525678,-90.5051552103215.jpg",1,104,287,345,92,449,379
"WSLP_all/006653@30.0886943353975,-90.5051069161255.jpg",3,82,285,389,115,471,400
"WSLP_all/006654@30.0884279663873,-90.5050427255873.jpg",3,110,295,328,106,438,401
"WSLP_all/006655@30.0884323271644,-90.5006125514655.jpg",1,77,286,345,102,422,388
"WSLP_all/006656@30.0833116394799,-90.5037540658162.jpg",1,68,301,332,90,400,391
"WSLP_all/006657@30.0837966369468,-90.5038512114163.jpg",1,92,295,298,92,390,387
"WSLP_all/006658@30.0836325502816,-90.5038114716729.jpg",1,66,292,333,101,399,393
"WSLP_all/006659@30.0834770764241,-90.5037811462484.jpg",1,72,304,314,96,386,400
"WSLP_all/006660@30.0831458168807,-90.5037048539852.jpg",1,92,299,342,102,434,401
"WSLP_all/006661@30.0824999443167,-90.5035363247864.jpg",2,55,290,389,99,444,389
"WSLP_all/006662@30.0829871825706,-90.5036619074008.jpg",1,127,298,298,99,425,397
"WSLP_all/006663@30.0828238790014,-90.503628485654.jpg",3,94,299,325,83,419,382
"WSLP_all/006664@30.0821747157305,-90.5034789564227.jpg",2,94,292,352,97,446,389
"WSLP_all/006665@30.0826645851995,-90.5035855448208.jpg",3,68,279,377,127,445,406
"WSLP_all/006666@30.0823409549575,-90.5035155151879.jpg",1,81,307,351,86,432,393
"WSLP_all/006667@30.0820076049619,-90.5034392431219.jpg",1,99,295,274,102,373,397
"WSLP_all/006668@30.0829769975471,-90.4836816011387.jpg",1,220,256,388,120,608,376
"WSLP_all/006669@30.0821785361256,-90.4836536277324.jpg",1,73,295,321,100,394,395
"WSLP_all/006670@30.0806846239409,-90.4835936420303.jpg",2,294,281,347,114,641,395
"WSLP_all/006671@30.0798217328173,-90.4837021789275.jpg",1,144,283,419,101,563,384
"WSLP_all/006672@30.0832716568195,-90.483653793136.jpg",1,110,268,425,105,535,373
"WSLP_all/006673@30.0794117577818,-90.4836424374906.jpg",1,49,286,461,96,510,382
"WSLP_all/006674@30.082348140244,-90.48351621861.jpg",1,40,291,375,101,415,392
"WSLP_all/006675@30.0817206543947,-90.4834994352278.jpg",1,230,268,315,122,545,390
"WSLP_all/006676@30.0802576842521,-90.4836067680623.jpg",4,232,265,198,129,430,394
"WSLP_all/006677@30.0807830971183,-90.4834062503573.jpg",1,310,296,295,97,605,393
"WSLP_all/006678@30.0783786572425,-90.48360698062.jpg",4,26,265,503,115,529,380
"WSLP_all/006679@30.0837218189974,-90.4835361237533.jpg",1,190,300,302,93,492,393
"WSLP_all/006680@30.0840993745514,-90.4835107701573.jpg",1,185,243,328,169,513,412
"WSLP_all/006681@30.0844197603376,-90.483340451065.jpg",3,234,253,278,135,512,388
"WSLP_all/006682@30.0810945215112,-90.4834921272277.jpg",1,83,286,314,93,397,379
"WSLP_all/006683@30.0799498851929,-90.4832900442319.jpg",2,212,252,429,127,641,379
"WSLP_all/006684@30.0818633012239,-90.4834160089562.jpg",3,252,266,389,135,641,401
"WSLP_all/006685@30.0846057881643,-90.4832851102591.jpg",1,178,271,262,115,440,386
"WSLP_all/006686@30.0832954922573,-90.4834354135906.jpg",1,133,272,416,114,549,386
"WSLP_all/006687@30.0803111452706,-90.4834071136316.jpg",1,16,303,353,92,369,395
"WSLP_all/006688@30.081244738179,-90.4832948086711.jpg",3,48,279,344,83,392,362
"WSLP_all/006689@30.0826476989684,-90.4833271085339.jpg",1,7,292,387,94,394,386
"WSLP_all/006690@30.0828263421359,-90.4832054308213.jpg",3,65,296,379,101,444,397
"WSLP_all/006691@30.0821667728092,-90.4831984098332.jpg",3,217,265,364,113,581,378
"WSLP_all/006692@30.0849092361527,-90.4831149351243.jpg",1,137,292,309,104,446,396
"WSLP_all/006693@30.0803846251679,-90.4832072892462.jpg",2,0,276,366,119,366,395
"WSLP_all/006694@30.0808273427975,-90.4831718937099.jpg",2,262,292,379,128,641,420
"WSLP_all/006695@30.0795601009974,-90.4832016755975.jpg",3,18,291,398,107,416,398
"WSLP_all/006696@30.0823231622039,-90.4830927319984.jpg",3,204,251,380,145,584,396
"WSLP_all/006697@30.0852282930736,-90.4829730839458.jpg",1,144,260,301,141,445,401
"WSLP_all/006698@30.0810141875414,-90.4830216909681.jpg",5,306,302,231,100,537,402
"WSLP_all/006699@30.0815054323118,-90.4830617659912.jpg",1,83,290,326,88,409,378
"WSLP_all/006700@30.0836898598728,-90.482951429195.jpg",1,106,236,476,144,582,380
"WSLP_all/006701@30.0824917946528,-90.4829837863874.jpg",1,207,265,393,111,600,376
"WSLP_all/006702@30.0794775875615,-90.4829304602616.jpg",2,142,298,499,97,641,395
"WSLP_all/006703@30.078600216667,-90.4829980215831.jpg",1,102,280,406,94,508,374
"WSLP_all/006704@30.0804327304105,-90.4830171666877.jpg",4,225,284,237,109,462,393
"WSLP_all/006705@30.081694561334,-90.4829842654151.jpg",1,72,291,384,92,456,383
"WSLP_all/006706@30.0792404229384,-90.4830810912196.jpg",1,184,284,452,103,636,387
"WSLP_all/006707@30.0845649112927,-90.4828269677841.jpg",1,137,276,434,124,571,400
"WSLP_all/006708@30.0826560344216,-90.4828843647535.jpg",1,186,272,374,108,560,380
"WSLP_all/006710@30.0811700723544,-90.4828591032681.jpg",2,287,252,354,141,641,393
"WSLP_all/006711@30.081854278989,-90.4828659116801.jpg",1,65,287,371,99,436,386
"WSLP_all/006712@30.0798089672356,-90.4827252740507.jpg",1,95,282,509,158,604,440
"WSLP_all/006713@30.0805609497419,-90.4827947404299.jpg",2,22,274,281,84,303,358
"WSLP_all/006714@30.0813454750266,-90.4827595874683.jpg",2,273,301,256,83,529,384
"WSLP_all/006715@30.079108120644,-90.4826838286661.jpg",3,81,270,430,128,511,398
"WSLP_all/006716@30.0827968311323,-90.4828041145506.jpg",3,176,251,397,122,573,373
"WSLP_all/006717@30.0806837465497,-90.4826608935059.jpg",4,227,297,200,100,427,397
"WSLP_all/006718@30.0829665954102,-90.48272994076.jpg",1,263,273,254,99,517,372
"WSLP_all/006719@30.081482113882,-90.4826698879265.jpg",1,259,279,327,104,586,383
"WSLP_all/006720@30.0832574907004,-90.482762239304.jpg",1,213,256,329,126,542,382
"WSLP_all/006721@30.0836674774813,-90.4827555779042.jpg",3,101,292,354,95,455,387
"WSLP_all/006722@30.0821567254132,-90.4826514815697.jpg",1,68,289,343,93,411,382
"WSLP_all/006723@30.0851652729214,-90.4825182898087.jpg",3,106,247,396,148,502,395
"WSLP_all/006725@30.0823215139073,-90.4825647027549.jpg",1,71,298,337,89,408,387
"WSLP_all/006726@30.0808352889772,-90.4825584196596.jpg",1,67,276,512,144,579,420
"WSLP_all/006727@30.0817994361257,-90.4824553299666.jpg",4,243,283,368,120,611,403
"WSLP_all/006728@30.0794287563286,-90.4824629238966.jpg",1,67,283,400,103,467,386
"WSLP_all/006729@30.0824561932647,-90.482465531957.jpg",1,103,298,271,89,374,387
"WSLP_all/006730@30.0803083821465,-90.4823953380446.jpg",2,163,290,478,124,641,414
"WSLP_all/006731@30.0826343240448,-90.4823881244594.jpg",1,51,286,373,101,424,387
"WSLP_all/006732@30.0819530756523,-90.4823370271599.jpg",3,238,286,355,109,593,395
"WSLP_all/006733@30.0827892345122,-90.4822792955372.jpg",1,92,293,315,92,407,385
"WSLP_all/006734@30.0811223844641,-90.4823599303147.jpg",2,19,262,565,130,584,392
"WSLP_all/006735@30.0836469020204,-90.4823415341745.jpg",3,119,298,308,84,427,382
"WSLP_all/006736@30.0797591881911,-90.4822387732284.jpg",3,47,276,409,115,456,391
"WSLP_all/006737@30.0831796167682,-90.4821621311122.jpg",3,72,306,517,109,589,415
"WSLP_all/006738@30.0836410310502,-90.482139218119.jpg",3,101,280,497,113,598,393
"WSLP_all/006739@30.0822915890685,-90.4821507445092.jpg",1,217,302,357,91,574,393
"WSLP_all/006741@30.0804659003212,-90.4822643563075.jpg",1,172,229,406,175,578,404
"WSLP_all/006742@30.0799239373142,-90.4821203776151.jpg",1,61,286,367,89,428,375
"WSLP_all/006743@30.0815864095913,-90.4820302914798.jpg",3,70,285,280,97,350,382
"WSLP_all/006744@30.0812802927282,-90.4822510773976.jpg",1,27,292,331,92,358,384
"WSLP_all/006745@30.0814335135638,-90.482123292762.jpg",3,40,298,353,84,393,382
"WSLP_all/006746@30.0801109014307,-90.48202708671.jpg",1,63,273,469,105,532,378
"WSLP_all/006747@30.0824330948603,-90.4820483539682.jpg",3,244,297,363,100,607,397
"WSLP_all/006748@30.083182095845,-90.4819755544615.jpg",1,167,273,426,114,593,387
"WSLP_all/006749@30.0825743612853,-90.4819301544535.jpg",1,225,305,367,98,592,403
"WSLP_all/006750@30.0827445172813,-90.4818401662716.jpg",1,256,299,361,100,617,399
"WSLP_all/006751@30.0836352409543,-90.4819369003564.jpg",1,150,297,322,85,472,382
"WSLP_all/006752@30.0804267110928,-90.4817998950924.jpg",1,54,287,369,84,423,371
"WSLP_all/006753@30.0817464068967,-90.4819214186455.jpg",3,89,284,239,101,328,385
"WSLP_all/006754@30.0812906199751,-90.4817640559902.jpg",3,163,279,344,105,507,384
"WSLP_all/006755@30.0811474156164,-90.4818759459538.jpg",3,159,282,332,101,491,383
"WSLP_all/006756@30.0828752567239,-90.481756838513.jpg",4,126,258,226,123,352,381
"WSLP_all/006757@30.0819038458547,-90.4818378636924.jpg",1,45,284,284,94,329,378
"WSLP_all/006759@30.0832068898174,-90.4817698143283.jpg",3,122,266,390,131,512,397
"WSLP_all/006760@30.0806214724954,-90.4816749177186.jpg",1,118,276,339,98,457,374
"WSLP_all/006761@30.0836170715678,-90.4817252035294.jpg",1,135,289,331,102,466,391
"WSLP_all/006762@30.0814289886473,-90.4816996355571.jpg",1,214,255,384,135,598,390
"WSLP_all/006763@30.0835967845426,-90.4815135248782.jpg",1,142,301,299,94,441,395
"WSLP_all/006764@30.0809256076007,-90.4814794435094.jpg",1,157,290,285,89,442,379
"WSLP_all/006765@30.0822065248763,-90.4816171045003.jpg",1,61,300,296,88,357,388
"WSLP_all/006766@30.0825273859193,-90.4814056732967.jpg",1,22,281,382,111,404,392
"WSLP_all/006767@30.0831984827752,-90.4815327393329.jpg",1,115,252,414,143,529,395
"WSLP_all/006768@30.0815994224881,-90.4815717027548.jpg",1,190,288,430,92,620,380
"WSLP_all/006769@30.0817393168467,-90.4815135926359.jpg",1,199,279,404,116,603,395
"WSLP_all/006770@30.0826863238843,-90.4813031324051.jpg",3,35,273,354,103,389,376
"WSLP_all/006771@30.0897419280413,-90.4911783431828.jpg",3,184,290,400,98,584,388
"WSLP_all/006772@30.0810724333694,-90.481370683115.jpg",3,123,295,262,89,385,384
"WSLP_all/006773@30.0901195228452,-90.491077124476.jpg",1,113,262,411,140,524,402
"WSLP_all/006774@30.0812529376817,-90.4812395022015.jpg",3,146,300,315,89,461,389
"WSLP_all/006775@30.0902977607475,-90.4910028877363.jpg",1,48,265,549,147,597,412
"WSLP_all/006777@30.0819142055265,-90.4813729723246.jpg",3,181,290,414,112,595,402
"WSLP_all/006778@30.0820530007136,-90.4812895757676.jpg",3,146,282,446,113,592,395
"WSLP_all/006779@30.0835816886483,-90.4812670192174.jpg",3,120,282,376,109,496,391
"WSLP_all/006780@30.0905215976925,-90.4909598871146.jpg",1,107,270,477,102,584,372
"WSLP_all/006781@30.0822185466971,-90.4811585213306.jpg",3,156,290,431,124,587,414
"WSLP_all/006782@30.0813901101758,-90.4811814150921.jpg",1,106,302,300,93,406,395
"WSLP_all/006783@30.0829924929207,-90.4810949878054.jpg",1,71,278,315,103,386,381
"WSLP_all/006784@30.0913126183162,-90.4907792782007.jpg",1,53,282,477,106,530,388
"WSLP_all/006785@30.0907226507312,-90.4908886191678.jpg",1,149,257,475,138,624,395
"WSLP_all/006786@30.0911080362957,-90.4907588726267.jpg",1,87,261,523,140,610,401
"WSLP_all/006787@30.0825243787412,-90.480953542081.jpg",3,155,270,452,125,607,395
"WSLP_all/006788@30.0917130494412,-90.4906114554752.jpg",1,114,266,443,116,557,382
"WSLP_all/006789@30.0815527052334,-90.4810788437356.jpg",1,111,294,312,107,423,401
"WSLP_all/006790@30.0823787080741,-90.4810622937616.jpg",1,189,285,356,115,545,400
"WSLP_all/006791@30.0816966784219,-90.4809669455896.jpg",1,99,301,327,92,426,393
"WSLP_all/006792@30.0826849801925,-90.4808573090839.jpg",1,231,270,326,121,557,391
"WSLP_all/006793@30.0818495110794,-90.4808771037006.jpg",3,79,286,351,129,430,415
"WSLP_all/006794@30.0921505371478,-90.4905192127328.jpg",1,200,253,318,119,518,372
"WSLP_all/006795@30.0835766434445,-90.4807421743063.jpg",3,48,285,338,114,386,399
"WSLP_all/006796@30.0820260413155,-90.4807522787078.jpg",3,112,292,367,107,479,399
"WSLP_all/006797@30.0828358605463,-90.480767483875.jpg",1,229,291,365,110,594,401
"WSLP_all/006798@30.0830113525836,-90.4806395043828.jpg",1,149,308,353,96,502,404
"WSLP_all/006799@30.0831346589907,-90.4805720482081.jpg",3,106,297,329,110,435,407
"WSLP_all/006800@30.0821754776318,-90.4806687901402.jpg",1,62,299,379,87,441,386
"WSLP_all/006801@30.0835605689723,-90.4805272979076.jpg",1,132,270,364,109,496,379
"WSLP_all/006802@30.0925026895144,-90.4900260841025.jpg",3,119,276,417,89,536,365
"WSLP_all/006803@30.0823263924374,-90.4805758028789.jpg",1,106,289,283,108,389,397
"WSLP_all/006804@30.0936519865036,-90.4901807971106.jpg",3,55,251,405,109,460,360
"WSLP_all/006805@30.0824762779673,-90.4804512047927.jpg",1,78,298,354,81,432,379
"WSLP_all/006806@30.0936241791896,-90.4899090746977.jpg",1,169,270,388,105,557,375
"WSLP_all/006807@30.0826356681749,-90.4803676291579.jpg",1,91,296,334,105,425,401
"WSLP_all/006808@30.0853362750707,-90.4802243559528.jpg",3,207,274,333,122,540,396
"WSLP_all/006809@30.0827896012148,-90.4802651293367.jpg",3,71,277,373,114,444,391
"WSLP_all/006810@30.0829445596648,-90.4801341628684.jpg",1,116,265,358,122,474,387
"WSLP_all/006811@30.092510053021,-90.4897888529114.jpg",3,129,269,323,135,452,404
"WSLP_all/006812@30.0935610485035,-90.4897167096892.jpg",3,134,277,323,124,457,401
"WSLP_all/006813@30.0831058877953,-90.4800568946861.jpg",1,46,301,392,92,438,393
"WSLP_all/006814@30.0935335481664,-90.4894544718983.jpg",1,186,205,374,179,560,384
"WSLP_all/006815@30.0858910793723,-90.4900915227379.jpg",1,73,271,520,130,593,401
"WSLP_all/006817@30.0843593052108,-90.4896491565436.jpg",3,78,289,381,117,459,406
"WSLP_all/006818@30.0851752396638,-90.4799221805838.jpg",1,239,249,354,138,593,387
"WSLP_all/006819@30.0858699059977,-90.4893486212504.jpg",1,177,285,333,104,510,389
"WSLP_all/006820@30.0855903119474,-90.4893889336674.jpg",1,109,271,481,112,590,383
"WSLP_all/006821@30.0924890675717,-90.4893115296261.jpg",1,115,264,493,127,608,391
"WSLP_all/006822@30.0868029518474,-90.4892363703587.jpg",1,115,300,410,98,525,398
"WSLP_all/006823@30.0834114297547,-90.4798582355924.jpg",5,126,279,318,83,444,362
"WSLP_all/006824@30.0934607267127,-90.4890028812815.jpg",3,108,263,378,120,486,383
"WSLP_all/006825@30.0866077183561,-90.489168457677.jpg",3,178,287,376,114,554,401
"WSLP_all/006826@30.0925170872191,-90.489070960097.jpg",1,212,279,377,114,589,393
"WSLP_all/006827@30.0925200145595,-90.4888369286365.jpg",1,230,278,365,112,595,390
"WSLP_all/006828@30.0861530623208,-90.4611469782105.jpg",3,196,248,321,146,517,394
"WSLP_all/006829@30.0855734264373,-90.483940883856.jpg",3,68,262,376,159,444,421
"WSLP_all/006830@30.0868005566917,-90.4609705587866.jpg",4,192,264,336,155,528,419
"WSLP_all/006831@30.0859646262614,-90.4610158214192.jpg",1,170,248,260,109,430,357
"WSLP_all/006832@30.0857359802588,-90.4833924646784.jpg",3,160,253,351,137,511,390
"WSLP_all/006833@30.0858894804857,-90.4833247525237.jpg",1,192,268,313,105,505,373
"WSLP_all/006834@30.0875203742682,-90.4610686064219.jpg",1,123,249,370,123,493,372
"WSLP_all/006835@30.08569505777,-90.4610656118089.jpg",1,164,244,393,152,557,396
"WSLP_all/006836@30.0860197729882,-90.4832445899503.jpg",1,165,238,317,165,482,403
"WSLP_all/006837@30.0864805485,-90.483016152757.jpg",3,196,272,343,119,539,391
"WSLP_all/006838@30.0873963730597,-90.4609590185308.jpg",3,236,284,405,186,641,470
"WSLP_all/006839@30.0879722375343,-90.4608496272887.jpg",1,171,250,330,139,501,389
"WSLP_all/006840@30.0863093889187,-90.4830871785242.jpg",1,161,269,346,114,507,383
"WSLP_all/006841@30.0880860584936,-90.4609624669196.jpg",1,115,258,323,119,438,377
"WSLP_all/006842@30.0871518357962,-90.4606860577312.jpg",2,13,264,368,135,381,399
"WSLP_all/006843@30.0856788513331,-90.482763705701.jpg",3,194,275,261,122,455,397
"WSLP_all/006844@30.0859711884312,-90.4826062701798.jpg",1,192,271,296,120,488,391
"WSLP_all/006845@30.0861522894202,-90.482516186638.jpg",1,164,302,296,95,460,397
"WSLP_all/006846@30.0857614131004,-90.4608373638472.jpg",1,220,258,326,131,546,389
"WSLP_all/006847@30.0862888445719,-90.4824391303335.jpg",1,176,266,259,139,435,405
"WSLP_all/006848@30.0853050796201,-90.4608255491917.jpg",1,127,279,249,114,376,393
"WSLP_all/006849@30.0858041624269,-90.4606156453711.jpg",3,208,280,258,129,466,409
"WSLP_all/006850@30.0865789597242,-90.4823038463242.jpg",3,182,262,355,163,537,425
"WSLP_all/006851@30.0870049583887,-90.4605229146294.jpg",3,149,266,392,129,541,395
"WSLP_all/006852@30.0867416718083,-90.4822107566752.jpg",3,171,277,331,109,502,386
"WSLP_all/006853@30.0876919270845,-90.4605769774592.jpg",1,182,273,284,116,466,389
"WSLP_all/006854@30.0868985259074,-90.4821303650623.jpg",1,165,271,330,131,495,402
"WSLP_all/006855@30.0878251147052,-90.4607117826631.jpg",1,131,278,309,104,440,382
"WSLP_all/006856@30.0860668174316,-90.4820426080664.jpg",3,101,215,389,180,490,395
"WSLP_all/006857@30.0853613962259,-90.460651143366.jpg",1,110,254,293,136,403,390
"WSLP_all/006858@30.0871990621078,-90.4819949902915.jpg",1,158,237,339,155,497,392
"WSLP_all/006859@30.0853937227047,-90.460483272578.jpg",1,120,254,286,109,406,363
"WSLP_all/006860@30.0859179431424,-90.4821450652906.jpg",1,157,261,324,149,481,410
"WSLP_all/006861@30.0862368968159,-90.4819874001728.jpg",3,142,273,483,163,625,436
"WSLP_all/006862@30.0873528654233,-90.4819019746398.jpg",1,167,278,268,123,435,401
"WSLP_all/006863@30.0875838576707,-90.4604482778239.jpg",1,150,257,205,98,355,355
"WSLP_all/006864@30.0876454261877,-90.4817793151128.jpg",3,95,251,439,169,534,420
"WSLP_all/006865@30.0860830182727,-90.4817325877952.jpg",3,210,304,364,90,574,394
"WSLP_all/006866@30.0874406763089,-90.4603325344708.jpg",1,148,276,261,108,409,384
"WSLP_all/006867@30.0868569407858,-90.4603787555028.jpg",1,173,258,367,131,540,389
"WSLP_all/006868@30.0860153730132,-90.4815497671537.jpg",3,153,280,429,115,582,395
"WSLP_all/006869@30.0854244444819,-90.4602932815076.jpg",3,65,252,263,109,328,361
"WSLP_all/006870@30.0858769814105,-90.4604126366079.jpg",3,228,281,362,131,590,412
"WSLP_all/006871@30.0859094146082,-90.4814083808933.jpg",3,129,275,375,133,504,408
"WSLP_all/006872@30.0867183766228,-90.4602376760477.jpg",3,250,266,304,154,554,420
"WSLP_all/006873@30.0857524673298,-90.4810618973505.jpg",3,124,225,465,182,589,407
"WSLP_all/006874@30.0863505383089,-90.4601270636737.jpg",1,193,267,259,109,452,376
"WSLP_all/006875@30.0859719723549,-90.4601778127719.jpg",1,152,272,312,97,464,369
"WSLP_all/006876@30.0861779203343,-90.4601380635055.jpg",3,187,295,312,112,499,407
"WSLP_all/006877@30.0856648985555,-90.4808982204166.jpg",3,172,281,353,125,525,406
"WSLP_all/006878@30.0873036799205,-90.4602040888861.jpg",3,14,281,356,114,370,395
"WSLP_all/006879@30.0865353673317,-90.4601412554187.jpg",1,218,253,416,127,634,380
"WSLP_all/006880@30.0857592482059,-90.4802017625948.jpg",3,73,303,327,86,400,389
"WSLP_all/006881@30.0854629058266,-90.4600968973901.jpg",1,60,270,320,96,380,366
"WSLP_all/006882@30.0856688932171,-90.4800412722913.jpg",3,131,302,332,93,463,395
"WSLP_all/006883@30.0855631059379,-90.479884076481.jpg",3,41,281,428,103,469,384
"WSLP_all/006884@30.0871933732093,-90.460053274099.jpg",1,127,265,253,128,380,393
"WSLP_all/006885@30.087075309921,-90.4599309874376.jpg",1,65,253,350,114,415,367
"WSLP_all/006886@30.0855135343689,-90.459894083438.jpg",3,94,252,274,124,368,376
"WSLP_all/006887@30.0859489300248,-90.4596594375024.jpg",3,90,265,479,133,569,398
"WSLP_all/006888@30.0861230389745,-90.4596452627764.jpg",1,101,224,516,186,617,410
"WSLP_all/006889@30.0857631619645,-90.4596737143984.jpg",4,345,281,256,203,601,484
"WSLP_all/006890@30.0868234717454,-90.4596106618343.jpg",1,150,265,219,88,369,353
"WSLP_all/006891@30.0866218974352,-90.4596630234244.jpg",3,91,280,334,117,425,397
"WSLP_all/006892@30.0820486485726,-90.4867059948239.jpg",1,122,309,429,108,551,417
"WSLP_all/006893@30.0854340636225,-90.4840432576977.jpg",1,101,275,324,100,425,375
"WSLP_all/006894@30.0854131000736,-90.4835469969858.jpg",1,195,261,332,131,527,392
"WSLP_all/006895@30.085375935565,-90.482905420442.jpg",1,188,270,256,128,444,398
"WSLP_all/006896@30.0855207879719,-90.4828188094001.jpg",1,141,269,334,120,475,389
"WSLP_all/006898@30.0855845137705,-90.4807186710966.jpg",3,264,266,230,125,494,391
"WSLP_all/006899@30.0859827774712,-90.4593935274425.jpg",4,114,232,291,137,405,369
"WSLP_all/006900@30.0827844031028,-90.4865100263354.jpg",1,68,281,414,99,482,380
"WSLP_all/006901@30.0824188548409,-90.4866238013318.jpg",1,120,268,349,103,469,371
"WSLP_all/006902@30.0860022532962,-90.4591625268809.jpg",4,106,231,266,149,372,380
"WSLP_all/006903@30.0855138615828,-90.4805516879367.jpg",1,165,268,393,147,558,415
"WSLP_all/006904@30.0825945363283,-90.486584364344.jpg",1,120,265,395,117,515,382
"WSLP_all/006905@30.0864317792073,-90.4590006545534.jpg",3,108,247,268,115,376,362
"WSLP_all/006906@30.0854209849437,-90.4803880572699.jpg",3,164,252,279,164,443,416
"WSLP_all/006907@30.0854792696541,-90.479698233656.jpg",1,11,287,424,113,435,400
"WSLP_all/006908@30.0829561242952,-90.4864832714912.jpg",3,146,279,363,108,509,387
"WSLP_all/006909@30.0861754436826,-90.4590471724764.jpg",3,122,265,341,108,463,373
"WSLP_all/006910@30.0814963825564,-90.4865241334071.jpg",1,122,283,344,104,466,387
"WSLP_all/006911@30.0831103788114,-90.4864471791305.jpg",1,116,290,377,93,493,383
"WSLP_all/006912@30.0832880310217,-90.4863634584097.jpg",1,156,298,371,95,527,393
"WSLP_all/006913@30.0813475400699,-90.4864653221338.jpg",3,112,257,337,127,449,384
"WSLP_all/006914@30.0794102893561,-90.4862414851767.jpg",1,157,287,398,112,555,399
"WSLP_all/006915@30.0818840378253,-90.4861920001081.jpg",1,179,258,429,127,608,385
"WSLP_all/006916@30.081167892937,-90.4863498587709.jpg",1,88,276,338,109,426,385
"WSLP_all/006917@30.0823034184497,-90.4861536537707.jpg",3,145,294,393,111,538,405
"WSLP_all/006918@30.0825047706207,-90.4860950261441.jpg",3,162,292,379,95,541,387
"WSLP_all/006919@30.0815606264982,-90.4860334911939.jpg",3,222,303,385,95,607,398
"WSLP_all/006920@30.0808321902378,-90.4861914560087.jpg",1,98,287,302,108,400,395
"WSLP_all/006921@30.0785200045826,-90.4860372104841.jpg",3,229,275,304,84,533,359
"WSLP_all/006922@30.0800794250082,-90.485982847692.jpg",1,43,298,401,96,444,394
"WSLP_all/006923@30.0804703273311,-90.4860743800128.jpg",1,105,298,342,97,447,395
"WSLP_all/006924@30.0777675423866,-90.4861068436754.jpg",3,116,299,360,102,476,401
"WSLP_all/006925@30.0826704013892,-90.4860619985609.jpg",1,99,295,418,98,517,393
"WSLP_all/006926@30.0832374739364,-90.4858864313915.jpg",1,124,265,365,119,489,384
"WSLP_all/006927@30.081228378961,-90.485830792965.jpg",1,172,273,412,111,584,384
"WSLP_all/006928@30.0830596170271,-90.4859511829481.jpg",3,148,276,387,121,535,397
"WSLP_all/006929@30.0813770406316,-90.4859085761554.jpg",1,211,301,365,105,576,406
"WSLP_all/006930@30.0784424269409,-90.4858228672491.jpg",1,79,270,427,117,506,387
"WSLP_all/006931@30.0798873829643,-90.4859370528118.jpg",1,51,302,382,99,433,401
"WSLP_all/006933@30.0794999965708,-90.4858834337393.jpg",2,116,289,322,101,438,390
"WSLP_all/006934@30.0793167961773,-90.4858312404576.jpg",1,34,292,396,103,430,395
"WSLP_all/006936@30.0815384476538,-90.4856036607836.jpg",2,263,271,378,105,641,376
"WSLP_all/006937@30.0807879193796,-90.4857428442842.jpg",2,280,265,361,179,641,444
"WSLP_all/006938@30.0833962161816,-90.4856289624096.jpg",3,160,270,394,96,554,366
"WSLP_all/006940@30.0838420708949,-90.4854101541484.jpg",3,95,273,350,123,445,396
"WSLP_all/006941@30.0804307630118,-90.4854170465617.jpg",1,135,303,319,95,454,398
"WSLP_all/006942@30.0808705465219,-90.4855239705402.jpg",1,182,279,305,114,487,393
"WSLP_all/006943@30.0803745167294,-90.4855819422418.jpg",3,197,296,383,108,580,404
"WSLP_all/006944@30.0784587413664,-90.4855761065532.jpg",3,123,299,326,82,449,381
"WSLP_all/006945@30.0833754190982,-90.4854267726769.jpg",3,188,275,371,96,559,371
"WSLP_all/006946@30.0794120823868,-90.4854130666105.jpg",3,164,281,465,126,629,407
"WSLP_all/006947@30.0817445635606,-90.4853837345106.jpg",4,167,290,255,92,422,382
"WSLP_all/006948@30.0804962288301,-90.4852236153913.jpg",3,124,298,317,84,441,382
"WSLP_all/006949@30.0796104178082,-90.4854240264445.jpg",1,137,289,458,111,595,400
"WSLP_all/006951@30.0809367475328,-90.4853463417582.jpg",1,220,281,402,102,622,383
"WSLP_all/006952@30.0787695168442,-90.4853647829579.jpg",1,92,285,437,108,529,393
"WSLP_all/006953@30.0801166051705,-90.4853122163625.jpg",1,164,299,430,99,594,398
"WSLP_all/006954@30.0812464537504,-90.4852551733046.jpg",4,224,262,280,125,504,387
"WSLP_all/006955@30.081794723729,-90.48516197382.jpg",2,301,263,340,124,641,387
"WSLP_all/006957@30.0779653032226,-90.4852293452958.jpg",1,202,244,337,149,539,393
"WSLP_all/006958@30.0809902814422,-90.4851403635655.jpg",1,206,282,345,94,551,376
"WSLP_all/006959@30.0797336083235,-90.4851289265044.jpg",1,107,292,289,83,396,375
"WSLP_all/006960@30.0801712575074,-90.4851220396319.jpg",1,176,272,440,116,616,388
"WSLP_all/006961@30.0810290330777,-90.4849534812893.jpg",1,198,285,320,110,518,395
"WSLP_all/006962@30.0783409491995,-90.4849542323619.jpg",3,92,288,305,99,397,387
"WSLP_all/006963@30.080588869625,-90.4850267897274.jpg",3,76,301,332,96,408,397
"WSLP_all/006964@30.0833576860488,-90.4849874097861.jpg",3,121,279,467,96,588,375
"WSLP_all/006965@30.0818211380074,-90.4849593855057.jpg",4,146,281,325,106,471,387
"WSLP_all/006967@30.079800675635,-90.484944967371.jpg",3,46,283,409,104,455,387
"WSLP_all/006968@30.0802346405032,-90.4849381110517.jpg",1,223,282,375,100,598,382
"WSLP_all/006969@30.0819419640271,-90.4847370226707.jpg",3,250,254,362,135,612,389
"WSLP_all/006970@30.0790680285235,-90.484824731469.jpg",3,86,272,555,160,641,432
"WSLP_all/006971@30.0786636501792,-90.4849167052523.jpg",1,166,295,364,87,530,382
"WSLP_all/006972@30.0782659975694,-90.4847335443778.jpg",1,61,277,445,105,506,382
"WSLP_all/006973@30.080636337493,-90.4848398349827.jpg",1,128,278,329,96,457,374
"WSLP_all/006974@30.08378708099,-90.4848003596867.jpg",1,172,312,244,86,416,398
"WSLP_all/006975@30.0811305202732,-90.4847597419182.jpg",1,222,314,302,95,524,409
"WSLP_all/006976@30.0807075636016,-90.4846526777269.jpg",1,108,277,337,105,445,382
"WSLP_all/006977@30.0833394334107,-90.4847662278582.jpg",3,114,278,379,98,493,376
"WSLP_all/006978@30.0802839790056,-90.4847384935405.jpg",2,252,273,389,147,641,420
"WSLP_all/006979@30.0811455627297,-90.4845635765204.jpg",4,123,251,368,172,491,423
"WSLP_all/006980@30.0798643755533,-90.4847420665904.jpg",4,95,280,353,129,448,409
"WSLP_all/006981@30.0815128591549,-90.4846616291029.jpg",4,277,298,197,96,474,394
"WSLP_all/006982@30.0786200222868,-90.4847178825239.jpg",3,70,275,463,101,533,376
"WSLP_all/006983@30.0815590498322,-90.4844683584778.jpg",4,207,254,266,122,473,376
"WSLP_all/006984@30.0761933832369,-90.4845804580327.jpg",1,21,267,432,116,453,383
"WSLP_all/006985@30.0841370651031,-90.4845886884131.jpg",4,172,274,273,94,445,368
"WSLP_all/006986@30.0843516912251,-90.4846058323636.jpg",4,152,265,236,101,388,366
"WSLP_all/006987@30.0837531386105,-90.4845982823196.jpg",4,85,303,351,106,436,409
"WSLP_all/006988@30.0799309409798,-90.4845486256646.jpg",1,78,291,290,93,368,384
"WSLP_all/006989@30.0846752780597,-90.4844070310667.jpg",1,113,235,357,168,470,403
"WSLP_all/006990@30.0803564357146,-90.484541839753.jpg",2,206,235,435,160,641,395
"WSLP_all/006991@30.0795433791988,-90.4845234700262.jpg",1,81,272,418,104,499,376
"WSLP_all/006992@30.083321901584,-90.4845418779076.jpg",2,200,268,441,119,641,387
"WSLP_all/006993@30.0821633136211,-90.4843209246323.jpg",2,270,289,371,98,641,387
"WSLP_all/006994@30.0816401659828,-90.4842842768632.jpg",4,213,268,254,128,467,396
"WSLP_all/006995@30.0807773057555,-90.484440236761.jpg",1,54,283,354,82,408,365
"WSLP_all/006997@30.0785639523765,-90.4845001940419.jpg",1,79,290,396,94,475,384
"WSLP_all/006998@30.0812699875819,-90.4843791257629.jpg",1,234,301,326,81,560,382
"WSLP_all/006999@30.0837590536699,-90.4843895405514.jpg",1,111,309,341,89,452,398
"WSLP_all/007000@30.0799859631412,-90.4843647694203.jpg",1,75,288,292,95,367,383
"WSLP_all/007001@30.0804129497586,-90.4843674556169.jpg",5,224,210,397,177,621,387
"WSLP_all/007002@30.0840491327087,-90.4842953717761.jpg",1,225,267,276,114,501,381
"WSLP_all/007003@30.0849728672816,-90.4842748533262.jpg",1,107,234,349,167,456,401
"WSLP_all/007004@30.0852867093841,-90.4841172401035.jpg",1,126,259,305,155,431,414
"WSLP_all/007005@30.0804968719964,-90.4841707046394.jpg",1,270,247,369,166,639,413
"WSLP_all/007006@30.0808272068915,-90.4842595844083.jpg",1,74,254,362,135,436,389
"WSLP_all/007007@30.079577464231,-90.4843208217977.jpg",2,134,242,507,166,641,408
"WSLP_all/007008@30.0822908764659,-90.4841838749096.jpg",2,226,256,415,151,641,407
"WSLP_all/007009@30.0813131046678,-90.4841827208043.jpg",1,216,261,396,135,612,396
"WSLP_all/007010@30.0788370328526,-90.4840552123667.jpg",1,83,179,461,229,544,408
"WSLP_all/007011@30.0808896124147,-90.4840693396579.jpg",1,101,268,336,121,437,389
"WSLP_all/007012@30.0824946979655,-90.4839924209901.jpg",1,141,256,448,152,589,408
"WSLP_all/007013@30.0800377966002,-90.4841682927133.jpg",1,0,247,370,145,370,392
"WSLP_all/007014@30.0796849116888,-90.4841049008858.jpg",1,101,258,450,131,551,389
"WSLP_all/007015@30.0833278207034,-90.4840991518603.jpg",1,139,237,424,159,563,396
"WSLP_all/007016@30.084672586882,-90.4839169423227.jpg",1,144,210,442,183,586,393
"WSLP_all/007017@30.0833122949733,-90.4838747839055.jpg",1,174,259,447,134,621,393
"WSLP_all/007018@30.0817727641095,-90.4840965943119.jpg",2,0,260,360,152,360,412
"WSLP_all/007019@30.0781267297373,-90.4840739137979.jpg",3,95,270,399,122,494,392
"WSLP_all/007020@30.0848368783004,-90.483868111766.jpg",3,166,250,283,159,449,409
"WSLP_all/007021@30.0805738850508,-90.4839771730519.jpg",1,259,258,373,156,632,414
"WSLP_all/007022@30.081339406815,-90.4839927817458.jpg",1,215,258,426,151,641,409
"WSLP_all/007023@30.0784703839321,-90.4840235570817.jpg",1,190,267,351,133,541,400
"WSLP_all/007024@30.0801226118163,-90.4839778573775.jpg",1,27,263,362,132,389,395
"WSLP_all/007025@30.0849553687812,-90.4837785653289.jpg",3,141,214,288,231,429,445
"WSLP_all/007026@30.0837442517616,-90.4839659610141.jpg",1,128,285,331,114,459,399
"WSLP_all/007027@30.080979617623,-90.4838693727083.jpg",1,54,256,380,149,434,405
"WSLP_all/007028@30.0793371973447,-90.4838580779838.jpg",1,28,260,485,158,513,418
"WSLP_all/007029@30.0780756888282,-90.4838814782382.jpg",1,61,255,518,143,579,398
"WSLP_all/007030@30.0820217523931,-90.483787765172.jpg",3,21,272,389,128,410,400
"WSLP_all/007031@30.0787959352465,-90.4838310735486.jpg",1,72,262,510,154,582,416
"WSLP_all/007032@30.0801786996838,-90.483784505788.jpg",1,0,270,386,124,386,394
"WSLP_all/007033@30.0815494008193,-90.4836242109946.jpg",1,133,230,486,182,619,412
"WSLP_all/007034@30.0806216763824,-90.4837807294383.jpg",4,207,270,293,251,500,521
"WSLP_all/007035@30.0810310579109,-90.4836887065736.jpg",1,124,259,278,142,402,401
"WSLP_all/007036@30.0852875908323,-90.4836397659824.jpg",1,159,265,384,131,543,396
"WSLP_all/007037@30.0837413807071,-90.4837509712125.jpg",1,119,273,350,126,469,399
"WSLP_all/007038@30.0594460933815,-90.4456125228163.jpg",1,58,262,376,124,434,386
"WSLP_all/007039@30.0607337251735,-90.4455441523743.jpg",3,126,229,317,156,443,385
"WSLP_all/007040@30.0589564550944,-90.4454619849262.jpg",3,226,256,363,140,589,396
"WSLP_all/007041@30.0608506090117,-90.4452933710036.jpg",1,177,248,352,146,529,394
"WSLP_all/007042@30.0602494588384,-90.445346146459.jpg",3,149,249,335,136,484,385
"WSLP_all/007043@30.0594911000657,-90.4453623861283.jpg",1,54,278,364,109,418,387
"WSLP_all/007044@30.0603392684704,-90.4451461871841.jpg",1,128,242,334,146,462,388
"WSLP_all/007045@30.0608788022929,-90.4450497029959.jpg",3,149,252,408,137,557,389
"WSLP_all/007046@30.0595462366478,-90.4451342864107.jpg",1,62,250,353,141,415,391
"WSLP_all/007047@30.0590921586651,-90.4449518217797.jpg",1,224,234,400,162,624,396
"WSLP_all/007048@30.0609469241835,-90.4447898715752.jpg",1,138,235,389,150,527,385
"WSLP_all/007049@30.0591407225128,-90.4447237813373.jpg",1,160,254,446,131,606,385
"WSLP_all/007050@30.0596976584264,-90.4446429469648.jpg",3,73,255,318,116,391,371
"WSLP_all/007051@30.060476300674,-90.4446170372043.jpg",3,145,236,285,145,430,381
"WSLP_all/007052@30.0592861637149,-90.4442388190136.jpg",3,199,243,425,142,624,385
"WSLP_all/007053@30.0611312175164,-90.4443330064539.jpg",1,160,234,380,160,540,394
"WSLP_all/007054@30.0605088891644,-90.4443606857265.jpg",1,128,240,334,127,462,367
"WSLP_all/007055@30.0611606434742,-90.4440766803718.jpg",1,182,259,360,132,542,391
"WSLP_all/007056@30.0593360864661,-90.4440044442642.jpg",1,194,228,367,161,561,389
"WSLP_all/007057@30.0606833772702,-90.4438975857615.jpg",3,137,275,317,112,454,387
"WSLP_all/007058@30.06120219777,-90.4438328920071.jpg",1,113,236,369,150,482,386
"WSLP_all/007059@30.0593842947547,-90.4437605999091.jpg",3,147,260,426,133,573,393
"WSLP_all/007060@30.0607259446028,-90.4436980459477.jpg",3,141,258,351,114,492,372
"WSLP_all/007061@30.0599597962165,-90.4436764330163.jpg",1,77,219,345,163,422,382
"WSLP_all/007062@30.0612862404732,-90.4435855618527.jpg",2,0,212,641,210,641,422
"WSLP_all/007063@30.060776056978,-90.4434225695315.jpg",2,0,234,641,206,641,440
"WSLP_all/007064@30.0599908946855,-90.4434359019944.jpg",3,126,256,293,131,419,387
"WSLP_all/007065@30.060068432876,-90.4431823101283.jpg",2,33,203,608,242,641,445
"WSLP_all/007066@30.061380770454,-90.4431769126736.jpg",2,51,226,590,211,641,437
"WSLP_all/007067@30.060870814743,-90.4430234040232.jpg",3,0,243,636,164,636,407
"WSLP_all/007068@30.0595759805359,-90.4430349695633.jpg",1,140,212,441,179,581,391
"WSLP_all/007069@30.0614263400358,-90.4429457326125.jpg",1,145,234,343,141,488,375
"WSLP_all/007070@30.0601927769439,-90.4427544327908.jpg",1,0,269,502,117,502,386
"WSLP_all/007071@30.0609757908495,-90.4427853717822.jpg",1,165,266,356,117,521,383
"WSLP_all/007072@30.0615138552414,-90.4427078539447.jpg",1,110,250,361,118,471,368
"WSLP_all/007073@30.0526426234653,-90.4690329006751.jpg",1,114,285,308,121,422,406
"WSLP_all/007074@30.0527189715331,-90.4687287833073.jpg",3,33,265,530,135,563,400
"WSLP_all/007075@30.0528359046058,-90.4682694234134.jpg",2,0,265,510,142,510,407
"WSLP_all/007076@30.0511407212545,-90.4680976375378.jpg",2,0,258,641,210,641,468
"WSLP_all/007077@30.0512431956406,-90.4679323788387.jpg",5,179,268,249,237,428,505
"WSLP_all/007078@30.0526939596002,-90.4675499467407.jpg",1,50,287,448,131,498,418
"WSLP_all/007079@30.053094755655,-90.4672366870839.jpg",1,173,291,226,103,399,394
"WSLP_all/007080@30.0513263270196,-90.4672425690529.jpg",1,105,267,504,159,609,426
"WSLP_all/007081@30.0531417249162,-90.4670529395206.jpg",1,153,260,278,136,431,396
"WSLP_all/007082@30.0600325787256,-90.4789425044306.jpg",1,146,270,284,122,430,392
"WSLP_all/007083@30.05971643653,-90.478787153632.jpg",1,164,261,365,161,529,422
"WSLP_all/007084@30.0592222373244,-90.4784531412987.jpg",3,22,255,588,154,610,409
"WSLP_all/007085@30.0601181561428,-90.478764742214.jpg",1,65,269,382,126,447,395
"WSLP_all/007086@30.059843859059,-90.4785869044967.jpg",1,80,259,433,135,513,394
"WSLP_all/007087@30.0599173609051,-90.4783238919037.jpg",2,110,253,531,156,641,409
"WSLP_all/007088@30.0602549835483,-90.4785138319004.jpg",3,18,272,530,130,548,402
"WSLP_all/007089@30.0596055094502,-90.478117927066.jpg",2,0,263,566,161,566,424
"WSLP_all/007090@30.0594391184614,-90.4778601348545.jpg",1,86,265,547,148,633,413
"WSLP_all/007091@30.05975099954,-90.4775539814913.jpg",1,48,258,547,130,595,388
"WSLP_all/007092@30.0525872574387,-90.4650631691558.jpg",3,199,265,410,164,609,429
"WSLP_all/007093@30.051800412735,-90.464842433263.jpg",1,151,280,374,155,525,435
"WSLP_all/007094@30.0522733437943,-90.4648730836334.jpg",2,0,282,421,116,421,398
"WSLP_all/007095@30.0522311894143,-90.4645605129262.jpg",1,151,269,490,160,641,429
"WSLP_all/007096@30.0851996430599,-90.4611774572096.jpg",1,130,239,255,157,385,396
"WSLP_all/007097@30.0770705601612,-90.4612991881334.jpg",2,66,136,575,262,641,398
"WSLP_all/007098@30.0852588749159,-90.4610030272888.jpg",1,165,254,253,131,418,385
"WSLP_all/007099@30.0900457911057,-90.4610243643341.jpg",1,75,243,327,150,402,393
"WSLP_all/007100@30.0792523160105,-90.4610903855222.jpg",1,179,212,462,195,641,407
"WSLP_all/007101@30.0886211672558,-90.4610811054489.jpg",1,95,281,278,85,373,366
"WSLP_all/007102@30.0798754456923,-90.4610880933679.jpg",3,0,262,510,163,510,425
"WSLP_all/007103@30.0778821109781,-90.4609853917934.jpg",3,232,249,215,112,447,361
"WSLP_all/007104@30.0766013216353,-90.4609207209517.jpg",1,33,230,381,139,414,369
"WSLP_all/007105@30.0896267682313,-90.4607086537431.jpg",2,70,235,571,194,641,429
"WSLP_all/007106@30.0893975197634,-90.4607138234979.jpg",3,233,249,396,159,629,408
"WSLP_all/007107@30.0885094191442,-90.4608702208805.jpg",1,204,286,228,102,432,388
"WSLP_all/007108@30.0904352818348,-90.4608501962928.jpg",3,111,254,270,111,381,365
"WSLP_all/007109@30.0886075535485,-90.4606448501552.jpg",1,83,217,556,201,639,418
"WSLP_all/007110@30.0781227940311,-90.4607303408846.jpg",1,177,265,321,110,498,375
"WSLP_all/007111@30.0552528217259,-90.4618915135539.jpg",3,255,228,221,128,476,356
"WSLP_all/007112@30.0789879768178,-90.4608460765342.jpg",1,90,216,551,197,641,413
"WSLP_all/007113@30.0796616676036,-90.4609255482907.jpg",2,0,245,494,174,494,419
"WSLP_all/007114@30.089076251708,-90.4607672312892.jpg",1,216,213,341,173,557,386
"WSLP_all/007115@30.0794586532738,-90.460743938602.jpg",2,0,261,579,152,579,413
"WSLP_all/007116@30.0772417137256,-90.4608550412205.jpg",3,151,258,288,131,439,389
"WSLP_all/007117@30.0787711391063,-90.4607404730032.jpg",1,308,255,271,143,579,398
"WSLP_all/007118@30.0884596795388,-90.4606176850138.jpg",1,37,259,275,133,312,392
"WSLP_all/007119@30.0889934548979,-90.4605971993887.jpg",3,42,268,297,146,339,414
"WSLP_all/007120@30.0898151553674,-90.460491975231.jpg",3,0,204,269,235,269,439
"WSLP_all/007121@30.0881620201712,-90.4604368889998.jpg",3,13,275,296,111,309,386
"WSLP_all/007122@30.0882780393059,-90.4605244121367.jpg",3,37,260,375,142,412,402
"WSLP_all/007123@30.0793000698105,-90.4605239974323.jpg",1,160,261,481,148,641,409
"WSLP_all/007124@30.0880383522378,-90.4602988392223.jpg",1,34,241,298,152,332,393
"WSLP_all/007125@30.0889282314011,-90.4601866919136.jpg",2,347,243,294,159,641,402
"WSLP_all/007126@30.0897946716747,-90.4603055865368.jpg",3,266,197,277,204,543,401
"WSLP_all/007127@30.0887357237623,-90.4601757302043.jpg",2,336,236,305,158,641,394
"WSLP_all/007128@30.0890843215079,-90.4601631891302.jpg",2,0,291,291,121,291,412
"WSLP_all/007129@30.0567268967537,-90.4606552700233.jpg",1,55,280,455,105,510,385
"WSLP_all/007130@30.0879010360999,-90.4601925304958.jpg",1,73,240,357,174,430,414
"WSLP_all/007131@30.0878180618774,-90.4601078795663.jpg",2,381,245,260,149,641,394
"WSLP_all/007132@30.0568251442218,-90.4603888742856.jpg",3,149,268,322,105,471,373
"WSLP_all/007133@30.0885192325548,-90.4601017350376.jpg",2,264,206,377,196,641,402
"WSLP_all/007134@30.089754643823,-90.4601162070168.jpg",1,194,240,447,152,641,392
"WSLP_all/007135@30.0568632427733,-90.4601293282294.jpg",1,158,250,304,155,462,405
"WSLP_all/007136@30.0883153612409,-90.4600149821295.jpg",2,0,250,230,123,230,373
"WSLP_all/007137@30.0563829389934,-90.4600197357436.jpg",1,24,266,547,143,571,409
"WSLP_all/007138@30.0906089701844,-90.460149828826.jpg",3,263,265,218,123,481,388
"WSLP_all/007139@30.0564813458943,-90.4597154055116.jpg",1,215,255,360,156,575,411
"WSLP_all/007140@30.0908559092252,-90.4600464732849.jpg",1,219,259,322,107,541,366
"WSLP_all/007141@30.0570143161055,-90.4596601562586.jpg",3,111,240,358,151,469,391
"WSLP_all/007142@30.056566232636,-90.4594870610693.jpg",3,154,267,371,131,525,398
"WSLP_all/007143@30.0892275751912,-90.4601113393762.jpg",3,58,247,315,126,373,373
"WSLP_all/007144@30.0882075262649,-90.4598926044815.jpg",2,308,235,333,153,641,388
"WSLP_all/007145@30.0888297395454,-90.4598808262319.jpg",1,67,254,339,140,406,394
"WSLP_all/007146@30.0570328901684,-90.4594007806002.jpg",1,79,256,417,146,496,402
"WSLP_all/007147@30.0886637102834,-90.4598569844811.jpg",1,126,260,313,136,439,396
"WSLP_all/007148@30.0876856309997,-90.4599256380079.jpg",1,38,272,392,142,430,414
"WSLP_all/007149@30.0565968358426,-90.4592339022555.jpg",3,144,233,399,179,543,412
"WSLP_all/007150@30.0889910678322,-90.4598509527831.jpg",1,44,226,304,174,348,400
"WSLP_all/007151@30.0571086920816,-90.4591503853125.jpg",3,95,233,360,172,455,405
"WSLP_all/007152@30.0572002590285,-90.4589219803422.jpg",1,110,274,315,131,425,405
"WSLP_all/007153@30.0891386258198,-90.4598180377995.jpg",2,0,249,381,140,381,389
"WSLP_all/007154@30.0880821789482,-90.4597419215649.jpg",2,253,234,388,148,641,382
"WSLP_all/007155@30.0567272421693,-90.4587585892376.jpg",1,169,252,402,127,571,379
"WSLP_all/007156@30.0893089001967,-90.4597438155425.jpg",1,71,207,302,172,373,379
"WSLP_all/007157@30.0894436976369,-90.4596857148861.jpg",1,32,201,386,197,418,398
"WSLP_all/007158@30.0572569273042,-90.4586559464583.jpg",1,51,286,400,121,451,407
"WSLP_all/007159@30.0908193181656,-90.4597906554342.jpg",1,212,234,342,180,554,414
"WSLP_all/007160@30.0568382999503,-90.4582644780574.jpg",1,191,254,345,139,536,393
"WSLP_all/007161@30.0901019824548,-90.4597684843745.jpg",3,147,243,321,192,468,435
"WSLP_all/007162@30.0907495680297,-90.459626832404.jpg",1,226,241,298,142,524,383
"WSLP_all/007163@30.0884913518896,-90.4597826042058.jpg",1,163,253,305,143,468,396
"WSLP_all/007164@30.0896018621366,-90.4596432200141.jpg",1,126,181,449,225,575,406
"WSLP_all/007165@30.0573683518175,-90.4581839573181.jpg",3,169,276,249,124,418,400
"WSLP_all/007166@30.0883986993302,-90.459644282839.jpg",3,85,256,359,144,444,400
"WSLP_all/007167@30.0569438279256,-90.4580391114147.jpg",1,145,226,428,192,573,418
"WSLP_all/007168@30.0879620286074,-90.4595911924194.jpg",2,0,163,580,274,580,437
"WSLP_all/007169@30.0907040686861,-90.4594501470842.jpg",2,324,195,317,246,641,441
"WSLP_all/007170@30.0574535700547,-90.4579935403581.jpg",1,150,278,417,128,567,406
"WSLP_all/007171@30.089954671446,-90.4594820166925.jpg",1,42,270,400,137,442,407
"WSLP_all/007172@30.0903309408153,-90.4596241786477.jpg",3,0,265,258,128,258,393
"WSLP_all/007173@30.0793114316239,-90.4596575519696.jpg",1,67,268,383,127,450,395
"WSLP_all/007174@30.0900954144548,-90.459420700979.jpg",1,104,267,312,126,416,393
"WSLP_all/007175@30.0882660923053,-90.4594936625689.jpg",1,113,262,379,143,492,405
"WSLP_all/007176@30.0888030415203,-90.4593877653402.jpg",2,264,235,377,170,641,405
"WSLP_all/007177@30.0569881478353,-90.4577731861638.jpg",1,125,246,404,161,529,407
"WSLP_all/007178@30.0889749072248,-90.4593546365327.jpg",1,248,239,299,174,547,413
"WSLP_all/007179@30.0891302459429,-90.4593090039694.jpg",1,236,247,376,169,612,416
"WSLP_all/007180@30.057063277245,-90.4575544080077.jpg",3,176,232,415,159,591,391
"WSLP_all/007181@30.0575099132605,-90.4576706074466.jpg",1,92,247,304,140,396,387
"WSLP_all/007182@30.0881533086637,-90.4593839774228.jpg",1,140,70,474,345,614,415
"WSLP_all/007183@30.0876788585104,-90.4593438690915.jpg",1,114,235,494,190,608,425
"WSLP_all/007184@30.090659620767,-90.459270291539.jpg",2,318,220,323,163,641,383
"WSLP_all/007185@30.0892802634411,-90.4592570936293.jpg",1,215,245,346,164,561,409
"WSLP_all/007186@30.0571307654836,-90.4573072464471.jpg",1,152,242,425,163,577,405
"WSLP_all/007187@30.0576390681569,-90.4571858155233.jpg",3,105,261,343,131,448,392
"WSLP_all/007188@30.05772106592,-90.4569827808745.jpg",1,95,265,379,114,474,379
"WSLP_all/007189@30.0878060310149,-90.4592099451166.jpg",1,112,216,389,190,501,406
"WSLP_all/007190@30.0895942441117,-90.4591373393081.jpg",1,143,252,327,135,470,387
"WSLP_all/007191@30.0571499312808,-90.4570383803574.jpg",1,191,265,312,128,503,393
"WSLP_all/007192@30.0905762367878,-90.459090777763.jpg",3,192,236,385,166,577,402
"WSLP_all/007193@30.0572365725305,-90.4568100166346.jpg",1,189,267,335,139,524,406
"WSLP_all/007194@30.0897467412291,-90.4590695958604.jpg",1,191,228,369,170,560,398
"WSLP_all/007195@30.0899073207639,-90.4590428885291.jpg",1,198,220,424,186,622,406
"WSLP_all/007196@30.0879109638904,-90.4590730527696.jpg",3,190,227,451,169,641,396
"WSLP_all/007197@30.0577715438132,-90.4567705396016.jpg",1,197,275,305,101,502,376
"WSLP_all/007198@30.057307457634,-90.4565817900626.jpg",3,140,254,435,138,575,392
"WSLP_all/007199@30.0905222465699,-90.4589110053049.jpg",1,100,217,334,187,434,404
"WSLP_all/007200@30.0891925191538,-90.4589384848472.jpg",1,154,183,386,198,540,381
"WSLP_all/007201@30.0578619946893,-90.4565073669173.jpg",1,123,278,344,107,467,385
"WSLP_all/007202@30.0888859114549,-90.4590297153376.jpg",1,157,259,246,127,403,386
"WSLP_all/007203@30.088424032504,-90.4590400921457.jpg",2,73,203,568,232,641,435
"WSLP_all/007204@30.0573637494393,-90.456363176024.jpg",1,127,261,351,144,478,405
"WSLP_all/007205@30.0893400591856,-90.4588612983972.jpg",1,123,201,384,194,507,395
"WSLP_all/007206@30.0795710920124,-90.459038714263.jpg",3,166,240,270,175,436,415
"WSLP_all/007207@30.0895015775323,-90.4588187728243.jpg",1,177,233,357,158,534,391
"WSLP_all/007208@30.0896601050221,-90.4587604625252.jpg",1,138,259,378,170,516,429
"WSLP_all/007209@30.0900721840944,-90.4587916297342.jpg",1,169,247,407,157,576,404
"WSLP_all/007210@30.0579396741549,-90.4562506294907.jpg",1,95,267,334,112,429,379
"WSLP_all/007211@30.088730219111,-90.4589267308389.jpg",1,166,263,304,117,470,380
"WSLP_all/007212@30.0882405215643,-90.4586527611847.jpg",1,187,225,367,175,554,400
"WSLP_all/007213@30.0898109659636,-90.4586990571608.jpg",1,126,247,404,155,530,402
"WSLP_all/007214@30.0886114613544,-90.4588202603839.jpg",1,2,157,578,314,580,471
"WSLP_all/007215@30.0573002296459,-90.4558927237348.jpg",1,174,253,401,138,575,391
"WSLP_all/007216@30.090011982854,-90.4585834542947.jpg",2,0,228,630,183,630,411
"WSLP_all/007217@30.0883584896691,-90.4585284017153.jpg",1,166,214,396,178,562,392
"WSLP_all/007218@30.0574979954827,-90.4559415612169.jpg",1,216,245,425,157,641,402
"WSLP_all/007219@30.0568383741747,-90.455741894085.jpg",1,167,227,377,175,544,402
"WSLP_all/007220@30.0895348821891,-90.4583346684525.jpg",1,119,235,350,145,469,380
"WSLP_all/007221@30.0892246657609,-90.4584290949573.jpg",1,86,235,405,171,491,406
"WSLP_all/007222@30.08969259705,-90.4582700401607.jpg",1,61,206,442,180,503,386
"WSLP_all/007223@30.0886063480096,-90.4582447957925.jpg",1,180,229,366,182,546,411
"WSLP_all/007224@30.0903227020809,-90.4582044250872.jpg",1,123,228,412,163,535,391
"WSLP_all/007225@30.0581958622105,-90.4556287838277.jpg",1,0,233,581,182,581,415
"WSLP_all/007226@30.088485204187,-90.458362858496.jpg",1,73,237,412,157,485,394
"WSLP_all/007227@30.0571827135988,-90.4552963020778.jpg",2,0,246,567,160,567,406
"WSLP_all/007228@30.0899142039446,-90.4582364722926.jpg",1,91,253,489,169,580,422
"WSLP_all/007229@30.0576779291849,-90.4554436752239.jpg",2,6,243,581,169,587,412
"WSLP_all/007230@30.0894092513141,-90.4580669880511.jpg",1,146,214,328,187,474,401
"WSLP_all/007231@30.0583032080119,-90.4554128787952.jpg",1,196,260,370,133,566,393
"WSLP_all/007232@30.0892171664996,-90.4581445669723.jpg",1,7,175,485,218,492,393
"WSLP_all/007233@30.0566019832598,-90.4551623272328.jpg",2,0,161,244,247,244,408
"WSLP_all/007234@30.0895639512728,-90.4579707632155.jpg",1,190,240,326,136,516,376
"WSLP_all/007235@30.0577996448869,-90.4552466114661.jpg",3,177,237,351,143,528,380
"WSLP_all/007236@30.0578638687199,-90.4549931518876.jpg",1,116,282,394,120,510,402
"WSLP_all/007237@30.0903024444338,-90.4579864109808.jpg",1,212,221,285,159,497,380
"WSLP_all/007238@30.0572025300712,-90.4550432353856.jpg",1,42,262,408,134,450,396
"WSLP_all/007239@30.0889290607684,-90.4578625033506.jpg",1,169,267,346,171,515,438
"WSLP_all/007240@30.0583329624497,-90.4551407546806.jpg",1,124,243,373,140,497,383
"WSLP_all/007241@30.090245093592,-90.4578224810991.jpg",3,73,216,408,170,481,386
"WSLP_all/007242@30.0583816595741,-90.4548969150773.jpg",1,149,236,395,157,544,393
"WSLP_all/007243@30.0895654935587,-90.4577683711194.jpg",1,177,219,332,163,509,382
"WSLP_all/007244@30.0897875345555,-90.4576842036127.jpg",1,165,227,370,174,535,401
"WSLP_all/007245@30.0572682932798,-90.4548308594917.jpg",1,106,263,310,124,416,387
"WSLP_all/007246@30.0890659806913,-90.4576810579043.jpg",3,176,256,392,169,568,425
"WSLP_all/007247@30.0568146971976,-90.4546609941979.jpg",1,156,247,444,147,600,394
"WSLP_all/007248@30.08976853376,-90.4575104501264.jpg",1,79,201,538,199,617,400
"WSLP_all/007249@30.0901948139012,-90.4576426783392.jpg",3,147,240,327,169,474,409
"WSLP_all/007250@30.0901637076752,-90.4574721927392.jpg",1,80,234,467,167,547,401
"WSLP_all/007251@30.0584746747175,-90.4546558446979.jpg",1,147,248,318,138,465,386
"WSLP_all/007252@30.0894134888915,-90.457260597948.jpg",3,255,176,349,198,604,374
"WSLP_all/007253@30.08973888257,-90.4571122772696.jpg",1,90,209,545,164,635,373
"WSLP_all/007254@30.0894985164928,-90.4571491746946.jpg",1,172,248,260,140,432,388
"WSLP_all/007255@30.0897268113857,-90.4569511117039.jpg",1,141,241,301,139,442,380
"WSLP_all/007256@30.0585195206435,-90.4544120384618.jpg",1,147,245,387,144,534,389
"WSLP_all/007257@30.0573320816031,-90.4545615991141.jpg",1,86,255,317,131,403,386
"WSLP_all/007258@30.0579758620782,-90.4545053448314.jpg",1,179,262,285,126,464,388
"WSLP_all/007259@30.0580387398923,-90.4542645418843.jpg",1,105,274,402,118,507,392
"WSLP_all/007260@30.0569023098378,-90.4541544401525.jpg",1,191,247,403,147,594,394
"WSLP_all/007261@30.0573871075811,-90.4543145447107.jpg",1,93,282,344,93,437,375
"WSLP_all/007262@30.0585720332732,-90.4541839702926.jpg",1,190,253,317,138,507,391
"WSLP_all/007263@30.0574722269592,-90.4540071617348.jpg",3,0,263,335,118,335,381
"WSLP_all/007264@30.058091506314,-90.4540333102922.jpg",1,120,281,266,108,386,389
"WSLP_all/007265@30.0569799825051,-90.4539261535711.jpg",1,179,253,443,132,622,385
"WSLP_all/007266@30.0581466904266,-90.4537894134798.jpg",1,78,237,346,152,424,389
"WSLP_all/007267@30.0587102754863,-90.453686443631.jpg",3,64,248,450,147,514,395
"WSLP_all/007268@30.0570595723195,-90.453742105595.jpg",1,53,267,438,121,491,388
"WSLP_all/007269@30.0575368612676,-90.4535766741674.jpg",1,78,270,353,118,431,388
"WSLP_all/007270@30.0582103236355,-90.4535549242944.jpg",3,137,258,320,121,457,379
"WSLP_all/007271@30.0576201361606,-90.4533104023873.jpg",1,79,265,333,130,412,395
"WSLP_all/007272@30.0570825981884,-90.4534099821693.jpg",3,203,247,400,131,603,378
"WSLP_all/007273@30.0582688383951,-90.4532951916486.jpg",1,120,248,348,131,468,379
"WSLP_all/007274@30.0583388948873,-90.4530385169006.jpg",1,112,269,286,118,398,387
"WSLP_all/007275@30.0571251784779,-90.45319781013.jpg",1,219,223,388,153,607,376
"WSLP_all/007276@30.0588685960352,-90.4529800985719.jpg",1,235,265,332,121,567,386
"WSLP_all/007277@30.0571779700992,-90.4529665798533.jpg",1,151,252,393,147,544,399
"WSLP_all/007278@30.0577480971566,-90.4528509039355.jpg",1,77,258,360,135,437,393
"WSLP_all/007279@30.0584435581342,-90.4525412864953.jpg",3,133,246,292,129,425,375
"WSLP_all/007280@30.0577920689327,-90.4525754937421.jpg",1,52,278,353,102,405,380
"WSLP_all/007281@30.0572124410074,-90.4526849339852.jpg",3,213,255,428,128,641,383
"WSLP_all/007282@30.0589496143737,-90.4527138426613.jpg",1,185,254,329,145,514,399
"WSLP_all/007283@30.0590140244624,-90.4524888276083.jpg",1,193,263,343,132,536,395
"WSLP_all/007284@30.0584916830472,-90.4523195786282.jpg",1,42,246,408,148,450,394
"WSLP_all/007285@30.0572859187849,-90.4524630038438.jpg",1,217,221,379,162,596,383
"WSLP_all/007286@30.059080395075,-90.4522321839796.jpg",3,130,272,378,126,508,398
"WSLP_all/007287@30.0573514172877,-90.4522158557884.jpg",1,145,253,429,140,574,393
"WSLP_all/007288@30.0578282325397,-90.4523538930586.jpg",1,59,253,358,127,417,380
"WSLP_all/007289@30.0585939406235,-90.4520879084102.jpg",1,68,263,355,124,423,387
"WSLP_all/007290@30.0574038331008,-90.4519656608999.jpg",3,207,261,374,125,581,386
"WSLP_all/007291@30.0591293755865,-90.4519535643309.jpg",1,151,241,372,150,523,391
"WSLP_all/007292@30.0586191241451,-90.4518569182694.jpg",1,98,273,344,123,442,396
"WSLP_all/007293@30.0591683140457,-90.4517603867129.jpg",1,166,252,444,131,610,383
"WSLP_all/007294@30.0574784238417,-90.4517089483549.jpg",1,204,263,351,135,555,398
"WSLP_all/007295@30.0587103508726,-90.4516000553504.jpg",3,123,282,326,111,449,393
"WSLP_all/007296@30.0587464763976,-90.4513689679914.jpg",3,99,266,344,127,443,393
"WSLP_all/007297@30.0592617357663,-90.451478212194.jpg",1,125,247,329,115,454,362
"WSLP_all/007298@30.0593069838556,-90.4512502050237.jpg",1,145,235,373,137,518,372
"WSLP_all/007299@30.0575684650648,-90.4512339782608.jpg",1,211,247,336,131,547,378
"WSLP_all/007300@30.0580939191411,-90.4513873866182.jpg",1,42,242,400,123,442,365
"WSLP_all/007301@30.0588261090523,-90.45109323976.jpg",1,138,267,318,119,456,386
"WSLP_all/007302@30.058107700483,-90.4511375323888.jpg",1,72,254,416,125,488,379
"WSLP_all/007303@30.057620437175,-90.451012236598.jpg",1,153,258,345,113,498,371
"WSLP_all/007304@30.0589062272819,-90.4508902132009.jpg",1,147,268,292,120,439,388
"WSLP_all/007306@30.0581882266202,-90.4508681191297.jpg",1,88,279,341,113,429,392
"WSLP_all/007307@30.0595207240193,-90.4505718128775.jpg",1,160,262,338,125,498,387
"WSLP_all/007308@30.0576822881996,-90.4507177017083.jpg",1,202,252,313,119,515,371
"WSLP_all/007309@30.0590124120591,-90.4503708357804.jpg",1,110,236,390,155,500,391
"WSLP_all/007310@30.0595483028933,-90.4502965419648.jpg",1,154,248,379,146,533,394
"WSLP_all/007311@30.0577963368778,-90.4502804509254.jpg",1,124,260,390,133,514,393
"WSLP_all/007312@30.0584509497281,-90.4501829774106.jpg",1,159,259,253,88,412,347
"WSLP_all/007313@30.0590419674935,-90.450124000518.jpg",1,139,265,310,121,449,386
"WSLP_all/007314@30.0578932223305,-90.4500108928269.jpg",1,165,262,444,132,609,394
"WSLP_all/007315@30.059106444879,-90.4498768545459.jpg",3,232,266,273,115,505,381
"WSLP_all/007316@30.058417242824,-90.4499050913281.jpg",1,73,262,350,124,423,386
"WSLP_all/007317@30.0579041187702,-90.4497863537567.jpg",3,183,265,330,121,513,386
"WSLP_all/007318@30.059141138409,-90.4496457793499.jpg",3,144,246,497,185,641,431
"WSLP_all/007319@30.0579610941948,-90.4494950216398.jpg",1,224,261,334,120,558,381
"WSLP_all/007320@30.0580447571553,-90.449291964098.jpg",3,185,275,437,137,622,412
"WSLP_all/007321@30.059801405146,-90.4493870268388.jpg",2,107,237,534,179,641,416
"WSLP_all/007322@30.05928468252,-90.4492525161695.jpg",2,0,246,617,185,617,431
"WSLP_all/007323@30.0598565342324,-90.4491526073545.jpg",1,130,267,351,122,481,389
"WSLP_all/007324@30.0593412356708,-90.4489927955271.jpg",1,159,267,317,109,476,376
"WSLP_all/007325@30.0599076090036,-90.4488960939631.jpg",1,174,268,333,113,507,381
"WSLP_all/007326@30.0581194150674,-90.4488740265976.jpg",2,0,173,589,255,589,428
"WSLP_all/007327@30.0586353985237,-90.4490211860735.jpg",1,133,249,493,158,626,407
"WSLP_all/007328@30.0593971045951,-90.4487457244593.jpg",3,190,274,278,115,468,389
"WSLP_all/007329@30.0599439951842,-90.4486839688922.jpg",1,152,261,343,121,495,382
"WSLP_all/007330@30.0581466177653,-90.4485924410896.jpg",1,196,266,344,120,540,386
"WSLP_all/007331@30.059446146215,-90.4485018759656.jpg",1,118,267,313,114,431,381
"WSLP_all/007332@30.0582363164687,-90.4483956511598.jpg",3,186,236,418,147,604,383
"WSLP_all/007333@30.0587596651601,-90.4485585489059.jpg",1,91,267,314,135,405,402
"WSLP_all/007334@30.0595250361738,-90.4482925345036.jpg",3,120,245,360,142,480,387
"WSLP_all/007335@30.0600278336247,-90.4484334866148.jpg",1,173,254,377,127,550,381
"WSLP_all/007336@30.0582689297139,-90.448158273568.jpg",3,200,246,317,135,517,381
"WSLP_all/007337@30.0587811321383,-90.4482991397207.jpg",3,73,250,331,123,404,373
"WSLP_all/007338@30.059601008973,-90.4480010280289.jpg",3,152,256,240,116,392,372
"WSLP_all/007339@30.0601059626617,-90.4481640882568.jpg",3,134,253,368,128,502,381
"WSLP_all/007340@30.0582987241953,-90.4478861468933.jpg",3,226,265,364,116,590,381
"WSLP_all/007341@30.0588260396891,-90.4480458456486.jpg",3,37,255,408,125,445,380
"WSLP_all/007342@30.0596513681252,-90.4477856168764.jpg",3,101,254,368,129,469,383
"WSLP_all/007343@30.0588731770141,-90.4478051752701.jpg",3,19,259,425,124,444,383
"WSLP_all/007344@30.0602019376351,-90.4477269844283.jpg",1,177,256,290,123,467,379
"WSLP_all/007345@30.059709106936,-90.4475511736424.jpg",1,100,249,402,130,502,379
"WSLP_all/007346@30.0589941172402,-90.4475353990772.jpg",1,0,250,343,133,343,383
"WSLP_all/007347@30.0584703417033,-90.4474072830892.jpg",1,236,237,364,161,600,398
"WSLP_all/007348@30.0602775097182,-90.4474702527098.jpg",3,146,254,395,129,541,383
"WSLP_all/007349@30.0603135901057,-90.4472170318842.jpg",3,141,266,343,130,484,396
"WSLP_all/007350@30.058542807539,-90.4471916785772.jpg",3,230,237,394,156,624,393
"WSLP_all/007351@30.0603665730408,-90.4469952740086.jpg",1,152,241,368,150,520,391
"WSLP_all/007352@30.0590986188589,-90.4470539668811.jpg",3,25,241,358,159,383,400
"WSLP_all/007353@30.0598289153122,-90.4470601182387.jpg",3,126,249,309,150,435,399
"WSLP_all/007354@30.0598965297356,-90.4468224240591.jpg",1,130,246,366,137,496,383
"WSLP_all/007355@30.0604291443523,-90.4467354946588.jpg",3,128,242,432,150,560,392
"WSLP_all/007356@30.0599792305516,-90.4466035637479.jpg",1,120,253,356,122,476,375
"WSLP_all/007357@30.0591800692848,-90.4467023480658.jpg",3,21,255,469,130,490,385
"WSLP_all/007358@30.0586387756291,-90.4466028437683.jpg",3,288,267,353,116,641,383
"WSLP_all/007359@30.0600301507734,-90.4463533725262.jpg",1,133,245,331,140,464,385
"WSLP_all/007360@30.0605848571876,-90.4462599213959.jpg",3,108,260,351,128,459,388
"WSLP_all/007361@30.0600783581753,-90.4460842388382.jpg",1,139,240,370,148,509,388
"WSLP_all/007362@30.0588431350178,-90.4459561414354.jpg",1,275,260,304,122,579,382
"WSLP_all/007363@30.0601563864954,-90.4458496129345.jpg",1,140,276,338,113,478,389
"WSLP_all/007364@30.0593855745885,-90.4458501525475.jpg",3,24,256,406,125,430,381
"WSLP_all/007365@30.0606856227454,-90.445787997159.jpg",3,151,256,395,139,546,395
"WSLP_all/007366@30.0588640825053,-90.4457062196334.jpg",1,213,253,390,138,603,391
"WSLP_all/007367@30.0699291668176,-90.4764295999856.jpg",2,217,232,424,159,641,391
"WSLP_all/007368@30.0698410352716,-90.4758170178209.jpg",3,117,236,479,191,596,427
"WSLP_all/007369@30.0701563939347,-90.476130460043.jpg",3,165,232,401,164,566,396
"WSLP_all/007370@30.0688538575848,-90.4753133466765.jpg",1,37,202,479,186,516,388
"WSLP_all/007371@30.0691120940001,-90.4754818462327.jpg",3,79,255,424,130,503,385
"WSLP_all/007372@30.0686094309908,-90.4751036306658.jpg",3,93,225,337,135,430,360
"WSLP_all/007373@30.0690586929849,-90.4749416865242.jpg",1,238,214,384,168,622,382
"WSLP_all/007374@30.068014584461,-90.4746440146247.jpg",3,106,226,317,124,423,350
"WSLP_all/007375@30.0675411870453,-90.5523220307646.jpg",1,39,253,536,123,575,376
"WSLP_all/007376@30.06693973137,-90.5523204209587.jpg",1,9,259,587,112,596,371
"WSLP_all/007377@30.0695663676997,-90.503109709081.jpg",1,111,249,361,152,472,401
"WSLP_all/007378@30.0685161616083,-90.5525104023149.jpg",1,48,235,362,148,410,383
"WSLP_all/007379@30.0696904922737,-90.5031877132363.jpg",1,198,258,273,135,471,393
"WSLP_all/007380@30.0700425252745,-90.5519135606725.jpg",1,151,255,377,166,528,421
"WSLP_all/007381@30.0694648887851,-90.5517505296167.jpg",1,52,272,538,126,590,398
"WSLP_all/007382@30.0667608552998,-90.5517780569352.jpg",3,158,288,332,128,490,416
"WSLP_all/007383@30.0657270761449,-90.551684998773.jpg",1,141,275,422,132,563,407
"WSLP_all/007384@30.0660968690679,-90.5516979057179.jpg",3,176,299,339,96,515,395
"WSLP_all/007385@30.0685672392165,-90.5007658794415.jpg",3,0,270,331,131,331,401
"WSLP_all/007386@30.0643351075612,-90.5002574758199.jpg",1,120,288,328,111,448,399
"WSLP_all/007387@30.0670351938181,-90.5000452207454.jpg",1,303,275,241,111,544,386
"WSLP_all/007388@30.0671576787363,-90.5000157436893.jpg",1,31,247,321,139,352,386
"WSLP_all/007389@30.0668935715014,-90.4999705303077.jpg",1,211,265,412,146,623,411
"WSLP_all/007390@30.0595282994782,-90.4811059356846.jpg",3,75,259,566,157,641,416
"WSLP_all/007391@30.0649376256231,-90.4995790659227.jpg",3,210,273,244,95,454,368
"WSLP_all/007392@30.0598145167967,-90.4804238260008.jpg",2,0,240,636,164,636,404
"WSLP_all/007393@30.057349200713,-90.4805113047081.jpg",4,217,237,253,208,470,445
"WSLP_all/007394@30.0572882708827,-90.480707817486.jpg",1,17,174,331,242,348,416
"WSLP_all/007395@30.0627260691607,-90.499025368199.jpg",1,64,242,373,211,437,453
"WSLP_all/007396@30.0631121966772,-90.4991327822162.jpg",1,131,289,260,117,391,406
"WSLP_all/007397@30.0619394921323,-90.497666276075.jpg",6,179,219,263,176,442,395
"WSLP_all/007398@30.0700635122696,-90.5059857337692.jpg",3,85,272,308,122,393,394
"WSLP_all/007399@30.0702504677537,-90.5060284433907.jpg",3,53,268,313,132,366,400
"WSLP_all/007400@30.0699974844251,-90.5061032586441.jpg",3,112,269,319,116,431,385
"WSLP_all/007401@30.0600746962548,-90.479801998619.jpg",1,22,252,448,150,470,402
"WSLP_all/007402@30.0599856984261,-90.4800208850224.jpg",1,51,250,421,149,472,399
"WSLP_all/007403@30.0704306486181,-90.5056317532137.jpg",3,248,283,393,144,641,427
"WSLP_all/007404@30.0699238007248,-90.5053830388961.jpg",1,229,273,404,138,633,411
"WSLP_all/007405@30.070406456146,-90.5048320806061.jpg",6,190,252,271,146,461,398
"WSLP_all/007406@30.0576298270031,-90.4796711987197.jpg",6,203,256,240,140,443,396
"WSLP_all/007407@30.0567623795867,-90.479751333406.jpg",1,266,227,375,201,641,428
"WSLP_all/007408@30.0568139361708,-90.4796149636946.jpg",2,334,228,307,187,641,415
"WSLP_all/007409@30.0698492931396,-90.5037459823643.jpg",2,125,241,516,191,641,432
"WSLP_all/007410@30.0601456133942,-90.4796022340502.jpg",2,0,245,311,209,311,454
"WSLP_all/007411@30.0704440595118,-90.5031087208784.jpg",1,128,248,336,123,464,371
"WSLP_all/007412@30.0702050698668,-90.5028862422636.jpg",1,146,279,352,122,498,401
"WSLP_all/007413@30.0705255808545,-90.5028930562939.jpg",2,0,269,302,107,302,376
"WSLP_all/007414@30.0705772537322,-90.5027060930666.jpg",6,185,245,252,146,437,391
"WSLP_all/007415@30.0702704004694,-90.5026454195689.jpg",1,58,273,393,129,451,402
"WSLP_all/007416@30.0703256450086,-90.5025058511287.jpg",6,211,248,190,145,401,393
"WSLP_all/007417@30.0706232451686,-90.5025033702683.jpg",6,216,258,199,130,415,388
"WSLP_all/007418@30.0703692948431,-90.5023853484841.jpg",1,230,294,186,95,416,389
"WSLP_all/007419@30.0568954474552,-90.4793740191202.jpg",2,0,250,350,187,350,437
"WSLP_all/007420@30.0636165445032,-90.4789623639302.jpg",6,196,221,210,178,406,399
"WSLP_all/007421@30.0590754258789,-90.4789412252259.jpg",1,8,269,510,117,518,386
"WSLP_all/007422@30.0593808420646,-90.4785877137753.jpg",3,220,267,301,147,521,414
"WSLP_all/007423@30.0616024892416,-90.4785591783893.jpg",1,177,278,380,135,557,413
"WSLP_all/007424@30.0582651018673,-90.4785435415492.jpg",1,18,255,471,172,489,427
"WSLP_all/007425@30.0691620539321,-90.4785227984015.jpg",1,194,278,205,95,399,373
"WSLP_all/007426@30.0622201472186,-90.478408460985.jpg",4,160,265,258,214,418,479
"WSLP_all/007428@30.061720127919,-90.4783811369963.jpg",1,55,270,500,143,555,413
"WSLP_all/007429@30.0580833558512,-90.4784534253943.jpg",1,92,241,410,168,502,409
"WSLP_all/007430@30.0610161808578,-90.4766990617867.jpg",3,211,265,238,130,449,395
"WSLP_all/007431@30.0593429362477,-90.4782213383862.jpg",3,105,230,400,181,505,411
"WSLP_all/007432@30.0578978078917,-90.4783917936185.jpg",1,0,268,480,137,480,405
"WSLP_all/007433@30.0689455790427,-90.4782337954268.jpg",4,186,273,265,166,451,439
"WSLP_all/007434@30.0577023151166,-90.4782638632306.jpg",1,75,248,416,144,491,392
"WSLP_all/007435@30.0585341720564,-90.4782251154632.jpg",2,161,208,480,231,641,439
"WSLP_all/007436@30.0668651981624,-90.4781315091924.jpg",2,0,268,604,184,604,452
"WSLP_all/007437@30.0575281436474,-90.4781926510115.jpg",1,179,242,441,147,620,389
"WSLP_all/007438@30.05887821227,-90.4782980324915.jpg",1,80,261,533,150,613,411
"WSLP_all/007439@30.0589476077242,-90.4781014434766.jpg",1,81,272,421,130,502,402
"WSLP_all/007440@30.0609152918638,-90.4780750765144.jpg",1,154,279,442,115,596,394
"WSLP_all/007441@30.0573425619555,-90.4780962478306.jpg",1,100,195,479,210,579,405
"WSLP_all/007442@30.0688855249007,-90.4780477819046.jpg",1,184,275,211,87,395,362
"WSLP_all/007443@30.0586166433512,-90.477984157334.jpg",1,48,243,423,165,471,408
"WSLP_all/007444@30.0580096939908,-90.4779545929125.jpg",1,147,241,417,157,564,398
"WSLP_all/007445@30.0568559592796,-90.4779075933151.jpg",1,113,235,376,159,489,394
"WSLP_all/007446@30.0571764958204,-90.4780154821748.jpg",1,119,252,467,159,586,411
"WSLP_all/007447@30.0578534382367,-90.4778516157111.jpg",2,0,259,546,143,546,402
"WSLP_all/007448@30.0672958642098,-90.4778875423154.jpg",3,243,274,213,107,456,381
"WSLP_all/007449@30.0581868829889,-90.4780162967096.jpg",1,117,245,499,173,616,418
"WSLP_all/007450@30.0685462463628,-90.4778104188444.jpg",3,147,265,349,111,496,376
"WSLP_all/007451@30.0693738801131,-90.4777780223554.jpg",1,185,305,299,88,484,393
"WSLP_all/007452@30.0575601250746,-90.4776676254834.jpg",2,193,225,448,186,641,411
"WSLP_all/007453@30.0694601596699,-90.4772303372247.jpg",1,196,234,266,120,462,354
"WSLP_all/007454@30.0692691205801,-90.4776398148984.jpg",3,191,278,277,114,468,392
"WSLP_all/007455@30.0691526451229,-90.4775522925442.jpg",3,236,289,256,111,492,400
"WSLP_all/007456@30.0591029797081,-90.4776575421398.jpg",1,91,263,392,126,483,389
"WSLP_all/007457@30.0572055536369,-90.4775442238558.jpg",1,17,249,514,156,531,405
"WSLP_all/007458@30.059182155818,-90.4774640284054.jpg",1,125,197,358,229,483,426
"WSLP_all/007459@30.0587611730018,-90.4775688020622.jpg",2,0,252,469,159,469,411
"WSLP_all/007460@30.0583516322855,-90.4775470287544.jpg",1,153,243,488,157,641,400
"WSLP_all/007461@30.0580444946306,-90.4773599950185.jpg",1,7,258,441,146,448,404
"WSLP_all/007462@30.0584192262347,-90.4773188429522.jpg",3,170,263,284,129,454,392
"WSLP_all/007463@30.0626749839554,-90.4774909407952.jpg",1,116,274,355,137,471,411
"WSLP_all/007464@30.057298129745,-90.4772842147622.jpg",3,98,234,519,178,617,412
"WSLP_all/007465@30.0575909415409,-90.4774460796629.jpg",3,199,247,385,142,584,389
"WSLP_all/007466@30.056862944156,-90.4773827858741.jpg",1,143,269,318,132,461,401
"WSLP_all/007467@30.0576984068452,-90.4772049095219.jpg",1,133,255,508,156,641,411
"WSLP_all/007468@30.0581569067762,-90.4772072937961.jpg",1,180,274,249,115,429,389
"WSLP_all/007469@30.0594554910025,-90.4771929789388.jpg",1,8,287,596,120,604,407
"WSLP_all/007470@30.0613315570404,-90.477066220391.jpg",1,77,243,459,177,536,420
"WSLP_all/007471@30.0593347883791,-90.4770517616012.jpg",1,193,270,275,139,468,409
"WSLP_all/007472@30.0569378237341,-90.4771924753329.jpg",1,165,255,306,158,471,413
"WSLP_all/007473@30.0629038875276,-90.477017938344.jpg",1,121,256,433,145,554,401
"WSLP_all/007474@30.0690191363264,-90.476908490061.jpg",2,88,237,553,171,641,408
"WSLP_all/007475@30.0666252489709,-90.477027064477.jpg",3,138,252,371,192,509,444
"WSLP_all/007476@30.0573633924427,-90.4770655356709.jpg",1,92,239,522,169,614,408
"WSLP_all/007477@30.0582168223567,-90.4769317566762.jpg",1,138,253,233,125,371,378
"WSLP_all/007478@30.055329973447,-90.4645335051589.jpg",6,193,261,270,141,463,402
"WSLP_all/007479@30.058577187389,-90.476846469879.jpg",2,147,242,494,169,641,411
"WSLP_all/007480@30.0614481422947,-90.4768660578723.jpg",1,153,266,368,142,521,408
"WSLP_all/007481@30.0537002188473,-90.4645097773537.jpg",3,98,270,344,113,442,383
"WSLP_all/007482@30.0625489901026,-90.4767048559474.jpg",1,161,276,428,111,589,387
"WSLP_all/007483@30.057512545689,-90.4766596269223.jpg",1,91,221,528,193,619,414
"WSLP_all/007484@30.057840061675,-90.4767453244302.jpg",1,189,237,296,129,485,366
"WSLP_all/007485@30.059093949339,-90.4767377101033.jpg",2,0,269,421,122,421,391
"WSLP_all/007486@30.0584802567469,-90.4766860828562.jpg",1,85,230,525,158,610,388
"WSLP_all/007487@30.0652670335205,-90.4983117541235.jpg",3,179,259,348,123,527,382
"WSLP_all/007488@30.0659293460428,-90.4983567878397.jpg",2,0,245,417,122,417,367
"WSLP_all/007489@30.0655245403804,-90.4980313930749.jpg",1,185,247,456,146,641,393
"WSLP_all/007490@30.0639269325226,-90.4978108425058.jpg",1,40,262,384,121,424,383
"WSLP_all/007491@30.0638221704281,-90.4971099011606.jpg",2,0,263,637,113,637,376
"WSLP_all/007492@30.0638417458019,-90.4963731435075.jpg",1,20,262,614,131,634,393
"WSLP_all/007493@30.0639691921745,-90.4959389680338.jpg",1,219,215,382,167,601,382
"WSLP_all/007494@30.0637477353327,-90.4959503126221.jpg",2,0,235,375,157,375,392
"WSLP_all/007495@30.064593818697,-90.4960380452101.jpg",1,45,222,496,163,541,385
"WSLP_all/007496@30.0653831647453,-90.4957785029953.jpg",1,186,263,215,92,401,355
"WSLP_all/007497@30.0643220224034,-90.4954238629726.jpg",1,209,233,269,114,478,347
"WSLP_all/007498@30.0658924175743,-90.495312657272.jpg",1,110,245,355,122,465,367
"WSLP_all/007499@30.0646452811615,-90.4952788839203.jpg",1,222,255,273,112,495,367
"WSLP_all/007500@30.0651448079433,-90.4950091266121.jpg",1,207,272,278,103,485,375
"WSLP_all/007501@30.0653585789934,-90.4949093255217.jpg",1,200,262,297,104,497,366
"WSLP_all/007503@30.0640437272889,-90.4945062483346.jpg",1,193,302,372,85,565,387
"WSLP_all/007504@30.0665998450601,-90.4941116871045.jpg",1,173,216,420,149,593,365
"WSLP_all/007505@30.0648470271899,-90.4935068145305.jpg",1,90,257,471,127,561,384
"WSLP_all/007506@30.064243570399,-90.4935972568358.jpg",1,7,274,576,140,583,414
"WSLP_all/007507@30.0638878959982,-90.4935054120819.jpg",2,4,284,248,189,252,473
"WSLP_all/007508@30.063932819388,-90.4933185142482.jpg",1,93,277,525,175,618,452
"WSLP_all/007509@30.0639128222776,-90.4931321635043.jpg",1,188,297,380,97,568,394
"WSLP_all/007512@30.0649915705244,-90.4930471968129.jpg",2,10,283,459,192,469,475
"WSLP_all/007513@30.0643379855647,-90.4931507089907.jpg",2,159,248,481,124,640,372
"WSLP_all/007514@30.0645649497769,-90.4929338219651.jpg",2,138,305,496,109,634,414
"WSLP_all/007516@30.0639269146255,-90.4927937798474.jpg",2,175,289,438,96,613,385
"WSLP_all/007517@30.0649794900607,-90.4926837392015.jpg",2,17,280,546,112,563,392
"WSLP_all/007519@30.065464425058,-90.4923129264715.jpg",1,191,303,385,99,576,402
"WSLP_all/007520@30.0665121394492,-90.4921049158518.jpg",1,62,294,301,107,363,401
"WSLP_all/007522@30.0660537453548,-90.49193806751.jpg",1,254,266,314,141,568,407
"WSLP_all/007523@30.0661908399321,-90.4918800046834.jpg",1,204,290,394,111,598,401
"WSLP_all/007524@30.066486889341,-90.4916562054991.jpg",3,137,295,469,135,606,430
"WSLP_all/007525@30.053678580511,-90.4588422356486.jpg",5,262,290,212,118,474,408
"WSLP_all/007526@30.0658877829722,-90.4910416280121.jpg",1,98,300,487,106,585,406
"WSLP_all/007529@30.0680955862024,-90.4972795435359.jpg",1,157,285,365,111,522,396
"WSLP_all/007530@30.0689649958879,-90.496918161089.jpg",3,85,274,510,101,595,375
"WSLP_all/007531@30.0689384293785,-90.496428350134.jpg",1,185,237,371,110,556,347
"WSLP_all/007534@30.0679774742103,-90.4945964393634.jpg",1,176,229,439,142,615,371
"WSLP_all/007535@30.0688720627218,-90.4939755777947.jpg",1,156,285,329,88,485,373
"WSLP_all/007536@30.0678931514335,-90.4934937939531.jpg",1,165,288,450,90,615,378
"WSLP_all/007537@30.068179857268,-90.493434470386.jpg",1,140,289,328,89,468,378
"WSLP_all/007540@30.0680521393852,-90.4926862760579.jpg",2,117,293,517,161,634,454
"WSLP_all/007541@30.0646838837552,-90.4988951708378.jpg",3,46,268,564,101,610,369
"WSLP_all/007542@30.0651181038777,-90.4989674086939.jpg",2,11,278,374,100,385,378
"WSLP_all/007543@30.0654942924883,-90.4988472879822.jpg",2,21,274,357,95,378,369
"WSLP_all/007544@30.0614459306368,-90.5533750717595.jpg",2,18,269,601,200,619,469
"WSLP_all/007545@30.0677561713938,-90.4952843406912.jpg",3,181,255,456,122,637,377
"WSLP_all/007546@30.0671099959473,-90.4943444999253.jpg",1,17,244,460,121,477,365
"WSLP_all/007547@30.0645969571344,-90.4897026300696.jpg",3,308,273,290,94,598,367
"WSLP_all/007548@30.0675571003894,-90.4935598548319.jpg",1,89,271,484,112,573,383
"WSLP_all/007549@30.0614550119126,-90.5530651967679.jpg",1,33,285,410,128,443,413
"WSLP_all/007550@30.0720744424128,-90.490170484974.jpg",1,112,247,477,130,589,377
"WSLP_all/007551@30.0647081089806,-90.5522114534595.jpg",1,123,296,409,82,532,378
"WSLP_all/007553@30.0589604816038,-90.4765871199733.jpg",1,68,280,424,103,492,383
"WSLP_all/007554@30.0588298043576,-90.476430182847.jpg",1,139,274,357,115,496,389
"WSLP_all/007555@30.0575998807128,-90.4764565618929.jpg",1,154,278,372,119,526,397
"WSLP_all/007556@30.0576404419572,-90.4762791889118.jpg",1,164,279,355,125,519,404
"WSLP_all/007557@30.0581728523302,-90.4763820907077.jpg",3,128,280,347,106,475,386
"WSLP_all/007558@30.058664186236,-90.4762450969769.jpg",1,81,292,370,98,451,390
"WSLP_all/007559@30.0580423406439,-90.4762125100576.jpg",1,177,280,414,109,591,389
"WSLP_all/007560@30.0578918232473,-90.4760873580985.jpg",1,168,283,430,120,598,403
"WSLP_all/007561@30.0583517554114,-90.4759506334039.jpg",1,172,283,294,95,466,378
"WSLP_all/007562@30.0585316599333,-90.4760913388778.jpg",1,69,268,408,121,477,389
"WSLP_all/007563@30.0582162455185,-90.475777933807.jpg",3,89,268,537,119,626,387
"WSLP_all/007564@30.060177395115,-90.4764122752246.jpg",3,253,279,290,110,543,389
"WSLP_all/007565@30.0603745535971,-90.4761450364927.jpg",2,16,305,373,87,389,392
"WSLP_all/007566@30.0599440881156,-90.4760855139787.jpg",1,212,283,412,108,624,391
"WSLP_all/007567@30.0602882559917,-90.4760256518125.jpg",1,184,292,245,111,429,403
"WSLP_all/007568@30.0599455396797,-90.4755354479347.jpg",2,10,249,505,173,515,422
"WSLP_all/007569@30.0715203881153,-90.5524678961225.jpg",1,12,274,577,112,589,386
"WSLP_all/007570@30.0683353035142,-90.4763421348626.jpg",3,88,280,361,85,449,365
"WSLP_all/007571@30.0641462028462,-90.5724041999041.jpg",1,63,300,426,96,489,396
"WSLP_all/007572@30.0657321991809,-90.5722276985281.jpg",2,261,300,380,108,641,408
"WSLP_all/007573@30.0655431102516,-90.5722164969358.jpg",2,240,294,400,109,640,403
"WSLP_all/007574@30.0661241795867,-90.5723258700084.jpg",1,77,280,395,113,472,393
"WSLP_all/007575@30.0653777885752,-90.5722114366383.jpg",3,209,296,420,107,629,403
"WSLP_all/007576@30.0652128232383,-90.5722063736364.jpg",1,217,293,335,102,552,395
"WSLP_all/007577@30.0650465477706,-90.5721981592916.jpg",1,205,288,424,109,629,397
"WSLP_all/007578@30.0648827563271,-90.5721962487231.jpg",1,145,282,474,116,619,398
"WSLP_all/007579@30.0647155547982,-90.5721943642021.jpg",1,162,290,437,109,599,399
"WSLP_all/007580@30.0645511677122,-90.5721892968461.jpg",1,124,285,430,108,554,393
"WSLP_all/007581@30.0643877432024,-90.572184222156.jpg",1,104,296,453,108,557,404
"WSLP_all/007583@30.0641829069528,-90.5721794637283.jpg",1,68,285,492,106,560,391
"WSLP_all/007584@30.0638125200531,-90.5721728082448.jpg",1,37,293,523,114,560,407
"WSLP_all/007585@30.065393248479,-90.5718698900346.jpg",2,7,263,425,132,432,395
"WSLP_all/007586@30.0657196314815,-90.5718610737483.jpg",2,4,263,407,137,411,400
"WSLP_all/007587@30.065228824854,-90.5718585007181.jpg",1,12,284,423,122,435,406
"WSLP_all/007588@30.0650616416032,-90.5718597779824.jpg",2,6,222,476,182,482,404
"WSLP_all/007589@30.0648962736601,-90.5718515572946.jpg",1,24,285,456,116,480,401
"WSLP_all/007590@30.0647322805697,-90.5718433261302.jpg",1,24,280,460,129,484,409
"WSLP_all/007591@30.064238265626,-90.571837616385.jpg",1,97,288,468,119,565,407
"WSLP_all/007592@30.0643988130053,-90.5718395511367.jpg",1,35,287,514,121,549,408
"WSLP_all/007593@30.0645698360038,-90.5718414058605.jpg",1,57,289,464,109,521,398
"WSLP_all/007594@30.0640736671817,-90.5718293899226.jpg",1,125,296,432,98,557,394
"WSLP_all/007595@30.0639091426549,-90.5717958712583.jpg",1,109,299,498,107,607,406
"WSLP_all/007596@30.0658711428473,-90.571774557626.jpg",2,371,266,269,206,640,472
"WSLP_all/007598@30.0637411438807,-90.5718224454259.jpg",1,128,275,456,117,584,392
"WSLP_all/007599@30.0660450356803,-90.5717542605645.jpg",2,392,292,249,84,641,376
"WSLP_all/007600@30.0576832940218,-90.5631439853797.jpg",1,12,291,423,87,435,378
"WSLP_all/007601@30.0572853118105,-90.5632102828786.jpg",1,79,296,470,198,549,494
"WSLP_all/007602@30.0572748664196,-90.5629100561809.jpg",2,164,292,471,96,635,388
"WSLP_all/007603@30.0576914284662,-90.5628467750041.jpg",1,10,296,394,88,404,384
"WSLP_all/007604@30.0576822916875,-90.5625307313327.jpg",2,6,253,481,147,487,400
"WSLP_all/007605@30.057279727235,-90.5622556657661.jpg",1,201,305,331,85,532,390
"WSLP_all/007606@30.0563734236325,-90.5618643780119.jpg",1,216,281,356,104,572,385
"WSLP_all/007607@30.0557360549905,-90.5618535055359.jpg",1,195,283,263,97,458,380
"WSLP_all/007608@30.0565386393298,-90.5619168379639.jpg",3,41,278,572,141,613,419
"WSLP_all/007609@30.0561399428544,-90.5618472185278.jpg",3,59,235,526,146,585,381
"WSLP_all/007610@30.0563136081084,-90.5602779709189.jpg",1,98,308,431,106,529,414
"WSLP_all/007611@30.0595127753746,-90.5587136560329.jpg",1,76,270,453,108,529,378
"WSLP_all/007612@30.0613653326601,-90.5582155865719.jpg",1,147,286,459,146,606,432
"WSLP_all/007613@30.0615698105921,-90.5582108351899.jpg",1,29,292,604,141,633,433
"WSLP_all/007615@30.0587490230527,-90.5581790307454.jpg",1,204,277,346,89,550,366
"WSLP_all/007616@30.0590063889942,-90.5581896739955.jpg",1,138,274,392,118,530,392
"WSLP_all/007617@30.0604989289747,-90.5578682671464.jpg",1,157,275,447,117,604,392
"WSLP_all/007618@30.0595377866573,-90.5578188421776.jpg",1,92,285,507,107,599,392
"WSLP_all/007619@30.0586102265888,-90.5577659967394.jpg",1,26,255,613,145,639,400
"WSLP_all/007620@30.0598090901291,-90.5577914417331.jpg",1,18,272,617,129,635,401
"WSLP_all/007621@30.0592646664703,-90.5578272895047.jpg",1,62,266,512,131,574,397
"WSLP_all/007622@30.0600729148611,-90.5577640993308.jpg",1,123,277,508,120,631,397
"WSLP_all/007623@30.058213414088,-90.5577596007902.jpg",1,35,272,596,133,631,405
"WSLP_all/007624@30.0636784323931,-90.5574515249167.jpg",3,89,280,340,86,429,366
"WSLP_all/007625@30.0613728356012,-90.5573461832873.jpg",1,234,266,346,165,580,431
"WSLP_all/007626@30.0603369902824,-90.557373214793.jpg",1,148,240,375,156,523,396
"WSLP_all/007627@30.0621579199087,-90.557365361389.jpg",1,73,299,391,84,464,383
"WSLP_all/007628@30.0590226006092,-90.5573328671503.jpg",1,17,296,601,106,618,402
"WSLP_all/007629@30.0587536194502,-90.557297027197.jpg",1,104,297,430,84,534,381
"WSLP_all/007630@30.0569443708825,-90.5572573739796.jpg",1,23,282,608,117,631,399
"WSLP_all/007631@30.0584673364883,-90.5573024172065.jpg",1,71,287,449,110,520,397
"WSLP_all/007632@30.0562647419341,-90.5571867992428.jpg",2,10,274,631,101,641,375
"WSLP_all/007633@30.055911823107,-90.5571769028949.jpg",1,37,285,462,123,499,408
"WSLP_all/007634@30.0566912419303,-90.5572751502865.jpg",1,115,296,519,112,634,408
"WSLP_all/007635@30.0632214978311,-90.5568133350117.jpg",1,171,269,330,105,501,374
"WSLP_all/007636@30.0630243845799,-90.5568686128141.jpg",1,184,209,434,169,618,378
"WSLP_all/007637@30.0622943929666,-90.55692171871.jpg",5,229,272,211,89,440,361
"WSLP_all/007637@30.0622943929666,-90.55692171871.jpg",5,229,260,201,99,430,359
"WSLP_all/007638@30.0565429191361,-90.5565713792737.jpg",1,215,252,267,131,482,383
"WSLP_all/007639@30.0632423953076,-90.5563421359681.jpg",2,24,271,513,190,537,461
"WSLP_all/007640@30.062989913265,-90.5563156524533.jpg",1,50,280,379,134,429,414
"WSLP_all/007641@30.0636159020335,-90.5563739988486.jpg",2,29,255,563,177,592,432
"WSLP_all/007642@30.0621200580193,-90.5562370780642.jpg",2,53,299,462,144,515,443
"WSLP_all/007643@30.0603056904428,-90.5561405807574.jpg",3,58,292,424,93,482,385
"WSLP_all/007644@30.0590358722915,-90.5560904193372.jpg",1,96,311,430,106,526,417
"WSLP_all/007645@30.0639744688634,-90.5560361013824.jpg",3,179,276,462,121,641,397
"WSLP_all/007646@30.0584892310795,-90.5560441032706.jpg",3,152,306,227,90,379,396
"WSLP_all/007647@30.0598142590739,-90.5561349289379.jpg",1,89,274,418,108,507,382
"WSLP_all/007648@30.0621970699107,-90.5559740916564.jpg",1,154,251,383,213,537,464
"WSLP_all/007649@30.061431590656,-90.5559547716004.jpg",1,32,257,489,198,521,455
"WSLP_all/007650@30.059340872478,-90.5561070081689.jpg",1,37,276,530,127,567,403
"WSLP_all/007651@30.0618996763874,-90.5559606046989.jpg",2,8,280,626,174,634,454
"WSLP_all/007652@30.064418960489,-90.5556690789653.jpg",1,29,272,602,178,631,450
"WSLP_all/007653@30.0648699014156,-90.5557193037294.jpg",2,10,292,473,105,483,397
"WSLP_all/007654@30.062734995039,-90.5556758949378.jpg",2,21,296,447,130,468,426
"WSLP_all/007655@30.0629930343604,-90.5556422686641.jpg",1,118,308,311,112,429,420
"WSLP_all/007656@30.0614424351442,-90.5556069481408.jpg",1,79,291,499,157,578,448
"WSLP_all/007657@30.0578760298481,-90.5555620684172.jpg",2,26,282,575,112,601,394
"WSLP_all/007658@30.06202518626,-90.5556308525411.jpg",1,32,295,566,151,598,446
"WSLP_all/007659@30.0583441596846,-90.5555520933472.jpg",1,51,296,590,129,641,425
"WSLP_all/007660@30.0575107614448,-90.5555238238679.jpg",2,13,288,519,148,532,436
"WSLP_all/007661@30.0566343591868,-90.5555148570424.jpg",2,15,293,435,126,450,419
"WSLP_all/007662@30.0605433237995,-90.5552820349597.jpg",1,90,289,539,111,629,400
"WSLP_all/007663@30.0598536132549,-90.5552273548173.jpg",1,79,281,562,150,641,431
"WSLP_all/007664@30.058698919069,-90.5551984346723.jpg",1,30,281,592,127,622,408
"WSLP_all/007665@30.0581315598079,-90.5552060249165.jpg",1,10,299,606,105,616,404
"WSLP_all/007666@30.0650795190925,-90.5550063593624.jpg",1,49,267,541,147,590,414
"WSLP_all/007667@30.063115485047,-90.5550090509557.jpg",1,87,284,399,119,486,403
"WSLP_all/007668@30.0627882848605,-90.5549957995106.jpg",1,27,289,456,104,483,393
"WSLP_all/007669@30.0642141301735,-90.5550415691878.jpg",1,143,302,305,96,448,398
"WSLP_all/007670@30.0645502981973,-90.5550041693176.jpg",1,35,266,444,162,479,428
"WSLP_all/007671@30.063879452336,-90.5550378598726.jpg",3,116,280,379,130,495,410
"WSLP_all/007672@30.0617174856017,-90.577702052862.jpg",3,166,298,414,120,580,418
"WSLP_all/007673@30.0614311942868,-90.5776915782401.jpg",1,32,288,583,117,615,405
"WSLP_all/007674@30.0586584929897,-90.5548952784229.jpg",1,71,288,494,105,565,393
"WSLP_all/007675@30.0612299151749,-90.577683620427.jpg",2,165,286,476,138,641,424
"WSLP_all/007675@30.0612299151749,-90.577683620427.jpg",2,186,291,437,125,623,416
"WSLP_all/007676@30.062236112104,-90.5776886373023.jpg",1,264,299,334,94,598,393
"WSLP_all/007677@30.0573183301407,-90.5774319330543.jpg",3,175,306,397,116,572,422
"WSLP_all/007678@30.0605583038211,-90.5548899250633.jpg",1,162,303,374,88,536,391
"WSLP_all/007679@30.0589904464576,-90.5548800412905.jpg",1,120,313,479,90,599,403
"WSLP_all/007680@30.0584002161821,-90.5548562004159.jpg",1,112,294,362,92,474,386
"WSLP_all/007681@30.0578626968582,-90.5548319481422.jpg",1,193,295,346,97,539,392
"WSLP_all/007682@30.0576501161799,-90.5548336084289.jpg",1,182,291,391,107,573,398
"WSLP_all/007683@30.0567241235507,-90.5547902628269.jpg",1,140,273,401,113,541,386
"WSLP_all/007684@30.0606010592855,-90.57714781778.jpg",1,161,283,318,99,479,382
"WSLP_all/007685@30.064528452151,-90.5546344607866.jpg",1,118,255,499,188,617,443
"WSLP_all/007686@30.055068669926,-90.5547083599464.jpg",1,65,282,428,107,493,389
"WSLP_all/007687@30.0638893809482,-90.5545635816689.jpg",2,49,285,567,137,616,422
"WSLP_all/007688@30.0614355165881,-90.5768443286812.jpg",1,96,295,402,105,498,400
"WSLP_all/007689@30.0600666541048,-90.5544891288505.jpg",1,118,288,411,104,529,392
"WSLP_all/007690@30.0626298546736,-90.5545007129548.jpg",1,123,270,446,147,569,417
"WSLP_all/007691@30.0600159494247,-90.576760266354.jpg",5,108,283,184,111,292,394
"WSLP_all/007692@30.0666237937123,-90.557526600453.jpg",1,137,276,293,120,430,396
"WSLP_all/007693@30.0575757946015,-90.5543789850286.jpg",1,65,280,319,117,384,397
"WSLP_all/007694@30.0586399810155,-90.5767169705421.jpg",2,8,285,586,126,594,411
"WSLP_all/007695@30.0574204688199,-90.5543485875906.jpg",2,8,283,611,214,619,497
"WSLP_all/007696@30.0588389443497,-90.5766712039418.jpg",1,107,297,282,96,389,393
"WSLP_all/007697@30.0707148701864,-90.5571153682325.jpg",3,157,271,422,96,579,367
"WSLP_all/007698@30.0694675874489,-90.5570997902353.jpg",1,170,281,370,106,540,387
"WSLP_all/007699@30.057193758609,-90.5766362758454.jpg",1,65,280,480,114,545,394
"WSLP_all/007700@30.0692483808219,-90.5570129754729.jpg",1,258,274,274,89,532,363
"WSLP_all/007701@30.0690181983493,-90.5570748367739.jpg",1,221,239,357,157,578,396
"WSLP_all/007702@30.0564077316555,-90.5539961363039.jpg",6,218,269,215,86,433,355
"WSLP_all/007703@30.0590311374358,-90.5544276741739.jpg",1,95,274,427,105,522,379
"WSLP_all/007704@30.0682838288392,-90.557052103176.jpg",1,165,210,329,163,494,373
"WSLP_all/007705@30.0672652152203,-90.5569746779755.jpg",1,93,215,485,182,578,397
"WSLP_all/007706@30.0697386431236,-90.5570723870289.jpg",1,124,247,372,157,496,404
"WSLP_all/007707@30.0614559563011,-90.554209565383.jpg",1,251,287,177,130,428,417
"WSLP_all/007708@30.0680060130466,-90.5570289753106.jpg",2,16,147,611,258,627,405
"WSLP_all/007709@30.070835715558,-90.5565864470216.jpg",1,153,291,243,110,396,401
"WSLP_all/007710@30.0685339530871,-90.5565759323068.jpg",1,69,286,402,119,471,405
"WSLP_all/007711@30.0687467388428,-90.5565205287145.jpg",1,71,283,428,100,499,383
"WSLP_all/007712@30.0678715835966,-90.5564988965808.jpg",1,27,296,546,101,573,397
"WSLP_all/007713@30.0670202055183,-90.5564897252171.jpg",1,93,283,432,125,525,408
"WSLP_all/007714@30.0672930239363,-90.5564907602316.jpg",1,32,291,505,112,537,403
"WSLP_all/007715@30.0668152773775,-90.5564881610539.jpg",3,104,276,500,135,604,411
"WSLP_all/007716@30.0664808078392,-90.55645915386.jpg",1,10,251,604,137,614,388
"WSLP_all/007717@30.0676645680547,-90.5561432651758.jpg",1,179,258,459,153,638,411
"WSLP_all/007718@30.0568703370974,-90.5760981811692.jpg",1,167,301,460,118,627,419
"WSLP_all/007719@30.0663937357392,-90.5561120763997.jpg",1,93,277,548,169,641,446
"WSLP_all/007720@30.0694958374734,-90.556173246177.jpg",2,29,272,598,157,627,429
"WSLP_all/007721@30.0597638113975,-90.5538055137095.jpg",1,177,281,280,100,457,381
"WSLP_all/007721@30.0597638113975,-90.5538055137095.jpg",1,174,284,290,95,464,379
"WSLP_all/007722@30.0669649557667,-90.5561392362818.jpg",1,59,269,458,184,517,453
"WSLP_all/007723@30.0657098893531,-90.5561142476093.jpg",1,113,209,528,228,641,437
"WSLP_all/007724@30.0672396704629,-90.5561307712388.jpg",1,71,252,570,190,641,442
"WSLP_all/007725@30.0665886938365,-90.5561390088599.jpg",1,97,268,543,146,640,414
"WSLP_all/007726@30.0582246829821,-90.5758002269779.jpg",2,12,289,270,108,282,397
"WSLP_all/007728@30.0684912752717,-90.5558301553967.jpg",2,25,294,461,114,486,408
"WSLP_all/007729@30.0590830530615,-90.5537254857973.jpg",1,157,263,249,133,406,396
"WSLP_all/007730@30.0681811781296,-90.5558072827211.jpg",2,11,289,441,144,452,433
"WSLP_all/007731@30.0673762615949,-90.5558009162208.jpg",2,10,328,474,100,484,428
"WSLP_all/007732@30.0701338507327,-90.5558647643897.jpg",1,8,294,488,106,496,400
"WSLP_all/007733@30.0585917947353,-90.5537071989093.jpg",1,202,277,356,145,558,422
"WSLP_all/007734@30.0670866678608,-90.5557810453682.jpg",2,15,294,407,122,422,416
"WSLP_all/007735@30.0562543191747,-90.5536432927466.jpg",1,117,199,409,237,526,436
"WSLP_all/007736@30.0676196503027,-90.5558243090842.jpg",2,4,299,450,134,454,433
"WSLP_all/007737@30.0695327186377,-90.5556196933536.jpg",2,3,153,550,283,553,436
"WSLP_all/007738@30.0567511205097,-90.5536362456609.jpg",1,169,276,430,128,599,404
"WSLP_all/007739@30.0692840477538,-90.5553118065883.jpg",1,90,306,500,136,590,442
"WSLP_all/007740@30.0680332546451,-90.5551350431705.jpg",1,57,299,361,108,418,407
"WSLP_all/007741@30.0661551907848,-90.5550833172348.jpg",1,90,291,428,109,518,400
"WSLP_all/007742@30.0630886765791,-90.5533590556417.jpg",3,138,308,319,99,457,407
"WSLP_all/007743@30.0705159669018,-90.554802665261.jpg",1,182,285,407,109,589,394
"WSLP_all/007744@30.0683584114867,-90.554737320278.jpg",1,182,282,371,119,553,401
"WSLP_all/007745@30.0680678934517,-90.5547332668571.jpg",1,249,285,384,137,633,422
"WSLP_all/007746@30.0677118381825,-90.5547044338181.jpg",1,254,274,344,146,598,420
"WSLP_all/007747@30.0670442835557,-90.5546527420776.jpg",3,181,264,374,160,555,424
"WSLP_all/007748@30.0690382297816,-90.5547098790742.jpg",1,196,279,405,126,601,405
"WSLP_all/007749@30.0571592265305,-90.5529723787644.jpg",1,25,277,468,158,493,435
"WSLP_all/007752@30.0759243728825,-90.4993859752912.jpg",3,116,318,305,130,421,448
"WSLP_all/007753@30.0758394863151,-90.4991906589321.jpg",3,159,303,348,159,507,462
"WSLP_all/007754@30.0757939868827,-90.4990013355602.jpg",3,8,291,504,219,512,510
"WSLP_all/007755@30.0757475776481,-90.4988246678863.jpg",3,149,305,316,195,465,500
"WSLP_all/007756@30.0757328405799,-90.4986382499564.jpg",1,157,288,317,106,474,394
"WSLP_all/007757@30.0576195782516,-90.5526937562393.jpg",2,7,267,580,153,587,420
"WSLP_all/007758@30.0756437704587,-90.4984556154691.jpg",3,157,297,339,197,496,494
"WSLP_all/007759@30.0601723889524,-90.5524366710903.jpg",1,30,285,598,138,628,423
"WSLP_all/007760@30.0597542359514,-90.5524209798451.jpg",1,48,288,580,125,628,413
"WSLP_all/007761@30.0585461150216,-90.5524019943016.jpg",2,0,266,625,169,625,435
"WSLP_all/007762@30.0756000850647,-90.4982662786328.jpg",1,176,296,326,84,502,380
"WSLP_all/007763@30.0755577102753,-90.4980927395362.jpg",1,159,298,312,83,471,381
"WSLP_all/007764@30.0653951208527,-90.5738710294264.jpg",2,20,233,591,161,611,394
"WSLP_all/007765@30.0656393253437,-90.5738122637549.jpg",1,65,280,541,178,606,458
"WSLP_all/007766@30.0658051059692,-90.5738299687757.jpg",1,140,289,380,103,520,392
"WSLP_all/007767@30.064972995395,-90.5738141800251.jpg",1,94,283,409,141,503,424
"WSLP_all/007768@30.0659683663432,-90.5738065949463.jpg",1,40,288,471,143,511,431
"WSLP_all/007769@30.0648084714045,-90.5737806588193.jpg",1,57,278,450,150,507,428
"WSLP_all/007770@30.0663028692458,-90.5738230143053.jpg",1,29,294,350,103,379,397
"WSLP_all/007771@30.0637628166069,-90.5734946241746.jpg",1,185,280,319,94,504,374
"WSLP_all/007772@30.0660858742746,-90.5734263318318.jpg",1,58,243,582,172,640,415
"WSLP_all/007773@30.0650257470174,-90.5734344144256.jpg",3,104,291,422,115,526,406
"WSLP_all/007774@30.0647757801721,-90.5733952225682.jpg",1,80,275,469,114,549,389
"WSLP_all/007775@30.0652748444607,-90.5734040629364.jpg",1,67,292,574,117,641,409
"WSLP_all/007776@30.0641490364575,-90.5733905171164.jpg",1,173,294,307,113,480,407
"WSLP_all/007777@30.0662732570644,-90.5734660014149.jpg",2,193,270,433,126,626,396
"WSLP_all/007778@30.0655207782084,-90.5734496085189.jpg",1,112,291,467,135,579,426
"WSLP_all/007778@30.0655207782084,-90.5734496085189.jpg",1,112,279,448,124,560,403
"WSLP_all/007779@30.0643646970301,-90.5733888728166.jpg",1,151,292,405,133,556,425
"WSLP_all/007780@30.0657496564677,-90.5734415407792.jpg",1,82,280,354,153,436,433
"WSLP_all/007781@30.065762723706,-90.5732327885806.jpg",1,128,277,444,126,572,403
"WSLP_all/007782@30.0641468971823,-90.5731818842361.jpg",1,137,291,346,102,483,393
"WSLP_all/007783@30.0637919928443,-90.5731182031114.jpg",2,129,248,512,149,641,397
"WSLP_all/007784@30.0653629201001,-90.5730271868379.jpg",2,173,274,468,136,641,410
"WSLP_all/007785@30.0648742125377,-90.5730214307039.jpg",1,207,290,382,108,589,398
"WSLP_all/007786@30.065529572179,-90.5730006245433.jpg",1,151,263,476,148,627,411
"WSLP_all/007787@30.0657139493797,-90.5730150249494.jpg",1,232,283,398,128,630,411
"WSLP_all/007788@30.0641562702841,-90.5729952939278.jpg",2,122,299,324,118,446,417
"WSLP_all/007789@30.0652022450484,-90.5730031215445.jpg",1,151,281,469,118,620,399
"WSLP_all/007790@30.065041634153,-90.5729948626596.jpg",3,184,280,433,121,617,401
"WSLP_all/007791@30.0647030341744,-90.5729879616015.jpg",1,151,286,454,121,605,407
"WSLP_all/007792@30.0643743236141,-90.5729841464908.jpg",1,138,263,457,123,595,386
"WSLP_all/007793@30.0645357961598,-90.572979753338.jpg",1,137,283,467,111,604,394
"WSLP_all/007794@30.0655372794386,-90.5726875881067.jpg",2,4,258,444,144,448,402
"WSLP_all/007795@30.0653683834183,-90.5726541019358.jpg",1,17,289,402,119,419,408
"WSLP_all/007796@30.0652049309831,-90.5726490266554.jpg",1,43,296,417,107,460,403
"WSLP_all/007797@30.0650386920509,-90.5726471340223.jpg",1,59,280,415,101,474,381
"WSLP_all/007798@30.0647105126474,-90.5726401546154.jpg",1,29,269,472,132,501,401
"WSLP_all/007799@30.0645402602534,-90.5726003564582.jpg",2,7,274,466,160,473,434
"WSLP_all/007800@30.0641740887147,-90.5726284419167.jpg",1,90,299,365,110,455,409
"WSLP_all/007801@30.0660686158949,-90.5727372768689.jpg",1,92,268,519,168,611,436
"WSLP_all/007801@30.0660686158949,-90.5727372768689.jpg",1,87,269,525,142,612,411
"WSLP_all/007802@30.0660930938025,-90.5725379220306.jpg",1,148,277,377,120,525,397
"WSLP_all/007803@30.0643788789945,-90.5726205562449.jpg",1,117,291,348,110,465,401
"WSLP_all/007804@30.0657790593603,-90.5724423160861.jpg",1,97,294,415,122,512,416
"WSLP_all/007805@30.0608955081743,-90.486303997167.jpg",1,206,274,282,112,488,386
"WSLP_all/007806@30.0625362944066,-90.4862742471158.jpg",1,231,294,326,123,557,417
"WSLP_all/007807@30.062140121808,-90.4861543226274.jpg",1,43,273,370,134,413,407
"WSLP_all/007808@30.0671724179825,-90.4859281841548.jpg",1,148,293,403,118,551,411
"WSLP_all/007809@30.0628709118027,-90.4859173354097.jpg",1,233,260,374,180,607,440
"WSLP_all/007810@30.0621091981947,-90.485882714703.jpg",1,0,131,116,139,116,270
"WSLP_all/007811@30.0674220968068,-90.4857174051876.jpg",1,60,285,568,126,628,411
"WSLP_all/007812@30.069617285787,-90.492869089108.jpg",3,28,294,493,164,521,458
"WSLP_all/007813@30.0696384671332,-90.4929953725399.jpg",3,20,264,581,186,601,450
"WSLP_all/007814@30.0696641860789,-90.4931216167338.jpg",3,29,257,586,207,615,464
"WSLP_all/007815@30.0696898847441,-90.493244699636.jpg",3,31,260,578,197,609,457
"WSLP_all/007817@30.0803917465266,-90.5066683214318.jpg",1,159,250,292,129,451,379
"WSLP_all/007818@30.0802363273654,-90.5066379920876.jpg",1,159,269,306,105,465,374
"WSLP_all/007819@30.0807170034345,-90.5067699651682.jpg",1,144,228,324,148,468,376
"WSLP_all/007820@30.0861859323951,-90.5073285538887.jpg",1,186,269,338,131,524,400
"WSLP_all/007821@30.0794598657123,-90.5063946483307.jpg",1,162,268,326,98,488,366
"WSLP_all/007822@30.0792872978546,-90.5063265190179.jpg",1,143,260,381,118,524,378
"WSLP_all/007823@30.083907541866,-90.5069458685186.jpg",1,32,260,355,115,387,375
"WSLP_all/007824@30.0791276033853,-90.5062677696092.jpg",1,138,256,388,116,526,372
"WSLP_all/007825@30.0799999982327,-90.5062162634523.jpg",1,254,280,331,101,585,381
"WSLP_all/007826@30.0789605709479,-90.5062185667471.jpg",1,87,258,364,123,451,381
"WSLP_all/007827@30.0801453280573,-90.506268808796.jpg",1,233,276,296,97,529,373
"WSLP_all/007828@30.0841465301344,-90.506678279039.jpg",2,203,263,306,94,509,357
"WSLP_all/007828@30.0841465301344,-90.506678279039.jpg",2,198,256,310,130,508,386
"WSLP_all/007829@30.0798411318804,-90.5061448595408.jpg",1,255,304,293,89,548,393
"WSLP_all/007830@30.0839548446013,-90.506613467651.jpg",1,230,265,237,120,467,385
"WSLP_all/007831@30.0838073119788,-90.5065735859621.jpg",3,188,276,199,104,387,380
"WSLP_all/007832@30.0784912583302,-90.506083342515.jpg",1,131,266,320,101,451,367
"WSLP_all/007833@30.0863302087706,-90.5065336818477.jpg",1,237,284,261,110,498,394
"WSLP_all/007834@30.079500220654,-90.506046510523.jpg",1,245,256,313,118,558,374
"WSLP_all/007835@30.0783374321102,-90.5060308688458.jpg",1,160,263,352,100,512,363
"WSLP_all/007836@30.0793668620515,-90.5060128374461.jpg",1,193,260,434,107,627,367
"WSLP_all/007837@30.0781827308173,-90.5059878879845.jpg",1,162,269,328,95,490,364
"WSLP_all/007838@30.0792213841908,-90.5059761032478.jpg",1,211,251,373,134,584,385
"WSLP_all/007839@30.0817548459317,-90.5059455838623.jpg",1,216,299,319,90,535,389
"WSLP_all/007840@30.0815964044669,-90.505902632715.jpg",1,195,286,301,113,496,399
"WSLP_all/007841@30.0843614183987,-90.5062907326483.jpg",1,163,304,263,87,426,391
"WSLP_all/007842@30.0790287978094,-90.5059081420679.jpg",1,203,262,383,122,586,384
"WSLP_all/007843@30.0845201339136,-90.5063336843658.jpg",1,150,297,354,95,504,392
"WSLP_all/007844@30.0778595471807,-90.505892555732.jpg",1,129,242,496,129,625,371
"WSLP_all/007845@30.0780040904906,-90.505929297066.jpg",1,114,260,357,118,471,378
"WSLP_all/007846@30.0842030204211,-90.5062414554999.jpg",1,174,298,236,99,410,397
"WSLP_all/007848@30.0840450743915,-90.5061984987161.jpg",1,215,296,266,101,481,397
"WSLP_all/007849@30.0788674378304,-90.5058557309408.jpg",1,209,267,421,109,630,376
"WSLP_all/007850@30.0785652945902,-90.5057697081174.jpg",1,135,258,466,139,601,397
"WSLP_all/007851@30.0787056375792,-90.5058033226017.jpg",1,242,254,358,127,600,381
"WSLP_all/007852@30.0784022826457,-90.505695178571.jpg",3,180,257,410,137,590,394
"WSLP_all/007853@30.0844468786473,-90.5059263942418.jpg",1,90,286,373,111,463,397
"WSLP_all/007853@30.0844468786473,-90.5059263942418.jpg",1,82,284,375,106,457,390
"WSLP_all/007854@30.0845812638197,-90.5059790323761.jpg",1,120,283,343,107,463,390
"WSLP_all/007855@30.0782275909019,-90.5056523642286.jpg",1,229,269,322,114,551,383
"WSLP_all/007856@30.0842613101893,-90.5058899911872.jpg",1,112,274,295,112,407,386
"WSLP_all/007857@30.0837820191456,-90.5057421952555.jpg",1,129,277,370,112,499,389
"WSLP_all/007858@30.0780721974998,-90.5055999043786.jpg",1,217,260,294,120,511,380
"WSLP_all/007859@30.0850730940206,-90.5057283109037.jpg",1,90,243,431,132,521,375
"WSLP_all/007860@30.0794356489262,-90.5055727704913.jpg",1,71,291,294,95,365,386
"WSLP_all/007861@30.0841091692196,-90.5058343388028.jpg",1,273,294,269,95,542,389
"WSLP_all/007862@30.0792928385485,-90.5055360147514.jpg",1,107,288,328,98,435,386
"WSLP_all/007863@30.0862334227393,-90.5057028638852.jpg",1,165,241,278,137,443,378
"WSLP_all/007864@30.0791202035852,-90.5054836977487.jpg",1,50,288,352,105,402,393
"WSLP_all/007865@30.0816388450417,-90.5054532889964.jpg",3,180,293,272,85,452,378
"WSLP_all/007866@30.0839602038256,-90.5058071180104.jpg",1,148,279,368,112,516,391
"WSLP_all/007867@30.0779281890975,-90.505569482625.jpg",2,29,266,540,141,569,407
"WSLP_all/007868@30.0851171469054,-90.505544548236.jpg",1,102,281,320,97,422,378
"WSLP_all/007869@30.0814804187083,-90.5054040147576.jpg",1,181,293,286,85,467,378
"WSLP_all/007870@30.0813419331318,-90.5053640606791.jpg",1,157,250,233,143,390,393
"WSLP_all/007871@30.0843976314893,-90.5055283912403.jpg",1,204,288,384,123,588,411
"WSLP_all/007872@30.0847335098183,-90.5056267851234.jpg",3,71,262,463,173,534,435
"WSLP_all/007873@30.0840927871558,-90.5054107683002.jpg",3,173,263,428,165,601,428
"WSLP_all/007874@30.0851524326904,-90.5053703442929.jpg",1,103,267,354,127,457,394
"WSLP_all/007875@30.0839323031791,-90.5053709959413.jpg",1,157,283,376,126,533,409
"WSLP_all/007876@30.0844473160379,-90.5053350969565.jpg",1,77,300,286,99,363,399
"WSLP_all/007877@30.0781787077514,-90.5051943090862.jpg",1,91,277,363,131,454,408
"WSLP_all/007878@30.085964751846,-90.5052371122428.jpg",2,241,240,391,179,632,419
"WSLP_all/007879@30.0848075923238,-90.5052593762767.jpg",1,234,288,302,109,536,397
"WSLP_all/007881@30.081734159948,-90.5051173340243.jpg",1,123,308,291,95,414,403
"WSLP_all/007883@30.0860147834193,-90.5050596220981.jpg",1,100,276,322,99,422,375
"WSLP_all/007884@30.0848519874233,-90.5050819350526.jpg",1,229,303,336,89,565,392
"WSLP_all/007885@30.0814098281317,-90.5049967155668.jpg",1,62,265,362,122,424,387
"WSLP_all/007886@30.0841310815744,-90.5048665880861.jpg",1,251,270,318,97,569,367
"WSLP_all/007887@30.0838384795427,-90.5048374009439.jpg",3,124,271,378,104,502,375
"WSLP_all/007888@30.0852699644866,-90.5048065273682.jpg",1,96,286,313,106,409,392
"WSLP_all/007889@30.0815794619434,-90.5050617054803.jpg",1,97,288,340,96,437,384
"WSLP_all/007890@30.0784209122909,-90.5049140578567.jpg",3,151,253,447,128,598,381
"WSLP_all/007891@30.0853241026839,-90.5046131929482.jpg",2,13,267,377,163,390,430
"WSLP_all/007892@30.0797159212321,-90.5048653505599.jpg",1,48,263,344,114,392,377
"WSLP_all/007893@30.0839402914234,-90.5046120531019.jpg",1,159,263,312,103,471,366
"WSLP_all/007894@30.0843876273873,-90.5043964795496.jpg",1,118,269,487,126,605,395
"WSLP_all/007895@30.0847040826966,-90.504488707163.jpg",1,90,276,468,112,558,388
"WSLP_all/007896@30.084540628644,-90.5044489607478.jpg",1,153,268,433,155,586,423
"WSLP_all/007897@30.0781017014604,-90.5047902386635.jpg",1,68,253,459,161,527,414
"WSLP_all/007898@30.0839012716695,-90.504293018072.jpg",1,134,270,412,150,546,420
"WSLP_all/007899@30.0842229059861,-90.5043693918973.jpg",1,154,271,428,123,582,394
"WSLP_all/007900@30.0816299152285,-90.504697666214.jpg",3,179,245,447,177,626,422
"WSLP_all/007901@30.0789185638741,-90.5046316800342.jpg",1,70,299,331,105,401,404
"WSLP_all/007902@30.0772688407723,-90.5054484886064.jpg",1,176,266,425,120,601,386
"WSLP_all/007903@30.0787799785647,-90.5045759198178.jpg",1,123,295,323,113,446,408
"WSLP_all/007904@30.0773151420929,-90.5052331028188.jpg",1,181,268,414,96,595,364
"WSLP_all/007905@30.0812718294062,-90.5045488729266.jpg",1,203,259,390,151,593,410
"WSLP_all/007907@30.0784659658297,-90.5044741916835.jpg",1,168,299,237,107,405,406
"WSLP_all/007908@30.0808985602801,-90.5044476352066.jpg",3,203,271,323,176,526,447
"WSLP_all/007909@30.0786198488885,-90.5045487952055.jpg",1,110,298,348,105,458,403
"WSLP_all/007910@30.078313176464,-90.5044248736801.jpg",1,157,300,279,122,436,422
"WSLP_all/007911@30.0879772013038,-90.5070512508726.jpg",1,211,281,295,105,506,386
"WSLP_all/007912@30.0791980341165,-90.5044048664013.jpg",1,210,288,269,98,479,386
"WSLP_all/007913@30.0805132815056,-90.5043212032032.jpg",1,230,249,387,157,617,406
"WSLP_all/007914@30.0817391655403,-90.5042604135891.jpg",1,144,270,266,99,410,369
"WSLP_all/007915@30.0878372099697,-90.5069860075928.jpg",1,220,288,271,97,491,385
"WSLP_all/007916@30.0872874415535,-90.5068293004393.jpg",1,231,285,291,102,522,387
"WSLP_all/007918@30.0788969138677,-90.5042587646551.jpg",1,143,277,349,117,492,394
"WSLP_all/007919@30.0864670682,-90.5065863012655.jpg",3,146,274,377,113,523,387
"WSLP_all/007920@30.0805308310301,-90.5041123728453.jpg",1,102,258,373,107,475,365
"WSLP_all/007921@30.0802781754066,-90.5040512379602.jpg",1,178,291,390,107,568,398
"WSLP_all/007922@30.0865958157065,-90.5066168537009.jpg",1,218,275,258,130,476,405
"WSLP_all/007923@30.0878758913857,-90.5065461537187.jpg",1,147,250,360,136,507,386
"WSLP_all/007924@30.0813309090995,-90.5041183629643.jpg",1,162,266,305,102,467,368
"WSLP_all/007926@30.0873422498446,-90.5063829909265.jpg",1,124,288,293,120,417,408
"WSLP_all/007928@30.0872073317317,-90.506346165614.jpg",1,145,288,330,99,475,387
"WSLP_all/007930@30.0876055699409,-90.5064566959211.jpg",1,121,263,336,116,457,379
"WSLP_all/007931@30.080308161238,-90.5038391437044.jpg",1,198,279,319,107,517,386
"WSLP_all/007932@30.0869243225464,-90.506250489086.jpg",1,209,294,240,107,449,401
"WSLP_all/007934@30.0879460638752,-90.5061819285502.jpg",1,144,264,332,125,476,389
"WSLP_all/007935@30.0878129292434,-90.5061577368787.jpg",1,164,260,377,130,541,390
"WSLP_all/007937@30.0798886077559,-90.5038900636368.jpg",1,117,258,347,128,464,386
"WSLP_all/007938@30.0815579714216,-90.5037307205942.jpg",1,202,274,354,113,556,387
"WSLP_all/007939@30.0872635369367,-90.506004193284.jpg",3,188,283,313,117,501,400
"WSLP_all/007940@30.0799464193492,-90.5037125178176.jpg",1,143,271,350,122,493,393
"WSLP_all/007941@30.0792226990695,-90.5037406754664.jpg",1,257,274,369,118,626,392
"WSLP_all/007942@30.0871144056194,-90.5059548382145.jpg",1,172,291,299,98,471,389
"WSLP_all/007943@30.0813987174346,-90.5036941036041.jpg",1,163,274,418,125,581,399
"WSLP_all/007944@30.0782536254531,-90.5037013155524.jpg",1,82,270,296,98,378,368
"WSLP_all/007945@30.0817292384204,-90.5037798863632.jpg",1,195,295,341,112,536,407
"WSLP_all/007946@30.0796345454733,-90.5036360681225.jpg",6,178,264,351,129,529,393
"WSLP_all/007947@30.0812499868585,-90.503660561009.jpg",1,143,268,366,137,509,405
"WSLP_all/007948@30.0810820705774,-90.5036240163652.jpg",1,133,266,307,136,440,402
"WSLP_all/007949@30.0879048508101,-90.5057364131974.jpg",1,154,290,290,120,444,410
"WSLP_all/007950@30.0877700344842,-90.5057027498036.jpg",1,187,296,283,108,470,404
"WSLP_all/007951@30.0809168252348,-90.5035748020816.jpg",1,145,277,423,112,568,389
"WSLP_all/007952@30.0799828104966,-90.5035351511892.jpg",1,118,265,400,119,518,384
"WSLP_all/007953@30.0876304142873,-90.5056659643079.jpg",1,172,285,270,100,442,385
"WSLP_all/007954@30.0782171146578,-90.5034929410081.jpg",1,20,274,374,115,394,389
"WSLP_all/007955@30.0875011396941,-90.5056259308918.jpg",1,175,297,276,96,451,393
"WSLP_all/007956@30.0803387424331,-90.5034246841137.jpg",1,120,277,377,117,497,394
"WSLP_all/007957@30.0869021402447,-90.5054506683383.jpg",2,3,230,133,125,136,355
"WSLP_all/007958@30.0867813601126,-90.5054232131845.jpg",1,190,275,261,125,451,400
"WSLP_all/007959@30.0793063875668,-90.5033668828676.jpg",1,303,274,331,104,634,378
"WSLP_all/007960@30.0864625961199,-90.5053309998706.jpg",1,186,271,321,111,507,382
"WSLP_all/007961@30.079995111295,-90.5033358521025.jpg",2,132,183,478,258,610,441
"WSLP_all/007962@30.078278127547,-90.5033216959012.jpg",1,82,289,361,104,443,393
"WSLP_all/007963@30.0869799513679,-90.5051559480498.jpg",1,159,269,339,123,498,392
"WSLP_all/007964@30.0699941367285,-90.4930303121175.jpg",2,166,243,328,175,494,418
"WSLP_all/007965@30.0796918482656,-90.5032688173501.jpg",3,219,246,412,198,631,444
"WSLP_all/007966@30.0700198679958,-90.4931628797416.jpg",2,168,242,352,161,520,403
"WSLP_all/007967@30.0793153315702,-90.5031802593575.jpg",2,296,233,335,168,631,401
"WSLP_all/007968@30.0782849262184,-90.503135092184.jpg",1,134,287,366,121,500,408
"WSLP_all/007969@30.0783334900454,-90.5029607886676.jpg",2,118,224,520,187,638,411
"WSLP_all/007970@30.077988557103,-90.502887779829.jpg",1,120,260,427,122,547,382
"WSLP_all/007971@30.0882563009797,-90.5071374757179.jpg",1,204,263,333,137,537,400
"WSLP_all/007972@30.0881103980341,-90.507072281153.jpg",1,232,279,250,112,482,391
"WSLP_all/007973@30.0882095329074,-90.5062619564484.jpg",1,190,262,306,108,496,370
"WSLP_all/007974@30.088293798406,-90.5058343715752.jpg",1,112,297,301,101,413,398
"WSLP_all/007975@30.0881721017522,-90.5057879505206.jpg",1,147,282,324,124,471,406
"WSLP_all/007976@30.0880272492383,-90.5057543692811.jpg",1,179,286,301,118,480,404
"WSLP_all/007978@30.0665283676341,-90.4910425373503.jpg",1,112,308,369,92,481,400
"WSLP_all/007979@30.0776206377817,-90.5038235718241.jpg",1,89,248,357,142,446,390
"WSLP_all/007980@30.0777844122634,-90.5039012531685.jpg",1,28,264,407,129,435,393
"WSLP_all/007981@30.0684104460662,-90.4956866719427.jpg",1,127,284,441,104,568,388
"WSLP_all/007982@30.0865915439368,-90.508590018884.jpg",1,60,280,341,132,401,412
"WSLP_all/007984@30.0689240720112,-90.4943829746392.jpg",1,178,270,319,94,497,364
"WSLP_all/007985@30.0680377537081,-90.4939794425298.jpg",2,4,263,449,148,453,411
"WSLP_all/007986@30.0857694381783,-90.5083375351785.jpg",1,200,254,333,120,533,374
"WSLP_all/007987@30.0854537082774,-90.5082421263492.jpg",1,183,277,385,122,568,399
"WSLP_all/007988@30.0834101549151,-90.5076045198509.jpg",1,129,269,401,116,530,385
"WSLP_all/007989@30.0700433726662,-90.4932954662001.jpg",6,217,268,223,99,440,367
"WSLP_all/007990@30.0866587604436,-90.5082226623099.jpg",1,75,282,306,96,381,378
"WSLP_all/007991@30.0693509529266,-90.4931780031495.jpg",3,109,298,226,114,335,412
"WSLP_all/007992@30.0830852010201,-90.5075028681392.jpg",1,135,268,347,121,482,389
"WSLP_all/007993@30.0858442448486,-90.5080143881399.jpg",1,195,249,424,130,619,379
"WSLP_all/007994@30.0839641010649,-90.5074449928811.jpg",1,295,274,339,106,634,380
"WSLP_all/007995@30.0842629664671,-90.5075215655995.jpg",1,179,287,380,85,559,372
"WSLP_all/007995@30.0842629664671,-90.5075215655995.jpg",1,177,286,377,97,554,383
"WSLP_all/007996@30.0827579800262,-90.5073949120023.jpg",1,101,277,389,110,490,387
"WSLP_all/007997@30.0826046982136,-90.5073677239877.jpg",1,115,276,358,134,473,410
"WSLP_all/007998@30.0834634332536,-90.507268909473.jpg",1,284,304,294,107,578,411
"WSLP_all/007999@30.0833298973835,-90.5072289109804.jpg",1,335,302,278,98,613,400
"WSLP_all/008000@30.082448436987,-90.5072994567146.jpg",1,162,275,296,105,458,380
"WSLP_all/008001@30.0848165846364,-90.5080513574089.jpg",1,161,252,389,147,550,399
"WSLP_all/008002@30.0822946752671,-90.5072659500986.jpg",1,127,256,411,135,538,391
"WSLP_all/008003@30.0828427879955,-90.5070969855712.jpg",3,208,242,300,137,508,379
"WSLP_all/008004@30.0853790649026,-90.5078538146851.jpg",2,148,234,471,163,619,397
"WSLP_all/008005@30.0825259880769,-90.5069889446127.jpg",1,151,229,450,171,601,400
"WSLP_all/008006@30.0852082881982,-90.5078299332334.jpg",2,191,255,412,148,603,403
"WSLP_all/008008@30.086759981713,-90.5078581866424.jpg",1,139,236,315,183,454,419
"WSLP_all/008009@30.0837497422184,-90.5068997475633.jpg",2,44,256,362,130,406,386
"WSLP_all/008010@30.0834342005518,-90.5068169904557.jpg",2,44,184,417,219,461,403
"WSLP_all/008011@30.083272098606,-90.5067645816983.jpg",3,0,203,374,158,374,361
"WSLP_all/008012@30.0831192353611,-90.5067120964755.jpg",1,4,243,397,154,401,397
"WSLP_all/008013@30.0835802509716,-90.5068442378259.jpg",1,0,207,413,181,413,388
"WSLP_all/008014@30.0829653436132,-90.5066754296724.jpg",3,53,260,426,154,479,414
"WSLP_all/008015@30.0834792702132,-90.506475124784.jpg",3,66,229,401,224,467,453
"WSLP_all/008016@30.0823039807708,-90.5064785527616.jpg",2,146,205,346,180,492,385
"WSLP_all/008017@30.0819822429442,-90.506376879154.jpg",1,10,239,451,176,461,415
"WSLP_all/008018@30.0830280035672,-90.5063365815101.jpg",1,200,257,406,136,606,393
"WSLP_all/008019@30.0828404153019,-90.5062717364624.jpg",1,195,256,309,134,504,390
"WSLP_all/008020@30.0825202172845,-90.5061700501931.jpg",1,157,253,305,153,462,406
"WSLP_all/008021@30.0822369813412,-90.506099676961.jpg",1,140,256,373,127,513,383
"WSLP_all/008022@30.0823596865782,-90.5061271157023.jpg",3,220,258,312,152,532,410
"WSLP_all/008023@30.0818983877946,-90.505998144581.jpg",1,149,259,376,158,525,417
"WSLP_all/008024@30.088684782278,-90.5072604081315.jpg",3,198,269,341,129,539,398
"WSLP_all/008025@30.0834024545039,-90.5059824954679.jpg",1,163,289,290,132,453,421
"WSLP_all/008026@30.0884061257367,-90.5071615304264.jpg",1,105,254,474,154,579,408
"WSLP_all/008027@30.08229817884,-90.5056596604281.jpg",3,69,265,375,132,444,397
"WSLP_all/008028@30.083476174582,-90.5056403905061.jpg",1,129,264,377,147,506,411
"WSLP_all/008029@30.0887577998435,-90.5064376481996.jpg",2,100,226,513,215,613,441
"WSLP_all/008030@30.0824360201544,-90.505693296793.jpg",1,137,287,325,118,462,405
"WSLP_all/008031@30.0884764922195,-90.5063546053213.jpg",1,157,262,360,138,517,400
"WSLP_all/008032@30.0825956209403,-90.5057457241433.jpg",3,132,265,360,147,492,412
"WSLP_all/008033@30.0821291822974,-90.5056041494946.jpg",3,126,236,321,171,447,407
"WSLP_all/008034@30.0689030745512,-90.49015937623.jpg",1,9,271,414,128,423,399
"WSLP_all/008035@30.0829926134295,-90.5054957953934.jpg",1,128,256,363,152,491,408
"WSLP_all/008036@30.0691198318447,-90.4900626971851.jpg",1,7,271,446,114,453,385
"WSLP_all/008037@30.0885749051407,-90.5058984417624.jpg",3,79,220,363,200,442,420
"WSLP_all/008038@30.0831588079033,-90.5055386820933.jpg",1,77,271,451,136,528,407
"WSLP_all/008039@30.0884350648986,-90.5058616575232.jpg",3,153,253,380,169,533,422
"WSLP_all/008040@30.0819560611816,-90.5055486730105.jpg",3,134,242,337,131,471,373
"WSLP_all/008041@30.0820432606759,-90.5052032987523.jpg",1,117,275,384,125,501,400
"WSLP_all/008042@30.0693243577586,-90.4899281830285.jpg",3,102,264,360,134,462,398
"WSLP_all/008043@30.0695551080049,-90.4897966068503.jpg",1,62,244,375,152,437,396
"WSLP_all/008044@30.0832953555768,-90.5051739218212.jpg",3,124,241,441,195,565,436
"WSLP_all/008045@30.0818898897245,-90.5051444969624.jpg",1,13,265,465,169,478,434
"WSLP_all/008046@30.0831332754441,-90.5051120297697.jpg",1,69,262,545,160,614,422
"WSLP_all/008047@30.0826507511644,-90.5049705910299.jpg",1,116,253,384,193,500,446
"WSLP_all/008048@30.0823081362387,-90.5048943908883.jpg",1,20,266,598,186,618,452
"WSLP_all/008049@30.068499427487,-90.4898592880321.jpg",2,165,263,469,195,634,458
"WSLP_all/008050@30.0834699346509,-90.504761414914.jpg",1,89,283,313,96,402,379
"WSLP_all/008051@30.0826298829403,-90.5047873722624.jpg",3,250,245,270,162,520,407
"WSLP_all/008052@30.0672200410191,-90.49172272751.jpg",1,91,290,365,110,456,400
"WSLP_all/008053@30.0831396620241,-90.5047894576631.jpg",3,86,303,304,85,390,388
"WSLP_all/008054@30.0819793109128,-90.5047896193935.jpg",1,35,268,445,155,480,423
"WSLP_all/008055@30.0689923182775,-90.4895168345847.jpg",2,10,263,606,201,616,464
"WSLP_all/008056@30.0836342699809,-90.5048802042983.jpg",1,5,239,427,144,432,383
"WSLP_all/008057@30.0823439973758,-90.5046980523146.jpg",1,129,269,492,132,621,401
"WSLP_all/008058@30.0820050633127,-90.5045775559188.jpg",1,41,274,402,133,443,407
"WSLP_all/008059@30.0831268862364,-90.5045113111692.jpg",1,165,278,238,93,403,371
"WSLP_all/008060@30.0823770255345,-90.5045017381969.jpg",1,177,272,415,131,592,403
"WSLP_all/008062@30.082711751539,-90.5045084400205.jpg",1,241,263,295,108,536,371
"WSLP_all/008063@30.0820228799144,-90.5044066642901.jpg",3,136,280,282,120,418,400
"WSLP_all/008064@30.082416492052,-90.5043148561702.jpg",1,124,287,426,103,550,390
"WSLP_all/008065@30.0835789464473,-90.5042292973116.jpg",1,23,239,445,152,468,391
"WSLP_all/008066@30.0699352863669,-90.4895278201658.jpg",3,74,244,253,146,327,390
"WSLP_all/008067@30.0824450704755,-90.5041280635551.jpg",1,110,271,430,151,540,422
"WSLP_all/008068@30.0820731156408,-90.5042007207463.jpg",5,101,277,169,165,270,442
"WSLP_all/008069@30.0821015310013,-90.5040360645646.jpg",3,64,236,453,175,517,411
"WSLP_all/008070@30.0829066599378,-90.504045174075.jpg",1,131,232,478,186,609,418
"WSLP_all/008071@30.0827306454889,-90.5040150194482.jpg",3,163,221,334,193,497,414
"WSLP_all/008072@30.0824794222806,-90.5039412238173.jpg",5,103,302,321,166,424,468
"WSLP_all/008073@30.081892020551,-90.5038133123314.jpg",1,99,272,496,164,595,436
"WSLP_all/008074@30.0694234496123,-90.4892349697039.jpg",1,65,259,473,154,538,413
"WSLP_all/008075@30.0696016138052,-90.4891449380815.jpg",3,9,268,551,212,560,480
"WSLP_all/008076@30.0821325627769,-90.5038460911535.jpg",1,97,276,531,170,628,446
"WSLP_all/008077@30.0702029971072,-90.489357991789.jpg",3,115,244,452,149,567,393
"WSLP_all/008078@30.0642940489894,-90.4891772463507.jpg",2,6,242,620,234,626,476
"WSLP_all/008079@30.0676785421215,-90.4890695441029.jpg",4,183,264,199,159,382,423
"WSLP_all/008080@30.07727906059,-90.5000164787463.jpg",3,247,248,301,173,548,421
"WSLP_all/008081@30.0771458026284,-90.4999511960134.jpg",1,192,266,411,131,603,397
"WSLP_all/008082@30.0768237921734,-90.4998811684952.jpg",1,193,279,370,132,563,411
"WSLP_all/008083@30.0764912931671,-90.4998049056702.jpg",1,206,279,360,120,566,399
"WSLP_all/008084@30.0659366125968,-90.4888756463789.jpg",2,182,280,459,161,641,441
"WSLP_all/008085@30.0763281976932,-90.4997525202546.jpg",1,223,279,329,123,552,402
"WSLP_all/008086@30.0698130381247,-90.4890230090697.jpg",1,165,282,448,117,613,399
"WSLP_all/008087@30.0774034838928,-90.4994937452113.jpg",2,293,262,309,164,602,426
"WSLP_all/008088@30.0770607704219,-90.4994808038954.jpg",1,53,271,376,159,429,430
"WSLP_all/008089@30.0769048221796,-90.4994410059227.jpg",1,40,264,409,158,449,422
"WSLP_all/008090@30.0611213100108,-90.4888627000397.jpg",4,120,318,143,141,263,459
"WSLP_all/008091@30.0772243753641,-90.4995268614603.jpg",3,140,282,292,133,432,415
"WSLP_all/008092@30.0691026218576,-90.488874113325.jpg",1,69,286,507,108,576,394
"WSLP_all/008093@30.0767410450558,-90.4993981118362.jpg",1,68,276,359,138,427,414
"WSLP_all/008094@30.0700272429681,-90.4888757636732.jpg",2,34,274,555,148,589,422
"WSLP_all/008095@30.0765710651858,-90.4993615932853.jpg",1,26,281,426,110,452,391
"WSLP_all/008096@30.0643047947764,-90.4886871439733.jpg",1,121,304,341,111,462,415
"WSLP_all/008097@30.0764117727592,-90.499306014986.jpg",1,43,272,403,133,446,405
"WSLP_all/008098@30.0648027783007,-90.4887619581951.jpg",1,41,278,557,133,598,411
"WSLP_all/008099@30.0774453827373,-90.4992056734179.jpg",2,188,263,442,151,630,414
"WSLP_all/008100@30.0610811075163,-90.4887555579856.jpg",4,181,318,238,125,419,443
"WSLP_all/008101@30.0762795680477,-90.4991553581147.jpg",3,77,265,415,130,492,395
"WSLP_all/008102@30.0769652091618,-90.4991021916529.jpg",2,220,256,407,147,627,403
"WSLP_all/008103@30.0771241322745,-90.499116671164.jpg",3,58,227,401,187,459,414
"WSLP_all/008104@30.0761936864615,-90.4989505633502.jpg",2,104,276,424,119,528,395
"WSLP_all/008105@30.0767898076845,-90.4990214543961.jpg",4,200,276,191,127,391,403
"WSLP_all/008106@30.0779217532739,-90.4987432260806.jpg",5,240,300,278,129,518,429
"WSLP_all/008107@30.0766417649721,-90.4989057091524.jpg",2,220,259,404,127,624,386
"WSLP_all/008108@30.0761402948433,-90.4987613065406.jpg",1,118,272,384,151,502,423
"WSLP_all/008109@30.0774730116673,-90.49880073423.jpg",1,45,282,377,139,422,421
"WSLP_all/008110@30.0765149471579,-90.498767654318.jpg",2,255,248,359,134,614,382
"WSLP_all/008111@30.0760877314915,-90.498594174058.jpg",1,125,269,407,136,532,405
"WSLP_all/008112@30.0769523143361,-90.498624874415.jpg",1,4,279,440,142,444,421
"WSLP_all/008113@30.0767808785604,-90.4984713834821.jpg",1,11,305,416,120,427,425
"WSLP_all/008114@30.0764409935344,-90.4985880534069.jpg",1,216,263,346,123,562,386
"WSLP_all/008115@30.077586004991,-90.4983887560667.jpg",1,90,255,518,139,608,394
"WSLP_all/008116@30.076739035351,-90.4982820290429.jpg",3,39,286,405,135,444,421
"WSLP_all/008117@30.07638947437,-90.4983861336767.jpg",2,184,267,435,123,619,390
"WSLP_all/008118@30.0763467943716,-90.498190463554.jpg",1,227,303,375,106,602,409
"WSLP_all/008119@30.0766725574661,-90.4980802331971.jpg",5,147,272,285,147,432,419
"WSLP_all/008120@30.0670991263073,-90.4878699392987.jpg",3,66,279,464,144,530,423
"WSLP_all/008121@30.0667807989665,-90.4880749714726.jpg",1,31,251,455,234,486,485
"WSLP_all/008122@30.0612462329158,-90.4878848112551.jpg",3,99,259,430,184,529,443
"WSLP_all/008123@30.0667969290871,-90.4875848110244.jpg",3,68,267,552,209,620,476
"WSLP_all/008124@30.0670201131548,-90.4874058763385.jpg",1,56,260,585,201,641,461
"WSLP_all/008125@30.0666760148776,-90.4873487296179.jpg",1,19,228,437,173,456,401
"WSLP_all/008126@30.0678551915064,-90.4872691683509.jpg",1,92,278,387,119,479,397
"WSLP_all/008127@30.0676812942998,-90.4873939416493.jpg",1,99,286,326,101,425,387
"WSLP_all/008128@30.0672751904431,-90.4871918930958.jpg",3,28,260,581,200,609,460
"WSLP_all/008129@30.0682313723955,-90.4869909250292.jpg",1,141,268,326,117,467,385
"WSLP_all/008130@30.0674226853815,-90.4869851462671.jpg",4,149,299,358,171,507,470
"WSLP_all/008131@30.0683943153019,-90.4868219825505.jpg",3,79,283,427,108,506,391
"WSLP_all/008132@30.063227440316,-90.4868468966467.jpg",2,87,263,430,176,517,439
"WSLP_all/008133@30.0630182796225,-90.48702570671.jpg",3,35,271,531,181,566,452
"WSLP_all/008134@30.0649310899868,-90.4867660378502.jpg",4,206,348,192,93,398,441
"WSLP_all/008135@30.0678749573293,-90.4866904493666.jpg",3,169,300,429,138,598,438
"WSLP_all/008136@30.0685877028296,-90.4866749103028.jpg",3,177,282,316,132,493,414
"WSLP_all/008137@30.0626782991248,-90.4866808487614.jpg",5,220,295,233,154,453,449
"WSLP_all/008138@30.0667504604935,-90.5034714393428.jpg",1,152,276,460,158,612,434
"WSLP_all/008139@30.0663795903991,-90.5035504013468.jpg",1,110,286,378,105,488,391
"WSLP_all/008140@30.066417588253,-90.5033793682634.jpg",1,152,291,363,100,515,391
"WSLP_all/008141@30.066058163173,-90.5033981682686.jpg",1,33,264,521,134,554,398
"WSLP_all/008142@30.0671602207874,-90.5033194386472.jpg",2,30,259,486,202,516,461
"WSLP_all/008143@30.0667983445763,-90.5032939993568.jpg",1,122,270,408,132,530,402
"WSLP_all/008144@30.0653644357098,-90.5033596843481.jpg",1,91,272,395,116,486,388
"WSLP_all/008145@30.0661107405253,-90.5032017219223.jpg",3,13,247,589,186,602,433
"WSLP_all/008146@30.0672402494927,-90.503141731144.jpg",1,52,257,440,141,492,398
"WSLP_all/008147@30.0668626573331,-90.5031227462589.jpg",1,138,283,388,116,526,399
"WSLP_all/008149@30.0664706774526,-90.5031987240491.jpg",1,148,293,354,103,502,396
"WSLP_all/008150@30.0630179275426,-90.4857390507035.jpg",1,173,290,404,142,577,432
"WSLP_all/008151@30.0654181060945,-90.5031885223966.jpg",1,78,280,451,130,529,410
"WSLP_all/008152@30.0658151513774,-90.5029955313009.jpg",1,109,283,398,111,507,394
"WSLP_all/008153@30.0673150058094,-90.5029609058298.jpg",1,7,275,401,124,408,399
"WSLP_all/008154@30.0669254474888,-90.502932537.jpg",1,136,286,436,135,572,421
"WSLP_all/008155@30.0596583769219,-90.4847876424286.jpg",2,78,224,540,242,618,466
"WSLP_all/008156@30.0665671307161,-90.5030398494042.jpg",4,209,317,187,83,396,400
"WSLP_all/008157@30.06013214424,-90.4847014163038.jpg",6,219,281,243,82,462,363
"WSLP_all/008158@30.0661056151552,-90.5029994342922.jpg",1,171,258,410,156,581,414
"WSLP_all/008159@30.0666124305079,-90.5028276553646.jpg",1,152,292,267,89,419,381
"WSLP_all/008160@30.0658498095457,-90.5028182029534.jpg",3,78,275,452,103,530,378
"WSLP_all/008161@30.065475430993,-90.5028466146858.jpg",1,87,285,449,142,536,427
"WSLP_all/008162@30.0673844123856,-90.5027864466892.jpg",1,37,245,397,173,434,418
"WSLP_all/008163@30.0669741012664,-90.5027550900233.jpg",1,179,268,408,150,587,418
"WSLP_all/008164@30.065524054339,-90.5026818160729.jpg",1,79,262,494,156,573,418
"WSLP_all/008165@30.0662593347231,-90.502637751191.jpg",1,116,264,423,117,539,381
"WSLP_all/008166@30.0658905234186,-90.5026376636422.jpg",1,84,278,449,116,533,394
"WSLP_all/008167@30.0674471684708,-90.5026215281336.jpg",1,101,268,396,122,497,390
"WSLP_all/008168@30.0661222232697,-90.5028159330107.jpg",3,171,263,409,143,580,406
"WSLP_all/008169@30.0664539536215,-90.5026614205105.jpg",1,126,270,324,109,450,379
"WSLP_all/008170@30.0585482746576,-90.5637347620851.jpg",3,206,264,248,157,454,421
"WSLP_all/008171@30.0599216742629,-90.4841942509582.jpg",1,8,262,593,211,601,473
"WSLP_all/008172@30.0692705782706,-90.5024703851123.jpg",3,198,291,344,109,542,400
"WSLP_all/008173@30.0659185691903,-90.5024540683813.jpg",1,44,252,466,165,510,417
"WSLP_all/008174@30.0602985378455,-90.4842447823963.jpg",6,234,283,207,91,441,374
"WSLP_all/008175@30.065572590516,-90.5024727595391.jpg",1,117,258,506,159,623,417
"WSLP_all/008176@30.0670855179759,-90.502479116052.jpg",1,251,298,296,128,547,426
"WSLP_all/008177@30.0690788374735,-90.5023929459071.jpg",1,153,283,363,134,516,417
"WSLP_all/008178@30.0675190866904,-90.5024660173575.jpg",3,189,266,211,134,400,400
"WSLP_all/008179@30.0666102129954,-90.5023408140327.jpg",3,64,258,307,176,371,434
"WSLP_all/008180@30.0669419663109,-90.5024297297177.jpg",1,5,274,361,140,366,414
"WSLP_all/008181@30.0664440711218,-90.5022979382971.jpg",4,184,268,284,131,468,399
"WSLP_all/008182@30.0667598159611,-90.5024122796497.jpg",4,270,301,201,128,471,429
"WSLP_all/008183@30.0688848222516,-90.502312364464.jpg",1,164,280,367,128,531,408
"WSLP_all/008184@30.0662855890606,-90.502248677037.jpg",4,285,289,233,147,518,436
"WSLP_all/008185@30.066122609133,-90.5022057762645.jpg",4,251,333,169,122,420,455
"WSLP_all/008186@30.067541926165,-90.502228716652.jpg",1,200,275,241,99,441,374
"WSLP_all/008187@30.0673844647462,-90.5021320246683.jpg",1,218,245,323,140,541,385
"WSLP_all/008188@30.0670708459503,-90.5020714113044.jpg",4,189,334,137,113,326,447
"WSLP_all/008189@30.0672180350493,-90.5021176054055.jpg",2,243,259,387,139,630,398
"WSLP_all/008190@30.0596402379316,-90.4833178310759.jpg",1,31,269,448,150,479,419
"WSLP_all/008191@30.065683742604,-90.5019502012494.jpg",1,104,276,388,135,492,411
"WSLP_all/008192@30.0669093119036,-90.50202217555.jpg",2,247,258,381,172,628,430
"WSLP_all/008193@30.0667549414708,-90.5019665573375.jpg",3,297,270,315,148,612,418
"WSLP_all/008194@30.0666014411886,-90.5019267391743.jpg",3,292,265,271,165,563,430
"WSLP_all/008195@30.0664359866124,-90.5018838594353.jpg",2,266,255,375,138,641,393
"WSLP_all/008196@30.0659630560125,-90.5017645087444.jpg",2,0,283,258,104,258,387
"WSLP_all/008197@30.066273471593,-90.5018536009825.jpg",3,33,231,320,175,353,406
"WSLP_all/008198@30.0661142588465,-90.5018106694313.jpg",2,294,278,347,198,641,476
"WSLP_all/008199@30.0599798282262,-90.482910297786.jpg",2,238,285,401,147,639,432
"WSLP_all/008200@30.0676113691496,-90.5012891831482.jpg",1,21,255,602,130,623,385
"WSLP_all/008201@30.0602664850091,-90.5620744998523.jpg",1,117,289,486,123,603,412
"WSLP_all/008202@30.0587013623256,-90.48243754375.jpg",3,265,275,326,115,591,390
"WSLP_all/008203@30.0640574708215,-90.5008952291441.jpg",1,164,269,473,128,637,397
"WSLP_all/008204@30.0638943695128,-90.5006373602899.jpg",1,189,279,338,95,527,374
"WSLP_all/008205@30.0637131220649,-90.5005408730887.jpg",1,165,282,378,143,543,425
"WSLP_all/008207@30.0871008473202,-90.4940022723472.jpg",3,65,256,414,133,479,389
"WSLP_all/008208@30.0864024518912,-90.4938658622994.jpg",3,124,253,426,130,550,383
"WSLP_all/008209@30.0866302315555,-90.4939018881881.jpg",3,67,221,404,163,471,384
"WSLP_all/008210@30.0883358862139,-90.491851111128.jpg",1,94,266,527,131,621,397
"WSLP_all/008211@30.0868728313916,-90.4939377894022.jpg",3,150,250,321,128,471,378
"WSLP_all/008212@30.0590450906125,-90.4812712889055.jpg",1,90,270,528,114,618,384
"WSLP_all/008213@30.0593531113086,-90.4814298771257.jpg",1,29,279,441,155,470,434
"WSLP_all/008214@30.0864109684572,-90.4935021529258.jpg",1,86,254,426,141,512,395
"WSLP_all/008215@30.0880316473153,-90.4935801949014.jpg",1,57,248,487,151,544,399
"WSLP_all/008216@30.0867335212054,-90.4935531896164.jpg",3,177,252,400,154,577,406
"WSLP_all/008217@30.087080681968,-90.4933320805067.jpg",1,52,278,424,137,476,415
"WSLP_all/008218@30.0863834207571,-90.4932873642167.jpg",1,104,221,458,184,562,405
"WSLP_all/008219@30.087410341306,-90.493341949929.jpg",1,73,303,408,129,481,432
"WSLP_all/008220@30.0867224624736,-90.4933540725771.jpg",3,134,246,447,161,581,407
"WSLP_all/008221@30.0877697472673,-90.4932946498195.jpg",3,29,247,402,148,431,395
"WSLP_all/008222@30.087065707779,-90.4931614534757.jpg",1,79,269,419,140,498,409
"WSLP_all/008223@30.0591431674063,-90.4809891031378.jpg",1,198,258,418,150,616,408
"WSLP_all/008224@30.0592341296646,-90.4807038175063.jpg",1,98,281,543,108,641,389
"WSLP_all/008225@30.087734221531,-90.4931052233421.jpg",3,9,274,457,163,466,437
"WSLP_all/008226@30.0874057643673,-90.4931459379577.jpg",1,231,270,408,126,639,396
"WSLP_all/008227@30.0867155225175,-90.4931454336137.jpg",3,173,268,406,156,579,424
"WSLP_all/008228@30.0870349842991,-90.4929403671109.jpg",1,30,281,463,114,493,395
"WSLP_all/008229@30.0863869594794,-90.4930659904197.jpg",1,122,276,414,129,536,405
"WSLP_all/008230@30.0877240307548,-90.4928871244321.jpg",1,2,278,385,142,387,420
"WSLP_all/008231@30.0866809164691,-90.4929623255675.jpg",1,138,270,438,132,576,402
"WSLP_all/008232@30.0873791872792,-90.4929627609314.jpg",3,270,259,332,156,602,415
"WSLP_all/008233@30.0885307194469,-90.4913656596638.jpg",1,110,258,434,148,544,406
"WSLP_all/008234@30.0595186202571,-90.4801544941384.jpg",1,125,267,516,142,641,409
"WSLP_all/008235@30.0593672894306,-90.4804592648608.jpg",1,191,260,411,152,602,412
"WSLP_all/008236@30.0863257786334,-90.4928767830295.jpg",1,117,266,401,147,518,413
"WSLP_all/008237@30.0869858375018,-90.4927668663939.jpg",1,92,279,385,126,477,405
"WSLP_all/008238@30.0876782132551,-90.4927009460645.jpg",1,2,256,428,157,430,413
"WSLP_all/008239@30.0862778910451,-90.4926937867955.jpg",1,58,267,426,148,484,415
"WSLP_all/008240@30.0873415437581,-90.4927733521373.jpg",1,287,263,351,142,638,405
"WSLP_all/008241@30.0866185821553,-90.4927604781176.jpg",1,144,270,427,131,571,401
"WSLP_all/008242@30.0869376443575,-90.4925617380951.jpg",1,35,267,447,144,482,411
"WSLP_all/008243@30.0876589738684,-90.492495572056.jpg",3,33,245,422,169,455,414
"WSLP_all/008244@30.08658548705,-90.4925900058828.jpg",1,94,280,416,119,510,399
"WSLP_all/008245@30.0873245506244,-90.4925837702897.jpg",1,192,266,414,139,606,405
"WSLP_all/008246@30.0724657868809,-90.5023425758994.jpg",2,226,310,406,168,632,478
"WSLP_all/008247@30.0868810376886,-90.492391463795.jpg",1,46,266,467,142,513,408
"WSLP_all/008248@30.0722915889818,-90.5022649871341.jpg",2,231,280,391,196,622,476
"WSLP_all/008249@30.0888761134041,-90.4909548246446.jpg",1,135,269,405,128,540,397
"WSLP_all/008250@30.072492768448,-90.5022127237155.jpg",2,242,292,344,187,586,479
"WSLP_all/008251@30.0861904169964,-90.4924953155446.jpg",1,89,274,404,115,493,389
"WSLP_all/008252@30.0730444681652,-90.5024041450788.jpg",1,45,301,311,114,356,415
"WSLP_all/008253@30.0875869709386,-90.4923127781225.jpg",2,41,250,412,168,453,418
"WSLP_all/008254@30.0861381975252,-90.4923186814336.jpg",1,100,268,377,115,477,383
"WSLP_all/008255@30.072521608086,-90.5020765337702.jpg",2,242,278,364,214,606,492
"WSLP_all/008256@30.0865049893534,-90.4923946372956.jpg",3,177,195,225,205,402,400
"WSLP_all/008257@30.0723368971135,-90.502071751166.jpg",2,232,286,288,173,520,459
"WSLP_all/008258@30.087250936318,-90.4923725317474.jpg",3,235,286,356,159,591,445
"WSLP_all/008259@30.0864264881012,-90.4922277096551.jpg",1,100,283,447,141,547,424
"WSLP_all/008260@30.0871809794569,-90.4922086928335.jpg",3,121,291,435,112,556,403
"WSLP_all/008261@30.0720654220467,-90.5034746075202.jpg",1,8,238,625,204,633,442
"WSLP_all/008262@30.0868115357482,-90.4922212974955.jpg",1,132,241,440,157,572,398
"WSLP_all/008263@30.0875385116448,-90.4921392709434.jpg",3,103,267,367,122,470,389
"WSLP_all/008264@30.0859938246705,-90.4921712827838.jpg",3,97,268,358,108,455,376
"WSLP_all/008265@30.0858837517836,-90.4920425682579.jpg",3,114,260,331,119,445,379
"WSLP_all/008266@30.0615442635256,-90.4977802350775.jpg",6,218,287,251,119,469,406
"WSLP_all/008267@30.086309528041,-90.492045297725.jpg",1,155,257,388,144,543,401
"WSLP_all/008268@30.0871121738314,-90.4920227109066.jpg",1,149,265,412,145,561,410
"WSLP_all/008269@30.089328696765,-90.4908150261539.jpg",1,11,277,550,119,561,396
"WSLP_all/008270@30.0895473711582,-90.4907214746618.jpg",1,46,274,484,121,530,395
"WSLP_all/008271@30.0713938897832,-90.5024115833001.jpg",3,29,279,420,129,449,408
"WSLP_all/008272@30.0867056767365,-90.492041953213.jpg",1,84,242,522,153,606,395
"WSLP_all/008273@30.0862053500609,-90.4918880746936.jpg",1,157,264,454,135,611,399
"WSLP_all/008274@30.0874628037309,-90.4919533466761.jpg",1,117,260,476,148,593,408
"WSLP_all/008275@30.0616457511171,-90.4965180340926.jpg",6,227,289,199,86,426,375
"WSLP_all/008276@30.0870533859439,-90.4918682654183.jpg",1,38,253,543,143,581,396
"WSLP_all/008277@30.0857449802902,-90.4918982861579.jpg",1,68,265,347,129,415,394
"WSLP_all/008278@30.0878679562837,-90.4919562499418.jpg",1,21,218,494,180,515,398
"WSLP_all/008279@30.0614593219759,-90.4956502502754.jpg",5,132,349,268,133,400,482
"WSLP_all/008280@30.086595183249,-90.4918215416189.jpg",3,256,220,263,185,519,405
"WSLP_all/008281@30.0860869259408,-90.4917436194598.jpg",1,138,283,493,169,631,452
"WSLP_all/008282@30.0873578587787,-90.4917708316958.jpg",1,61,262,480,180,541,442
"WSLP_all/008283@30.0856504573466,-90.491763115825.jpg",3,86,274,360,128,446,402
"WSLP_all/008284@30.0888362246098,-90.490509299799.jpg",2,128,276,437,114,565,390
"WSLP_all/008285@30.0872864545945,-90.4915785464782.jpg",3,104,278,456,179,560,457
"WSLP_all/008286@30.0855198009957,-90.4915934696673.jpg",4,258,330,221,114,479,444
"WSLP_all/008287@30.0869559801054,-90.4916951727871.jpg",3,45,263,596,136,641,399
"WSLP_all/008288@30.0868489621682,-90.4915411351611.jpg",1,88,269,466,130,554,399
"WSLP_all/008289@30.0864081060151,-90.4915796419724.jpg",3,162,266,414,132,576,398
"WSLP_all/008290@30.0877454220245,-90.4916632082257.jpg",3,41,254,504,153,545,407
"WSLP_all/008291@30.0859775546939,-90.4916085752679.jpg",3,70,256,402,154,472,410
"WSLP_all/008292@30.085876155044,-90.4914861121884.jpg",3,52,256,479,162,531,418
"WSLP_all/008293@30.0862807541142,-90.4914194530054.jpg",1,20,250,529,149,549,399
"WSLP_all/008294@30.0892459921627,-90.4903825101335.jpg",1,85,289,486,119,571,408
"WSLP_all/008295@30.0867329121131,-90.4913808500423.jpg",1,136,285,418,113,554,398
"WSLP_all/008296@30.0856889731845,-90.4913612121238.jpg",3,121,271,501,108,622,379
"WSLP_all/008297@30.0854200633714,-90.4914899652822.jpg",4,217,342,216,126,433,468
"WSLP_all/008298@30.0880685288022,-90.4914264829331.jpg",1,103,244,535,153,638,397
"WSLP_all/008299@30.0894512245004,-90.4903112065741.jpg",1,117,233,490,174,607,407
"WSLP_all/008300@30.087195296704,-90.4914148882185.jpg",3,136,288,437,134,573,422
"WSLP_all/008301@30.0851910294056,-90.4912104794289.jpg",3,389,270,252,174,641,444
"WSLP_all/008302@30.087702052924,-90.491404282448.jpg",1,51,241,500,166,551,407
"WSLP_all/008303@30.0884126646103,-90.4901523994357.jpg",5,115,318,247,155,362,473
"WSLP_all/008304@30.089653781194,-90.4902557361636.jpg",3,69,259,457,170,526,429
"WSLP_all/008305@30.0870972205316,-90.4912702611973.jpg",3,177,278,409,125,586,403
"WSLP_all/008306@30.0604708690203,-90.4789197800841.jpg",1,58,267,558,150,616,417
"WSLP_all/008307@30.0603942268359,-90.4791227571348.jpg",1,22,265,599,149,621,414
"WSLP_all/008308@30.0602781937292,-90.4793576826435.jpg",1,6,272,531,128,537,400
"WSLP_all/008309@30.0861733751606,-90.4912907161691.jpg",3,240,244,401,155,641,399
"WSLP_all/008310@30.0866059035025,-90.4912269809947.jpg",1,146,275,381,119,527,394
"WSLP_all/008311@30.0629797577703,-90.4939588102464.jpg",3,158,288,298,102,456,390
"WSLP_all/008312@30.0886213982897,-90.4901126876497.jpg",4,315,366,147,107,462,473
"WSLP_all/008313@30.0898469792902,-90.4902161555491.jpg",1,112,280,453,134,565,414
"WSLP_all/008314@30.0593360570099,-90.4791191806964.jpg",3,109,262,404,152,513,414
"WSLP_all/008315@30.0850554095995,-90.4910946309773.jpg",3,123,291,362,114,485,405
"WSLP_all/008316@30.0888323791194,-90.4900286867923.jpg",3,122,218,344,192,466,410
"WSLP_all/008317@30.0855641281819,-90.4911630579952.jpg",3,180,272,349,127,529,399
"WSLP_all/008318@30.0879998957418,-90.4909622318588.jpg",1,113,269,465,145,578,414
"WSLP_all/008319@30.0900452340549,-90.490141747049.jpg",1,72,230,483,189,555,419
"WSLP_all/008320@30.086464774451,-90.4911269877376.jpg",1,70,255,401,168,471,423
"WSLP_all/008321@30.0869623818524,-90.4911132958309.jpg",3,101,253,397,161,498,414
"WSLP_all/008322@30.0906905864793,-90.4899813385688.jpg",3,147,266,381,137,528,403
"WSLP_all/008323@30.0597780753035,-90.4795611250318.jpg",1,151,277,474,123,625,400
"WSLP_all/008324@30.0598819272696,-90.4793263042711.jpg",1,16,271,579,154,595,425
"WSLP_all/008325@30.0595856235053,-90.4792150394203.jpg",1,197,285,336,144,533,429
"WSLP_all/008326@30.0868506243785,-90.4909751092388.jpg",3,184,241,379,164,563,405
"WSLP_all/008327@30.0890376303769,-90.4899731933456.jpg",1,33,246,462,157,495,403
"WSLP_all/008328@30.0860440945289,-90.4908459590503.jpg",1,146,248,463,155,609,403
"WSLP_all/008329@30.0629069414706,-90.4932038689252.jpg",6,205,282,205,91,410,373
"WSLP_all/008330@30.0858729252997,-90.490847406206.jpg",1,177,270,347,118,524,388
"WSLP_all/008331@30.086351492698,-90.490767470786.jpg",3,147,233,421,181,568,414
"WSLP_all/008332@30.0861939156557,-90.4908130718687.jpg",1,103,262,472,143,575,405
"WSLP_all/008333@30.0847454958393,-90.4907367807398.jpg",1,15,270,380,150,395,420
"WSLP_all/008334@30.0910955123339,-90.4898672341788.jpg",3,98,286,420,123,518,409
"WSLP_all/008335@30.0875539563537,-90.4909154081059.jpg",2,72,228,507,157,579,385
"WSLP_all/008337@30.0896509335558,-90.489819381021.jpg",2,94,266,486,129,580,395
"WSLP_all/008338@30.0874702785358,-90.4906789576155.jpg",3,117,252,359,141,476,393
"WSLP_all/008339@30.0851353014834,-90.4906702443648.jpg",1,33,275,491,138,524,413
"WSLP_all/008340@30.084956369465,-90.4906875675114.jpg",1,88,268,412,133,500,401
"WSLP_all/008341@30.0852915970255,-90.4906436265123.jpg",1,77,271,421,135,498,406
"WSLP_all/008342@30.0857899973427,-90.4905002820804.jpg",4,169,362,180,81,349,443
"WSLP_all/008343@30.0854569266386,-90.4906106081215.jpg",3,131,266,445,143,576,409
"WSLP_all/008344@30.0898493095683,-90.4897639448904.jpg",1,15,214,568,205,583,419
"WSLP_all/008345@30.0856348003434,-90.4905395391334.jpg",1,43,280,443,126,486,406
"WSLP_all/008346@30.0649862405863,-90.5579060660679.jpg",3,62,302,345,153,407,455
"WSLP_all/008347@30.0632242631944,-90.5578849994111.jpg",2,64,251,538,185,602,436
"WSLP_all/008348@30.0920759237602,-90.4897956903474.jpg",3,116,293,318,128,434,421
"WSLP_all/008349@30.0878033798731,-90.4903283095511.jpg",1,62,247,546,126,608,373
"WSLP_all/008350@30.0859470912172,-90.4904736570334.jpg",1,121,289,371,113,492,402
"WSLP_all/008351@30.0902511345971,-90.4895992709163.jpg",1,102,252,451,141,553,393
"WSLP_all/008352@30.0628861781703,-90.5578117574884.jpg",4,124,375,183,107,307,482
"WSLP_all/008353@30.0880137793642,-90.4902696116307.jpg",4,339,328,155,116,494,444
"WSLP_all/008354@30.0862967116933,-90.4903884864242.jpg",3,118,260,447,133,565,393
"WSLP_all/008355@30.0861103281561,-90.4904058733114.jpg",1,53,264,439,134,492,398
"WSLP_all/008356@30.0906628053903,-90.4895420278295.jpg",1,20,228,581,184,601,412
"WSLP_all/008357@30.0917610239145,-90.4896687048144.jpg",1,14,238,595,171,609,409
"WSLP_all/008358@30.0904679891993,-90.4896037590867.jpg",1,37,203,594,217,631,420
"WSLP_all/008359@30.092091143887,-90.4895615548229.jpg",1,32,239,605,196,637,435
"WSLP_all/008360@30.0646050926824,-90.5575012157608.jpg",3,8,244,579,197,587,441
"WSLP_all/008361@30.0626465088806,-90.5574627189736.jpg",1,104,283,388,104,492,387
"WSLP_all/008362@30.0634223990719,-90.5574756471727.jpg",3,157,250,353,150,510,400
"WSLP_all/008363@30.0618953128042,-90.5573705670707.jpg",1,87,245,543,149,630,394
"WSLP_all/008364@30.0651026680456,-90.5575416018184.jpg",1,60,254,373,144,433,398
"WSLP_all/008365@30.0653652667778,-90.5569515406509.jpg",1,151,195,447,218,598,413
"WSLP_all/008366@30.0648670343844,-90.5569396148032.jpg",3,134,210,497,233,631,443
"WSLP_all/008367@30.0624834955898,-90.5567716642058.jpg",3,244,221,397,174,641,395
"WSLP_all/008368@30.0881183667425,-90.4932506034544.jpg",3,29,262,452,155,481,417
"WSLP_all/008369@30.0881497497901,-90.4929499381796.jpg",3,56,279,414,136,470,415
"WSLP_all/008372@30.0882158105234,-90.4902394433049.jpg",1,44,197,520,201,564,398
"WSLP_all/008373@30.0649727511901,-90.4984343518654.jpg",1,121,270,487,107,608,377
"WSLP_all/008374@30.0657370164981,-90.4978051529357.jpg",1,132,252,451,156,583,408
"WSLP_all/008375@30.0665886068298,-90.4975735516197.jpg",2,16,202,451,218,467,420
"WSLP_all/008376@30.0663749048838,-90.4970821608831.jpg",3,243,187,295,184,538,371
"WSLP_all/008377@30.0668792249873,-90.4972549709825.jpg",1,161,256,394,149,555,405
"WSLP_all/008378@30.0656185440873,-90.4955868411977.jpg",1,18,264,468,98,486,362
"WSLP_all/008379@30.0654062159616,-90.4937708220358.jpg",1,205,294,263,83,468,377
"WSLP_all/008380@30.0655533932943,-90.493681063221.jpg",3,67,285,451,134,518,419
"WSLP_all/008381@30.0654727683548,-90.4931506273534.jpg",1,41,271,491,143,532,414
"WSLP_all/008382@30.0644626291636,-90.492533191833.jpg",1,102,286,383,143,485,429
"WSLP_all/008384@30.065136407249,-90.4920090401729.jpg",3,124,274,355,155,479,429
"WSLP_all/008385@30.0646074683614,-90.491896533383.jpg",1,60,278,515,130,575,408
"WSLP_all/008386@30.06570744618,-90.4915963982143.jpg",1,159,282,326,194,485,476
"WSLP_all/008387@30.0697355059763,-90.5585014197137.jpg",2,264,281,376,162,640,443
"WSLP_all/008388@30.0699947983344,-90.558101050842.jpg",1,23,268,579,170,602,438
"WSLP_all/008389@30.0687733866062,-90.5580473215645.jpg",2,63,239,560,208,623,447
"WSLP_all/008390@30.0680335101333,-90.5580372695436.jpg",2,193,250,388,113,581,363
"WSLP_all/008391@30.0680069224753,-90.5576454541686.jpg",2,42,239,594,188,636,427
"WSLP_all/008392@30.0697115643636,-90.5576385101782.jpg",1,11,269,437,124,448,393
"WSLP_all/008393@30.0701911867111,-90.5576189696323.jpg",1,21,257,449,144,470,401
"WSLP_all/008394@30.0689711319211,-90.4974776967166.jpg",3,79,191,297,200,376,391
"WSLP_all/008395@30.0671338687396,-90.5575510829967.jpg",1,9,212,510,203,519,415
"WSLP_all/008396@30.067347491323,-90.5575209672749.jpg",3,125,245,343,138,468,383
"WSLP_all/008397@30.0687726776278,-90.557595233652.jpg",1,13,235,452,160,465,395
"WSLP_all/008398@30.0668464544887,-90.5574995759025.jpg",1,32,266,516,124,548,390
"WSLP_all/008399@30.0660998167102,-90.5575370017787.jpg",4,309,281,149,146,458,427
"WSLP_all/008400@30.0704451326767,-90.5571237920944.jpg",1,106,226,493,175,599,401
"WSLP_all/008401@30.068593735144,-90.4962984618982.jpg",1,43,258,459,124,502,382
"WSLP_all/008402@30.0687754321275,-90.5570451127113.jpg",2,125,192,506,206,631,398
"WSLP_all/008403@30.0685151636236,-90.5570597858017.jpg",1,60,234,481,156,541,390
"WSLP_all/008404@30.0641827298711,-90.5082696269379.jpg",1,38,272,467,122,505,394
"WSLP_all/008405@30.0646066744023,-90.5080764358164.jpg",1,39,255,521,168,560,423
"WSLP_all/008406@30.0644660499896,-90.5079890810911.jpg",3,104,274,492,153,596,427
"WSLP_all/008407@30.0661681107227,-90.5078548529606.jpg",1,196,288,247,119,443,407
"WSLP_all/008408@30.0614803414756,-90.4903454569266.jpg",6,230,276,194,90,424,366
"WSLP_all/008409@30.0612151743831,-90.4905563436666.jpg",4,232,358,137,92,369,450
"WSLP_all/008411@30.0700431394607,-90.554762097354.jpg",3,204,288,325,135,529,423
"WSLP_all/008412@30.0672036116677,-90.4969582341956.jpg",1,23,241,495,170,518,411
"WSLP_all/008413@30.0665571363396,-90.5071624393555.jpg",1,203,286,306,115,509,401
"WSLP_all/008414@30.0654286454782,-90.5564515479821.jpg",2,43,234,520,258,563,492
"WSLP_all/008415@30.0656961752017,-90.5061705722377.jpg",1,156,279,293,116,449,395
"WSLP_all/008416@30.0643435257147,-90.5054926213824.jpg",1,165,271,258,119,423,390
"WSLP_all/008417@30.0659378044073,-90.5052644029306.jpg",1,15,252,494,142,509,394
"WSLP_all/008418@30.0666175910958,-90.5050406166594.jpg",1,127,263,342,145,469,408
"WSLP_all/008419@30.0664399431143,-90.5049693802974.jpg",3,207,282,230,112,437,394
"WSLP_all/008420@30.0640394805322,-90.4882057049474.jpg",6,234,274,211,121,445,395
"WSLP_all/008421@30.0687286941323,-90.5047891204772.jpg",3,181,285,222,105,403,390
"WSLP_all/008422@30.0694148174771,-90.5043882271048.jpg",1,157,274,298,115,455,389
"WSLP_all/008423@30.0683258155159,-90.5045490355906.jpg",1,189,290,166,92,355,382
"WSLP_all/008424@30.0681348031148,-90.5044779100236.jpg",1,74,305,226,103,300,408
"WSLP_all/008426@30.0668934970132,-90.5044218427153.jpg",3,169,277,202,96,371,373
"WSLP_all/008427@30.0644149613797,-90.5044203258811.jpg",1,30,277,408,148,438,425
"WSLP_all/008429@30.0569858311854,-90.5519210837239.jpg",1,62,286,461,115,523,401
"WSLP_all/008430@30.0665330433189,-90.5042509610951.jpg",1,7,245,398,143,405,388
"WSLP_all/008431@30.0663729869144,-90.5042048712079.jpg",1,35,287,353,92,388,379
"WSLP_all/008432@30.066975916246,-90.5042567614168.jpg",1,167,262,298,102,465,364
"WSLP_all/008433@30.0686480773879,-90.5041132304154.jpg",1,226,292,282,110,508,402
"WSLP_all/008434@30.0662297275057,-90.5041143819205.jpg",1,32,268,386,119,418,387
"WSLP_all/008435@30.0669918240914,-90.5040100368378.jpg",1,165,270,411,114,576,384
"WSLP_all/008436@30.0684748193292,-90.5040229888075.jpg",1,222,259,295,148,517,407
"WSLP_all/008437@30.0660781978025,-90.5040555758083.jpg",1,22,256,377,140,399,396
"WSLP_all/008438@30.064488347716,-90.5039866082468.jpg",1,193,269,409,132,602,401
"WSLP_all/008439@30.0659397433955,-90.503933432961.jpg",1,31,235,425,158,456,393
"WSLP_all/008440@30.0670043759307,-90.503832890743.jpg",4,205,366,261,105,466,471
"WSLP_all/008441@30.0666485657877,-90.5038579819949.jpg",1,8,257,442,139,450,396
"WSLP_all/008442@30.0664086790834,-90.5037461672577.jpg",1,234,274,350,122,584,396
"WSLP_all/008443@30.0657989478005,-90.5038587299202.jpg",1,16,244,509,146,525,390
"WSLP_all/008444@30.0654861397752,-90.5037475230823.jpg",1,78,268,400,104,478,372
"WSLP_all/008445@30.0667000479215,-90.5036710291771.jpg",1,121,271,341,115,462,386
"WSLP_all/008446@30.0656611745521,-90.5037966485603.jpg",1,8,226,470,184,478,410
"WSLP_all/008447@30.0653695936555,-90.5035935851317.jpg",3,183,247,332,150,515,397
"WSLP_all/008448@30.066019167597,-90.5035723704424.jpg",1,98,267,440,150,538,417
"WSLP_all/008449@30.0670987158599,-90.5034780240159.jpg",4,211,351,121,101,332,452
"WSLP_all/008450@30.0767679807123,-90.4885878369986.jpg",5,215,350,207,95,422,445
"WSLP_all/008451@30.0755030173762,-90.4884499587265.jpg",4,267,323,151,114,418,437
"WSLP_all/008453@30.0775113369912,-90.4883159467786.jpg",3,171,233,404,182,575,415
"WSLP_all/008454@30.0790675316846,-90.4911072953498.jpg",3,126,292,382,120,508,412
"WSLP_all/008455@30.0794178360535,-90.4909999942179.jpg",3,168,298,357,105,525,403
"WSLP_all/008456@30.0798039895604,-90.4908955511269.jpg",1,112,289,388,111,500,400
"WSLP_all/008457@30.080388035514,-90.4907072245484.jpg",1,84,282,419,117,503,399
"WSLP_all/008458@30.079283991841,-90.490590086359.jpg",2,38,242,580,220,618,462
"WSLP_all/008459@30.08097604408,-90.4906010723064.jpg",1,145,290,395,130,540,420
"WSLP_all/008460@30.0806017678369,-90.4906706367319.jpg",1,162,262,363,115,525,377
"WSLP_all/008461@30.0800790357331,-90.4903462237132.jpg",2,8,246,513,163,521,409
"WSLP_all/008462@30.0804028342626,-90.4902865710651.jpg",2,78,260,522,204,600,464
"WSLP_all/008463@30.0809694210034,-90.4901331682501.jpg",2,33,243,490,176,523,419
"WSLP_all/008464@30.0807655563503,-90.4901475407142.jpg",1,37,263,515,157,552,420
"WSLP_all/008465@30.0799478088983,-90.4899331299914.jpg",2,133,238,481,155,614,393
"WSLP_all/008466@30.0803457712038,-90.4898349059821.jpg",1,39,267,548,129,587,396
"WSLP_all/008467@30.0794558305821,-90.4897823636393.jpg",3,138,294,340,97,478,391
"WSLP_all/008468@30.0799509094648,-90.4897086111422.jpg",2,179,257,462,140,641,397
"WSLP_all/008469@30.0807168764924,-90.489841250493.jpg",1,103,290,462,82,565,372
"WSLP_all/008470@30.079074572362,-90.4896591167939.jpg",4,239,350,173,81,412,431
"WSLP_all/008471@30.0810533067691,-90.4895127273667.jpg",1,13,262,527,140,540,402
"WSLP_all/008472@30.0806056150678,-90.4894501188235.jpg",3,155,210,400,163,555,373
"WSLP_all/008473@30.0802601572694,-90.4893866450558.jpg",3,69,281,412,125,481,406
"WSLP_all/008474@30.0794166667684,-90.4893305515304.jpg",1,88,291,374,108,462,399
"WSLP_all/008475@30.0798983285306,-90.4894719174002.jpg",3,53,267,498,144,551,411
"WSLP_all/008476@30.0806122890526,-90.4892255682022.jpg",1,56,274,440,122,496,396
"WSLP_all/008477@30.0809705358648,-90.4892636392695.jpg",1,82,283,398,108,480,391
"WSLP_all/008478@30.0802065850514,-90.4891626055498.jpg",3,75,202,416,213,491,415
"WSLP_all/008479@30.0790253766151,-90.489049300238.jpg",4,195,361,203,98,398,459
"WSLP_all/008480@30.0793255611552,-90.488926607405.jpg",2,8,283,429,141,437,424
"WSLP_all/008481@30.0804806763115,-90.4888472585952.jpg",1,92,266,541,139,633,405
"WSLP_all/008482@30.0801485779997,-90.4889417667554.jpg",3,133,278,497,147,630,425
"WSLP_all/008483@30.0797521088952,-90.4887965192734.jpg",1,136,277,407,126,543,403
"WSLP_all/008484@30.0808966971635,-90.4887393910184.jpg",1,101,257,411,118,512,375
"WSLP_all/008485@30.0805230258393,-90.488568653991.jpg",3,183,293,302,89,485,382
"WSLP_all/008486@30.0787184289573,-90.4885460093685.jpg",1,85,274,387,117,472,391
"WSLP_all/008487@30.0796807031964,-90.4885789560788.jpg",1,117,262,519,149,636,411
"WSLP_all/008488@30.080929500725,-90.4884988087477.jpg",1,1,267,448,129,449,396
"WSLP_all/008489@30.0803467182225,-90.4883519797838.jpg",1,162,263,260,103,422,366
"WSLP_all/008490@30.0810549042053,-90.4882131756588.jpg",1,76,288,406,132,482,420
"WSLP_all/008491@30.0817275183183,-90.4903638979837.jpg",1,109,290,230,112,339,402
"WSLP_all/008492@30.0822942462729,-90.490185196955.jpg",1,136,304,406,105,542,409
"WSLP_all/008493@30.0824604125138,-90.490111066593.jpg",1,56,294,523,107,579,401
"WSLP_all/008494@30.0815266821606,-90.4899577103257.jpg",1,140,272,473,147,613,419
"WSLP_all/008495@30.0811256643119,-90.4900338276322.jpg",1,118,265,515,128,633,393
"WSLP_all/008496@30.0820358684439,-90.4898111146577.jpg",3,220,229,372,158,592,387
"WSLP_all/008497@30.0824272362208,-90.4897224286855.jpg",3,39,274,499,127,538,401
"WSLP_all/008498@30.0810554094118,-90.4897466903266.jpg",1,15,291,412,127,427,418
"WSLP_all/008499@30.0817887962451,-90.4894464232486.jpg",1,138,300,329,107,467,407
"WSLP_all/008500@30.0827823666565,-90.4896087543103.jpg",1,199,255,326,171,525,426
"WSLP_all/008501@30.0819693330605,-90.4894006275784.jpg",1,152,277,282,129,434,406
"WSLP_all/008502@30.0813932692806,-90.4895383058165.jpg",1,206,147,279,284,485,431
"WSLP_all/008503@30.0813643133434,-90.4891433126995.jpg",2,159,283,482,130,641,413
"WSLP_all/008504@30.082696138788,-90.4891762975144.jpg",2,112,225,379,167,491,392
"WSLP_all/008505@30.0817757544339,-90.488981731715.jpg",1,180,276,373,154,553,430
"WSLP_all/008506@30.0821682425399,-90.48889619618.jpg",1,117,274,517,133,634,407
"WSLP_all/008507@30.0825388325695,-90.4887792261952.jpg",1,109,258,387,160,496,418
"WSLP_all/008508@30.0812673862131,-90.4887836777538.jpg",2,226,303,415,122,641,425
"WSLP_all/008509@30.0818846551529,-90.4885665971498.jpg",1,103,280,391,118,494,398
"WSLP_all/008510@30.0823132704085,-90.4884459723878.jpg",1,91,277,405,123,496,400
"WSLP_all/008511@30.0827065179335,-90.4883288084304.jpg",1,153,280,465,120,618,400
"WSLP_all/008512@30.0816975293176,-90.4884638404336.jpg",1,104,267,398,124,502,391
"WSLP_all/008513@30.0872202398597,-90.4908043943208.jpg",1,218,291,295,89,513,380
"WSLP_all/008514@30.0867483131202,-90.4908305189532.jpg",1,204,279,332,134,536,413
"WSLP_all/008516@30.0868341865631,-90.4905072605982.jpg",2,184,273,457,120,641,393
"WSLP_all/008517@30.0866735250567,-90.4904232436834.jpg",2,246,265,395,142,641,407
"WSLP_all/008518@30.0845599639156,-90.4903241276109.jpg",2,217,273,424,136,641,409
"WSLP_all/008519@30.0872976841633,-90.4903199393165.jpg",1,42,252,407,134,449,386
"WSLP_all/008520@30.0850631011005,-90.4902850890547.jpg",1,127,280,436,136,563,416
"WSLP_all/008521@30.0852402605114,-90.4902614561214.jpg",1,118,274,437,143,555,417
"WSLP_all/008522@30.0847226214444,-90.4903290755909.jpg",1,119,271,501,144,620,415
"WSLP_all/008523@30.0871390813103,-90.4902738498675.jpg",1,59,257,435,140,494,397
"WSLP_all/008524@30.0854015216818,-90.4902158223933.jpg",1,95,276,428,139,523,415
"WSLP_all/008525@30.0848919607158,-90.4902865369153.jpg",2,171,263,408,143,579,406
"WSLP_all/008526@30.0855700645744,-90.4901606418481.jpg",1,93,260,468,131,561,391
"WSLP_all/008527@30.0869656899654,-90.4901772914407.jpg",1,11,268,489,139,500,407
"WSLP_all/008528@30.0867936249443,-90.4900902093735.jpg",1,85,269,385,139,470,408
"WSLP_all/008529@30.0857303631344,-90.4901150169883.jpg",1,90,257,455,151,545,408
"WSLP_all/008530@30.08605445324,-90.4900237372675.jpg",1,104,269,455,142,559,411
"WSLP_all/008531@30.0864292060657,-90.4899984313873.jpg",1,10,260,524,147,534,407
"WSLP_all/008532@30.0862400963232,-90.4899937077308.jpg",3,37,271,466,130,503,401
"WSLP_all/008533@30.0833921858919,-90.48984706327.jpg",1,118,283,499,119,617,402
"WSLP_all/008534@30.0832256594035,-90.4899464934718.jpg",3,139,230,275,178,414,408
"WSLP_all/008535@30.083754522439,-90.4897681089471.jpg",1,185,238,384,171,569,409
"WSLP_all/008536@30.0877597062125,-90.4896013937531.jpg",1,137,274,385,129,522,403
"WSLP_all/008537@30.0839659069902,-90.489759995577.jpg",2,107,255,486,167,593,422
"WSLP_all/008538@30.0880148904866,-90.4894980455658.jpg",1,137,228,463,189,600,417
"WSLP_all/008539@30.0883983616416,-90.4894473664074.jpg",1,179,256,376,145,555,401
"WSLP_all/008540@30.0853652635682,-90.4894445940518.jpg",1,113,276,395,135,508,411
"WSLP_all/008541@30.088617975434,-90.4893632912077.jpg",1,121,285,447,115,568,400
"WSLP_all/008542@30.0833727630109,-90.4894677912281.jpg",1,53,183,458,250,511,433
"WSLP_all/008543@30.0843274109968,-90.4892162336615.jpg",2,0,203,504,230,504,433
"WSLP_all/008544@30.0837161897857,-90.4893257562324.jpg",1,109,272,300,134,409,406
"WSLP_all/008545@30.0846197814221,-90.4891441919886.jpg",2,0,244,525,159,525,403
"WSLP_all/008546@30.0894295215783,-90.4891160928995.jpg",1,129,274,366,129,495,403
"WSLP_all/008547@30.084869769088,-90.4890883200537.jpg",2,0,268,562,123,562,391
"WSLP_all/008548@30.0873866018991,-90.4890037549077.jpg",2,0,254,641,141,641,395
"WSLP_all/008549@30.0876738302041,-90.4890993462199.jpg",1,3,262,598,124,601,386
"WSLP_all/008550@30.0839068998193,-90.489279873289.jpg",1,62,260,434,144,496,404
"WSLP_all/008551@30.0898218306899,-90.4890242285038.jpg",1,134,280,425,122,559,402
"WSLP_all/008552@30.0851056425121,-90.4889882991878.jpg",3,20,226,428,178,448,404
"WSLP_all/008553@30.088385391334,-90.48896367072.jpg",2,0,260,571,154,571,414
"WSLP_all/008554@30.0863148394809,-90.4891867500858.jpg",3,72,275,569,128,641,403
"WSLP_all/008555@30.0900226103185,-90.4889877433618.jpg",1,147,285,401,115,548,400
"WSLP_all/008556@30.0853506219399,-90.4889704133224.jpg",1,37,252,525,159,562,411
"WSLP_all/008557@30.0855905483205,-90.4888893295412.jpg",2,0,252,613,150,613,402
"WSLP_all/008558@30.0885945921583,-90.4888638720694.jpg",2,0,263,533,148,533,411
"WSLP_all/008559@30.0833264447036,-90.4890539656175.jpg",1,165,260,299,118,464,378
"WSLP_all/008560@30.0835382685166,-90.4888055375445.jpg",2,211,277,291,95,502,372
"WSLP_all/008561@30.0863243793571,-90.4887186840172.jpg",1,7,264,572,130,579,394
"WSLP_all/008562@30.0860599378174,-90.4887462217737.jpg",1,107,264,380,147,487,411
"WSLP_all/008563@30.0858308577864,-90.4888335384415.jpg",1,28,266,523,149,551,415
"WSLP_all/008564@30.0866068069784,-90.4886530478485.jpg",2,82,268,559,130,641,398
"WSLP_all/008565@30.0838741279272,-90.4887615854798.jpg",1,98,206,404,186,502,392
"WSLP_all/008566@30.083482448719,-90.4885657001986.jpg",1,122,264,445,129,567,393
"WSLP_all/008567@30.0892289985626,-90.4887035504186.jpg",1,21,244,459,150,480,394
"WSLP_all/008568@30.0890110894745,-90.4887275324681.jpg",2,79,252,505,138,584,390
"WSLP_all/008569@30.0894362854592,-90.4886353871061.jpg",1,18,257,498,155,516,412
"WSLP_all/008570@30.0896404760524,-90.4885862237616.jpg",1,1,226,614,168,615,394
"WSLP_all/008571@30.0914513441572,-90.488558222908.jpg",1,87,285,447,128,534,413
"WSLP_all/008572@30.0910188086756,-90.4886978657495.jpg",2,148,266,378,140,526,406
"WSLP_all/008573@30.0900293245026,-90.488456440345.jpg",1,14,241,521,145,535,386
"WSLP_all/008574@30.0830178297173,-90.4899514143496.jpg",1,62,281,523,129,585,410
"WSLP_all/008575@30.0902569192337,-90.4884292131507.jpg",3,15,260,421,127,436,387
"WSLP_all/008576@30.0831185559524,-90.4890968323076.jpg",1,85,249,444,145,529,394
"WSLP_all/008577@30.0829372581943,-90.4887062866729.jpg",1,123,296,501,115,624,411
"WSLP_all/008578@30.0905608958919,-90.4882590396004.jpg",3,0,233,558,130,558,363
"WSLP_all/008579@30.0830930900425,-90.4886417257806.jpg",1,116,310,396,118,512,428
"WSLP_all/008580@30.0828711865957,-90.4882357156807.jpg",1,115,258,516,146,631,404
"WSLP_all/008581@30.0912669457319,-90.4880917777442.jpg",2,131,235,510,159,641,394
"WSLP_all/008582@30.0915521900643,-90.4880450870102.jpg",3,0,230,410,152,410,382
"WSLP_all/008583@30.0882194287936,-90.4894773407886.jpg",1,139,279,370,113,509,392
"WSLP_all/008584@30.0881761857307,-90.4890413341915.jpg",2,0,260,584,146,584,406
"WSLP_all/008585@30.0834615814651,-90.4880947433009.jpg",3,209,279,287,87,496,366
"WSLP_all/008586@30.0758120402866,-90.4881532977272.jpg",2,196,265,445,151,641,416
"WSLP_all/008587@30.0821187762936,-90.4880175989062.jpg",1,116,239,359,157,475,396
"WSLP_all/008588@30.080876830443,-90.4881198282947.jpg",1,154,285,389,112,543,397
"WSLP_all/008589@30.0815463928604,-90.4879528922821.jpg",1,41,258,592,209,633,467
"WSLP_all/008590@30.0796649185476,-90.4878929686168.jpg",1,37,260,424,127,461,387
"WSLP_all/008591@30.0819522894974,-90.4880158492262.jpg",1,187,286,260,107,447,393
"WSLP_all/008592@30.0826981101601,-90.4878198062446.jpg",1,110,291,348,103,458,394
"WSLP_all/008593@30.0762510415975,-90.4878555332222.jpg",2,265,269,376,146,641,415
"WSLP_all/008594@30.0823115857398,-90.4879432390265.jpg",1,139,289,332,111,471,400
"WSLP_all/008595@30.0803089388118,-90.487893828682.jpg",1,196,292,391,110,587,402
"WSLP_all/008596@30.0801010596337,-90.4878481643837.jpg",1,84,274,507,121,591,395
"WSLP_all/008597@30.0828477209412,-90.4877584598879.jpg",1,112,287,287,123,399,410
"WSLP_all/008598@30.0812371711295,-90.4877341828577.jpg",1,134,290,410,117,544,407
"WSLP_all/008599@30.0817321576655,-90.4876035052583.jpg",1,52,242,458,197,510,439
"WSLP_all/008600@30.0821030559865,-90.4875434429456.jpg",1,29,212,434,199,463,411
"WSLP_all/008601@30.0834323809624,-90.487563779991.jpg",1,104,296,310,112,414,408
"WSLP_all/008602@30.0822873440847,-90.4875165834038.jpg",1,35,272,431,127,466,399
"WSLP_all/008603@30.0808709563696,-90.4876329471419.jpg",1,0,263,538,126,538,389
"WSLP_all/008604@30.0796562590601,-90.4876748737947.jpg",2,175,285,445,149,620,434
"WSLP_all/008605@30.0771314649053,-90.4875476952741.jpg",1,195,276,384,98,579,374
"WSLP_all/008606@30.0775171363471,-90.4874969954708.jpg",1,229,276,386,115,615,391
"WSLP_all/008607@30.0806897297142,-90.487511171887.jpg",1,111,261,385,133,496,394
"WSLP_all/008608@30.0792374842194,-90.4875677633437.jpg",1,107,280,461,127,568,407
"WSLP_all/008609@30.0790609548456,-90.4874965395373.jpg",2,178,274,463,129,641,403
"WSLP_all/008610@30.0826497117616,-90.4873870301796.jpg",1,118,230,379,176,497,406
"WSLP_all/008611@30.0830295143892,-90.4873174050589.jpg",1,82,272,413,135,495,407
"WSLP_all/008612@30.0828417739198,-90.4873632661502.jpg",1,106,278,421,126,527,404
"WSLP_all/008613@30.0801821887055,-90.4873226061265.jpg",1,158,287,349,103,507,390
"WSLP_all/008614@30.0776945223802,-90.487470195663.jpg",1,115,280,436,120,551,400
"WSLP_all/008615@30.080968553628,-90.4871926167581.jpg",1,32,267,411,134,443,401
"WSLP_all/008616@30.0837982457034,-90.4871179971566.jpg",1,48,250,590,166,638,416
"WSLP_all/008617@30.0766122764014,-90.4871853377688.jpg",1,65,222,322,163,387,385
"WSLP_all/008618@30.0807640801289,-90.4871121429886.jpg",2,0,281,432,134,432,415
"WSLP_all/008619@30.0799515304964,-90.4872581653444.jpg",1,105,290,382,93,487,383
"WSLP_all/008620@30.0821527389902,-90.4871098367139.jpg",1,135,272,477,153,612,425
"WSLP_all/008621@30.0791148325701,-90.487043939933.jpg",1,70,292,351,94,421,386
"WSLP_all/008622@30.083594510983,-90.4871481859811.jpg",2,112,271,483,129,595,400
"WSLP_all/008623@30.0787214248509,-90.4869903681136.jpg",2,93,287,414,93,507,380
"WSLP_all/008624@30.0777753427133,-90.4869225199059.jpg",1,85,296,325,91,410,387
"WSLP_all/008625@30.0815599407434,-90.4870263372181.jpg",2,168,265,473,135,641,400
"WSLP_all/008626@30.0783414980631,-90.4869335204191.jpg",2,110,291,314,84,424,375
"WSLP_all/008627@30.0799987684224,-90.486859369501.jpg",2,63,280,391,132,454,412
"WSLP_all/008628@30.0829527463381,-90.4868690590126.jpg",1,101,271,480,130,581,401
"WSLP_all/008629@30.0823597231165,-90.4870416785303.jpg",1,157,269,452,143,609,412
"WSLP_all/008630@30.0831559409607,-90.4868104178381.jpg",1,75,273,490,144,565,417
"WSLP_all/008631@30.0833643724492,-90.4867580558591.jpg",2,96,274,469,145,565,419
"WSLP_all/008632@30.0765469103183,-90.4868254537479.jpg",2,0,299,329,102,329,401
"WSLP_all/008633@30.0801798672429,-90.4868926117102.jpg",2,40,247,467,164,507,411
"WSLP_all/008634@30.0813679331443,-90.4869173013846.jpg",1,220,258,416,148,636,406
"WSLP_all/008635@30.0808216222328,-90.4866436959277.jpg",1,143,280,450,123,593,403
"WSLP_all/008636@30.0791406005612,-90.4866548162631.jpg",2,115,224,347,166,462,390
"WSLP_all/008637@30.0771042394725,-90.4866910874274.jpg",1,12,293,328,96,340,389
"WSLP_all/008638@30.0809988030596,-90.4867433709337.jpg",2,169,272,472,141,641,413
"WSLP_all/008639@30.0776659715148,-90.4865914607486.jpg",1,154,287,348,99,502,386
"WSLP_all/008640@30.0804346636946,-90.4865110222076.jpg",1,93,265,450,149,543,414
"WSLP_all/008641@30.0786283877216,-90.4865737980488.jpg",1,118,302,341,98,459,400
"WSLP_all/008642@30.0792965450272,-90.4867104043494.jpg",1,160,282,370,105,530,387
"WSLP_all/008643@30.0747409813197,-90.4922409664366.jpg",1,197,263,433,133,630,396
"WSLP_all/008644@30.0759050053003,-90.492044600723.jpg",3,192,299,282,89,474,388
"WSLP_all/008645@30.0760775712944,-90.4919261599776.jpg",1,147,236,335,154,482,390
"WSLP_all/008646@30.0756874578666,-90.4920780543508.jpg",1,187,299,345,90,532,389
"WSLP_all/008647@30.0802491549302,-90.4864461994487.jpg",1,109,280,410,129,519,409
"WSLP_all/008648@30.0762644011465,-90.4919182591273.jpg",1,127,285,411,108,538,393
"WSLP_all/008649@30.0768297143007,-90.4917459122112.jpg",1,123,290,295,103,418,393
"WSLP_all/008650@30.0773730379969,-90.4916654414665.jpg",1,112,289,342,101,454,390
"WSLP_all/008651@30.0772835868552,-90.4866358126722.jpg",1,4,283,394,106,398,389
"WSLP_all/008652@30.0766291493201,-90.4917602529122.jpg",1,87,284,391,115,478,399
"WSLP_all/008653@30.0780579081133,-90.4865786452587.jpg",3,113,235,380,149,493,384
"WSLP_all/008654@30.0746710387148,-90.4918210515582.jpg",2,200,249,441,152,641,401
"WSLP_all/008655@30.0800519616638,-90.4864289040907.jpg",2,76,263,565,151,641,414
"WSLP_all/008656@30.0771953636798,-90.4916384861377.jpg",1,77,295,387,111,464,406
"WSLP_all/008657@30.0750568484406,-90.4915205942905.jpg",4,161,280,223,112,384,392
"WSLP_all/008658@30.0781233108916,-90.4913777051965.jpg",1,101,288,393,105,494,393
"WSLP_all/008659@30.0763745743719,-90.4914082878789.jpg",2,9,253,418,170,427,423
"WSLP_all/008660@30.0771109969907,-90.4912123596833.jpg",1,197,237,346,191,543,428
"WSLP_all/008661@30.0786872728461,-90.4912306579117.jpg",2,126,285,325,125,451,410
"WSLP_all/008662@30.0746489324748,-90.4914038958586.jpg",2,184,258,457,142,641,400
"WSLP_all/008663@30.0763307069032,-90.4912221148974.jpg",1,167,289,362,103,529,392
"WSLP_all/008664@30.0766436838672,-90.491121456069.jpg",1,157,297,293,103,450,400
"WSLP_all/008665@30.0774000228701,-90.4911245495373.jpg",1,124,268,517,158,641,426
"WSLP_all/008666@30.0746684366055,-90.490970579172.jpg",1,109,272,451,134,560,406
"WSLP_all/008667@30.0766386667509,-90.4909001761233.jpg",1,77,211,363,178,440,389
"WSLP_all/008668@30.077318061563,-90.4906920787519.jpg",1,108,280,421,110,529,390
"WSLP_all/008669@30.0788650364632,-90.4906821601709.jpg",1,112,264,403,142,515,406
"WSLP_all/008670@30.0777080643624,-90.4905876041163.jpg",3,88,271,385,116,473,387
"WSLP_all/008671@30.0762239782399,-90.4905716983699.jpg",1,176,285,329,104,505,389
"WSLP_all/008672@30.0784351483774,-90.4905182194461.jpg",1,43,271,522,136,565,407
"WSLP_all/008673@30.0765857205104,-90.4906919474043.jpg",1,65,211,337,162,402,373
"WSLP_all/008674@30.0769497190476,-90.4905845316798.jpg",1,159,294,364,108,523,402
"WSLP_all/008675@30.0750460007967,-90.4905721746674.jpg",2,188,258,453,138,641,396
"WSLP_all/008676@30.0780089404448,-90.4902846885559.jpg",1,25,272,447,114,472,386
"WSLP_all/008677@30.0787678176807,-90.4902118706705.jpg",1,143,292,331,126,474,418
"WSLP_all/008678@30.0776977727335,-90.4903758517863.jpg",1,60,260,388,121,448,381
"WSLP_all/008679@30.0761474332855,-90.4903541861382.jpg",1,176,288,360,101,536,389
"WSLP_all/008680@30.076881223622,-90.4901424640796.jpg",1,193,288,398,102,591,390
"WSLP_all/008681@30.0764937417909,-90.4902627269829.jpg",1,60,280,378,112,438,392
"WSLP_all/008682@30.0772224613167,-90.4902597240467.jpg",1,198,280,306,119,504,399
"WSLP_all/008683@30.0779714681451,-90.4900668420254.jpg",1,80,266,413,131,493,397
"WSLP_all/008684@30.0746759105759,-90.490195900951.jpg",1,201,213,357,179,558,392
"WSLP_all/008685@30.0764029659855,-90.4900516582944.jpg",1,129,293,283,93,412,386
"WSLP_all/008686@30.0779125975563,-90.4898396914021.jpg",1,103,282,371,129,474,411
"WSLP_all/008687@30.0787074677825,-90.4897665655253.jpg",1,129,296,416,126,545,422
"WSLP_all/008688@30.0751224964585,-90.4899138931882.jpg",3,234,260,336,127,570,387
"WSLP_all/008689@30.0767742983017,-90.4897196929069.jpg",2,226,232,326,160,552,392
"WSLP_all/008690@30.0783155554337,-90.4896370862601.jpg",2,40,259,442,138,482,397
"WSLP_all/008691@30.0771294732795,-90.4896344804684.jpg",1,168,274,391,128,559,402
"WSLP_all/008692@30.07476304462,-90.4897778198701.jpg",1,76,271,547,146,623,417
"WSLP_all/008693@30.0775802430241,-90.4897097087126.jpg",2,0,281,424,117,424,398
"WSLP_all/008694@30.0782208306462,-90.489445018505.jpg",1,139,262,437,137,576,399
"WSLP_all/008695@30.0749469811443,-90.489412668118.jpg",2,185,278,408,127,593,405
"WSLP_all/008696@30.0770902667171,-90.4894292978314.jpg",1,140,244,369,163,509,407
"WSLP_all/008697@30.0782291537207,-90.4892204592886.jpg",1,65,265,453,129,518,394
"WSLP_all/008698@30.0766485573612,-90.4892875977766.jpg",1,217,296,325,113,542,409
"WSLP_all/008699@30.0753958757219,-90.4892982070701.jpg",2,197,287,341,119,538,406
"WSLP_all/008700@30.0785579127351,-90.4891196585496.jpg",2,145,260,496,137,641,397
"WSLP_all/008701@30.0773051128332,-90.4889057855398.jpg",1,68,271,423,110,491,381
"WSLP_all/008702@30.0769180860064,-90.4890197264038.jpg",1,187,294,340,116,527,410
"WSLP_all/008703@30.0750807502371,-90.4890289687802.jpg",2,152,258,489,139,641,397
"WSLP_all/008704@30.0762858543902,-90.4889017749455.jpg",4,234,259,322,119,556,378
"WSLP_all/008705@30.0784221426659,-90.4889121295713.jpg",3,204,283,304,90,508,373
"WSLP_all/008706@30.0764094771736,-90.4887584491187.jpg",2,156,265,414,109,570,374
"WSLP_all/008707@30.0753059212914,-90.4887393448865.jpg",2,190,267,451,133,641,400
"WSLP_all/008708@30.0765917180401,-90.4887126391942.jpg",3,152,280,201,123,353,403
"WSLP_all/008709@30.0739738210897,-90.4899299375917.jpg",1,238,239,346,147,584,386
"WSLP_all/008710@30.0741522605919,-90.4899473975245.jpg",1,110,251,451,128,561,379
"WSLP_all/008711@30.0742871722307,-90.4899652258687.jpg",1,266,219,245,189,511,408
"WSLP_all/008712@30.0744525922884,-90.486568175519.jpg",1,118,201,425,187,543,388
"WSLP_all/008713@30.0740761461267,-90.4864796856159.jpg",2,110,255,263,107,373,362
"WSLP_all/008714@30.0732090492379,-90.4865502863543.jpg",1,181,280,337,116,518,396
"WSLP_all/008715@30.0733469344332,-90.4864574271212.jpg",1,16,241,484,155,500,396
"WSLP_all/008716@30.0743820624287,-90.4863506190518.jpg",1,145,263,394,129,539,392
"WSLP_all/008717@30.0735161159875,-90.4863263618644.jpg",2,54,271,402,111,456,382
"WSLP_all/008718@30.0740522322654,-90.4862459254853.jpg",1,166,272,188,89,354,361
"WSLP_all/008719@30.0743263424606,-90.4861740387737.jpg",1,245,241,295,116,540,357
"WSLP_all/008720@30.0776979661587,-90.4835653577669.jpg",2,159,252,482,178,641,430
"WSLP_all/008721@30.073672116695,-90.4861384973793.jpg",1,151,262,228,97,379,359
"WSLP_all/008723@30.0745191360332,-90.485669691536.jpg",3,238,217,256,164,494,381
"WSLP_all/008724@30.0748756838318,-90.4886070382587.jpg",2,0,266,330,109,330,375
"WSLP_all/008725@30.0760506065807,-90.4884516398745.jpg",2,197,265,272,104,469,369
"WSLP_all/008726@30.0749995110532,-90.4884099635215.jpg",1,104,276,283,96,387,372
"WSLP_all/008727@30.0763887419015,-90.4882780392701.jpg",1,100,260,409,138,509,398
"WSLP_all/008728@30.0858626458792,-90.5071857799386.jpg",1,108,229,490,167,598,396
"WSLP_all/008729@30.08600240166,-90.5072573482419.jpg",3,198,230,242,165,440,395
"WSLP_all/008730@30.0818281580202,-90.5063180804861.jpg",2,31,262,382,149,413,411
"WSLP_all/008731@30.0855451341412,-90.5071220097079.jpg",1,94,249,451,154,545,403
"WSLP_all/008732@30.0816647675856,-90.5062751697891.jpg",1,42,253,409,158,451,411
"WSLP_all/008733@30.0815028304635,-90.5062227614733.jpg",1,37,265,391,143,428,408
"WSLP_all/008734@30.0810461217187,-90.5060716197239.jpg",2,131,255,439,151,570,406
"WSLP_all/008735@30.0862049587822,-90.5065125867252.jpg",2,156,280,290,121,446,401
"WSLP_all/008736@30.0860670889352,-90.5064568138872.jpg",1,196,280,261,134,457,414
"WSLP_all/008737@30.085800633862,-90.5063831360455.jpg",1,198,288,296,112,494,400
"WSLP_all/008738@30.0848772080349,-90.5064793352869.jpg",1,191,287,341,115,532,402
"WSLP_all/008739@30.0853433031757,-90.5062509632971.jpg",2,145,243,496,168,641,411
"WSLP_all/008740@30.0805802335986,-90.5059300411821.jpg",1,81,225,329,179,410,404
"WSLP_all/008741@30.0859384460617,-90.5063946405544.jpg",1,166,290,324,117,490,407
"WSLP_all/008742@30.0856656209921,-90.5063399880263.jpg",2,60,259,392,163,452,422
"WSLP_all/008743@30.0814317373547,-90.5058534096049.jpg",3,88,224,516,208,604,432
"WSLP_all/008744@30.0804153418083,-90.5058713348001.jpg",1,39,269,405,130,444,399
"WSLP_all/008745@30.0852292972722,-90.5062076412903.jpg",1,194,263,288,145,482,408
"WSLP_all/008746@30.0849093609217,-90.5060774925532.jpg",2,111,288,346,121,457,409
"WSLP_all/008747@30.0850550082187,-90.5061237136237.jpg",1,175,291,315,120,490,411
"WSLP_all/008748@30.0858222016701,-90.5059465950408.jpg",2,140,231,368,181,508,412
"WSLP_all/008749@30.0809708143308,-90.505705465497.jpg",3,58,235,379,188,437,423
"WSLP_all/008750@30.0837191379256,-90.5060936971201.jpg",1,112,273,309,126,421,399
"WSLP_all/008751@30.0847612273204,-90.5060249682542.jpg",1,122,252,383,149,505,401
"WSLP_all/008752@30.0806512201987,-90.5056037779344.jpg",2,139,229,418,179,557,408
"WSLP_all/008753@30.0835751477932,-90.5060443009904.jpg",1,111,289,290,118,401,407
"WSLP_all/008754@30.0802497228406,-90.5058063098944.jpg",1,98,264,309,130,407,394
"WSLP_all/008755@30.0799411664956,-90.5057456351215.jpg",2,57,227,422,159,479,386
"WSLP_all/008756@30.0861884515876,-90.5060162811612.jpg",1,129,264,287,142,416,406
"WSLP_all/008757@30.0860321871327,-90.505982796045.jpg",1,112,240,399,158,511,398
"WSLP_all/008758@30.0796144310463,-90.5056408459534.jpg",2,45,285,341,127,386,412
"WSLP_all/008759@30.085850149996,-90.5057598017618.jpg",1,165,288,201,106,366,394
"WSLP_all/008760@30.0800895221315,-90.5057633742259.jpg",1,160,253,213,148,373,401
"WSLP_all/008761@30.079776667018,-90.5056837643177.jpg",2,23,241,454,142,477,383
"WSLP_all/008762@30.0853947338662,-90.5058363114699.jpg",1,43,216,511,205,554,421
"WSLP_all/008763@30.0836308127084,-90.5056865356021.jpg",1,121,266,378,136,499,402
"WSLP_all/008764@30.0854393932254,-90.5056746763518.jpg",1,224,257,338,133,562,390
"WSLP_all/008765@30.0804895273261,-90.5055640166795.jpg",1,152,270,436,144,588,414
"WSLP_all/008766@30.0860826171246,-90.5056977923051.jpg",1,126,272,298,124,424,396
"WSLP_all/008767@30.0817786865971,-90.505512203501.jpg",1,70,248,358,135,428,383
"WSLP_all/008768@30.0854716887962,-90.5055321169851.jpg",1,244,261,362,135,606,396
"WSLP_all/008769@30.0803386391416,-90.5055020327657.jpg",2,169,263,359,144,528,407
"WSLP_all/008770@30.0801668918746,-90.5054465460417.jpg",1,169,290,365,127,534,417
"WSLP_all/008771@30.0858847776176,-90.5056077363504.jpg",2,0,199,432,234,432,433
"WSLP_all/008772@30.079536664251,-90.5052905269221.jpg",1,197,286,357,129,554,415
"WSLP_all/008773@30.0785007698531,-90.5053212667425.jpg",1,32,272,417,133,449,405
"WSLP_all/008774@30.0800081209247,-90.5054035991077.jpg",1,226,290,267,133,493,423
"WSLP_all/008775@30.0854882536084,-90.5053675540447.jpg",2,195,245,347,149,542,394
"WSLP_all/008776@30.0783411803904,-90.5052530331349.jpg",2,65,263,396,138,461,401
"WSLP_all/008777@30.0788240925731,-90.5053818176842.jpg",1,69,267,346,130,415,397
"WSLP_all/008778@30.0789918964252,-90.5053962326554.jpg",1,107,274,256,128,363,402
"WSLP_all/008779@30.0837712931758,-90.5053217421676.jpg",3,176,286,329,123,505,409
"WSLP_all/008780@30.0798504287301,-90.5053353485734.jpg",1,154,271,422,171,576,442
"WSLP_all/008781@30.0786544924393,-90.5053484468322.jpg",1,21,272,429,137,450,409
"WSLP_all/008782@30.0811497786444,-90.5052992564959.jpg",3,117,272,298,138,415,410
"WSLP_all/008783@30.0796873951561,-90.5052924363335.jpg",1,173,295,364,124,537,419
"WSLP_all/008784@30.0780364012042,-90.5051196086926.jpg",2,137,208,504,200,641,408
"WSLP_all/008785@30.0809997998722,-90.5052593981975.jpg",1,150,285,266,125,416,410
"WSLP_all/008786@30.0790678878517,-90.5050920653747.jpg",1,96,250,455,153,551,403
"WSLP_all/008787@30.085196630286,-90.5051834170599.jpg",1,40,268,375,116,415,384
"WSLP_all/008788@30.0808419940642,-90.5052037956691.jpg",1,184,277,223,121,407,398
"WSLP_all/008789@30.0845599035557,-90.5048946429455.jpg",3,121,258,376,136,497,394
"WSLP_all/008790@30.079221799595,-90.5051888028481.jpg",2,114,252,456,153,570,405
"WSLP_all/008791@30.0855803322583,-90.5050284508823.jpg",1,265,249,283,145,548,394
"WSLP_all/008792@30.0806793528831,-90.5051577191207.jpg",1,143,269,311,139,454,408
"WSLP_all/008793@30.0860483528694,-90.5049012408954.jpg",1,112,175,430,241,542,416
"WSLP_all/008794@30.0812340881019,-90.5049665574325.jpg",1,181,258,322,149,503,407
"WSLP_all/008795@30.0800404590129,-90.5049922885353.jpg",1,85,181,386,214,471,395
"WSLP_all/008796@30.078602624846,-90.5049757834745.jpg",1,81,249,467,145,548,394
"WSLP_all/008797@30.080520589945,-90.5051116104907.jpg",1,147,273,291,121,438,394
"WSLP_all/008798@30.0856024096618,-90.5048923001073.jpg",2,156,252,357,140,513,392
"WSLP_all/008799@30.080367010577,-90.5050591351984.jpg",1,170,257,262,143,432,400
"WSLP_all/008800@30.0856340148944,-90.5047276107365.jpg",1,93,260,410,146,503,406
"WSLP_all/008801@30.0788861998414,-90.5050429863183.jpg",1,191,249,345,152,536,401
"WSLP_all/008802@30.0843716057978,-90.5047697287293.jpg",1,200,247,352,133,552,380
"WSLP_all/008803@30.0802184065601,-90.505019266147.jpg",2,48,233,396,168,444,401
"WSLP_all/008804@30.0787379342605,-90.5050220859394.jpg",2,76,241,467,158,543,399
"WSLP_all/008805@30.0782668093133,-90.5048394557495.jpg",1,150,253,414,159,564,412
"WSLP_all/008806@30.08092921513,-90.5048489401775.jpg",2,29,254,431,154,460,408
"WSLP_all/008807@30.0807672362355,-90.5048249917925.jpg",1,25,248,364,140,389,388
"WSLP_all/008808@30.0805997757619,-90.5047821167979.jpg",2,163,248,324,139,487,387
"WSLP_all/008809@30.08405231612,-90.5043360291932.jpg",2,121,272,406,123,527,395
"WSLP_all/008810@30.0799018142469,-90.50492704214.jpg",2,56,244,451,156,507,400
"WSLP_all/008811@30.0810754893004,-90.5049204474856.jpg",2,115,269,372,127,487,396
"WSLP_all/008812@30.0804477840533,-90.5047327906355.jpg",1,86,262,340,134,426,396
"WSLP_all/008813@30.0792642331324,-90.5047299840858.jpg",2,85,288,394,125,479,413
"WSLP_all/008814@30.0802732220044,-90.5046931378811.jpg",1,95,265,312,144,407,409
"WSLP_all/008815@30.0791048963626,-90.5046933670316.jpg",2,88,279,348,124,436,403
"WSLP_all/008816@30.0795709841315,-90.5048096423814.jpg",1,176,251,324,131,500,382
"WSLP_all/008817@30.0794301185695,-90.5047760323101.jpg",1,123,244,337,165,460,409
"WSLP_all/008818@30.0801225408162,-90.5046248299845.jpg",1,64,274,346,130,410,404
"WSLP_all/008819@30.0797693861243,-90.504494969261.jpg",1,246,277,205,91,451,368
"WSLP_all/008820@30.0799494118666,-90.5046294315317.jpg",3,136,272,277,101,413,373
"WSLP_all/008821@30.0867324290784,-90.5070204656517.jpg",1,126,241,345,120,471,361
"WSLP_all/008823@30.0797622741621,-90.5042736982802.jpg",1,250,273,242,93,492,366
"WSLP_all/008824@30.0871346424132,-90.5067957839001.jpg",1,191,266,327,132,518,398
"WSLP_all/008825@30.087690362213,-90.5069587665017.jpg",1,215,266,258,146,473,412
"WSLP_all/008826@30.07872748444,-90.5042570123813.jpg",3,170,242,323,139,493,381
"WSLP_all/008827@30.0875470977254,-90.5069283336832.jpg",1,204,283,270,124,474,407
"WSLP_all/008828@30.0874294340521,-90.5068629056731.jpg",1,181,269,337,131,518,400
"WSLP_all/008829@30.0795643171181,-90.5042437267532.jpg",1,122,291,238,90,360,381
"WSLP_all/008830@30.086738379249,-90.5066757501827.jpg",1,167,267,277,139,444,406
"WSLP_all/008831@30.0790626953564,-90.5042795182154.jpg",1,112,244,440,159,552,403
"WSLP_all/008832@30.0869859742163,-90.5067369376519.jpg",1,221,246,294,154,515,400
"WSLP_all/008833@30.0785451086832,-90.5042079407342.jpg",1,231,278,237,94,468,372
"WSLP_all/008834@30.0868672900867,-90.5066841669776.jpg",1,147,247,396,149,543,396
"WSLP_all/008835@30.0795606769914,-90.5040192665498.jpg",1,12,277,335,109,347,386
"WSLP_all/008836@30.0880057331756,-90.5065672111389.jpg",2,104,235,324,164,428,399
"WSLP_all/008837@30.0798639197468,-90.5040831418156.jpg",1,98,246,433,148,531,394
"WSLP_all/008838@30.0877414587113,-90.5064903513789.jpg",1,132,255,280,151,412,406
"WSLP_all/008839@30.0874685020886,-90.5064104019862.jpg",1,136,253,339,159,475,412
"WSLP_all/008840@30.0796040553309,-90.5038291952078.jpg",2,73,237,303,162,376,399
"WSLP_all/008841@30.0876862150922,-90.5061619508311.jpg",1,179,215,285,178,464,393
"WSLP_all/008842@30.0784247658454,-90.5039749686282.jpg",1,223,277,249,91,472,368
"WSLP_all/008843@30.0791734069938,-90.5039086635966.jpg",2,102,243,337,193,439,436
"WSLP_all/008844@30.0870692101395,-90.5062809072699.jpg",1,157,288,282,122,439,410
"WSLP_all/008845@30.0864874043183,-90.5061023367566.jpg",2,193,270,278,146,471,416
"WSLP_all/008846@30.0863364038021,-90.5060529974429.jpg",2,61,259,441,158,502,417
"WSLP_all/008847@30.086769407742,-90.5061822094255.jpg",1,151,273,329,134,480,407
"WSLP_all/008848@30.0866211732108,-90.5061486571979.jpg",1,135,266,313,142,448,408
"WSLP_all/008849@30.0788993520656,-90.5038160900063.jpg",3,114,228,405,169,519,397
"WSLP_all/008850@30.0874107935889,-90.5060440778048.jpg",1,140,247,372,153,512,400
"WSLP_all/008851@30.0747300087319,-90.488197252559.jpg",1,162,303,337,96,499,399
"WSLP_all/008852@30.0784935938018,-90.5038131438254.jpg",2,0,272,393,103,393,375
"WSLP_all/008853@30.0863920608402,-90.5057553012428.jpg",1,117,268,378,127,495,395
"WSLP_all/008854@30.0865067308767,-90.5058081049345.jpg",1,210,274,222,122,432,396
"WSLP_all/008855@30.0872017663309,-90.5055430414223.jpg",1,181,281,312,120,493,401
"WSLP_all/008856@30.0796697139965,-90.5034523885189.jpg",1,82,274,299,128,381,402
"WSLP_all/008857@30.0785550965192,-90.5035754954005.jpg",2,125,270,374,130,499,400
"WSLP_all/008858@30.0789473369182,-90.5035627440751.jpg",2,144,224,382,190,526,414
"WSLP_all/008859@30.0866210077124,-90.5053518180237.jpg",1,123,248,337,141,460,389
"WSLP_all/008860@30.0748544572451,-90.4880286275518.jpg",2,160,277,366,116,526,393
"WSLP_all/008861@30.0786002978477,-90.5034043814411.jpg",1,101,262,404,138,505,400
"WSLP_all/008862@30.0878343444992,-90.5053512225596.jpg",1,218,271,277,133,495,404
"WSLP_all/008863@30.0875792947146,-90.5053027483232.jpg",1,155,282,299,131,454,413
"WSLP_all/008864@30.0792346006666,-90.5035477049069.jpg",2,262,248,379,143,641,391
"WSLP_all/008865@30.0863302893602,-90.5052941546057.jpg",2,152,255,356,145,508,400
"WSLP_all/008866@30.0874274802551,-90.5052597406167.jpg",2,187,273,345,135,532,408
"WSLP_all/008867@30.0778586515074,-90.503489602338.jpg",2,126,259,408,192,534,451
"WSLP_all/008868@30.0779143230644,-90.5032867844735.jpg",1,206,258,419,156,625,414
"WSLP_all/008869@30.0872913088143,-90.5052292503349.jpg",1,180,272,283,145,463,417
"WSLP_all/008870@30.0868257387009,-90.5050813400757.jpg",1,188,268,351,133,539,401
"WSLP_all/008871@30.0786183938128,-90.5032081975991.jpg",2,79,266,408,127,487,393
"WSLP_all/008872@30.0789859283073,-90.5033505808271.jpg",1,184,264,372,137,556,401
"WSLP_all/008873@30.0863784976861,-90.5050060060658.jpg",1,188,247,352,157,540,404
"WSLP_all/008874@30.0772929302968,-90.4879194147398.jpg",1,77,270,426,127,503,397
"WSLP_all/008875@30.0790226947861,-90.5031194606514.jpg",2,173,243,468,195,641,438
"WSLP_all/008876@30.0786478303469,-90.5030182438514.jpg",2,160,224,466,212,626,436
"WSLP_all/008877@30.0749680361604,-90.4878759028116.jpg",1,193,291,264,95,457,386
"WSLP_all/008878@30.0779317736798,-90.5030842837627.jpg",2,165,255,420,150,585,405
"WSLP_all/008879@30.0881399104995,-90.506626177958.jpg",2,128,269,314,142,442,411
"WSLP_all/008880@30.0882697252066,-90.5066472357628.jpg",1,118,276,308,130,426,406
"WSLP_all/008881@30.0880583637943,-90.5063391027601.jpg",4,214,281,230,102,444,383
"WSLP_all/008882@30.0881217926675,-90.5054310489489.jpg",1,160,252,319,159,479,411
"WSLP_all/008883@30.0751060784149,-90.4877387786509.jpg",2,225,272,243,92,468,364
"WSLP_all/008884@30.0754013093054,-90.4875212764096.jpg",1,143,280,360,105,503,385
"WSLP_all/008885@30.0752339702054,-90.4875796072831.jpg",1,137,276,339,110,476,386
"WSLP_all/008886@30.0747099301358,-90.4875967012168.jpg",1,21,260,447,129,468,389
"WSLP_all/008887@30.0774511239998,-90.5037996886174.jpg",1,113,269,324,131,437,400
"WSLP_all/008888@30.0773106715424,-90.5037312978152.jpg",2,0,283,396,128,396,411
"WSLP_all/008889@30.0766462672016,-90.5035850648236.jpg",2,46,288,355,107,401,395
"WSLP_all/008890@30.0771375859477,-90.5036947975296.jpg",2,43,294,383,114,426,408
"WSLP_all/008891@30.074947826828,-90.4869939593105.jpg",2,178,273,218,109,396,382
"WSLP_all/008892@30.076980099041,-90.5036550057525.jpg",2,51,265,328,150,379,415
"WSLP_all/008893@30.0768250797119,-90.5035835760453.jpg",3,168,272,253,164,421,436
"WSLP_all/008894@30.0762952241632,-90.5035026207356.jpg",2,115,252,261,107,376,359
"WSLP_all/008895@30.0774502568324,-90.503347561544.jpg",1,225,249,332,156,557,405
"WSLP_all/008896@30.0764932152436,-90.5035072956012.jpg",2,0,245,393,162,393,407
"WSLP_all/008897@30.0772963545465,-90.5032919315037.jpg",2,188,240,453,158,641,398
"WSLP_all/008898@30.0771460121846,-90.5032425944683.jpg",2,162,249,419,144,581,393
"WSLP_all/008899@30.0753032378075,-90.4870099113013.jpg",1,88,261,488,158,576,419
"WSLP_all/008900@30.076982478758,-90.5031902067424.jpg",1,181,248,414,147,595,395
"WSLP_all/008901@30.0760980337414,-90.5033936021933.jpg",3,112,275,216,110,328,385
"WSLP_all/008902@30.0768121849528,-90.5031473607575.jpg",2,122,255,446,137,568,392
"WSLP_all/008903@30.0765453105165,-90.50309899602.jpg",2,201,253,440,175,641,428
"WSLP_all/008904@30.0761180383997,-90.5031120406977.jpg",4,251,294,228,114,479,408
"WSLP_all/008905@30.0761761288899,-90.5029439850416.jpg",2,217,272,286,132,503,404
"WSLP_all/008906@30.0752545691355,-90.4867921669756.jpg",2,277,273,351,106,628,379
"WSLP_all/008907@30.0765904690019,-90.5029342091349.jpg",1,66,266,409,137,475,403
"WSLP_all/008908@30.0773958433707,-90.5027725716531.jpg",3,202,249,408,140,610,389
"WSLP_all/008909@30.0770708271411,-90.5027183676667.jpg",1,182,264,420,134,602,398
"WSLP_all/008910@30.0748821595197,-90.4868269472492.jpg",1,104,288,337,114,441,402
"WSLP_all/008911@30.0766296462828,-90.5027410152031.jpg",1,83,250,453,147,536,397
"WSLP_all/008912@30.0769023714716,-90.5026660218664.jpg",1,190,251,429,166,619,417
"WSLP_all/008913@30.0766632314149,-90.5025636775035.jpg",1,105,205,503,240,608,445
"WSLP_all/008914@30.0762720747945,-90.5025258356925.jpg",1,138,279,407,136,545,415
"WSLP_all/008915@30.0762659340202,-90.5023108889958.jpg",1,190,269,254,90,444,359
"WSLP_all/008916@30.0748544807085,-90.4866532882501.jpg",2,187,297,216,100,403,397
"WSLP_all/008917@30.0751993517768,-90.4866124178992.jpg",2,289,255,352,126,641,381
"WSLP_all/008918@30.0764069535838,-90.5020504495116.jpg",1,248,282,207,96,455,378
"WSLP_all/008919@30.0756404054665,-90.4865233042903.jpg",1,29,295,283,85,312,380
"WSLP_all/008920@30.0776241086997,-90.5033967020665.jpg",1,129,269,397,131,526,400
"WSLP_all/008921@30.0777247981798,-90.5028583599314.jpg",1,169,268,441,141,610,409
"WSLP_all/008922@30.0775503934389,-90.5028218720017.jpg",1,209,261,428,136,637,397
"WSLP_all/008923@30.0751703282134,-90.4864008304438.jpg",3,285,262,356,115,641,377
"WSLP_all/008924@30.0756067061261,-90.4863244025274.jpg",2,369,287,254,101,623,388
"WSLP_all/008925@30.0748239723008,-90.4864417141334.jpg",1,107,253,400,144,507,397
"WSLP_all/008926@30.0763978645141,-90.4863840749679.jpg",2,166,254,475,176,641,430
"WSLP_all/008927@30.0856115595361,-90.5083008979033.jpg",1,155,255,432,142,587,397
"WSLP_all/008928@30.0762893721002,-90.4861984544658.jpg",1,55,273,418,123,473,396
"WSLP_all/008929@30.0759262219852,-90.4912034006779.jpg",2,143,195,375,210,518,405
"WSLP_all/008930@30.0758904518979,-90.4861986836845.jpg",1,91,280,427,126,518,406
"WSLP_all/008931@30.0758490839593,-90.491004863969.jpg",1,151,281,315,115,466,396
"WSLP_all/008932@30.0751152423987,-90.4862115965496.jpg",2,0,281,282,116,282,397
"WSLP_all/008933@30.083895985105,-90.5077649168575.jpg",1,129,292,295,105,424,397
"WSLP_all/008934@30.0861575163633,-90.5081256272132.jpg",2,237,222,404,178,641,400
"WSLP_all/008935@30.0835644901415,-90.5076506704682.jpg",1,129,276,315,121,444,397
"WSLP_all/008936@30.0851341178443,-90.5081625601617.jpg",3,220,258,367,131,587,389
"WSLP_all/008937@30.0753931333482,-90.4908632790972.jpg",1,161,235,276,138,437,373
"WSLP_all/008938@30.0832548577771,-90.507580511028.jpg",3,41,213,402,184,443,397
"WSLP_all/008939@30.0848881267361,-90.5077250772432.jpg",1,217,227,379,176,596,403
"WSLP_all/008940@30.0837227747053,-90.507712598353.jpg",3,21,272,433,162,454,434
"WSLP_all/008941@30.0847401976049,-90.5076788728204.jpg",2,79,252,430,179,509,431
"WSLP_all/008942@30.0747453064519,-90.4861862858344.jpg",2,0,275,282,108,282,383
"WSLP_all/008943@30.0750856247922,-90.4860189835945.jpg",2,326,291,315,104,641,395
"WSLP_all/008944@30.0841071815188,-90.5074722648917.jpg",3,0,258,641,164,641,422
"WSLP_all/008945@30.0846594800839,-90.5080020665299.jpg",1,105,157,393,260,498,417
"WSLP_all/008946@30.0754457041914,-90.4906257054047.jpg",3,142,295,292,84,434,379
"WSLP_all/008947@30.0836321429511,-90.5073402361764.jpg",1,245,274,378,148,623,422
"WSLP_all/008948@30.0849710929209,-90.5080943459261.jpg",3,150,271,375,128,525,399
"WSLP_all/008949@30.0856813811885,-90.5079588204496.jpg",2,247,252,394,131,641,383
"WSLP_all/008951@30.0770260018921,-90.4859803537856.jpg",1,62,218,323,158,385,376
"WSLP_all/008952@30.0762348784878,-90.4859902420679.jpg",1,62,270,453,136,515,406
"WSLP_all/008953@30.0747455595533,-90.4859776111892.jpg",1,50,227,546,198,596,425
"WSLP_all/008954@30.0840596728039,-90.5077983425511.jpg",2,125,255,318,143,443,398
"WSLP_all/008955@30.0769880384301,-90.4857941327383.jpg",2,20,253,500,142,520,395
"WSLP_all/008956@30.0754308417513,-90.4858010522224.jpg",2,0,268,328,121,328,389
"WSLP_all/008957@30.0827698753851,-90.5066169743175.jpg",1,46,245,372,152,418,397
"WSLP_all/008958@30.0750074765954,-90.4858141377028.jpg",1,12,275,497,159,509,434
"WSLP_all/008959@30.0756838422381,-90.4901273010375.jpg",2,80,274,371,130,451,404
"WSLP_all/008960@30.0821476911091,-90.5064102873208.jpg",1,89,252,351,143,440,395
"WSLP_all/008961@30.0754980964511,-90.4901541662986.jpg",1,28,285,467,121,495,406
"WSLP_all/008962@30.0826171392314,-90.5065802982023.jpg",2,0,266,446,148,446,414
"WSLP_all/008963@30.0757980754331,-90.4858295463843.jpg",1,148,274,326,140,474,414
"WSLP_all/008964@30.0824630725003,-90.5065025281558.jpg",1,47,254,389,151,436,405
"WSLP_all/008965@30.082688585696,-90.5062350533255.jpg",2,162,253,371,158,533,411
"WSLP_all/008966@30.0757676614155,-90.4856242921076.jpg",1,183,252,410,148,593,400
"WSLP_all/008967@30.0754134119246,-90.4856178202329.jpg",1,17,302,326,87,343,389
"WSLP_all/008968@30.0746809289469,-90.4855829488251.jpg",2,122,285,306,105,428,390
"WSLP_all/008969@30.0773001910188,-90.485715595565.jpg",1,148,288,359,127,507,415
"WSLP_all/008970@30.077683924314,-90.4855004913612.jpg",1,163,291,329,106,492,397
"WSLP_all/008971@30.083092706646,-90.5059028564278.jpg",1,92,280,305,124,397,404
"WSLP_all/008972@30.0889686833976,-90.5068406526486.jpg",2,0,255,562,163,562,418
"WSLP_all/008973@30.0820499586026,-90.5060506387976.jpg",2,134,274,329,127,463,401
"WSLP_all/008974@30.0885346850476,-90.5067588740027.jpg",1,96,249,350,168,446,417
"WSLP_all/008975@30.0832480835134,-90.5059395097558.jpg",1,156,274,309,125,465,399
"WSLP_all/008976@30.0884099286875,-90.5067156392095.jpg",2,142,263,301,151,443,414
"WSLP_all/008977@30.0829193457085,-90.5058442189371.jpg",1,155,277,285,129,440,406
"WSLP_all/008978@30.0886833154703,-90.506776613863.jpg",1,109,258,481,187,590,445
"WSLP_all/008979@30.0890461611702,-90.5065143087414.jpg",2,96,266,378,161,474,427
"WSLP_all/008980@30.0755932928956,-90.4898529979721.jpg",1,116,269,436,142,552,411
"WSLP_all/008981@30.0827502166763,-90.5057981932244.jpg",2,116,279,285,130,401,409
"WSLP_all/008982@30.076116444094,-90.4899118048308.jpg",2,215,276,330,112,545,388
"WSLP_all/008983@30.0888341162322,-90.5059658562437.jpg",2,62,233,537,198,599,431
"WSLP_all/008984@30.0887105062344,-90.5059257749203.jpg",1,136,235,330,178,466,413
"WSLP_all/008985@30.0833118295035,-90.5055943261821.jpg",2,114,274,390,145,504,419
"WSLP_all/008986@30.0759783050181,-90.4896948137028.jpg",2,179,262,350,121,529,383
"WSLP_all/008987@30.0891293367364,-90.5060487828164.jpg",2,61,276,548,150,609,426
"WSLP_all/008988@30.0769435887369,-90.4855700248645.jpg",1,90,271,347,128,437,399
"WSLP_all/008989@30.0889154096102,-90.5056299939822.jpg",2,0,224,641,214,641,438
"WSLP_all/008990@30.082680985992,-90.5053972021869.jpg",2,211,284,295,119,506,403
"WSLP_all/008991@30.0764568867507,-90.4853939457141.jpg",1,174,244,435,153,609,397
"WSLP_all/008992@30.0887831652228,-90.5055899847662.jpg",1,157,272,347,148,504,420
"WSLP_all/008993@30.0828530181786,-90.505436878148.jpg",2,10,260,463,147,473,407
"WSLP_all/008994@30.0753752715315,-90.4853999867493.jpg",1,85,282,202,94,287,376
"WSLP_all/008995@30.0891991183153,-90.505731988102.jpg",1,83,242,548,182,631,424
"WSLP_all/008996@30.0825152460884,-90.5053479882885.jpg",1,153,266,345,152,498,418
"WSLP_all/008997@30.0748771843776,-90.4853947395103.jpg",2,215,277,386,111,601,388
"WSLP_all/008998@30.082200082932,-90.5052336147518.jpg",1,137,277,357,129,494,406
"WSLP_all/008999@30.0775989281729,-90.4852956988015.jpg",2,110,274,418,123,528,397
"WSLP_all/009000@30.0823657326979,-90.5052859909805.jpg",1,107,272,424,133,531,405
"WSLP_all/009001@30.0886495178857,-90.5055278524292.jpg",3,200,246,357,210,557,456
"WSLP_all/009002@30.0834498847137,-90.5052200670167.jpg",2,0,243,507,177,507,420
"WSLP_all/009003@30.0756632519389,-90.4852742295242.jpg",1,67,254,408,158,475,412
"WSLP_all/009004@30.0836153178411,-90.5052597978145.jpg",3,162,233,340,202,502,435
"WSLP_all/009005@30.0829823214067,-90.5050658551733.jpg",2,142,268,326,194,468,462
"WSLP_all/009006@30.0757439398321,-90.4894723155548.jpg",3,106,184,387,263,493,447
"WSLP_all/009007@30.0752470926563,-90.4852619623176.jpg",1,250,278,192,91,442,369
"WSLP_all/009008@30.0768507401506,-90.4851534629511.jpg",1,87,280,374,112,461,392
"WSLP_all/009009@30.0772238960935,-90.4852988901296.jpg",1,141,248,428,169,569,417
"WSLP_all/009010@30.0829012292795,-90.5044056819013.jpg",1,128,226,362,149,490,375
"WSLP_all/009011@30.074538798011,-90.4892675245182.jpg",1,92,256,359,129,451,385
"WSLP_all/009012@30.0745847802333,-90.4890837574624.jpg",1,114,278,297,107,411,385
"WSLP_all/009013@30.0832451283754,-90.504130892126.jpg",1,208,228,425,171,633,399
"WSLP_all/009014@30.075614762018,-90.4850975849911.jpg",1,222,231,315,128,537,359
"WSLP_all/009015@30.0830684256306,-90.504100742973.jpg",1,147,234,494,180,641,414
"WSLP_all/009016@30.0790925238215,-90.4850458507885.jpg",1,33,222,608,204,641,426
"WSLP_all/009017@30.0834206297706,-90.5041800231437.jpg",1,119,232,522,182,641,414
"WSLP_all/009018@30.0756038735022,-90.4889676260673.jpg",1,109,254,451,139,560,393
"WSLP_all/009019@30.0771552403181,-90.4850907968008.jpg",1,91,274,419,125,510,399
"WSLP_all/009020@30.0746957787548,-90.4889057627188.jpg",1,92,261,340,138,432,399
"WSLP_all/009021@30.0747951844535,-90.4887468349251.jpg",1,109,263,257,121,366,384
"WSLP_all/009022@30.0767371832452,-90.4847623711151.jpg",1,36,251,437,137,473,388
"WSLP_all/009023@30.0759644806188,-90.4847120393658.jpg",1,24,238,456,146,480,384
"WSLP_all/009024@30.0770833249162,-90.4846456003067.jpg",1,62,251,510,157,572,408
"WSLP_all/009025@30.0774991259764,-90.4846578682155.jpg",1,85,284,383,115,468,399
"WSLP_all/009026@30.0763557427288,-90.4844494439392.jpg",5,214,270,226,124,440,394
"WSLP_all/009027@30.0736242645049,-90.489879147682.jpg",1,209,271,281,106,490,377
"WSLP_all/009028@30.0735865297756,-90.4896676353689.jpg",3,156,236,425,152,581,388
"WSLP_all/009029@30.0774242202456,-90.4842822539566.jpg",1,90,263,551,186,641,449
"WSLP_all/009030@30.0741840723345,-90.4895645651881.jpg",1,46,281,496,137,542,418
"WSLP_all/009031@30.0724367603044,-90.4895730351058.jpg",1,185,266,423,151,608,417
"WSLP_all/009032@30.0739765802854,-90.4894461786727.jpg",1,198,290,228,122,426,412
"WSLP_all/009033@30.0735819484605,-90.4894590051777.jpg",1,104,234,480,178,584,412
"WSLP_all/009034@30.0743916921301,-90.4895311906281.jpg",1,0,253,466,153,466,406
"WSLP_all/009035@30.0720106090296,-90.4893616540613.jpg",1,47,268,386,142,433,410
"WSLP_all/009036@30.0720406097995,-90.4891685412317.jpg",1,69,261,377,138,446,399
"WSLP_all/009037@30.0720800623449,-90.4889785108478.jpg",5,200,253,375,251,575,504
"WSLP_all/009038@30.0720267645064,-90.4887544876177.jpg",1,122,246,514,146,636,392
"WSLP_all/009039@30.0721065594183,-90.4879476012106.jpg",1,116,202,419,242,535,444
"WSLP_all/009040@30.0721468221345,-90.4877512401171.jpg",1,94,258,440,143,534,401
"WSLP_all/009041@30.0720991085464,-90.4872837264366.jpg",1,50,204,395,220,445,424
"WSLP_all/009042@30.0728460476305,-90.4890921631685.jpg",1,119,261,312,129,431,390
"WSLP_all/009043@30.0724229162835,-90.4891589797897.jpg",1,66,269,437,132,503,401
"WSLP_all/009044@30.0728556929097,-90.488842312836.jpg",1,144,248,351,125,495,373
"WSLP_all/009045@30.0724469838273,-90.4886624013005.jpg",3,193,226,364,180,557,406
"WSLP_all/009046@30.0726407815815,-90.4886133344848.jpg",1,97,258,416,131,513,389
"WSLP_all/009047@30.0724879330952,-90.4883585390482.jpg",1,160,275,332,136,492,411
"WSLP_all/009048@30.0724912058325,-90.4881656516404.jpg",1,156,271,461,127,617,398
"WSLP_all/009049@30.0724673336794,-90.4879508641906.jpg",1,100,236,472,157,572,393
"WSLP_all/009050@30.0724892136428,-90.4877609815878.jpg",1,187,266,392,152,579,418
"WSLP_all/009051@30.0735386555804,-90.489272833381.jpg",1,119,246,465,176,584,422
"WSLP_all/009052@30.0734877602565,-90.4890804038858.jpg",1,137,253,428,160,565,413
"WSLP_all/009053@30.073379619787,-90.4886703050965.jpg",3,123,268,451,131,574,399
"WSLP_all/009054@30.073198156915,-90.4880742922012.jpg",1,129,243,475,149,604,392
"WSLP_all/009055@30.073069302312,-90.4874493802379.jpg",1,142,253,361,153,503,406
"WSLP_all/009056@30.0730083410407,-90.4872570380118.jpg",1,129,241,406,143,535,384
"WSLP_all/009057@30.0739091070772,-90.4892285943218.jpg",1,225,229,349,171,574,400
"WSLP_all/009058@30.0740690385602,-90.4890312164111.jpg",1,204,275,333,136,537,411
"WSLP_all/009059@30.0742311380687,-90.4888717595553.jpg",1,204,270,365,141,569,411
"WSLP_all/009060@30.0743877842881,-90.4887281557423.jpg",1,144,275,445,155,589,430
"WSLP_all/009061@30.0737755492616,-90.4886068779768.jpg",1,32,278,509,146,541,424
"WSLP_all/009062@30.0739863192617,-90.4884944332508.jpg",1,122,248,376,141,498,389
"WSLP_all/009063@30.0744685695201,-90.4885472553765.jpg",1,161,248,406,167,567,415
"WSLP_all/009064@30.0746069020767,-90.4883437350166.jpg",3,163,261,366,140,529,401
"WSLP_all/009065@30.0741760232038,-90.4882873165454.jpg",1,204,269,385,134,589,403
"WSLP_all/009066@30.0737247350278,-90.4883543762068.jpg",1,90,263,358,140,448,403
"WSLP_all/009067@30.0736952836969,-90.4881870571587.jpg",1,141,261,411,143,552,404
"WSLP_all/009068@30.0744722953713,-90.4879148868312.jpg",2,0,236,576,228,576,464
"WSLP_all/009069@30.0740535608611,-90.4880796839098.jpg",1,121,290,325,122,446,412
"WSLP_all/009070@30.0743213679793,-90.4876853638332.jpg",1,74,256,515,153,589,409
"WSLP_all/009071@30.0742600245645,-90.4874677289082.jpg",1,24,233,495,177,519,410
"WSLP_all/009072@30.0734808931155,-90.4873668456343.jpg",1,85,268,472,161,557,429
"WSLP_all/009073@30.0746231266033,-90.4873539881343.jpg",1,148,251,440,157,588,408
"WSLP_all/009074@30.074236897829,-90.4872750631823.jpg",1,25,239,509,146,534,385
"WSLP_all/009075@30.0737724985499,-90.4873042988769.jpg",1,250,280,247,133,497,413
"WSLP_all/009076@30.0745821411154,-90.487167795691.jpg",1,149,226,371,176,520,402
"WSLP_all/009077@30.0741581995364,-90.4870955150596.jpg",1,32,254,478,174,510,428
"WSLP_all/009078@30.0738100809049,-90.4870889860015.jpg",1,178,248,426,151,604,399
"WSLP_all/009079@30.0734212262216,-90.4871491974643.jpg",1,104,253,490,173,594,426
"WSLP_all/009080@30.0745163377559,-90.4869881385601.jpg",1,180,254,347,112,527,366
"WSLP_all/009081@30.0729675569419,-90.4870423922246.jpg",1,168,244,290,125,458,369
"WSLP_all/009082@30.0741411177941,-90.4868806665858.jpg",1,36,268,437,150,473,418
"WSLP_all/009083@30.0729225767757,-90.4868467530722.jpg",1,160,242,306,145,466,387
"WSLP_all/009084@30.0744537444014,-90.4868116160776.jpg",1,109,239,386,166,495,405
"WSLP_all/009085@30.0740889262203,-90.4866882470941.jpg",2,0,242,363,164,363,406
"WSLP_all/009086@30.0532781397627,-90.6385424019495.jpg",1,154,261,388,181,542,442
"WSLP_all/009087@30.0524421036747,-90.6384534004875.jpg",2,104,263,537,186,641,449
"WSLP_all/009088@30.0529097174586,-90.6381308820143.jpg",2,129,290,512,119,641,409
"WSLP_all/009089@30.0542805299793,-90.6379000508836.jpg",1,90,278,455,135,545,413
"WSLP_all/009090@30.0534784055737,-90.6379214518084.jpg",1,66,273,532,256,598,529
"WSLP_all/009091@30.0545320793623,-90.6377686941421.jpg",1,24,276,479,133,503,409
"WSLP_all/009092@30.052398844571,-90.6379732363408.jpg",5,247,290,169,97,416,387
"WSLP_all/009093@30.0512825345062,-90.6376269995746.jpg",4,185,261,276,138,461,399
"WSLP_all/009094@30.0538343062238,-90.6376850541087.jpg",1,20,251,621,263,641,514
"WSLP_all/009095@30.0551519899807,-90.6374071700067.jpg",1,89,295,379,140,468,435
"WSLP_all/009096@30.0545690253336,-90.6372563499546.jpg",1,152,283,455,146,607,429
"WSLP_all/009097@30.04438684198,-90.4692941201925.jpg",1,87,241,554,258,641,499
"WSLP_all/009098@30.0550432873409,-90.6369748659818.jpg",2,0,259,641,282,641,541
"WSLP_all/009099@30.0549552253268,-90.6370766342257.jpg",1,86,254,555,242,641,496
"WSLP_all/009100@30.0539957326617,-90.6370106329977.jpg",1,167,242,474,254,641,496
"WSLP_all/009101@30.0561091272816,-90.6368662658659.jpg",1,8,270,569,158,577,428
"WSLP_all/009102@30.0552483026415,-90.6368217037403.jpg",1,139,241,460,230,599,471
"WSLP_all/009103@30.0564013745877,-90.6367093310551.jpg",1,11,283,625,131,636,414
"WSLP_all/009104@30.0536427350204,-90.6365579150284.jpg",2,0,239,640,402,640,641
"WSLP_all/009105@30.0514470718502,-90.6364436644532.jpg",1,0,268,418,212,418,480
"WSLP_all/009106@30.0511406223593,-90.6365722432988.jpg",1,96,256,418,194,514,450
"WSLP_all/009107@30.0544965191491,-90.6367479312587.jpg",1,193,263,290,149,483,412
"WSLP_all/009108@30.054837909184,-90.6364926621998.jpg",2,0,275,588,323,588,598
"WSLP_all/009109@30.0561350529156,-90.6364077284683.jpg",3,119,244,457,221,576,465
"WSLP_all/009110@30.0562688168886,-90.6362645448751.jpg",1,69,253,505,177,574,430
"WSLP_all/009111@30.0574789630681,-90.6360822198693.jpg",1,43,271,531,139,574,410
"WSLP_all/009112@30.0564711635131,-90.6361682963744.jpg",1,137,263,494,187,631,450
"WSLP_all/009113@30.0566074590609,-90.6360567051211.jpg",1,143,285,374,137,517,422
"WSLP_all/009114@30.0559988378886,-90.6359060702648.jpg",1,77,276,524,144,601,420
"WSLP_all/009115@30.0563317416008,-90.6357362039735.jpg",1,152,276,294,118,446,394
"WSLP_all/009116@30.0570318360058,-90.6353235215935.jpg",1,129,273,391,152,520,425
"WSLP_all/009117@30.0531849165726,-90.6354105174282.jpg",2,0,223,602,299,602,522
"WSLP_all/009118@30.0816566378589,-90.5070657152969.jpg",1,158,189,355,220,513,409
"WSLP_all/009119@30.0541826356633,-90.6347144309471.jpg",3,128,273,328,140,456,413
"WSLP_all/009120@30.0813345376549,-90.506989338611.jpg",1,57,229,497,203,554,432
"WSLP_all/009121@30.0818267453278,-90.5071054096844.jpg",1,80,249,373,175,453,424
"WSLP_all/009122@30.0548700683986,-90.6341912029832.jpg",1,156,285,406,152,562,437
"WSLP_all/009123@30.0814912061209,-90.5070259822746.jpg",3,79,246,562,191,641,437
"WSLP_all/009124@30.0551315919834,-90.6338985520787.jpg",1,256,280,252,109,508,389
"WSLP_all/009125@30.0808689304004,-90.5068003238285.jpg",1,0,232,641,219,641,451
"WSLP_all/009126@30.0811801454138,-90.5069210573003.jpg",2,94,227,547,198,641,425
"WSLP_all/009127@30.0817299529754,-90.5067331062307.jpg",1,169,215,472,201,641,416
"WSLP_all/009128@30.055369761575,-90.6339411355564.jpg",1,24,212,552,238,576,450
"WSLP_all/009129@30.0805538441152,-90.5067112429485.jpg",1,142,226,358,166,500,392
"WSLP_all/009130@30.0815615188761,-90.506683912933.jpg",1,172,189,469,248,641,437
"WSLP_all/009131@30.0812447996519,-90.5066106548026.jpg",5,6,179,635,462,641,641
"WSLP_all/009132@30.0818671750559,-90.5067952062172.jpg",1,300,239,252,169,552,408
"WSLP_all/009133@30.0808076342043,-90.5064625113885.jpg",1,214,229,427,161,641,390
"WSLP_all/009134@30.0813855672456,-90.5066505916408.jpg",1,227,210,354,185,581,395
"WSLP_all/009135@30.0795908921921,-90.5064378268153.jpg",1,96,244,404,166,500,410
"WSLP_all/009136@30.0797654383903,-90.5064838061693.jpg",1,109,238,410,152,519,390
"WSLP_all/009137@30.058628953607,-90.6319868003694.jpg",3,236,244,299,188,535,432
"WSLP_all/009138@30.0806457368189,-90.5064164266334.jpg",1,195,227,436,174,631,401
"WSLP_all/009139@30.0804984828191,-90.5063638967787.jpg",1,148,209,460,190,608,399
"WSLP_all/009140@30.0843690767199,-90.50709065461.jpg",2,149,261,492,223,641,484
"WSLP_all/009141@30.0809396150802,-90.5065088445083.jpg",1,129,208,443,218,572,426
"WSLP_all/009142@30.0840438797579,-90.5069984915471.jpg",1,354,263,284,157,638,420
"WSLP_all/009143@30.0545192731183,-90.6433543136864.jpg",6,225,274,403,151,628,425
"WSLP_all/009144@30.0836516412148,-90.5065337719127.jpg",1,183,231,420,180,603,411
"WSLP_all/009145@30.0796774463311,-90.506098790591.jpg",1,193,265,448,185,641,450
"WSLP_all/009146@30.0626327419179,-90.6292083112822.jpg",1,214,286,242,99,456,385
"WSLP_all/009147@30.0621356616504,-90.6278682843195.jpg",1,200,275,266,91,466,366
"WSLP_all/009148@30.0618418767413,-90.627212820949.jpg",1,161,265,352,139,513,404
"WSLP_all/009149@30.0608465416049,-90.6271503252448.jpg",6,193,239,297,131,490,370
"WSLP_all/009150@30.0643485350137,-90.6291993514875.jpg",1,50,259,403,178,453,437
"WSLP_all/009151@30.0633994959562,-90.6287950856291.jpg",1,117,254,284,103,401,357
"WSLP_all/009152@30.0640983562113,-90.6284076254346.jpg",1,202,273,213,110,415,383
"WSLP_all/009153@30.063166319853,-90.6285090560091.jpg",1,131,248,376,127,507,375
"WSLP_all/009154@30.0637350546378,-90.6277463170706.jpg",1,225,283,233,89,458,372
"WSLP_all/009155@30.0643759956439,-90.6273529357716.jpg",1,19,174,546,228,565,402
"WSLP_all/009156@30.06350140152,-90.6270588054467.jpg",3,152,256,304,122,456,378
"WSLP_all/009157@30.0641678762794,-90.6268991777911.jpg",5,133,274,199,270,332,544
"WSLP_all/009158@30.0638954832373,-90.6262340681672.jpg",1,170,273,376,121,546,394
"WSLP_all/009159@30.0637568766214,-90.6258778229975.jpg",1,153,251,308,131,461,382
"WSLP_all/009160@30.0634625844982,-90.6210494272872.jpg",1,0,233,634,219,634,452
"WSLP_all/009161@30.0641681915183,-90.6208104465487.jpg",2,121,247,520,170,641,417
"WSLP_all/009162@30.0638951502662,-90.6207017522565.jpg",1,48,233,593,209,641,442
"WSLP_all/009163@30.0775040196954,-90.504169175721.jpg",1,111,176,393,246,504,422
"WSLP_all/009164@30.064350374629,-90.6203033297404.jpg",1,117,261,278,114,395,375
"WSLP_all/009165@30.063722703715,-90.6201623995004.jpg",1,104,226,292,174,396,400
"WSLP_all/009166@30.0639840174072,-90.6201921429759.jpg",1,65,224,428,185,493,409
"WSLP_all/009167@30.0561005097749,-90.6227774067681.jpg",1,119,275,393,128,512,403
"WSLP_all/009168@30.0631965591634,-90.6199353883941.jpg",2,0,241,520,180,520,421
"WSLP_all/009169@30.0561152601597,-90.6224991262305.jpg",1,142,264,478,178,620,442
"WSLP_all/009170@30.0616516541577,-90.6224090631307.jpg",1,100,278,432,173,532,451
"WSLP_all/009171@30.0574198015716,-90.6225024676658.jpg",3,203,258,277,126,480,384
"WSLP_all/009172@30.0573469132191,-90.6228254218344.jpg",6,214,295,311,120,525,415
"WSLP_all/009173@30.0577285757191,-90.6223232428106.jpg",1,212,274,406,188,618,462
"WSLP_all/009174@30.0579100410231,-90.622410460025.jpg",1,194,265,367,148,561,413
"WSLP_all/009175@30.0569675339564,-90.6224614374828.jpg",1,211,283,232,90,443,373
"WSLP_all/009176@30.0564113605301,-90.6222694168062.jpg",1,141,273,359,132,500,405
"WSLP_all/009177@30.0599529424728,-90.6221746058003.jpg",1,172,247,460,179,632,426
"WSLP_all/009178@30.061709978746,-90.6218996848901.jpg",2,0,210,566,337,566,547
"WSLP_all/009179@30.0855768787731,-90.5137019392053.jpg",1,180,258,423,213,603,471
"WSLP_all/009180@30.0573077446045,-90.6217382770837.jpg",1,162,278,222,112,384,390
"WSLP_all/009181@30.0607620009302,-90.6217420676708.jpg",1,132,270,353,154,485,424
"WSLP_all/009182@30.0604160602986,-90.6216686683552.jpg",1,24,246,521,203,545,449
"WSLP_all/009183@30.0595854862094,-90.6215797619338.jpg",3,0,253,588,234,588,487
"WSLP_all/009184@30.0575142068649,-90.6213574681227.jpg",1,102,265,376,160,478,425
"WSLP_all/009185@30.0814476239579,-90.5119652355582.jpg",2,3,229,638,250,641,479
"WSLP_all/009186@30.0605296277982,-90.6212410927924.jpg",1,119,258,451,151,570,409
"WSLP_all/009187@30.0571552487761,-90.6212873266251.jpg",4,133,298,375,181,508,479
"WSLP_all/009188@30.0616967867506,-90.6210715296277.jpg",1,160,195,362,225,522,420
"WSLP_all/009189@30.0587853872108,-90.6211207839735.jpg",1,241,201,400,273,641,474
"WSLP_all/009190@30.0630734257987,-90.6209067888128.jpg",1,111,212,406,197,517,409
"WSLP_all/009191@30.0608148424815,-90.6208091280185.jpg",1,109,229,491,228,600,457
"WSLP_all/009192@30.0626884779035,-90.6207799277527.jpg",1,95,190,477,252,572,442
"WSLP_all/009193@30.0564694660797,-90.620682135212.jpg",1,84,227,460,234,544,461
"WSLP_all/009194@30.0623288718531,-90.6206560477433.jpg",1,57,223,401,211,458,434
"WSLP_all/009195@30.0572388812691,-90.6207145675975.jpg",1,0,258,583,229,583,487
"WSLP_all/009196@30.0816178138802,-90.5111543849553.jpg",2,0,248,600,206,600,454
"WSLP_all/009197@30.059546153354,-90.6206980721843.jpg",1,114,237,401,210,515,447
"WSLP_all/009198@30.0616047205331,-90.6206138067643.jpg",1,153,236,356,183,509,419
"WSLP_all/009199@30.081363244659,-90.5110900854726.jpg",1,114,275,485,205,599,480
"WSLP_all/009200@30.0812110891268,-90.510996483202.jpg",1,89,258,552,288,641,546
"WSLP_all/009201@30.0808874886576,-90.5108821640095.jpg",1,124,182,517,261,641,443
"WSLP_all/009202@30.0628849938445,-90.6203960060842.jpg",1,121,249,491,168,612,417
"WSLP_all/009203@30.0815379857462,-90.5107313480315.jpg",1,0,248,547,248,547,496
"WSLP_all/009204@30.0620620371814,-90.6205409879345.jpg",1,79,218,558,214,637,432
"WSLP_all/009205@30.080490897238,-90.5106957251176.jpg",1,156,261,485,189,641,450
"WSLP_all/009206@30.0790174793945,-90.4987466969996.jpg",1,54,248,439,165,493,413
"WSLP_all/009207@30.0806304905549,-90.4986130371939.jpg",1,119,205,460,239,579,444
"WSLP_all/009208@30.0621316530607,-90.620132687115.jpg",1,171,195,423,266,594,461
"WSLP_all/009209@30.0798607345414,-90.5104258453509.jpg",1,154,228,456,207,610,435
"WSLP_all/009210@30.0791582504352,-90.4986000740845.jpg",3,0,214,537,242,537,456
"WSLP_all/009211@30.0616355463948,-90.6203037830378.jpg",1,55,244,415,175,470,419
"WSLP_all/009212@30.080985871876,-90.5104671444991.jpg",3,92,231,396,213,488,444
"WSLP_all/009213@30.0793254861963,-90.4985291119614.jpg",4,228,243,411,231,639,474
"WSLP_all/009214@30.0813368316571,-90.5105812376161.jpg",1,50,258,458,193,508,451
"WSLP_all/009215@30.0786410148179,-90.4985063893591.jpg",2,205,219,305,275,510,494
"WSLP_all/009216@30.0623235289881,-90.6202735713025.jpg",3,100,270,439,148,539,418
"WSLP_all/009217@30.0808241514079,-90.5104052423231.jpg",2,0,256,480,228,480,484
"WSLP_all/009218@30.079471654786,-90.4984488416208.jpg",1,28,177,563,270,591,447
"WSLP_all/009219@30.0796336814523,-90.4984063802731.jpg",1,62,214,458,262,520,476
"WSLP_all/009220@30.0805973838555,-90.5103059350997.jpg",1,47,246,448,196,495,442
"WSLP_all/009221@30.0804325370851,-90.4985577806392.jpg",1,152,249,484,185,636,434
"WSLP_all/009222@30.056255684844,-90.6202537561062.jpg",3,50,223,525,241,575,464
"WSLP_all/009223@30.0793831989321,-90.5102590497231.jpg",1,181,221,460,211,641,432
"WSLP_all/009224@30.0802410847222,-90.4985087946011.jpg",1,141,233,410,197,551,430
"WSLP_all/009225@30.0819265713496,-90.4982954742012.jpg",1,114,226,371,192,485,418
"WSLP_all/009226@30.0795825399287,-90.5103301255883.jpg",1,156,199,485,243,641,442
"WSLP_all/009227@30.0785438803071,-90.4982922001992.jpg",1,233,228,354,201,587,429
"WSLP_all/009228@30.0571269449116,-90.6197765176757.jpg",1,193,205,448,242,641,447
"WSLP_all/009229@30.0563667903791,-90.6198293754482.jpg",1,0,194,596,270,596,464
"WSLP_all/009230@30.0804329384795,-90.5102567033893.jpg",1,92,247,395,172,487,419
"WSLP_all/009231@30.0809175474395,-90.4981964251733.jpg",4,182,247,293,169,475,416
"WSLP_all/009232@30.0811164543708,-90.4981157110516.jpg",1,127,226,353,208,480,434
"WSLP_all/009233@30.0817931370488,-90.4981764397287.jpg",1,0,218,446,237,446,455
"WSLP_all/009234@30.0801594329904,-90.5101324881144.jpg",1,128,253,285,177,413,430
"WSLP_all/009235@30.0788775907633,-90.4980301339083.jpg",2,0,222,441,227,441,449
"WSLP_all/009236@30.061779968844,-90.6200245586595.jpg",2,1,248,640,175,641,423
"WSLP_all/009237@30.0789199190222,-90.5100763288466.jpg",1,0,236,636,220,636,456
"WSLP_all/009238@30.0628531634897,-90.6198651366193.jpg",1,104,229,505,181,609,410
"WSLP_all/009239@30.0799894307774,-90.510039036907.jpg",1,75,258,398,162,473,420
"WSLP_all/009240@30.0802833293719,-90.4978982003139.jpg",1,79,254,330,163,409,417
"WSLP_all/009241@30.0795131944433,-90.5098469364583.jpg",1,64,261,403,151,467,412
"WSLP_all/009242@30.0823163060048,-90.4979222619957.jpg",1,167,205,459,199,626,404
"WSLP_all/009243@30.0624574638994,-90.6197130666392.jpg",1,137,247,378,166,515,413
"WSLP_all/009244@30.0798128618827,-90.5099772576835.jpg",1,97,238,370,186,467,424
"WSLP_all/009245@30.0783140111585,-90.5098157421978.jpg",1,97,229,475,203,572,432
"WSLP_all/009246@30.07934624635,-90.5097977267211.jpg",1,49,261,505,193,554,454
"WSLP_all/009247@30.0788700808441,-90.497821516921.jpg",5,122,266,271,95,393,361
"WSLP_all/009248@30.0813255722963,-90.4978325486955.jpg",1,100,238,383,166,483,404
"WSLP_all/009249@30.0821373199111,-90.4978573621335.jpg",4,193,194,448,219,641,413
"WSLP_all/009250@30.0784696199427,-90.5098808541633.jpg",1,43,233,482,209,525,442
"WSLP_all/009251@30.0784687630678,-90.4978944412251.jpg",1,218,249,347,167,565,416
"WSLP_all/009252@30.0780128233052,-90.5096885977699.jpg",1,114,232,461,184,575,416
"WSLP_all/009253@30.0622538746032,-90.6196386538318.jpg",1,112,248,412,153,524,401
"WSLP_all/009254@30.0787410421587,-90.5095529449217.jpg",1,144,253,396,169,540,422
"WSLP_all/009255@30.0789889724891,-90.5096900154955.jpg",2,0,236,522,258,522,494
"WSLP_all/009256@30.0817819378715,-90.4976895984734.jpg",1,104,251,461,159,565,410
"WSLP_all/009257@30.0786043986671,-90.509490838313.jpg",1,92,229,426,232,518,461
"WSLP_all/009258@30.0784568621177,-90.5094193354892.jpg",1,127,264,388,153,515,417
"WSLP_all/009259@30.0829182792207,-90.5074536603408.jpg",1,111,215,421,204,532,419
"WSLP_all/009260@30.0831712796076,-90.5071796346757.jpg",1,154,242,356,195,510,437
"WSLP_all/009261@30.0819712917434,-90.507151639952.jpg",1,121,227,399,194,520,421
"WSLP_all/009262@30.0829868229841,-90.5071274108081.jpg",3,208,248,388,139,596,387
"WSLP_all/009263@30.0826888187061,-90.5070698047288.jpg",1,227,210,381,203,608,413
"WSLP_all/009264@30.082360616913,-90.5069239154599.jpg",1,156,212,485,227,641,439
"WSLP_all/009265@30.0822061721363,-90.5068999008805.jpg",1,172,236,400,181,572,417
"WSLP_all/009266@30.0833328137948,-90.5064225867314.jpg",1,137,194,432,225,569,419
"WSLP_all/009267@30.0831546898213,-90.506389283335.jpg",1,127,222,422,190,549,412
"WSLP_all/009268@30.0614436284322,-90.6174379033693.jpg",1,175,259,290,225,465,484
"WSLP_all/009269@30.0772895944906,-90.4991563890819.jpg",1,219,246,421,162,640,408
"WSLP_all/009270@30.0772782349331,-90.4987043505217.jpg",1,24,265,362,164,386,429
"WSLP_all/009271@30.0608313873691,-90.6172526272976.jpg",5,69,296,215,161,284,457
"WSLP_all/009272@30.0760439040991,-90.4983953523266.jpg",1,117,253,402,168,519,421
"WSLP_all/009273@30.0773478674332,-90.4983148687571.jpg",1,47,258,482,162,529,420
"WSLP_all/009274@30.0759679697889,-90.4982157701711.jpg",1,129,261,393,141,522,402
"WSLP_all/009275@30.0771964353184,-90.4982370934814.jpg",1,62,247,366,173,428,420
"WSLP_all/009276@30.0759440374096,-90.4980452365675.jpg",5,177,254,332,138,509,392
"WSLP_all/009277@30.0770571308345,-90.4980770100196.jpg",1,57,278,381,148,438,426
"WSLP_all/009278@30.0758988072748,-90.497846427117.jpg",1,66,238,438,178,504,416
"WSLP_all/009279@30.0769929853625,-90.4979004892092.jpg",1,69,243,419,182,488,425
"WSLP_all/009280@30.0754838975527,-90.4978878459838.jpg",3,46,263,581,263,627,526
"WSLP_all/009281@30.0765802917288,-90.4977363763335.jpg",1,22,231,367,169,389,400
"WSLP_all/009282@30.076224664223,-90.4978247249113.jpg",2,284,244,357,217,641,461
"WSLP_all/009283@30.0478142961759,-90.6163567960225.jpg",1,36,263,466,147,502,410
"WSLP_all/009284@30.0534738135362,-90.6163540213257.jpg",1,104,223,481,265,585,488
"WSLP_all/009285@30.0474235471377,-90.6162110488553.jpg",1,66,231,371,188,437,419
"WSLP_all/009286@30.0464198250381,-90.6163067706105.jpg",1,143,280,419,157,562,437
"WSLP_all/009287@30.0455082177495,-90.6162248267185.jpg",1,60,239,509,184,569,423
"WSLP_all/009288@30.050287502311,-90.6161240674267.jpg",1,0,256,416,186,416,442
"WSLP_all/009289@30.0505820650488,-90.6161946487833.jpg",2,0,258,462,166,462,424
"WSLP_all/009290@30.0451962465279,-90.616214427915.jpg",1,131,256,366,167,497,423
"WSLP_all/009291@30.0500177156245,-90.6160785952536.jpg",2,0,246,443,234,443,480
"WSLP_all/009292@30.0547706161236,-90.6159811752691.jpg",1,82,280,410,157,492,437
"WSLP_all/009293@30.0507987793577,-90.6159117681759.jpg",1,62,261,544,145,606,406
"WSLP_all/009294@30.0484501561107,-90.6159855654292.jpg",1,11,270,451,214,462,484
"WSLP_all/009295@30.0536313466163,-90.6159893738751.jpg",2,0,241,641,238,641,479
"WSLP_all/009296@30.0577597907834,-90.6158427004798.jpg",1,76,242,565,318,641,560
"WSLP_all/009297@30.0545216579154,-90.6158470418621.jpg",1,17,258,590,174,607,432
"WSLP_all/009298@30.0479753677466,-90.6158088154945.jpg",1,79,233,536,195,615,428
"WSLP_all/009299@30.0462140342744,-90.6158183320313.jpg",1,27,259,552,173,579,432
"WSLP_all/009300@30.0540481556236,-90.6157145266748.jpg",1,55,261,536,195,591,456
"WSLP_all/009301@30.0537579816269,-90.6155712097149.jpg",1,1,236,640,220,641,456
"WSLP_all/009302@30.0529590762696,-90.6157792644728.jpg",1,95,221,408,270,503,491
"WSLP_all/009303@30.0457805439092,-90.6157519156418.jpg",1,0,221,560,205,560,426
"WSLP_all/009304@30.048898788331,-90.615631483336.jpg",1,33,264,430,191,463,455
"WSLP_all/009305@30.0492351554013,-90.6157586567074.jpg",1,0,199,415,245,415,444
"WSLP_all/009306@30.045404782166,-90.615707209393.jpg",1,65,266,509,181,574,447
"WSLP_all/009307@30.0495210315164,-90.6155068906045.jpg",1,175,238,447,175,622,413
"WSLP_all/009308@30.055352180628,-90.6153100065844.jpg",1,0,248,537,233,537,481
"WSLP_all/009309@30.0482741191183,-90.6155127084662.jpg",1,28,265,435,175,463,440
"WSLP_all/009310@30.0477943570323,-90.6153517999249.jpg",1,71,261,439,176,510,437
"WSLP_all/009311@30.0481065468447,-90.6154728234076.jpg",1,47,236,428,182,475,418
"WSLP_all/009312@30.0570498129789,-90.6152377169791.jpg",1,149,266,478,159,627,425
"WSLP_all/009313@30.0502699253828,-90.6152549476.jpg",1,0,229,432,191,432,420
"WSLP_all/009314@30.0462491072321,-90.6152554631735.jpg",1,107,227,354,227,461,454
"WSLP_all/009315@30.0476392882187,-90.6153055046979.jpg",1,66,238,494,219,560,457
"WSLP_all/009316@30.0473241908077,-90.6151908248407.jpg",1,109,256,398,184,507,440
"WSLP_all/009317@30.0463786408591,-90.6152987808339.jpg",1,134,236,360,220,494,456
"WSLP_all/009318@30.0474856288875,-90.6152402346629.jpg",1,124,232,408,189,532,421
"WSLP_all/009319@30.0512156060523,-90.6151659515392.jpg",1,62,172,553,319,615,491
"WSLP_all/009320@30.0564658125157,-90.614932137847.jpg",1,190,229,451,225,641,454
"WSLP_all/009321@30.0471691778584,-90.6151445296794.jpg",1,97,228,499,247,596,475
"WSLP_all/009322@30.0455840927632,-90.6150200371051.jpg",1,182,205,377,237,559,442
"WSLP_all/009323@30.0460492896129,-90.6151873658838.jpg",1,148,204,493,221,641,425
"WSLP_all/009324@30.0458798363103,-90.6151506575981.jpg",1,162,227,357,205,519,432
"WSLP_all/009325@30.0470110734835,-90.6150761314411.jpg",1,96,233,434,204,530,437
"WSLP_all/009326@30.0457500202069,-90.6150757349332.jpg",1,70,210,553,241,623,451
"WSLP_all/009327@30.0468556407966,-90.6150235180679.jpg",1,57,200,484,228,541,428
"WSLP_all/009328@30.0562593103956,-90.6148988532296.jpg",3,197,244,358,200,555,444
"WSLP_all/009329@30.0491024948736,-90.614823997634.jpg",1,32,256,413,158,445,414
"WSLP_all/009330@30.0454348198429,-90.6149673791481.jpg",1,75,221,485,211,560,432
"WSLP_all/009331@30.0448005963492,-90.614775984978.jpg",1,194,227,402,215,596,442
"WSLP_all/009332@30.0446461974449,-90.6147265264961.jpg",1,201,251,365,169,566,420
"WSLP_all/009333@30.0464005351637,-90.6148561149336.jpg",1,0,216,614,218,614,434
"WSLP_all/009334@30.053104968189,-90.6147224455578.jpg",2,0,248,617,276,617,524
"WSLP_all/009335@30.0462477831338,-90.6147908398609.jpg",1,111,226,378,199,489,425
"WSLP_all/009336@30.0501248695975,-90.6148008242245.jpg",1,0,266,547,199,547,465
"WSLP_all/009337@30.0457658714232,-90.6146394368273.jpg",1,28,209,560,247,588,456
"WSLP_all/009338@30.0467590361588,-90.6145090064802.jpg",1,166,248,353,204,519,452
"WSLP_all/009339@30.0463984820734,-90.6144041392298.jpg",1,154,244,376,181,530,425
"WSLP_all/009340@30.0465751843963,-90.6144439549351.jpg",1,139,238,466,175,605,413
"WSLP_all/009341@30.0514964303472,-90.6141397859107.jpg",1,156,221,419,284,575,505
"WSLP_all/009342@30.0511081988997,-90.613997184782.jpg",1,52,248,460,280,512,528
"WSLP_all/009343@30.051297942866,-90.6140685167515.jpg",1,104,216,488,311,592,527
"WSLP_all/009344@30.0505337335271,-90.6137863881364.jpg",1,42,243,512,213,554,456
"WSLP_all/009345@30.0496793102828,-90.6134859510887.jpg",1,21,241,620,262,641,503
"WSLP_all/009346@30.0491461169617,-90.6132748622881.jpg",2,126,253,515,280,641,533
"WSLP_all/009347@30.048981055465,-90.6132318026902.jpg",2,45,269,596,282,641,551
"WSLP_all/009348@30.0513930400917,-90.6131037466862.jpg",1,90,265,546,145,636,410
"WSLP_all/009349@30.0511984858791,-90.613083025926.jpg",1,137,264,427,130,564,394
"WSLP_all/009350@30.0563656794488,-90.6169749211459.jpg",1,139,261,390,138,529,399
"WSLP_all/009351@30.0565423156654,-90.6170684853682.jpg",1,156,256,369,153,525,409
"WSLP_all/009352@30.0567393131169,-90.6170986807351.jpg",1,188,261,354,148,542,409
"WSLP_all/009353@30.056479053412,-90.6165600042688.jpg",1,142,286,395,165,537,451
"WSLP_all/009354@30.0566307144214,-90.6165715580657.jpg",1,102,270,477,179,579,449
"WSLP_all/009355@30.0478762989272,-90.6128383586923.jpg",2,89,221,552,282,641,503
"WSLP_all/009356@30.0571219106615,-90.6172476646564.jpg",1,94,265,260,88,354,353
"WSLP_all/009357@30.0573589859289,-90.6173660837999.jpg",1,119,238,426,154,545,392
"WSLP_all/009358@30.0498122482264,-90.6125778182168.jpg",1,235,303,335,129,570,432
"WSLP_all/009359@30.0576069356285,-90.6174212030023.jpg",1,28,259,613,156,641,415
"WSLP_all/009360@30.0580725951794,-90.6176138499365.jpg",1,171,266,371,140,542,406
"WSLP_all/009361@30.0572125344634,-90.6167854908207.jpg",1,154,241,467,187,621,428
"WSLP_all/009362@30.057387834172,-90.6169011918671.jpg",1,52,253,537,187,589,440
"WSLP_all/009363@30.0578079276418,-90.6170530687209.jpg",1,52,226,502,204,554,430
"WSLP_all/009364@30.0493376267432,-90.6123821146668.jpg",2,0,219,641,352,641,571
"WSLP_all/009365@30.0583314321332,-90.6172484588743.jpg",1,7,251,634,213,641,464
"WSLP_all/009366@30.0491516203902,-90.6122601866182.jpg",1,134,251,507,188,641,439
"WSLP_all/009367@30.0469341084283,-90.6124342665208.jpg",2,0,226,590,239,590,465
"WSLP_all/009368@30.0553305449369,-90.6165935512226.jpg",1,39,228,593,214,632,442
"WSLP_all/009369@30.0473697809547,-90.6120802664895.jpg",5,189,291,227,151,416,442
"WSLP_all/009370@30.0463728344642,-90.6116955434525.jpg",2,0,180,592,387,592,567
"WSLP_all/009371@30.0476032878313,-90.6117119227345.jpg",1,173,233,468,192,641,425
"WSLP_all/009372@30.0454751143485,-90.6113733241773.jpg",2,0,234,640,288,640,522
"WSLP_all/009373@30.0550892297083,-90.6213210509465.jpg",1,134,279,466,187,600,466
"WSLP_all/009374@30.0491023070517,-90.6202543519092.jpg",2,0,253,468,242,468,495
"WSLP_all/009375@30.047195458488,-90.6200973079739.jpg",1,146,214,277,182,423,396
"WSLP_all/009376@30.0491270264259,-90.6198021723483.jpg",1,35,228,431,214,466,442
"WSLP_all/009377@30.0544887865106,-90.6195551639173.jpg",1,23,256,370,191,393,447
"WSLP_all/009378@30.0544885660941,-90.6193623432043.jpg",1,89,237,381,235,470,472
"WSLP_all/009379@30.0491371431813,-90.6195934827035.jpg",1,0,224,480,235,480,459
"WSLP_all/009380@30.0543470552334,-90.6193665177929.jpg",1,114,231,492,223,606,454
"WSLP_all/009381@30.0473690820518,-90.6194828704256.jpg",3,243,226,343,177,586,403
"WSLP_all/009382@30.0471074708996,-90.6193677946376.jpg",1,201,253,298,156,499,409
"WSLP_all/009383@30.0521109959034,-90.6190980469567.jpg",1,59,217,465,204,524,421
"WSLP_all/009384@30.0514679165433,-90.6190267923733.jpg",1,232,204,396,240,628,444
"WSLP_all/009385@30.0528469532977,-90.6192381794084.jpg",1,114,227,443,177,557,404
"WSLP_all/009386@30.0517740034459,-90.619037242793.jpg",1,57,219,580,194,637,413
"WSLP_all/009387@30.0541327561279,-90.6187927478502.jpg",1,137,249,357,160,494,409
"WSLP_all/009388@30.0539140724846,-90.6188101204303.jpg",1,149,234,318,194,467,428
"WSLP_all/009389@30.0534229264745,-90.6187346162653.jpg",1,177,236,290,223,467,459
"WSLP_all/009390@30.0498579125953,-90.6187886198435.jpg",1,92,234,421,187,513,421
"WSLP_all/009391@30.0504187547785,-90.6188667829411.jpg",1,127,228,415,186,542,414
"WSLP_all/009392@30.0492564847277,-90.6187107485699.jpg",1,89,238,552,182,641,420
"WSLP_all/009393@30.0488984665875,-90.6186469373484.jpg",1,137,239,478,167,615,406
"WSLP_all/009394@30.0495572122345,-90.6187623274517.jpg",1,114,228,527,179,641,407
"WSLP_all/009395@30.0523479107899,-90.6184926063227.jpg",3,137,261,433,166,570,427
"WSLP_all/009396@30.0484227978717,-90.6185049483645.jpg",2,0,246,632,395,632,641
"WSLP_all/009397@30.0517315781465,-90.6184907041989.jpg",1,119,256,401,172,520,428
"WSLP_all/009398@30.0474481956278,-90.6184234345004.jpg",1,127,249,403,155,530,404
"WSLP_all/009399@30.05144850098,-90.6184231938064.jpg",1,136,268,349,136,485,404
"WSLP_all/009400@30.0467309477585,-90.618396970393.jpg",1,152,211,403,212,555,423
"WSLP_all/009401@30.0469646172291,-90.6184047769463.jpg",1,152,228,422,164,574,392
"WSLP_all/009402@30.0528992891637,-90.618311637948.jpg",1,114,248,428,213,542,461
"WSLP_all/009403@30.0464144913642,-90.6183960791285.jpg",1,122,233,390,163,512,396
"WSLP_all/009404@30.0530145804871,-90.6180768988458.jpg",1,31,261,503,181,534,442
"WSLP_all/009405@30.0560854168921,-90.6181086022118.jpg",1,80,261,313,181,393,442
"WSLP_all/009406@30.0564935946245,-90.6179096851327.jpg",2,0,249,435,317,435,566
"WSLP_all/009407@30.0479062059924,-90.6179618310278.jpg",1,75,268,350,144,425,412
"WSLP_all/009408@30.0518039936222,-90.6178801231678.jpg",6,158,228,351,186,509,414
"WSLP_all/009409@30.0559482103147,-90.6177966399552.jpg",1,100,221,394,177,494,398
"WSLP_all/009410@30.0452417607076,-90.6176206277664.jpg",1,104,283,363,139,467,422
"WSLP_all/009411@30.0530621454805,-90.617716205228.jpg",1,82,119,473,340,555,459
"WSLP_all/009412@30.0465802741406,-90.6176457865131.jpg",1,112,253,415,137,527,390
"WSLP_all/009413@30.0453991621773,-90.6176258191974.jpg",1,149,280,312,152,461,432
"WSLP_all/009414@30.0449878228347,-90.6175465925373.jpg",2,0,208,561,348,561,556
"WSLP_all/009415@30.0533807103139,-90.6171639056001.jpg",1,45,251,479,186,524,437
"WSLP_all/009416@30.0529564773367,-90.6167212552504.jpg",1,142,273,343,151,485,424
"WSLP_all/009417@30.0596492710304,-90.6167995856054.jpg",2,0,218,230,281,230,499
"WSLP_all/009418@30.0581278225593,-90.616488086543.jpg",1,54,243,575,206,629,449
"WSLP_all/009419@30.0575375205143,-90.6165144595711.jpg",2,0,261,488,205,488,466
"WSLP_all/009420@30.0447447001683,-90.6165590330351.jpg",2,0,221,447,377,447,598
"WSLP_all/009421@30.0482020609049,-90.6164646359221.jpg",2,0,265,532,150,532,415
"WSLP_all/009422@30.0458586100846,-90.616266556695.jpg",1,52,228,575,179,627,407
"WSLP_all/009423@30.0719019812888,-90.5518831735559.jpg",1,184,243,259,166,443,409
"WSLP_all/009424@30.0715183934893,-90.5518672117666.jpg",1,223,229,299,196,522,425
"WSLP_all/009425@30.0423541848707,-90.6160958034183.jpg",1,227,209,409,195,636,404
"WSLP_all/009426@30.0658505086235,-90.552221468728.jpg",3,81,213,490,213,571,426
"WSLP_all/009427@30.063275307873,-90.5732391123314.jpg",1,77,227,229,201,306,428
"WSLP_all/009428@30.063106441135,-90.5731392384067.jpg",4,343,301,222,150,565,451
"WSLP_all/009429@30.0633420650747,-90.5719614318255.jpg",1,190,223,283,200,473,423
"WSLP_all/009430@30.0428441289968,-90.6153748083361.jpg",6,176,236,260,148,436,384
"WSLP_all/009431@30.042695389764,-90.6149713155255.jpg",5,209,241,238,133,447,374
"WSLP_all/009432@30.048783165979,-90.6082074833821.jpg",6,193,265,225,124,418,389
"WSLP_all/009433@30.0477923539959,-90.6070767964796.jpg",2,234,205,407,249,641,454
"WSLP_all/009434@30.0410971234538,-90.6241959895779.jpg",2,0,197,355,228,355,425
"WSLP_all/009435@30.0405301244641,-90.6240514754898.jpg",1,158,224,483,237,641,461
"WSLP_all/009436@30.0414331548716,-90.6240071235823.jpg",5,319,303,158,106,477,409
"WSLP_all/009437@30.0400136810097,-90.6238686765598.jpg",5,185,266,273,129,458,395
"WSLP_all/009438@30.040966129424,-90.6237892039845.jpg",2,232,246,409,160,641,406
"WSLP_all/009439@30.0392867434918,-90.6229983783551.jpg",5,233,233,227,133,460,366
"WSLP_all/009440@30.0392412581083,-90.6226921292938.jpg",6,184,263,313,165,497,428
"WSLP_all/009441@30.039380780114,-90.6226911347796.jpg",6,161,248,401,189,562,437
"WSLP_all/009442@30.0384330700389,-90.6219520082294.jpg",6,207,256,231,118,438,374
"WSLP_all/009443@30.0559018994103,-90.5903145863984.jpg",1,126,244,449,217,575,461
"WSLP_all/009444@30.055649826023,-90.5902374387793.jpg",1,97,197,449,259,546,456
"WSLP_all/009445@30.0551355726175,-90.5881581382902.jpg",6,119,253,312,120,431,373
"WSLP_all/009446@30.0590290286789,-90.5775169562915.jpg",1,100,281,541,170,641,451
"WSLP_all/009447@30.0584871147652,-90.5774926150227.jpg",1,255,251,371,248,626,499
"WSLP_all/009448@30.0581380288913,-90.5774794563639.jpg",1,116,256,461,191,577,447
"WSLP_all/009449@30.0583068525779,-90.5774813373259.jpg",1,177,253,369,204,546,457
"WSLP_all/009450@30.0385717485711,-90.6199598893152.jpg",6,194,238,284,204,478,442
"WSLP_all/009451@30.0577979329482,-90.6198222923584.jpg",1,12,265,529,148,541,413
"WSLP_all/009452@30.0483818634361,-90.6197190027983.jpg",1,0,261,549,181,549,442
"WSLP_all/009453@30.0483971518926,-90.6195513684357.jpg",1,156,236,419,248,575,484
"WSLP_all/009454@30.059570552881,-90.554442426153.jpg",3,137,236,363,208,500,444
"WSLP_all/009455@30.0484248196237,-90.619247730755.jpg",1,139,219,460,237,599,456
"WSLP_all/009456@30.057381408635,-90.5766506569264.jpg",1,178,275,258,175,436,450
"WSLP_all/009457@30.0428234116578,-90.6188011112478.jpg",2,0,246,547,306,547,552
"WSLP_all/009458@30.059740173049,-90.5758234824887.jpg",5,199,305,170,85,369,390
"WSLP_all/009459@30.044110993854,-90.6184758123887.jpg",5,215,263,279,206,494,469
"WSLP_all/009460@30.0427433734422,-90.618488779626.jpg",5,124,238,517,289,641,527
"WSLP_all/009461@30.0425871852799,-90.6184740963386.jpg",1,197,246,415,224,612,470
"WSLP_all/009462@30.0428902026707,-90.6184814054904.jpg",1,175,231,466,253,641,484
"WSLP_all/009463@30.0434509148423,-90.6181960851261.jpg",3,0,251,625,211,625,462
"WSLP_all/009464@30.0441986224722,-90.6178967757903.jpg",1,3,238,638,313,641,551
"WSLP_all/009465@30.0439651795756,-90.6179205758949.jpg",2,0,190,618,403,618,593
"WSLP_all/009466@30.0570979949034,-90.5532289095534.jpg",1,47,238,423,209,470,447
"WSLP_all/009467@30.0568151129324,-90.5529403005638.jpg",5,281,243,301,261,582,504
"WSLP_all/009468@30.0544121850449,-90.5528800870051.jpg",1,109,177,343,305,452,482
"WSLP_all/009469@30.0601615819601,-90.552793973874.jpg",1,49,170,562,277,611,447
"WSLP_all/009470@30.0716927966288,-90.5566208677364.jpg",1,0,222,489,262,489,484
"WSLP_all/009471@30.0433207979504,-90.617296226233.jpg",1,170,241,334,182,504,423
"WSLP_all/009472@30.0606876802552,-90.5524547626896.jpg",1,82,233,559,209,641,442
"WSLP_all/009473@30.0721280265464,-90.556664899715.jpg",2,0,233,532,236,532,469
"WSLP_all/009474@30.0580649171473,-90.5523551859291.jpg",1,104,227,537,277,641,504
"WSLP_all/009475@30.0583022535436,-90.5523501652327.jpg",2,0,231,641,235,641,466
"WSLP_all/009476@30.0431407248915,-90.6171774144451.jpg",1,196,249,287,154,483,403
"WSLP_all/009477@30.0571907819668,-90.552301973484.jpg",1,38,228,602,232,640,460
"WSLP_all/009478@30.0575426519159,-90.5522834107488.jpg",1,0,256,470,184,470,440
"WSLP_all/009479@30.071740199667,-90.5544263577728.jpg",1,45,229,455,227,500,456
"WSLP_all/009480@30.0714271389051,-90.5543813808904.jpg",2,0,195,542,293,542,488
"WSLP_all/009481@30.0592451664052,-90.5519634342141.jpg",2,139,199,502,307,641,506
"WSLP_all/009482@30.0645271038153,-90.5734224093693.jpg",1,64,256,530,186,594,442
"WSLP_all/009483@30.0638296499431,-90.5732917888033.jpg",1,67,219,495,262,562,481
"WSLP_all/009484@30.0410792789538,-90.6167181322385.jpg",6,177,223,286,171,463,394
"WSLP_all/009485@30.0720019644462,-90.554032273993.jpg",1,165,236,476,229,641,465
"WSLP_all/009486@30.07169716518,-90.5540125262564.jpg",1,112,218,529,272,641,490
"WSLP_all/009487@30.0416077966192,-90.6167933485338.jpg",6,175,261,345,144,520,405
"WSLP_all/009488@30.0576606276509,-90.5504363799064.jpg",1,160,207,367,164,527,371
"WSLP_all/009489@30.0562268104817,-90.5504286747668.jpg",2,306,248,335,172,641,420
"WSLP_all/009490@30.0599422048083,-90.5638346416788.jpg",1,92,241,355,199,447,440
"WSLP_all/009491@30.0588305269618,-90.5638021285505.jpg",1,52,248,404,175,456,423
"WSLP_all/009492@30.0594368507316,-90.5638132534925.jpg",1,47,261,451,143,498,404
"WSLP_all/009493@30.0569159295976,-90.5631688812235.jpg",2,192,248,449,192,641,440
"WSLP_all/009494@30.0554475150924,-90.5478395565263.jpg",2,208,210,433,247,641,457
"WSLP_all/009495@30.0591147848568,-90.5626366184528.jpg",1,114,213,386,186,500,399
"WSLP_all/009496@30.0570155794511,-90.5626085935261.jpg",1,234,275,161,102,395,377
"WSLP_all/009497@30.0593805126509,-90.5620276150017.jpg",2,0,246,470,204,470,450
"WSLP_all/009498@30.0578542569243,-90.5619698790526.jpg",1,204,261,304,159,508,420
"WSLP_all/009499@30.0576737642138,-90.5619523090077.jpg",2,0,261,550,193,550,454
"WSLP_all/009500@30.0600885434398,-90.5621169724243.jpg",2,0,231,441,233,441,464
"WSLP_all/009501@30.0585073836665,-90.5620280489783.jpg",2,13,271,500,122,513,393
"WSLP_all/009502@30.0556082071183,-90.5617912736804.jpg",1,165,237,347,170,512,407
"WSLP_all/009503@30.0571167949838,-90.5619028802577.jpg",1,45,279,528,119,573,398
"WSLP_all/009504@30.0579321940631,-90.561520393953.jpg",2,136,268,505,153,641,421
"WSLP_all/009505@30.0562701812495,-90.561416301521.jpg",3,45,280,433,130,478,410
"WSLP_all/009506@30.0564804149973,-90.5613988679977.jpg",1,203,245,373,222,576,467
"WSLP_all/009507@30.0584118415375,-90.560707421976.jpg",4,61,267,486,169,547,436
"WSLP_all/009508@30.0587102514608,-90.5607209147432.jpg",3,61,273,580,239,641,512
"WSLP_all/009509@30.0594812590587,-90.5600985054.jpg",3,139,259,419,186,558,445
"WSLP_all/009510@30.0588271233766,-90.5600371952383.jpg",2,3,266,638,231,641,497
"WSLP_all/009511@30.0551524393609,-90.5595630940006.jpg",1,45,289,390,152,435,441
"WSLP_all/009512@30.0572228312016,-90.5591518814108.jpg",3,60,291,528,118,588,409
"WSLP_all/009513@30.0586711873365,-90.5590742477335.jpg",1,247,283,231,101,478,384
"WSLP_all/009514@30.0598766331238,-90.5588910169213.jpg",3,0,285,333,84,333,369
"WSLP_all/009515@30.0552612355165,-90.5589521645385.jpg",2,187,302,454,234,641,536
"WSLP_all/009516@30.0603400194575,-90.5586914210855.jpg",1,71,292,452,92,523,384
"WSLP_all/009517@30.0598112141459,-90.5587366263597.jpg",1,41,292,452,93,493,385
"WSLP_all/009518@30.058201270722,-90.5586353358684.jpg",1,102,282,427,106,529,388
"WSLP_all/009519@30.056106576895,-90.558645293389.jpg",1,13,258,434,128,447,386
"WSLP_all/009520@30.0590012630055,-90.5587113088049.jpg",3,91,265,504,132,595,397
"WSLP_all/009521@30.0646545221855,-90.5583164615311.jpg",2,19,268,622,150,641,418
"WSLP_all/009522@30.0601063470073,-90.5582443442066.jpg",1,133,258,428,133,561,391
"WSLP_all/009523@30.0650129777915,-90.5583421275918.jpg",2,16,254,625,200,641,454
"WSLP_all/009524@30.0636521914383,-90.5582958034162.jpg",2,155,289,486,134,641,423
"WSLP_all/009525@30.0579314439921,-90.5581379716037.jpg",3,121,292,499,151,620,443
"WSLP_all/009526@30.0605007714908,-90.5441579956187.jpg",1,108,293,392,150,500,443
"WSLP_all/009527@30.0582145090878,-90.558132609049.jpg",1,178,287,360,90,538,377
"WSLP_all/009528@30.0646586563772,-90.5579022919189.jpg",1,33,281,493,123,526,404
"WSLP_all/009529@30.0636994159307,-90.5579002706695.jpg",2,25,268,616,169,641,437
"WSLP_all/009530@30.0641514907205,-90.557918882952.jpg",1,0,262,522,155,522,417
"WSLP_all/009531@30.0583797861427,-90.5440388582856.jpg",3,174,257,407,138,581,395
"WSLP_all/009532@30.0652257161148,-90.5579326553247.jpg",1,41,290,482,125,523,415
"WSLP_all/009534@30.0568131633328,-90.544019652291.jpg",1,79,266,441,156,520,422
"WSLP_all/009535@30.0576059239811,-90.5577327162222.jpg",1,67,256,401,208,468,464
"WSLP_all/009536@30.0576333754107,-90.5580517779838.jpg",2,116,226,525,159,641,385
"WSLP_all/009538@30.0590244474165,-90.5577912243459.jpg",1,105,281,410,104,515,385
"WSLP_all/009539@30.0553984941212,-90.5574685575056.jpg",3,36,301,424,140,460,441
"WSLP_all/009540@30.0535515039511,-90.536819405322.jpg",1,108,252,489,204,597,456
"WSLP_all/009541@30.0606526920717,-90.557339144811.jpg",2,248,282,393,148,641,430
"WSLP_all/009542@30.0593156214819,-90.5573463928913.jpg",3,114,267,523,146,637,413
"WSLP_all/009543@30.0513786682522,-90.5362994066093.jpg",4,219,288,266,135,485,423
"WSLP_all/009544@30.0518999137022,-90.5362193760334.jpg",2,14,275,627,180,641,455
"WSLP_all/009545@30.064615260319,-90.5569352533046.jpg",3,80,213,533,169,613,382
"WSLP_all/009546@30.0538183850528,-90.542598779521.jpg",1,0,271,606,185,606,456
"WSLP_all/009547@30.0534040853945,-90.5412017394877.jpg",1,77,274,418,147,495,421
"WSLP_all/009548@30.0527032792209,-90.5411093180988.jpg",1,127,287,304,99,431,386
"WSLP_all/009549@30.0581048966609,-90.5560787117918.jpg",3,103,291,348,103,451,394
"WSLP_all/009550@30.0558908748317,-90.5559094720862.jpg",3,65,282,435,134,500,416
"WSLP_all/009551@30.0634838984282,-90.5556637292488.jpg",2,16,304,315,93,331,397
"WSLP_all/009552@30.0568698616086,-90.5557532635806.jpg",4,163,296,402,112,565,408
"WSLP_all/009553@30.056414419217,-90.5555323787464.jpg",2,0,291,408,129,408,420
"WSLP_all/009554@30.0567951709324,-90.5555009577683.jpg",3,95,295,546,167,641,462
"WSLP_all/009555@30.0559027842664,-90.55550476025.jpg",2,13,267,372,166,385,433
"WSLP_all/009556@30.0596028938725,-90.5552293120173.jpg",1,0,255,550,160,550,415
"WSLP_all/009557@30.0607715668551,-90.5552644471617.jpg",1,146,285,413,129,559,414
"WSLP_all/009558@30.0564424778392,-90.5551243775577.jpg",2,297,285,344,154,641,439
"WSLP_all/009559@30.0592595730249,-90.5552288308955.jpg",2,50,262,591,163,641,425
"WSLP_all/009560@30.0560361128637,-90.5551117446751.jpg",2,30,289,611,131,641,420
"WSLP_all/009561@30.0574549232746,-90.5551765346042.jpg",1,181,283,349,125,530,408
"WSLP_all/009562@30.0580774425079,-90.5548429155258.jpg",2,168,293,473,121,641,414
"WSLP_all/009563@30.0703627347639,-90.558499704958.jpg",2,60,250,581,163,641,413
"WSLP_all/009564@30.0699719262639,-90.5584900971392.jpg",2,320,295,321,143,641,438
"WSLP_all/009565@30.0560411265378,-90.5547734687221.jpg",1,196,283,244,111,440,394
"WSLP_all/009566@30.0685442506232,-90.5584506126903.jpg",2,7,283,634,156,641,439
"WSLP_all/009567@30.0689587418514,-90.5584379056554.jpg",2,1,287,640,163,641,450
"WSLP_all/009568@30.0675491220046,-90.5583919590742.jpg",2,10,279,631,175,641,454
"WSLP_all/009569@30.0667392911583,-90.5583729642685.jpg",2,90,272,551,155,641,427
"WSLP_all/009570@30.0659609098579,-90.5583758550072.jpg",2,1,288,480,132,481,420
"WSLP_all/009571@30.0591130816455,-90.5365694849598.jpg",2,1,270,427,155,428,425
"WSLP_all/009572@30.0584057726479,-90.5364708204897.jpg",1,4,274,504,140,508,414
"WSLP_all/009573@30.0692774202025,-90.5580592082877.jpg",2,0,279,566,148,566,427
"WSLP_all/009574@30.0697365074979,-90.5580967368768.jpg",2,1,279,583,147,584,426
"WSLP_all/009575@30.0667043088698,-90.5579843806231.jpg",2,1,273,620,180,621,453
"WSLP_all/009576@30.0663378266514,-90.5579872315657.jpg",3,0,236,641,193,641,429
"WSLP_all/009577@30.0675468713189,-90.558009440535.jpg",2,12,277,629,165,641,442
"WSLP_all/009578@30.0684001812608,-90.5579964795854.jpg",2,7,303,581,126,588,429
"WSLP_all/009579@30.0660980526743,-90.5579005775958.jpg",1,192,267,353,133,545,400
"WSLP_all/009580@30.0689918333444,-90.5576219813217.jpg",3,102,231,400,139,502,370
"WSLP_all/009581@30.0694550735433,-90.5575709532755.jpg",2,13,257,418,142,431,399
"WSLP_all/009582@30.0579187010322,-90.5543510161798.jpg",1,116,288,358,112,474,400
"WSLP_all/009583@30.0562440681218,-90.554313525789.jpg",1,151,288,275,116,426,404
"WSLP_all/009584@30.0554984246162,-90.5543098699315.jpg",2,99,295,542,124,641,419
"WSLP_all/009585@30.0563997634619,-90.5543597253932.jpg",1,104,287,366,122,470,409
"WSLP_all/009586@30.0552073771072,-90.5542394392059.jpg",3,113,270,504,132,617,402
"WSLP_all/009587@30.0660442292949,-90.5564941707572.jpg",3,19,272,565,182,584,454
"WSLP_all/009588@30.0657169353146,-90.5564556236723.jpg",2,48,275,593,152,641,427
"WSLP_all/009589@30.0663044554641,-90.5563277493373.jpg",2,9,270,418,111,427,381
"WSLP_all/009590@30.0570593103837,-90.5370442645205.jpg",4,92,282,549,163,641,445
"WSLP_all/009591@30.0665522545138,-90.5557283079952.jpg",3,0,289,439,130,439,419
"WSLP_all/009592@30.0657562221387,-90.5557503264687.jpg",3,78,272,460,156,538,428
"WSLP_all/009593@30.0671493091031,-90.5555434480808.jpg",2,230,302,411,129,641,431
"WSLP_all/009594@30.0553584361465,-90.5536787497917.jpg",2,196,260,404,100,600,360
"WSLP_all/009595@30.0655804108145,-90.558356683785.jpg",2,4,285,637,175,641,460
"WSLP_all/009596@30.0655836764812,-90.5579583229679.jpg",2,0,275,641,178,641,453
"WSLP_all/009597@30.0555414894435,-90.536414691368.jpg",3,107,289,456,137,563,426
"WSLP_all/009598@30.0548044367033,-90.5358768828688.jpg",3,26,276,615,146,641,422
"WSLP_all/009599@30.0609991178463,-90.5516556893459.jpg",2,21,293,383,157,404,450
"WSLP_all/009600@30.05698580846,-90.5580694590709.jpg",1,171,291,360,88,531,379
"WSLP_all/009601@30.0558388193194,-90.5595988599207.jpg",2,0,257,465,158,465,415
"WSLP_all/009602@30.0628632820129,-90.5562502513325.jpg",5,245,294,257,105,502,399
"WSLP_all/009603@30.0682832926202,-90.4863581863778.jpg",1,28,285,467,149,495,434
"WSLP_all/009604@30.0677025361511,-90.503295953578.jpg",3,195,287,310,150,505,437
"WSLP_all/009605@30.0648620404247,-90.4852396780197.jpg",6,155,247,276,199,431,446
"WSLP_all/009606@30.0645132114611,-90.4849265087107.jpg",6,279,244,207,223,486,467
"WSLP_all/009607@30.0678151177254,-90.5029472547934.jpg",1,159,290,272,109,431,399
"WSLP_all/009608@30.067791000768,-90.5027988658454.jpg",4,255,278,231,125,486,403
"WSLP_all/009609@30.0695785026475,-90.5026006020077.jpg",3,241,284,164,108,405,392
"WSLP_all/009610@30.0680109845211,-90.5024492708146.jpg",2,467,261,174,123,641,384
"WSLP_all/009611@30.0694380541604,-90.5025417038459.jpg",4,251,288,285,126,536,414
"WSLP_all/009612@30.0656034726473,-90.5022986243152.jpg",1,192,279,397,131,589,410
"WSLP_all/009613@30.0659840272949,-90.5021595107625.jpg",2,0,282,339,123,339,405
"WSLP_all/009614@30.0656528185317,-90.5020958834643.jpg",2,250,255,391,153,641,408
"WSLP_all/009615@30.0681423976738,-90.5020435053131.jpg",1,158,291,213,109,371,400
"WSLP_all/009616@30.0657812222632,-90.5017755100318.jpg",3,226,271,324,104,550,375
"WSLP_all/009617@30.0684030938442,-90.5013742566909.jpg",2,204,294,373,154,577,448
"WSLP_all/009618@30.0626732737167,-90.4816354374309.jpg",2,113,250,528,172,641,422
"WSLP_all/009619@30.0664222012452,-90.4998416918563.jpg",1,222,267,228,124,450,391
"WSLP_all/009620@30.0652537402393,-90.4996428106662.jpg",3,247,272,211,109,458,381
"WSLP_all/009622@30.062461512648,-90.4807520808152.jpg",4,233,296,326,186,559,482
"WSLP_all/009623@30.0625969802812,-90.4805454362235.jpg",2,261,305,380,175,641,480
"WSLP_all/009625@30.0671847197493,-90.4800888708879.jpg",6,206,192,435,321,641,513
"WSLP_all/009626@30.0651239575178,-90.4798694075046.jpg",6,141,212,454,284,595,496
"WSLP_all/009627@30.0619628874741,-90.4798996357669.jpg",3,170,280,471,156,641,436
"WSLP_all/009628@30.0700062877408,-90.5033494837262.jpg",2,192,298,449,169,641,467
"WSLP_all/009629@30.0700335127486,-90.5027738554094.jpg",3,176,313,297,107,473,420
"WSLP_all/009630@30.0672306782704,-90.4793645029411.jpg",2,12,300,629,150,641,450
"WSLP_all/009631@30.0621916185077,-90.4793476114816.jpg",1,266,261,341,192,607,453
"WSLP_all/009632@30.0510226934537,-90.5392988169877.jpg",2,157,299,484,161,641,460
"WSLP_all/009633@30.051531514661,-90.5387542418585.jpg",2,95,221,455,224,550,445
"WSLP_all/009634@30.0716717918535,-90.52171078733.jpg",3,161,262,370,138,531,400
"WSLP_all/009635@30.0542465575185,-90.5382805717179.jpg",2,0,221,628,232,628,453
"WSLP_all/009636@30.0509781904727,-90.5371560594025.jpg",1,79,295,424,90,503,385
"WSLP_all/009637@30.0538010036406,-90.5365202752904.jpg",2,142,230,499,281,641,511
"WSLP_all/009638@30.051117008041,-90.5351667229643.jpg",2,10,255,631,170,641,425
"WSLP_all/009639@30.0509522389953,-90.5346907416283.jpg",1,184,288,370,105,554,393
"WSLP_all/009640@30.0548657320276,-90.5413007609226.jpg",3,10,268,526,187,536,455
"WSLP_all/009641@30.0669372736535,-90.4964103777848.jpg",2,198,298,396,95,594,393
"WSLP_all/009642@30.0543983986301,-90.533768556523.jpg",1,107,282,351,97,458,379
"WSLP_all/009643@30.0540016746943,-90.5332881014044.jpg",3,41,278,522,148,563,426
"WSLP_all/009644@30.0658571498602,-90.4946016366443.jpg",3,163,276,375,98,538,374
"WSLP_all/009645@30.0650400389835,-90.4940805613132.jpg",3,201,305,272,82,473,387
"WSLP_all/009646@30.0642917109469,-90.4938718891838.jpg",1,65,277,458,127,523,404
"WSLP_all/009647@30.0645680889306,-90.4937020091268.jpg",2,0,266,597,166,597,432
"WSLP_all/009648@30.0651871848837,-90.4933300722228.jpg",3,43,259,349,123,392,382
"WSLP_all/009649@30.0655998889385,-90.4930420682656.jpg",2,408,259,233,178,641,437
"WSLP_all/009650@30.0655871680941,-90.4927766171406.jpg",4,251,289,178,93,429,382
"WSLP_all/009651@30.066250696157,-90.4927014701049.jpg",1,2,279,575,102,577,381
"WSLP_all/009652@30.0645564304294,-90.4924217517626.jpg",2,188,307,249,89,437,396
"WSLP_all/009653@30.0667922426323,-90.4924155337937.jpg",1,292,261,238,152,530,413
"WSLP_all/009654@30.06694969831,-90.4923636222741.jpg",2,199,278,431,148,630,426
"WSLP_all/009655@30.064609930432,-90.5118574055724.jpg",6,103,236,318,200,421,436
"WSLP_all/009656@30.0649941371055,-90.5112883519396.jpg",2,321,298,320,170,641,468
"WSLP_all/009657@30.0647824213152,-90.5111509979115.jpg",2,0,290,382,174,382,464
"WSLP_all/009658@30.051895292561,-90.53002709034.jpg",4,96,265,366,150,462,415
"WSLP_all/009659@30.0637941491899,-90.5105648167584.jpg",3,100,233,264,150,364,383
"WSLP_all/009660@30.0652627394682,-90.5096106004846.jpg",3,208,269,226,89,434,358
"WSLP_all/009661@30.0606775128127,-90.5358583460629.jpg",3,137,255,414,164,551,419
"WSLP_all/009663@30.0683478998247,-90.4962467812762.jpg",1,82,253,408,122,490,375
"WSLP_all/009664@30.0679668049811,-90.4960792615075.jpg",1,10,295,487,82,497,377
"WSLP_all/009665@30.0681318922374,-90.4955277766645.jpg",1,0,269,455,127,455,396
"WSLP_all/009666@30.0683479647887,-90.4951023215046.jpg",3,35,270,467,104,502,374
"WSLP_all/009667@30.0684529535327,-90.4947694813094.jpg",2,1,298,405,84,406,382
"WSLP_all/009668@30.068539314294,-90.4944178282568.jpg",1,44,270,390,90,434,360
"WSLP_all/009669@30.0639792417078,-90.5081511803523.jpg",1,113,267,296,149,409,416
"WSLP_all/009670@30.0682030052116,-90.4928557234848.jpg",2,375,269,266,168,641,437
"WSLP_all/009671@30.0680519813416,-90.4924934274111.jpg",1,173,295,271,90,444,385
"WSLP_all/009672@30.0679524780008,-90.4923836143109.jpg",3,158,282,368,171,526,453
"WSLP_all/009673@30.0682891230214,-90.4921910848801.jpg",2,0,227,641,238,641,465
"WSLP_all/009674@30.0632236601454,-90.5077116887787.jpg",1,10,236,395,210,405,446
"WSLP_all/009675@30.0564229042154,-90.5350167584948.jpg",1,64,221,444,256,508,477
"WSLP_all/009677@30.0663332799707,-90.4900862733821.jpg",2,80,317,388,158,468,475
"WSLP_all/009678@30.0675579846432,-90.4964905249838.jpg",2,158,249,483,148,641,397
"WSLP_all/009680@30.067656208712,-90.4925947716575.jpg",1,137,252,409,144,546,396
"WSLP_all/009681@30.067203524406,-90.5067998369578.jpg",6,162,246,316,236,478,482
"WSLP_all/009682@30.0570972122845,-90.5332790614682.jpg",4,272,288,193,114,465,402
"WSLP_all/009683@30.0671267825037,-90.4906928815215.jpg",2,184,292,457,154,641,446
"WSLP_all/009684@30.0552185299164,-90.5363256026167.jpg",1,0,249,551,156,551,405
"WSLP_all/009685@30.0652110794127,-90.4906774635695.jpg",2,0,250,530,317,530,567
"WSLP_all/009686@30.0647838066484,-90.505615419269.jpg",2,0,271,419,149,419,420
"WSLP_all/009687@30.0662175176665,-90.5054391192657.jpg",1,93,291,326,96,419,387
"WSLP_all/009688@30.0555951369166,-90.5353015632384.jpg",1,95,278,424,118,519,396
"WSLP_all/009689@30.0692604027237,-90.5052873815523.jpg",3,185,276,456,160,641,436
"WSLP_all/009690@30.0668099448205,-90.5049315293824.jpg",1,141,265,206,115,347,380
"WSLP_all/009691@30.0554798976718,-90.5335480899326.jpg",1,60,278,561,135,621,413
"WSLP_all/009692@30.0552500741109,-90.5335088390887.jpg",1,155,282,378,125,533,407
"WSLP_all/009693@30.0666092276482,-90.5048826137846.jpg",2,0,292,345,102,345,394
"WSLP_all/009694@30.0652471373946,-90.4883946333502.jpg",1,65,278,327,97,392,375
"WSLP_all/009697@30.0666559960078,-90.5043700726096.jpg",1,87,273,319,99,406,372
"WSLP_all/009698@30.0697222940152,-90.5042465615755.jpg",2,225,280,276,207,501,487
"WSLP_all/009699@30.063785223051,-90.5041283963038.jpg",1,29,280,370,107,399,387
"WSLP_all/009700@30.0663565478813,-90.4870637507587.jpg",3,24,276,559,157,583,433
"WSLP_all/009701@30.0680677792289,-90.4865623523327.jpg",1,123,286,350,136,473,422
"WSLP_all/009702@30.0765498168936,-90.4835435292875.jpg",1,72,275,329,120,401,395
"WSLP_all/009703@30.063190427172,-90.486218105814.jpg",1,208,273,377,143,585,416
"WSLP_all/009704@30.0780151750134,-90.494328575055.jpg",3,201,290,278,92,479,382
"WSLP_all/009705@30.0700198134727,-90.4735612966227.jpg",6,186,186,275,216,461,402
"WSLP_all/009706@30.0770273978873,-90.4832643836673.jpg",1,114,278,290,108,404,386
"WSLP_all/009707@30.0625390087006,-90.484722021822.jpg",6,165,250,241,224,406,474
"WSLP_all/009708@30.0614508485389,-90.4846174796122.jpg",2,196,258,445,155,641,413
"WSLP_all/009709@30.0749937605433,-90.4830793813041.jpg",1,184,277,287,112,471,389
"WSLP_all/009710@30.0798984552606,-90.4923302350282.jpg",2,2,273,468,159,470,432
"WSLP_all/009711@30.0768441721666,-90.4828549172435.jpg",1,137,261,379,131,516,392
"WSLP_all/009712@30.0595563908533,-90.4841783955624.jpg",3,70,291,458,103,528,394
"WSLP_all/009713@30.0695237214115,-90.502316521839.jpg",3,318,300,176,87,494,387
"WSLP_all/009715@30.0884753496852,-90.4934531328903.jpg",2,15,235,610,151,625,386
"WSLP_all/009716@30.0596536645931,-90.4837792543534.jpg",3,165,304,218,88,383,392
"WSLP_all/009718@30.0594419323947,-90.483746285737.jpg",1,114,283,303,114,417,397
"WSLP_all/009719@30.0598006369649,-90.4836800029737.jpg",1,129,316,378,94,507,410
"WSLP_all/009720@30.0595488527419,-90.4834956379958.jpg",1,68,294,372,113,440,407
"WSLP_all/009721@30.0592033106507,-90.4834069093868.jpg",1,162,285,479,133,641,418
"WSLP_all/009722@30.0603292357517,-90.4833720188098.jpg",2,23,287,613,173,636,460
"WSLP_all/009723@30.0599336002222,-90.4833785537238.jpg",3,95,295,490,100,585,395
"WSLP_all/009724@30.0593612710536,-90.483067312897.jpg",2,244,278,397,135,641,413
"WSLP_all/009725@30.0500415312685,-90.4727632055882.jpg",3,55,285,221,84,276,369
"WSLP_all/009726@30.048710117329,-90.4723953954303.jpg",6,159,221,361,287,520,508
"WSLP_all/009727@30.0885564848696,-90.4929465079191.jpg",3,76,239,565,145,641,384
"WSLP_all/009728@30.0693013932867,-90.5018062095013.jpg",3,186,267,258,133,444,400
"WSLP_all/009730@30.0697733136249,-90.5012995882213.jpg",4,230,288,228,116,458,404
"WSLP_all/009732@30.0885689298838,-90.4925954059418.jpg",1,57,243,515,126,572,369
"WSLP_all/009733@30.0598338611752,-90.4827945781556.jpg",2,2,307,372,152,374,459
"WSLP_all/009734@30.059441954699,-90.4828548239769.jpg",1,215,267,349,147,564,414
"WSLP_all/009735@30.0481856006917,-90.4713726472572.jpg",6,110,182,292,239,402,421
"WSLP_all/009736@30.0693452969912,-90.5012905153389.jpg",3,220,282,296,106,516,388
"WSLP_all/009737@30.0788646405795,-90.4820567037196.jpg",1,175,243,382,136,557,379
"WSLP_all/009738@30.0591934560114,-90.4817916190727.jpg",2,2,218,539,203,541,421
"WSLP_all/009739@30.0690634460106,-90.5007870263995.jpg",1,153,268,248,108,401,376
"WSLP_all/009740@30.0648311819146,-90.4819521035936.jpg",1,335,290,240,113,575,403
"WSLP_all/009741@30.0785574650886,-90.481717851069.jpg",1,184,289,306,114,490,403
"WSLP_all/009742@30.0692275233033,-90.5003683353475.jpg",2,149,250,472,170,621,420
"WSLP_all/009743@30.0786676906611,-90.481647349226.jpg",3,126,284,311,120,437,404
"WSLP_all/009744@30.0888213477118,-90.4917268494159.jpg",1,141,258,358,137,499,395
"WSLP_all/009745@30.0694153163219,-90.5000822283073.jpg",3,121,270,280,92,401,362
"WSLP_all/009746@30.0583764303759,-90.481160041451.jpg",3,112,257,508,222,620,479
"WSLP_all/009747@30.0455114583344,-90.4708047038882.jpg",4,155,246,306,177,461,423
"WSLP_all/009748@30.0452593087724,-90.4710755508611.jpg",1,136,277,327,117,463,394
"WSLP_all/009749@30.0452001593533,-90.4706430380139.jpg",2,206,166,435,381,641,547
"WSLP_all/009750@30.0787933621629,-90.4815798770294.jpg",1,133,288,286,112,419,400
"WSLP_all/009751@30.0586714351088,-90.4809773310572.jpg",6,144,174,346,305,490,479
"WSLP_all/009752@30.0786581417212,-90.4812933066498.jpg",1,98,289,321,118,419,407
"WSLP_all/009753@30.0729334890087,-90.5029457097682.jpg",1,267,279,260,87,527,366
"WSLP_all/009754@30.0725598802036,-90.5027907418659.jpg",3,196,258,283,149,479,407
"WSLP_all/009755@30.0792748730149,-90.48126273904.jpg",4,138,294,267,111,405,405
"WSLP_all/009756@30.0727246366767,-90.5023088013868.jpg",1,112,276,451,143,563,419
"WSLP_all/009757@30.0622704264875,-90.4989311821213.jpg",1,14,290,627,116,641,406
"WSLP_all/009758@30.0793920209783,-90.4811953388288.jpg",1,75,282,312,117,387,399
"WSLP_all/009759@30.0795077278693,-90.4810836850104.jpg",4,78,279,335,127,413,406
"WSLP_all/009760@30.0791235738041,-90.4809604971158.jpg",3,99,264,313,123,412,387
"WSLP_all/009761@30.0618543411888,-90.4971264104877.jpg",6,184,272,231,203,415,475
"WSLP_all/009762@30.0783292058259,-90.4809831004258.jpg",3,145,268,401,130,546,398
"WSLP_all/009763@30.0899463242056,-90.490610586241.jpg",3,72,244,456,145,528,389
"WSLP_all/009764@30.0903396992131,-90.4905218804282.jpg",1,44,289,418,110,462,399
"WSLP_all/009765@30.0614658425033,-90.4960832888517.jpg",3,193,269,190,93,383,362
"WSLP_all/009766@30.078566437234,-90.4808261416388.jpg",3,216,261,285,128,501,389
"WSLP_all/009767@30.0793646761644,-90.4807940183993.jpg",1,111,268,292,121,403,389
"WSLP_all/009768@30.061411250117,-90.4954420098303.jpg",3,137,283,215,96,352,379
"WSLP_all/009769@30.0792346310111,-90.4808868240479.jpg",1,124,262,336,121,460,383
"WSLP_all/009770@30.0805347491225,-90.4809104834326.jpg",3,144,266,371,116,515,382
"WSLP_all/009771@30.0794656829696,-90.4807267556704.jpg",1,135,278,338,116,473,394
"WSLP_all/009772@30.0801108580287,-90.4807275595438.jpg",1,147,278,304,122,451,400
"WSLP_all/009773@30.0907447475294,-90.4903793178453.jpg",1,90,281,379,115,469,396
"WSLP_all/009774@30.0795870793618,-90.4806529946603.jpg",1,185,286,304,110,489,396
"WSLP_all/009775@30.0786910380024,-90.480733383112.jpg",3,216,256,342,129,558,385
"WSLP_all/009776@30.0913593258442,-90.490197034663.jpg",3,108,285,420,99,528,384
"WSLP_all/009778@30.0704355871042,-90.5021445170366.jpg",1,228,305,171,81,399,386
"WSLP_all/009779@30.0702909127324,-90.5021394005061.jpg",3,149,291,318,100,467,391
"WSLP_all/009780@30.0915538211226,-90.4901795778284.jpg",1,112,255,403,147,515,402
"WSLP_all/009781@30.0323607284628,-90.4669522258129.jpg",6,147,253,336,257,483,510
"WSLP_all/009782@30.0632093894605,-90.4938019716992.jpg",1,170,316,318,115,488,431
"WSLP_all/009783@30.0917622434395,-90.4900955952541.jpg",3,125,280,330,123,455,403
"WSLP_all/009784@30.0813775849358,-90.4803973688663.jpg",3,184,264,325,121,509,385
"WSLP_all/009785@30.0628832027574,-90.4930776165752.jpg",6,113,120,424,382,537,502
"WSLP_all/009786@30.0805854376795,-90.4803978250471.jpg",3,115,272,335,115,450,387
"WSLP_all/009787@30.0631871400765,-90.4927494372577.jpg",2,184,284,457,129,641,413
"WSLP_all/009789@30.0804331671622,-90.4801113981129.jpg",1,193,287,307,117,500,404
"WSLP_all/009790@30.0796496745386,-90.4801149443084.jpg",1,145,257,357,149,502,406
"WSLP_all/009791@30.060000937357,-90.477893247669.jpg",3,45,277,272,116,317,393
"WSLP_all/009792@30.0598865612538,-90.4777519744126.jpg",3,41,285,363,96,404,381
"WSLP_all/009793@30.0580133473636,-90.4776194786319.jpg",3,158,280,240,129,398,409
"WSLP_all/009794@30.0811405204017,-90.4796247331069.jpg",3,167,293,326,104,493,397
"WSLP_all/009795@30.0588810590068,-90.4773559722058.jpg",2,450,225,191,175,641,400
"WSLP_all/009796@30.0569876263241,-90.4769897354286.jpg",1,124,290,364,116,488,406
"WSLP_all/009797@30.0570884422661,-90.4767454612217.jpg",1,132,281,362,123,494,404
"WSLP_all/009798@30.0538571816431,-90.4638888462082.jpg",3,30,271,272,102,302,373
"WSLP_all/009799@30.0814551688708,-90.4789390655054.jpg",1,137,250,337,144,474,394
"WSLP_all/009800@30.0521518425775,-90.4627468006825.jpg",6,185,224,380,283,565,507
"WSLP_all/009801@30.055514403126,-90.4616110513313.jpg",6,199,252,254,272,453,524
"WSLP_all/009802@30.0621122106119,-90.5107557334459.jpg",2,292,298,349,131,641,429
"WSLP_all/009803@30.0623072360679,-90.5101534779492.jpg",2,202,277,439,166,641,443
"WSLP_all/009804@30.0603329067561,-90.5098473370141.jpg",1,117,305,458,123,575,428
"WSLP_all/009805@30.0622710090909,-90.5097997118203.jpg",2,0,253,225,167,225,420
"WSLP_all/009806@30.0601610445539,-90.5097159855866.jpg",1,125,314,340,112,465,426
"WSLP_all/009807@30.0597882111541,-90.5095388763121.jpg",1,151,280,434,118,585,398
"WSLP_all/009808@30.0599752349057,-90.5096321681092.jpg",1,141,312,360,91,501,403
"WSLP_all/009809@30.0594530712492,-90.5093298458148.jpg",1,293,272,192,132,485,404
"WSLP_all/009810@30.0626736139353,-90.5090345097096.jpg",1,77,302,506,132,583,434
"WSLP_all/009811@30.0503726679071,-90.4576511191026.jpg",6,181,237,293,209,474,446
"WSLP_all/009812@30.0590554860459,-90.5088621147461.jpg",3,94,235,383,176,477,411
"WSLP_all/009813@30.0615116515671,-90.5084308327423.jpg",1,123,295,408,137,531,432
"WSLP_all/009814@30.0613279584544,-90.5083469990003.jpg",1,98,299,542,135,640,434
"WSLP_all/009815@30.0611403183466,-90.508269520744.jpg",1,160,303,357,101,517,404
"WSLP_all/009816@30.0594025421926,-90.5082775826884.jpg",1,216,284,381,153,597,437
"WSLP_all/009817@30.0618316823238,-90.50811521797.jpg",2,222,252,419,173,641,425
"WSLP_all/009818@30.0617573651822,-90.5081917037909.jpg",1,92,260,446,155,538,415
"WSLP_all/009819@30.0765985364894,-90.4861041347401.jpg",3,107,280,394,122,501,402
"WSLP_all/009820@30.0603980171167,-90.5080448943923.jpg",1,30,297,524,162,554,459
"WSLP_all/009821@30.061392234069,-90.5079449858523.jpg",3,103,242,519,188,622,430
"WSLP_all/009822@30.0602480883778,-90.5079955561755.jpg",2,21,283,435,160,456,443
"WSLP_all/009823@30.0598917921048,-90.5077677378275.jpg",2,9,271,494,190,503,461
"WSLP_all/009824@30.059679489459,-90.5077347229523.jpg",1,72,288,406,111,478,399
"WSLP_all/009825@30.0692401335024,-90.4903841547066.jpg",6,106,169,416,280,522,449
"WSLP_all/009826@30.0760965078103,-90.4853622329119.jpg",3,161,281,301,111,462,392
"WSLP_all/009827@30.0789114436846,-90.4938941827462.jpg",1,111,299,355,89,466,388
"WSLP_all/009828@30.0760987621732,-90.4851187593415.jpg",4,213,276,230,143,443,419
"WSLP_all/009829@30.0728298395681,-90.4901166697686.jpg",3,127,282,281,94,408,376
"WSLP_all/009830@30.0726021065165,-90.4900838187315.jpg",1,169,272,383,100,552,372
"WSLP_all/009831@30.0730582576751,-90.4899471705583.jpg",3,157,273,163,95,320,368
"WSLP_all/009832@30.0730716433463,-90.4896498625673.jpg",1,53,261,321,101,374,362
"WSLP_all/009833@30.0728583752661,-90.4894841016768.jpg",2,8,252,390,137,398,389
"WSLP_all/009834@30.0754562706454,-90.4977331538431.jpg",2,231,296,229,112,460,408
"WSLP_all/009835@30.0603796111977,-90.5046530418813.jpg",1,33,283,428,110,461,393
"WSLP_all/009836@30.075337374418,-90.4973832004174.jpg",3,127,284,480,155,607,439
"WSLP_all/009838@30.0752328879305,-90.4970204800912.jpg",3,162,271,308,124,470,395
"WSLP_all/009839@30.0734435593027,-90.4888942411563.jpg",1,52,252,440,146,492,398
"WSLP_all/009840@30.0751887951873,-90.4968279863657.jpg",1,140,298,268,86,408,384
"WSLP_all/009841@30.0571367524561,-90.4765206056846.jpg",1,94,265,432,143,526,408
"WSLP_all/009842@30.0733394896707,-90.4884714616624.jpg",4,113,277,287,117,400,394
"WSLP_all/009843@30.0732579941587,-90.4882887773394.jpg",3,138,267,396,136,534,403
"WSLP_all/009844@30.073171256984,-90.4878848220418.jpg",1,188,284,269,105,457,389
"WSLP_all/009845@30.0731241878025,-90.4877018453562.jpg",2,122,279,320,106,442,385
"WSLP_all/009846@30.0572283828471,-90.4763396323121.jpg",1,93,258,327,141,420,399
"WSLP_all/009847@30.0573246611332,-90.4761206860142.jpg",2,18,279,379,137,397,416
"WSLP_all/009848@30.0573960747535,-90.4758798241553.jpg",1,100,280,310,127,410,407
"WSLP_all/009849@30.0577319040909,-90.4752699931904.jpg",2,5,237,149,180,154,417
"WSLP_all/009850@30.0736269230062,-90.4879599978635.jpg",3,89,283,241,110,330,393
"WSLP_all/009851@30.0739747727283,-90.4878432273402.jpg",1,152,282,383,111,535,393
"WSLP_all/009852@30.0735934806821,-90.4877579358189.jpg",1,112,295,388,115,500,410
"WSLP_all/009853@30.0738963762126,-90.4874708153359.jpg",3,206,276,317,99,523,375
"WSLP_all/009854@30.0607680739395,-90.4867950731131.jpg",3,196,270,445,151,641,421
"WSLP_all/009855@30.0737806787957,-90.4868868895521.jpg",3,279,260,245,116,524,376
"WSLP_all/009856@30.0734641021477,-90.4868548001698.jpg",3,0,256,352,130,352,386
"WSLP_all/009857@30.0781297552964,-90.4953646810246.jpg",1,88,281,349,119,437,400
"WSLP_all/009858@30.0776885479776,-90.4951407427309.jpg",3,112,277,360,132,472,409
"WSLP_all/009859@30.0919343544271,-90.4964186175755.jpg",3,190,277,370,125,560,402
"WSLP_all/009860@30.0779950101427,-90.4949579420854.jpg",2,119,271,313,161,432,432
"WSLP_all/009861@30.0771481095712,-90.4949619048875.jpg",3,180,288,240,92,420,380
"WSLP_all/009862@30.0774283730186,-90.4947413848986.jpg",1,148,292,319,83,467,375
"WSLP_all/009863@30.0645461789323,-90.5032621731474.jpg",2,0,264,324,115,324,379
"WSLP_all/009864@30.0776948970152,-90.4945051704075.jpg",1,196,273,285,97,481,370
"WSLP_all/009865@30.0470687194653,-90.6164506603203.jpg",3,147,275,332,91,479,366
"WSLP_all/009866@30.0551025542489,-90.6160831008443.jpg",2,226,287,415,138,641,425
"WSLP_all/009867@30.0640896475866,-90.5030699716445.jpg",6,172,242,313,203,485,445
"WSLP_all/009868@30.0646183399123,-90.503040276699.jpg",2,0,281,406,134,406,415
"WSLP_all/009869@30.0817824447759,-90.5269720704884.jpg",3,178,273,199,132,377,405
"WSLP_all/009870@30.0651581007263,-90.5028777112193.jpg",1,193,284,323,81,516,365
"WSLP_all/009871@30.0644861927599,-90.5028675027351.jpg",1,99,313,293,87,392,400
"WSLP_all/009872@30.0893232875047,-90.4743844969987.jpg",1,79,249,367,149,446,398
"WSLP_all/009873@30.0938766318416,-90.4950140537237.jpg",2,242,251,399,152,641,403
"WSLP_all/009874@30.0638545033779,-90.5026767618708.jpg",1,125,295,295,90,420,385
"WSLP_all/009875@30.0804434188853,-90.4932868459771.jpg",3,295,278,285,115,580,393
"WSLP_all/009876@30.0634660045983,-90.5026420636484.jpg",6,141,203,386,342,527,545
"WSLP_all/009877@30.0796847686682,-90.4933438305254.jpg",2,374,279,267,119,641,398
"WSLP_all/009878@30.0796424159384,-90.4931576387982.jpg",2,413,275,228,186,641,461
"WSLP_all/009879@30.0891861131181,-90.474116896751.jpg",1,127,255,354,114,481,369
"WSLP_all/009880@30.0651270849275,-90.5026250581856.jpg",1,198,284,355,111,553,395
"WSLP_all/009881@30.064756319749,-90.5024416275933.jpg",3,132,256,258,127,390,383
"WSLP_all/009882@30.0643044254902,-90.5024137811894.jpg",2,264,270,377,170,641,440
"WSLP_all/009883@30.0646051028084,-90.5024934700112.jpg",2,205,271,433,137,638,408
"WSLP_all/009884@30.0455788074987,-90.6145048736172.jpg",1,76,275,343,122,419,397
"WSLP_all/009885@30.0641195987679,-90.5023773858337.jpg",2,133,282,508,138,641,420
"WSLP_all/009886@30.0645351335188,-90.5023170159789.jpg",2,0,260,320,139,320,399
"WSLP_all/009887@30.0948626021201,-90.4933107487519.jpg",3,141,271,234,83,375,354
"WSLP_all/009888@30.0648416465274,-90.5022670398196.jpg",1,67,281,392,104,459,385
"WSLP_all/009889@30.0639647513606,-90.5022680287287.jpg",2,183,241,458,203,641,444
"WSLP_all/009890@30.0653161228042,-90.5021998558311.jpg",1,194,285,340,87,534,372
"WSLP_all/009891@30.0642619786181,-90.5022149687817.jpg",2,439,266,202,175,641,441
"WSLP_all/009892@30.0479594999634,-90.6153948619292.jpg",1,152,264,331,135,483,399
"WSLP_all/009893@30.0646043287747,-90.502161532231.jpg",2,4,271,376,134,380,405
"WSLP_all/009894@30.0640608096131,-90.5020901923833.jpg",3,247,293,261,83,508,376
"WSLP_all/009895@30.055987951346,-90.6151853063134.jpg",1,151,253,419,200,570,453
"WSLP_all/009896@30.0643540167922,-90.5020624562303.jpg",6,175,168,286,248,461,416
"WSLP_all/009897@30.0649073981775,-90.5020799705427.jpg",1,103,284,313,101,416,385
"WSLP_all/009898@30.0635801984437,-90.5022048471765.jpg",1,129,285,217,108,346,393
"WSLP_all/009900@30.0653340143313,-90.5019847323236.jpg",1,144,283,393,105,537,388
"WSLP_all/009901@30.0635672967965,-90.501942564292.jpg",1,78,275,244,106,322,381
"WSLP_all/009902@30.0644291784638,-90.5019069228157.jpg",4,146,265,387,179,533,444
"WSLP_all/009903@30.0648725492138,-90.5019000629598.jpg",1,163,285,331,101,494,386
"WSLP_all/009904@30.0539496598792,-90.6149787205995.jpg",2,149,273,492,263,641,536
"WSLP_all/009905@30.060046465249,-90.5479487302217.jpg",2,0,247,387,161,387,408
"WSLP_all/009906@30.0653156096452,-90.5015043540608.jpg",4,191,262,271,119,462,381
"WSLP_all/009907@30.0650812997953,-90.5015442461119.jpg",1,84,273,402,123,486,396
"WSLP_all/009908@30.058599980151,-90.4366391111599.jpg",3,0,213,471,149,471,362
"WSLP_all/009909@30.0646940666708,-90.5014399912429.jpg",2,0,268,465,182,465,450
"WSLP_all/009910@30.0644730857396,-90.5013786084405.jpg",2,22,246,489,207,511,453
"WSLP_all/009911@30.0635884636,-90.5014492189562.jpg",2,53,303,276,95,329,398
"WSLP_all/009912@30.0524727704295,-90.614745968765.jpg",2,4,262,367,226,371,488
"WSLP_all/009913@30.0596948582867,-90.4366134553909.jpg",3,160,256,273,116,433,372
"WSLP_all/009914@30.0787539962694,-90.4821177233738.jpg",3,105,257,364,112,469,369
"WSLP_all/009915@30.0636011474258,-90.5011803988242.jpg",1,163,302,238,96,401,398
"WSLP_all/009916@30.0806551669417,-90.4821868548849.jpg",2,198,281,443,148,641,429
"WSLP_all/009917@30.0641004220513,-90.5011604236585.jpg",3,152,259,322,94,474,353
"WSLP_all/009918@30.0789768827486,-90.4819577273565.jpg",1,218,251,392,148,610,399
"WSLP_all/009919@30.0635190626826,-90.5009408230934.jpg",1,50,282,384,109,434,391
"WSLP_all/009920@30.0792381484105,-90.4817879182218.jpg",1,160,253,329,142,489,395
"WSLP_all/009921@30.079458633813,-90.4816563987965.jpg",1,201,250,374,127,575,377
"WSLP_all/009922@30.077964363031,-90.4816944632659.jpg",1,144,283,337,127,481,410
"WSLP_all/009923@30.0520220680861,-90.6387092036539.jpg",1,187,285,228,84,415,369
"WSLP_all/009924@30.0519793032397,-90.6384945578417.jpg",1,264,280,228,88,492,368
"WSLP_all/009925@30.0564214513524,-90.4556033135865.jpg",3,264,265,295,115,559,380
"WSLP_all/009926@30.080190335064,-90.4811790269499.jpg",3,153,272,346,112,499,384
"WSLP_all/009927@30.0803035442581,-90.4811021741056.jpg",1,130,254,342,119,472,373
"WSLP_all/009928@30.0789860026361,-90.4810375575641.jpg",1,138,284,325,107,463,391
"WSLP_all/009929@30.0804250500003,-90.4810284119991.jpg",3,160,255,334,130,494,385
"WSLP_all/009930@30.071509010203,-90.5019774856317.jpg",3,283,291,286,123,569,414
"WSLP_all/009931@30.0703622387369,-90.5036437048013.jpg",1,104,248,444,135,548,383
"WSLP_all/009932@30.0568570520037,-90.6358937434014.jpg",3,88,296,385,148,473,444
"WSLP_all/009933@30.0799434794451,-90.4804096431918.jpg",1,145,291,308,116,453,407
"WSLP_all/009934@30.0800684357977,-90.4803421746862.jpg",3,147,298,332,102,479,400
"WSLP_all/009935@30.0652481477522,-90.6271349459791.jpg",1,19,248,345,125,364,373
"WSLP_all/009936@30.0844559860777,-90.474103926283.jpg",1,104,292,377,102,481,394
"WSLP_all/009937@30.0845958431437,-90.4739477821915.jpg",3,148,289,285,87,433,376
"WSLP_all/009938@30.0565103630992,-90.6158105997079.jpg",3,136,298,157,81,293,379
"WSLP_all/009939@30.0589060095662,-90.6318078260425.jpg",2,0,249,320,143,320,392
"WSLP_all/009940@30.0806792035935,-90.4799385501728.jpg",1,110,277,329,121,439,398
"WSLP_all/009941@30.056507505358,-90.5478312035828.jpg",2,70,256,571,190,641,446
"WSLP_all/009942@30.0934817970166,-90.4892398749721.jpg",1,166,241,434,128,600,369
"WSLP_all/009943@30.0976835622541,-90.4869431462515.jpg",1,140,266,337,130,477,396
"WSLP_all/009944@30.0976181678232,-90.4865231006462.jpg",1,75,232,373,151,448,383
"WSLP_all/009945@30.0978759176586,-90.4868624516792.jpg",1,198,261,343,149,541,410
"WSLP_all/009946@30.1001325781306,-90.4906129795177.jpg",3,139,215,429,164,568,379
"WSLP_all/009947@30.1000489311948,-90.4903512002776.jpg",1,98,219,438,173,536,392
"WSLP_all/009948@30.0999607955388,-90.490140059271.jpg",1,101,254,413,130,514,384
"WSLP_all/009949@30.0999015053022,-90.4899160234777.jpg",1,167,258,328,140,495,398
"WSLP_all/009950@30.099827764304,-90.4896984363123.jpg",1,132,256,352,151,484,407
"WSLP_all/009951@30.0997396478413,-90.4894904576239.jpg",1,85,234,427,136,512,370
"WSLP_all/009952@30.0996803285387,-90.4892664239889.jpg",1,155,235,410,151,565,386
"WSLP_all/009953@30.0996017619556,-90.4890425526777.jpg",1,66,237,434,150,500,387
"WSLP_all/009954@30.0994637934669,-90.4885820008058.jpg",1,123,231,431,164,554,395
"WSLP_all/009955@30.099385197752,-90.4883581307581.jpg",1,94,224,391,164,485,388
"WSLP_all/009956@30.0847842843812,-90.5054492911991.jpg",3,168,289,341,134,509,423
"WSLP_all/009957@30.0993162526234,-90.4881341802328.jpg",3,121,234,410,151,531,385
"WSLP_all/009958@30.0817844650343,-90.4796223784851.jpg",3,88,210,334,161,422,371
"WSLP_all/009959@30.0992569589699,-90.4879101470824.jpg",1,207,239,355,149,562,388
"WSLP_all/009960@30.0881004911118,-90.4759982326813.jpg",1,167,279,301,134,468,413
"WSLP_all/009961@30.0992024363045,-90.4876797498107.jpg",3,206,236,370,150,576,386
"WSLP_all/009962@30.099143032718,-90.4874430682628.jpg",3,81,245,320,149,401,394
"WSLP_all/009963@30.0990789259458,-90.4872190778142.jpg",2,105,260,536,151,641,411
"WSLP_all/009964@30.0989941144453,-90.486777052882.jpg",2,129,143,512,250,641,393
"WSLP_all/009965@30.0988574793418,-90.4865252175026.jpg",3,188,252,284,133,472,385
"WSLP_all/009966@30.0986778326657,-90.4863369963985.jpg",1,157,243,374,127,531,370
"WSLP_all/009967@30.0984315418263,-90.4862790037202.jpg",1,121,226,405,153,526,379
"WSLP_all/009968@30.098214787474,-90.4863156332108.jpg",1,150,234,372,146,522,380
"WSLP_all/009969@30.0980175518536,-90.4863900457449.jpg",1,152,241,361,142,513,383
"WSLP_all/009970@30.0885245584411,-90.4751850782792.jpg",3,141,281,345,110,486,391
"WSLP_all/009971@30.0980635229025,-90.4867912844396.jpg",1,204,264,354,141,558,405
"WSLP_all/009972@30.0983092311811,-90.4867544100285.jpg",1,207,259,334,154,541,413
"WSLP_all/009973@30.0886411398584,-90.4751239927441.jpg",1,140,291,289,112,429,403
"WSLP_all/009974@30.0985323007675,-90.4869517486073.jpg",1,301,283,258,119,559,402
"WSLP_all/009975@30.0986110207115,-90.4871945892696.jpg",1,195,272,312,126,507,398
"WSLP_all/009976@30.0986558526713,-90.4874187422949.jpg",1,225,253,291,141,516,394
"WSLP_all/009977@30.098779443493,-90.4878920616983.jpg",3,93,243,363,151,456,394
"WSLP_all/009978@30.0882497078912,-90.4749819064645.jpg",1,99,264,311,153,410,417
"WSLP_all/009979@30.0988147103181,-90.4881257849416.jpg",1,115,269,341,127,456,396
"WSLP_all/009980@30.0848884100217,-90.5048919119197.jpg",3,136,243,366,167,502,410
"WSLP_all/009981@30.0988788966585,-90.4883624245081.jpg",1,114,262,360,129,474,391
"WSLP_all/009982@30.0989719561863,-90.4885861707925.jpg",1,115,273,307,130,422,403
"WSLP_all/009983@30.0990408388516,-90.4888006340023.jpg",1,108,264,335,131,443,395
"WSLP_all/009984@30.099109823372,-90.4890309089489.jpg",1,88,245,367,149,455,394
"WSLP_all/009985@30.0992524268235,-90.4894597969188.jpg",1,167,259,356,135,523,394
"WSLP_all/009986@30.0993406049794,-90.4896772614465.jpg",3,119,264,382,134,501,398
"WSLP_all/009987@30.0994737577012,-90.4901378560258.jpg",1,148,237,423,148,571,385
"WSLP_all/009988@30.0849150966921,-90.5047146165968.jpg",3,183,296,344,121,527,417
"WSLP_all/009989@30.0830702177427,-90.5232906246637.jpg",1,134,303,317,101,451,404
"WSLP_all/009990@30.083235850707,-90.5233683270477.jpg",2,1,279,386,125,387,404
"WSLP_all/009991@30.0811754416717,-90.5295412754989.jpg",1,55,266,305,102,360,368
"WSLP_all/009992@30.0849655271318,-90.5045308007177.jpg",3,24,275,448,164,472,439
"WSLP_all/009993@30.080844274811,-90.4793142434437.jpg",3,173,255,386,140,559,395
"WSLP_all/009994@30.0888565263277,-90.4745908973633.jpg",3,138,253,304,123,442,376
"WSLP_all/009995@30.0821347872378,-90.4793790710678.jpg",1,218,255,327,139,545,394
"WSLP_all/009996@30.0816389992762,-90.4793042708352.jpg",1,151,283,312,120,463,403
"WSLP_all/009997@30.0817639820892,-90.4792367995639.jpg",1,140,291,269,115,409,406
"WSLP_all/009998@30.0823069949246,-90.4619553158348.jpg",3,212,245,291,139,503,384
"WSLP_all/009999@30.0874765020064,-90.4782803145076.jpg",1,187,234,270,152,457,386
"WSLP_all/010000@30.0557924130536,-90.6217016787591.jpg",3,95,273,344,135,439,408
"WSLP_all/010001@30.0839052789311,-90.4787473106269.jpg",1,246,274,333,124,579,398
"WSLP_all/010002@30.0840359118078,-90.4786987605721.jpg",1,203,280,331,112,534,392
"WSLP_all/010003@30.0803359041487,-90.50363339068.jpg",1,123,264,409,133,532,397
"WSLP_all/010004@30.0807423272948,-90.503554121885.jpg",3,284,270,323,127,607,397
"WSLP_all/010005@30.0841516220377,-90.4786092325251.jpg",1,225,282,321,118,546,400
"WSLP_all/010006@30.0820462365844,-90.4785640519797.jpg",1,93,268,420,134,513,402
"WSLP_all/010007@30.0881192471606,-90.462929017944.jpg",3,86,265,327,122,413,387
"WSLP_all/010008@30.0882794159441,-90.4630857250299.jpg",1,275,238,282,148,557,386
"WSLP_all/010009@30.0884154697626,-90.4632426442218.jpg",1,219,230,336,153,555,383
"WSLP_all/010010@30.0885660080759,-90.4634025984824.jpg",3,172,238,371,162,543,400
"WSLP_all/010011@30.0842697181434,-90.478510197826.jpg",1,220,274,285,105,505,379
"WSLP_all/010012@30.0887020615033,-90.4635595175208.jpg",1,122,238,415,160,537,398
"WSLP_all/010013@30.0888477448364,-90.4637131908047.jpg",1,141,223,402,166,543,389
"WSLP_all/010014@30.0843845486298,-90.4784333248807.jpg",1,224,263,346,145,570,408
"WSLP_all/010015@30.0889598092,-90.4638892939281.jpg",1,68,210,434,179,502,389
"WSLP_all/010016@30.0821565648923,-90.478471409806.jpg",1,143,268,336,140,479,408
"WSLP_all/010017@30.0890767114308,-90.4640653542046.jpg",1,45,230,445,162,490,392
"WSLP_all/010018@30.089223409802,-90.4643771286147.jpg",1,33,225,559,153,592,378
"WSLP_all/010019@30.0898512368703,-90.464520275746.jpg",1,103,247,365,140,468,387
"WSLP_all/010020@30.0895877819459,-90.4640545714906.jpg",1,143,258,389,142,532,400
"WSLP_all/010021@30.0899950853126,-90.464395696613.jpg",1,84,243,399,141,483,384
"WSLP_all/010022@30.0897556342156,-90.4639171338994.jpg",1,133,258,414,166,547,424
"WSLP_all/010023@30.0901438489521,-90.46428688516.jpg",1,148,230,350,153,498,383
"WSLP_all/010024@30.0899185127495,-90.4637512796745.jpg",1,269,258,323,135,592,393
"WSLP_all/010025@30.0902827600663,-90.4641433742343.jpg",1,93,213,407,168,500,381
"WSLP_all/010026@30.0900767128224,-90.4636139243222.jpg",3,259,252,361,147,620,399
"WSLP_all/010027@30.0904218516681,-90.4640314842768.jpg",1,141,255,331,139,472,394
"WSLP_all/010028@30.0902396327137,-90.4634543930728.jpg",1,246,230,379,153,625,383
"WSLP_all/010029@30.0904073590719,-90.463297981523.jpg",1,234,238,366,153,600,391
"WSLP_all/010030@30.0906480133077,-90.463229474112.jpg",1,24,218,523,203,547,421
"WSLP_all/010031@30.090588718994,-90.4630117993025.jpg",1,44,238,443,153,487,391
"WSLP_all/010032@30.0905198142442,-90.4628005341358.jpg",1,166,224,341,156,507,380
"WSLP_all/010033@30.0904606236948,-90.4625986699098.jpg",1,76,223,407,149,483,372
"WSLP_all/010034@30.0904013430797,-90.4623873211744.jpg",1,184,231,316,154,500,385
"WSLP_all/010035@30.0907605149239,-90.462011040957.jpg",1,54,263,373,145,427,408
"WSLP_all/010036@30.0908197761439,-90.4622192292389.jpg",1,92,255,312,142,404,397
"WSLP_all/010037@30.0909331998658,-90.4626008647357.jpg",1,126,265,324,137,450,402
"WSLP_all/010038@30.0909875784589,-90.4628027719596.jpg",1,109,265,321,142,430,407
"WSLP_all/010039@30.0910468313376,-90.4630141224219.jpg",1,101,252,344,148,445,400
"WSLP_all/010040@30.0911062509181,-90.463250770415.jpg",1,176,259,261,116,437,375
"WSLP_all/010041@30.0910306883394,-90.4634885959827.jpg",1,187,265,269,112,456,377
"WSLP_all/010042@30.0908629138403,-90.4636418464036.jpg",1,75,263,396,144,471,407
"WSLP_all/010043@30.0883318660446,-90.4758381358939.jpg",3,173,263,316,147,489,410
"WSLP_all/010044@30.0907046866969,-90.4637792030314.jpg",1,173,255,298,158,471,413
"WSLP_all/010045@30.090560734538,-90.4638879738761.jpg",1,81,258,390,164,471,422
"WSLP_all/010046@30.0904791982338,-90.4610332189651.jpg",1,154,258,385,150,539,408
"WSLP_all/010047@30.0884623476706,-90.4757453113954.jpg",1,117,274,351,127,468,401
"WSLP_all/010048@30.088926746927,-90.4754377480581.jpg",1,101,249,356,140,457,389
"WSLP_all/010049@30.0890630636456,-90.4753543586719.jpg",3,123,255,392,131,515,386
"WSLP_all/010050@30.0806911330703,-90.4601703296231.jpg",5,118,222,402,136,520,358
"WSLP_all/010051@30.0831858007153,-90.477415970292.jpg",3,132,239,306,150,438,389
"WSLP_all/010052@30.0782831665818,-90.4971213554012.jpg",1,77,280,413,101,490,381
"WSLP_all/010053@30.0811693891147,-90.4970275750899.jpg",2,166,281,343,151,509,432
"WSLP_all/010054@30.0807864413173,-90.4969359314281.jpg",3,107,276,427,147,534,423
"WSLP_all/010055@30.0808166085558,-90.496758613002.jpg",1,135,277,417,130,552,407
"WSLP_all/010056@30.0808769218087,-90.4965652319384.jpg",3,179,269,424,118,603,387
"WSLP_all/010057@30.0790003216364,-90.4965272379342.jpg",1,34,277,479,147,513,424
"WSLP_all/010058@30.0791691842159,-90.4965479527936.jpg",1,74,274,421,129,495,403
"WSLP_all/010059@30.0786765520681,-90.4964445866515.jpg",1,82,288,466,149,548,437
"WSLP_all/010060@30.0808994194786,-90.4963753290828.jpg",1,212,289,393,117,605,406
"WSLP_all/010061@30.081296278942,-90.4962803010595.jpg",3,18,273,440,119,458,392
"WSLP_all/010062@30.0801934446711,-90.4964002294078.jpg",3,104,287,358,138,462,425
"WSLP_all/010063@30.0805418229041,-90.4962834762714.jpg",1,10,255,525,158,535,413
"WSLP_all/010064@30.0809316761996,-90.4961979927271.jpg",1,198,269,417,123,615,392
"WSLP_all/010065@30.0854420261955,-90.4763246607186.jpg",3,139,275,415,124,554,399
"WSLP_all/010066@30.0805901968291,-90.496080710139.jpg",1,15,277,442,114,457,391
"WSLP_all/010067@30.0797348559654,-90.495872889763.jpg",1,87,284,472,129,559,413
"WSLP_all/010068@30.0813260817094,-90.4958942984423.jpg",1,13,272,389,121,402,393
"WSLP_all/010069@30.0855746114571,-90.4762254973901.jpg",3,279,255,274,139,553,394
"WSLP_all/010070@30.0856938734656,-90.4761833640559.jpg",1,170,238,432,172,602,410
"WSLP_all/010071@30.0857982116824,-90.4760749571633.jpg",1,152,238,396,171,548,409
"WSLP_all/010072@30.0812921658855,-90.4956764127351.jpg",1,9,269,387,120,396,389
"WSLP_all/010073@30.0854751607166,-90.4758722042544.jpg",1,174,283,288,110,462,393
"WSLP_all/010074@30.0812686599165,-90.4954868966927.jpg",1,15,268,416,135,431,403
"WSLP_all/010075@30.0488261797249,-90.6160934900877.jpg",3,179,252,356,143,535,395
"WSLP_all/010076@30.0784663696781,-90.4953871450257.jpg",1,62,281,438,126,500,407
"WSLP_all/010077@30.0812271907002,-90.4953006926538.jpg",1,25,281,385,119,410,400
"WSLP_all/010078@30.0804535286825,-90.4952977130532.jpg",1,48,246,423,150,471,396
"WSLP_all/010079@30.078774757298,-90.4952043285576.jpg",1,159,257,472,169,631,426
"WSLP_all/010080@30.0784344971805,-90.4952008665899.jpg",1,68,270,477,136,545,406
"WSLP_all/010081@30.0803997808288,-90.4951179386624.jpg",1,60,251,436,140,496,391
"WSLP_all/010082@30.0798341364394,-90.4951005634392.jpg",1,9,241,576,175,585,416
"WSLP_all/010083@30.0796722917127,-90.495041849743.jpg",1,27,266,528,162,555,428
"WSLP_all/010084@30.0787154093244,-90.4950087952881.jpg",3,105,260,477,173,582,433
"WSLP_all/010085@30.0807940363248,-90.495007118612.jpg",1,173,272,464,127,637,399
"WSLP_all/010086@30.0783859158584,-90.495033699641.jpg",1,112,277,339,124,451,401
"WSLP_all/010087@30.0803637755645,-90.4949348522928.jpg",1,57,270,436,108,493,378
"WSLP_all/010088@30.0790415252494,-90.494911196212.jpg",2,12,267,383,122,395,389
"WSLP_all/010089@30.0786539342988,-90.4948290881637.jpg",3,83,285,406,135,489,420
"WSLP_all/010090@30.0875821860535,-90.4749275765547.jpg",1,261,280,265,114,526,394
"WSLP_all/010091@30.0807527865469,-90.4948209138074.jpg",1,179,280,419,98,598,378
"WSLP_all/010092@30.0799992647616,-90.494789311799.jpg",1,117,255,501,134,618,389
"WSLP_all/010093@30.0874716134748,-90.4749949330643.jpg",1,212,276,339,115,551,391
"WSLP_all/010094@30.0793401870187,-90.4945830147464.jpg",1,184,274,414,134,598,408
"WSLP_all/010095@30.079951073804,-90.4945841969106.jpg",1,226,266,403,131,629,397
"WSLP_all/010096@30.0802833237258,-90.4945561056156.jpg",1,108,272,343,108,451,380
"WSLP_all/010097@30.0807153029091,-90.494634678496.jpg",1,181,276,398,110,579,386
"WSLP_all/010098@30.080674107641,-90.4944484745668.jpg",1,175,271,422,126,597,397
"WSLP_all/010099@30.0802488280861,-90.4943856543938.jpg",3,83,274,398,114,481,388
"WSLP_all/010100@30.0798992463148,-90.4943822736453.jpg",3,181,259,364,130,545,389
"WSLP_all/010101@30.0792300738727,-90.494283566687.jpg",2,196,288,445,133,641,421
"WSLP_all/010102@30.0801919868041,-90.4941995831817.jpg",3,28,269,453,123,481,392
"WSLP_all/010103@30.0795283095189,-90.4941735531759.jpg",1,203,255,353,118,556,373
"WSLP_all/010104@30.0782954464315,-90.494187096283.jpg",1,68,298,377,110,445,408
"WSLP_all/010105@30.0793752665451,-90.4941843273883.jpg",1,168,254,408,112,576,366
"WSLP_all/010106@30.0645621062481,-90.5017761970696.jpg",1,169,276,360,146,529,422
"WSLP_all/010107@30.0784337181155,-90.4941195340992.jpg",1,40,308,408,95,448,403
"WSLP_all/010108@30.0809588169958,-90.4940065749546.jpg",1,98,289,401,108,499,397
"WSLP_all/010109@30.0798678856703,-90.4941169422906.jpg",1,24,262,569,139,593,401
"WSLP_all/010110@30.0797135902326,-90.4941340508633.jpg",1,142,250,389,120,531,370
"WSLP_all/010111@30.0809546680528,-90.4938042482766.jpg",1,148,244,451,146,599,390
"WSLP_all/010112@30.0792200267727,-90.4937682721016.jpg",1,93,299,328,111,421,410
"WSLP_all/010113@30.0797342526138,-90.4936437897881.jpg",2,353,279,287,113,640,392
"WSLP_all/010114@30.0801239608582,-90.4935962401127.jpg",1,14,292,529,127,543,419
"WSLP_all/010115@30.0769872869224,-90.4999272275282.jpg",1,169,277,360,111,529,388
"WSLP_all/010117@30.077519237404,-90.4986359348794.jpg",1,180,289,308,94,488,383
"WSLP_all/010118@30.0771158143753,-90.4986456373146.jpg",2,381,296,258,101,639,397
"WSLP_all/010119@30.0762931697858,-90.4980296633859.jpg",1,253,310,326,84,579,394
"WSLP_all/010120@30.0766060745705,-90.4979037326601.jpg",1,27,248,429,177,456,425
"WSLP_all/010121@30.0781639601516,-90.4976630236134.jpg",1,65,269,408,123,473,392
"WSLP_all/010122@30.0761928199068,-90.497685875663.jpg",1,157,277,435,134,592,411
"WSLP_all/010123@30.0761404519788,-90.4974934481637.jpg",1,206,268,343,116,549,384
"WSLP_all/010124@30.0765600756465,-90.4975405166743.jpg",2,432,273,209,96,641,369
"WSLP_all/010125@30.0760695266229,-90.4973233096776.jpg",1,220,275,357,98,577,373
"WSLP_all/010126@30.0775327537736,-90.4971940492685.jpg",1,145,283,371,107,516,390
"WSLP_all/010127@30.0760487027709,-90.497140104149.jpg",1,153,273,403,114,556,387
"WSLP_all/010128@30.0759724845992,-90.4969636859974.jpg",1,170,269,312,121,482,390
"WSLP_all/010129@30.0759512218018,-90.4967678375035.jpg",1,165,260,434,118,599,378
"WSLP_all/010130@30.0755826747497,-90.4965970369459.jpg",1,196,269,358,106,554,375
"WSLP_all/010131@30.0766089950173,-90.4966263608876.jpg",1,168,281,409,111,577,392
"WSLP_all/010132@30.077288083559,-90.4966933800526.jpg",1,159,264,364,101,523,365
"WSLP_all/010133@30.0821287242403,-90.528328894941.jpg",1,231,222,339,166,570,388
"WSLP_all/010134@30.0779357353438,-90.4962010265417.jpg",3,148,265,245,114,393,379
"WSLP_all/010135@30.0756583139778,-90.4963055230121.jpg",1,110,274,416,115,526,389
"WSLP_all/010136@30.0772146858087,-90.4960995833819.jpg",1,121,272,401,110,522,382
"WSLP_all/010137@30.076806865596,-90.4958848475588.jpg",1,141,255,498,173,639,428
"WSLP_all/010138@30.0761674914439,-90.4957194867827.jpg",1,133,297,288,97,421,394
"WSLP_all/010139@30.0472009726309,-90.6075457423142.jpg",2,62,257,560,170,622,427
"WSLP_all/010140@30.0602339009322,-90.4456244739099.jpg",1,154,256,322,119,476,375
"WSLP_all/010141@30.0597347869302,-90.4426731708061.jpg",1,164,223,385,139,549,362
"WSLP_all/010142@30.0942270343246,-90.4851889632762.jpg",3,109,277,320,119,429,396
"WSLP_all/010143@30.0948053516529,-90.484402944119.jpg",2,5,243,319,135,324,378
"WSLP_all/010144@30.0948692224509,-90.4841114657986.jpg",2,5,238,339,148,344,386
"WSLP_all/010145@30.0947983393766,-90.483315161826.jpg",1,66,222,355,131,421,353
"WSLP_all/010146@30.0945107158383,-90.4833081285529.jpg",1,217,213,297,135,514,348
"WSLP_all/010147@30.0943231846432,-90.4835310911368.jpg",1,170,249,252,129,422,378
"WSLP_all/010148@30.0943660794722,-90.4838121710499.jpg",2,333,233,299,141,632,374
"WSLP_all/010149@30.094383922312,-90.4840333818233.jpg",2,8,235,267,139,275,374
"WSLP_all/010150@30.0944352417972,-90.4843460134685.jpg",2,314,252,319,120,633,372
"WSLP_all/010151@30.0941462169989,-90.4853983632909.jpg",3,195,266,241,122,436,388
"WSLP_all/010152@30.0940406392632,-90.4855890008511.jpg",1,201,251,257,129,458,380
"WSLP_all/010153@30.0939310180653,-90.4857923205515.jpg",1,234,258,275,129,509,387
"WSLP_all/010154@30.0938419981116,-90.4860049514951.jpg",1,230,264,220,118,450,382
"WSLP_all/010155@30.0937736403474,-90.4862363811851.jpg",1,242,249,272,132,514,381
"WSLP_all/010156@30.0937340438273,-90.4864675650705.jpg",1,187,241,324,150,511,391
"WSLP_all/010157@30.0937235742485,-90.4867554235534.jpg",3,193,236,314,164,507,400
"WSLP_all/010158@30.0938850985758,-90.4869564381339.jpg",1,257,250,224,111,481,361
"WSLP_all/010159@30.0941310730228,-90.4868752911659.jpg",1,160,245,272,116,432,361
"WSLP_all/010160@30.0943237298844,-90.4868072460184.jpg",3,140,235,390,140,530,375
"WSLP_all/010161@30.0945123637496,-90.4867550463677.jpg",1,105,236,434,156,539,392
"WSLP_all/010162@30.0946969416555,-90.4867092056255.jpg",3,148,236,414,142,562,378
"WSLP_all/010163@30.0948855212629,-90.4866443567437.jpg",1,79,225,428,164,507,389
"WSLP_all/010164@30.0950700787991,-90.4865953534639.jpg",1,127,238,431,145,558,383
"WSLP_all/010165@30.0952751150047,-90.4865366889443.jpg",3,75,250,394,131,469,381
"WSLP_all/010166@30.0954843290195,-90.4864906370242.jpg",1,169,252,283,127,452,379
"WSLP_all/010167@30.095693388078,-90.486416126085.jpg",1,65,236,378,157,443,393
"WSLP_all/010168@30.0958656879162,-90.4863767132554.jpg",3,124,263,298,122,422,385
"WSLP_all/010169@30.0960625629762,-90.4863276042883.jpg",1,140,237,326,141,466,378
"WSLP_all/010170@30.0962512042314,-90.4862722403827.jpg",1,129,244,309,132,438,376
"WSLP_all/010171@30.0964479572708,-90.4862041577922.jpg",3,169,268,387,114,556,382
"WSLP_all/010172@30.0966449144647,-90.4861676970326.jpg",1,141,271,363,116,504,387
"WSLP_all/010173@30.0968170099928,-90.4860966612426.jpg",1,167,260,334,136,501,396
"WSLP_all/010174@30.0970056917892,-90.4860476209248.jpg",1,146,233,402,156,548,389
"WSLP_all/010175@30.0593707183809,-90.4838923079978.jpg",1,11,287,493,127,504,414
"WSLP_all/010176@30.0971984218243,-90.4859953835931.jpg",1,96,222,455,181,551,403
"WSLP_all/010177@30.0973994424525,-90.4859493993274.jpg",1,79,225,356,163,435,388
"WSLP_all/010178@30.0976044782839,-90.4858907321071.jpg",1,51,249,503,151,554,400
"WSLP_all/010179@30.0978012514151,-90.4858258100859.jpg",1,110,231,469,161,579,392
"WSLP_all/010180@30.0979858356132,-90.4857768036257.jpg",1,152,234,327,144,479,378
"WSLP_all/010181@30.0981744486052,-90.4857214378465.jpg",1,137,231,317,147,454,378
"WSLP_all/010182@30.0983507226739,-90.4856630143942.jpg",1,115,241,350,141,465,382
"WSLP_all/010183@30.0985598014985,-90.4855916618463.jpg",1,79,234,365,153,444,387
"WSLP_all/010184@30.098784930076,-90.4854632482997.jpg",1,12,254,353,115,365,369
"WSLP_all/010185@30.0989025478869,-90.4852250622147.jpg",1,125,236,232,114,357,350
"WSLP_all/010186@30.0989582324781,-90.4849431295279.jpg",1,165,222,317,150,482,372
"WSLP_all/010187@30.0988866386558,-90.4846717669719.jpg",1,86,237,314,145,400,382
"WSLP_all/010188@30.0988032155259,-90.4844764054874.jpg",1,66,242,388,141,454,383
"WSLP_all/010189@30.0987402298638,-90.484265056879.jpg",1,114,243,350,143,464,386
"WSLP_all/010190@30.0633423630051,-90.4372192310107.jpg",1,148,274,388,129,536,403
"WSLP_all/010191@30.0986854047186,-90.4840441526673.jpg",1,61,242,348,138,409,380
"WSLP_all/010192@30.0986184237257,-90.483848650874.jpg",1,32,260,345,134,377,394
"WSLP_all/010193@30.098584170723,-90.4836370590517.jpg",1,163,240,379,155,542,395
"WSLP_all/010194@30.0984868160963,-90.4831919838415.jpg",1,123,255,306,139,429,394
"WSLP_all/010195@30.0984402510486,-90.4829773351522.jpg",1,101,247,411,151,512,398
"WSLP_all/010196@30.0983223740682,-90.4825355988894.jpg",1,20,240,369,159,389,399
"WSLP_all/010197@30.098267640575,-90.4823336693261.jpg",1,83,246,381,154,464,400
"WSLP_all/010198@30.0627955075076,-90.4371925343651.jpg",1,21,233,616,170,637,403
"WSLP_all/010199@30.098196369111,-90.4821129077022.jpg",1,91,219,386,184,477,403
"WSLP_all/010200@30.097872217842,-90.4828114111649.jpg",1,91,246,393,158,484,404
"WSLP_all/010201@30.0978409717801,-90.4830615102813.jpg",1,187,269,372,109,559,378
"WSLP_all/010202@30.0592942653133,-90.4334653273107.jpg",1,181,220,340,149,521,369
"WSLP_all/010203@30.0978916807192,-90.4832792847878.jpg",1,121,250,352,142,473,392
"WSLP_all/010204@30.0979628491756,-90.4834842363405.jpg",1,136,272,346,123,482,395
"WSLP_all/010205@30.0605853370748,-90.4347434637331.jpg",1,15,226,343,130,358,356
"WSLP_all/010206@30.0980887810068,-90.4839006039974.jpg",1,170,270,305,127,475,397
"WSLP_all/010207@30.0981901899582,-90.4843393176518.jpg",1,166,274,333,115,499,389
"WSLP_all/010208@30.0982531347716,-90.4845443406175.jpg",1,221,252,317,142,538,394
"WSLP_all/010209@30.0983285063261,-90.4847619067153.jpg",1,145,263,269,129,414,392
"WSLP_all/010210@30.0982277191908,-90.4850600349282.jpg",1,204,261,341,133,545,394
"WSLP_all/010211@30.0980267812162,-90.4851186693429.jpg",2,16,259,318,138,334,397
"WSLP_all/010212@30.0976703328427,-90.4852703373686.jpg",2,284,222,349,183,633,405
"WSLP_all/010213@30.0972105932461,-90.4853311736607.jpg",1,115,266,258,123,373,389
"WSLP_all/010214@30.0970261795877,-90.485402315886.jpg",1,105,243,307,146,412,389
"WSLP_all/010215@30.0968295888518,-90.485495699232.jpg",1,21,237,383,147,404,384
"WSLP_all/010216@30.0947543350305,-90.4860509536264.jpg",1,116,284,315,101,431,385
"WSLP_all/010217@30.0942993902242,-90.4862160999648.jpg",2,5,235,299,163,304,398
"WSLP_all/010218@30.0635717392346,-90.4372045233886.jpg",1,129,288,324,115,453,403
"WSLP_all/010219@30.0631432317669,-90.4342430410347.jpg",1,79,224,345,128,424,352
"WSLP_all/010220@30.0950274624111,-90.4844421630998.jpg",1,78,233,434,151,512,384
"WSLP_all/010221@30.0952493074294,-90.484440273066.jpg",1,121,259,516,147,637,406
"WSLP_all/010222@30.0959808178622,-90.4844783139002.jpg",2,278,211,356,178,634,389
"WSLP_all/010223@30.0618491561941,-90.4335118097312.jpg",1,142,265,345,106,487,371
"WSLP_all/010224@30.0963270449205,-90.4846524572081.jpg",2,14,262,351,119,365,381
"WSLP_all/010226@30.0965168182794,-90.4847773359855.jpg",1,87,244,339,141,426,385
"WSLP_all/010227@30.0966658844882,-90.4849563234383.jpg",1,181,277,236,92,417,369
"WSLP_all/010228@30.0968068107671,-90.4851480292363.jpg",1,110,256,251,125,361,381
"WSLP_all/010229@30.0965230638564,-90.4844705319307.jpg",1,175,258,287,111,462,369
"WSLP_all/010230@30.061191023597,-90.4334987834964.jpg",2,10,177,409,196,419,373
"WSLP_all/010231@30.0966984689761,-90.4842729686255.jpg",1,187,267,228,93,415,360
"WSLP_all/010232@30.0629361101015,-90.4335620621078.jpg",1,194,213,371,145,565,358
"WSLP_all/010233@30.0966220358327,-90.4838909705277.jpg",1,109,240,348,111,457,351
"WSLP_all/010234@30.0960117007522,-90.4841713004647.jpg",1,210,230,376,159,586,389
"WSLP_all/010235@30.096063251559,-90.4838799224568.jpg",3,164,260,279,93,443,353
"WSLP_all/010236@30.0590577881557,-90.4359015918445.jpg",1,217,224,378,152,595,376
"WSLP_all/010237@30.0963580980811,-90.4837319395368.jpg",1,137,219,389,133,526,352
"WSLP_all/010238@30.0956891580914,-90.4844807986341.jpg",1,109,267,493,133,602,400
"WSLP_all/010239@30.0957122468933,-90.4842402619645.jpg",1,40,244,378,145,418,389
"WSLP_all/010240@30.0957436183999,-90.4840091426809.jpg",1,58,257,382,126,440,383
"WSLP_all/010241@30.0957750573308,-90.483784346349.jpg",3,104,252,356,124,460,376
"WSLP_all/010242@30.0958024054667,-90.48356907287.jpg",1,71,249,387,135,458,384
"WSLP_all/010243@30.095792743052,-90.4833414645254.jpg",1,52,255,335,125,387,380
"WSLP_all/010244@30.0952144653263,-90.4841369843657.jpg",1,261,241,277,124,538,365
"WSLP_all/010245@30.0952456802584,-90.483877405443.jpg",2,313,242,327,130,640,372
"WSLP_all/010246@30.095268808747,-90.4836431950747.jpg",1,317,230,298,131,615,361
"WSLP_all/010247@30.0952838243714,-90.4834217031607.jpg",1,290,244,332,137,622,381
"WSLP_all/010248@30.0952988737535,-90.4832096968757.jpg",1,280,230,277,148,557,378
"WSLP_all/010249@30.095297445563,-90.4829883451582.jpg",1,290,230,335,147,625,377
"WSLP_all/010250@30.0952700725386,-90.4825648240787.jpg",1,225,272,356,120,581,392
"WSLP_all/010251@30.0952685207318,-90.4823244983992.jpg",1,234,258,364,140,598,398
"WSLP_all/010252@30.095716960158,-90.483060661433.jpg",1,204,264,313,141,517,405
"WSLP_all/010253@30.0959183674992,-90.4830747545219.jpg",1,147,247,343,149,490,396
"WSLP_all/010254@30.0961115732416,-90.4830920800214.jpg",1,155,266,307,144,462,410
"WSLP_all/010255@30.0963006952514,-90.4831157651815.jpg",1,164,250,336,139,500,389
"WSLP_all/010256@30.0964940029835,-90.4831489018538.jpg",1,158,259,401,128,559,387
"WSLP_all/010257@30.0967077687412,-90.4831692145539.jpg",1,145,248,322,139,467,387
"WSLP_all/010258@30.0969334663193,-90.4831293400606.jpg",1,100,248,273,129,373,377
"WSLP_all/010259@30.0971383172788,-90.4830422072796.jpg",1,186,255,272,131,458,386
"WSLP_all/010260@30.0973347904895,-90.482926683986.jpg",1,71,249,343,137,414,386
"WSLP_all/010261@30.0974858547743,-90.4827799227072.jpg",1,107,249,244,120,351,369
"WSLP_all/010262@30.0976329771909,-90.4826616574163.jpg",1,136,237,347,169,483,406
"WSLP_all/010263@30.0978292392395,-90.4825176728015.jpg",1,56,269,384,115,440,384
"WSLP_all/010264@30.0974526623003,-90.4820939620457.jpg",1,264,224,346,154,610,378
"WSLP_all/010265@30.0972767090406,-90.4822061494342.jpg",1,227,258,332,123,559,381
"WSLP_all/010266@30.0971091281642,-90.4823372393111.jpg",1,166,241,355,140,521,381
"WSLP_all/010267@30.0969250215041,-90.4824558213335.jpg",1,143,229,444,168,587,397
"WSLP_all/010268@30.0966994271166,-90.4825115084001.jpg",1,65,248,521,152,586,400
"WSLP_all/010269@30.0964938006773,-90.4824784780894.jpg",1,182,238,366,152,548,390
"WSLP_all/010270@30.0963045893388,-90.4824453077342.jpg",1,143,241,361,141,504,382
"WSLP_all/010271@30.0622915211938,-90.4335552357459.jpg",1,146,251,379,118,525,369
"WSLP_all/010272@30.0960950296571,-90.4824376102164.jpg",1,120,207,456,179,576,386
"WSLP_all/010273@30.0959061654132,-90.4824581972428.jpg",1,115,205,411,181,526,386
"WSLP_all/010274@30.095680263821,-90.4824664510513.jpg",2,9,266,348,124,357,390
"WSLP_all/010275@30.0980619122823,-90.4848305882093.jpg",1,90,262,313,122,403,384
"WSLP_all/010276@30.0979907662938,-90.4846287987819.jpg",3,109,263,337,124,446,387
"WSLP_all/010277@30.0979277401244,-90.4844111272982.jpg",1,165,281,257,107,422,388
"WSLP_all/010278@30.0978647756327,-90.4842029438669.jpg",1,123,257,372,137,495,394
"WSLP_all/010279@30.0978222476433,-90.4839787743814.jpg",1,157,290,244,87,401,377
"WSLP_all/010280@30.0588569126674,-90.4346515649491.jpg",1,184,257,335,106,519,363
"WSLP_all/010281@30.0977631139899,-90.4837294462818.jpg",1,150,251,257,110,407,361
"WSLP_all/010282@30.0975482880771,-90.4835446957404.jpg",1,101,227,258,118,359,345
"WSLP_all/010283@30.0972447304923,-90.4836168575906.jpg",1,119,223,302,131,421,354
"WSLP_all/010284@30.0971152521219,-90.4839215531336.jpg",1,196,235,272,126,468,361
"WSLP_all/010285@30.0581604293319,-90.4809943453992.jpg",5,205,276,249,108,454,384
"WSLP_all/010286@30.0971826822243,-90.4841866199844.jpg",2,315,240,308,121,623,361
"WSLP_all/010287@30.0973030283199,-90.4843721762399.jpg",1,193,237,426,157,619,394
"WSLP_all/010288@30.0973906101999,-90.4845769875311.jpg",1,285,231,346,153,631,384
"WSLP_all/010289@30.0974577733805,-90.4848009464939.jpg",1,187,227,392,172,579,399
"WSLP_all/010290@30.0975658204154,-90.4849897721654.jpg",1,269,264,360,116,629,380
"WSLP_all/010291@30.0635840801211,-90.4335688580351.jpg",1,11,225,429,149,440,374
"WSLP_all/010292@30.0606004548532,-90.4334977924812.jpg",1,182,230,359,137,541,367
"WSLP_all/010293@30.0620542119012,-90.4787418205019.jpg",1,62,272,392,113,454,385
"WSLP_all/010294@30.0855966754056,-90.4674538022687.jpg",1,209,260,326,120,535,380
"WSLP_all/010295@30.0854943100793,-90.4672839408937.jpg",1,201,222,408,155,609,377
"WSLP_all/010296@30.0853775358897,-90.4671268542742.jpg",1,143,263,282,118,425,381
"WSLP_all/010297@30.0852606855264,-90.4669539585521.jpg",1,197,272,333,129,530,401
"WSLP_all/010298@30.085158333172,-90.4667904221909.jpg",1,156,260,273,140,429,400
"WSLP_all/010299@30.0850415167911,-90.4666270130023.jpg",1,87,258,323,139,410,397
"WSLP_all/010300@30.0849246449627,-90.4664509566145.jpg",1,66,266,365,128,431,394
"WSLP_all/010301@30.0848029546781,-90.4662781035375.jpg",1,151,273,306,123,457,396
"WSLP_all/010302@30.0847006431039,-90.4661208933143.jpg",1,130,271,339,119,469,390
"WSLP_all/010303@30.0845934976699,-90.4659605634814.jpg",1,106,255,341,139,447,394
"WSLP_all/010304@30.0844717859166,-90.4657845497574.jpg",1,139,251,358,141,497,392
"WSLP_all/010305@30.0843694591672,-90.4656210166936.jpg",1,169,254,299,139,468,393
"WSLP_all/010306@30.0841407265726,-90.4653036462527.jpg",1,284,219,350,159,634,378
"WSLP_all/010307@30.0840287065797,-90.4651338746964.jpg",1,121,230,424,129,545,359
"WSLP_all/010308@30.0839118464453,-90.4649641456974.jpg",1,139,232,392,146,531,378
"WSLP_all/010309@30.0837998051616,-90.4647912120767.jpg",1,101,247,382,148,483,395
"WSLP_all/010310@30.0836779867014,-90.4645993932537.jpg",1,219,249,388,132,607,381
"WSLP_all/010311@30.0835748390249,-90.4643157148676.jpg",1,159,234,325,155,484,389
"WSLP_all/010312@30.083703472716,-90.4640774437594.jpg",1,57,263,344,139,401,402
"WSLP_all/010313@30.0838520076771,-90.4639338588907.jpg",1,131,224,349,179,480,403
"WSLP_all/010314@30.0839619221093,-90.4637842855819.jpg",1,39,241,390,145,429,386
"WSLP_all/010315@30.0841008119664,-90.4636376220876.jpg",1,105,216,394,162,499,378
"WSLP_all/010316@30.0842636006275,-90.4634622916139.jpg",1,205,244,285,123,490,367
"WSLP_all/010317@30.0846734966632,-90.4635377637446.jpg",1,65,225,367,147,432,372
"WSLP_all/010318@30.0800440688695,-90.4767473430165.jpg",5,147,242,341,124,488,366
"WSLP_all/010319@30.0848570909197,-90.4635899154845.jpg",1,140,237,330,150,470,387
"WSLP_all/010320@30.085040491126,-90.4636167729499.jpg",1,104,263,313,120,417,383
"WSLP_all/010321@30.0792070466828,-90.4790437091078.jpg",1,18,226,575,174,593,400
"WSLP_all/010322@30.085247928831,-90.4636276105946.jpg",1,15,183,538,213,553,396
"WSLP_all/010323@30.0849187625337,-90.4641680271982.jpg",1,229,247,347,151,576,398
"WSLP_all/010324@30.0847351267913,-90.4641095507044.jpg",1,206,238,345,153,551,391
"WSLP_all/010325@30.0842537542846,-90.4642370673762.jpg",1,262,252,320,135,582,387
"WSLP_all/010326@30.0840959495737,-90.464434488066.jpg",1,223,246,382,166,605,412
"WSLP_all/010327@30.084290063856,-90.4646225152576.jpg",1,136,256,355,144,491,400
"WSLP_all/010328@30.0790224696305,-90.479140146147.jpg",2,18,230,328,148,346,378
"WSLP_all/010329@30.0844069244226,-90.4647922445002.jpg",1,133,265,358,129,491,394
"WSLP_all/010330@30.084533449457,-90.4649682149658.jpg",1,111,259,362,116,473,375
"WSLP_all/010331@30.0846261739392,-90.4651349933014.jpg",1,123,226,375,148,498,374
"WSLP_all/010332@30.0847380272783,-90.4652794712478.jpg",1,113,216,396,161,509,377
"WSLP_all/010333@30.08485002625,-90.4654460833813.jpg",1,139,210,365,165,504,375
"WSLP_all/010334@30.0849669273885,-90.4656221382153.jpg",1,156,233,409,149,565,382
"WSLP_all/010335@30.0850597125879,-90.4657984034095.jpg",1,151,235,397,143,548,378
"WSLP_all/010336@30.0851716276408,-90.465952369294.jpg",1,141,230,407,150,548,380
"WSLP_all/010337@30.0852836049358,-90.4661158200252.jpg",1,123,228,422,156,545,384
"WSLP_all/010338@30.0853958180517,-90.4663108893774.jpg",1,160,217,372,155,532,372
"WSLP_all/010339@30.0863555535716,-90.4656732876885.jpg",1,229,265,412,156,641,421
"WSLP_all/010340@30.0861973033586,-90.4658074719654.jpg",1,282,245,311,133,593,378
"WSLP_all/010341@30.0860731309853,-90.4659887910069.jpg",1,200,240,294,136,494,376
"WSLP_all/010342@30.0859438696226,-90.4661322082643.jpg",1,183,241,354,139,537,380
"WSLP_all/010343@30.0857953323211,-90.4662757928703.jpg",1,155,221,385,153,540,374
"WSLP_all/010344@30.085656405133,-90.4664129704017.jpg",1,226,230,336,153,562,383
"WSLP_all/010345@30.085507993217,-90.4665755252869.jpg",1,80,239,347,133,427,372
"WSLP_all/010346@30.0859581186361,-90.4668308980234.jpg",1,113,272,331,117,444,389
"WSLP_all/010347@30.0862599907947,-90.4665373637308.jpg",1,137,280,284,103,421,383
"WSLP_all/010348@30.0864276992255,-90.466377801742.jpg",1,117,262,304,132,421,394
"WSLP_all/010349@30.0865664878631,-90.4662153277619.jpg",1,83,273,322,138,405,411
"WSLP_all/010350@30.0867195456647,-90.4660274335921.jpg",1,71,220,492,178,563,398
"WSLP_all/010351@30.0874094186066,-90.4660720226348.jpg",1,179,277,371,117,550,394
"WSLP_all/010352@30.0872299088812,-90.4659091563297.jpg",1,104,264,347,133,451,397
"WSLP_all/010353@30.0870891919884,-90.4657744105824.jpg",1,181,261,332,147,513,408
"WSLP_all/010354@30.0869387398031,-90.4656271027034.jpg",1,116,271,349,120,465,391
"WSLP_all/010355@30.0868076465261,-90.4654922749704.jpg",1,89,241,347,132,436,373
"WSLP_all/010356@30.0866619443857,-90.4653354403421.jpg",1,66,241,362,130,428,371
"WSLP_all/010357@30.086506679739,-90.4651881746422.jpg",1,104,227,310,135,414,362
"WSLP_all/010358@30.0863610388353,-90.4650408265803.jpg",1,50,219,391,156,441,375
"WSLP_all/010359@30.0862155237016,-90.4649124501937.jpg",1,0,227,102,103,102,330
"WSLP_all/010360@30.0860601960413,-90.4647557002012.jpg",1,49,238,362,141,411,379
"WSLP_all/010361@30.0859241648209,-90.4646019455558.jpg",1,98,255,315,132,413,387
"WSLP_all/010362@30.0857785649467,-90.4644609229349.jpg",1,100,280,268,149,368,429
"WSLP_all/010363@30.0856568512158,-90.4642849089494.jpg",1,206,242,343,158,549,400
"WSLP_all/010364@30.0856599111463,-90.4640192709412.jpg",1,103,255,360,133,463,388
"WSLP_all/010365@30.0856779204843,-90.4638230673418.jpg",3,168,272,302,120,470,392
"WSLP_all/010366@30.0856909852536,-90.463611095583.jpg",1,50,275,268,111,318,386
"WSLP_all/010367@30.0851836156882,-90.4641119626809.jpg",3,277,212,354,172,631,384
"WSLP_all/010368@30.0852043722278,-90.4643362864447.jpg",1,220,231,330,135,550,366
"WSLP_all/010369@30.0852301967149,-90.4645953473617.jpg",1,154,271,383,118,537,389
"WSLP_all/010370@30.0853666239647,-90.4648091760478.jpg",1,118,231,384,141,502,372
"WSLP_all/010371@30.0855267489217,-90.4649595591572.jpg",1,174,244,316,140,490,384
"WSLP_all/010372@30.0856626963964,-90.4651006662459.jpg",1,196,259,331,134,527,393
"WSLP_all/010373@30.0858131492044,-90.4652479714438.jpg",1,165,265,336,131,501,396
"WSLP_all/010374@30.0859538520755,-90.4653763907522.jpg",1,192,253,351,140,543,393
"WSLP_all/010375@30.086113913888,-90.4655172890049.jpg",1,173,282,323,113,496,395
"WSLP_all/010376@30.0877949584688,-90.463478896197.jpg",3,212,278,269,91,481,369
"WSLP_all/010377@30.0879500224723,-90.463591378632.jpg",1,173,275,294,108,467,383
"WSLP_all/010378@30.0881002264929,-90.4637007417126.jpg",1,122,287,308,113,430,400
"WSLP_all/010379@30.0882602274478,-90.4638321555259.jpg",1,96,294,323,93,419,387
"WSLP_all/010380@30.0884202699839,-90.463969892614.jpg",1,157,264,294,133,451,397
"WSLP_all/010381@30.0885467760637,-90.4641427061282.jpg",1,157,279,295,115,452,394
"WSLP_all/010382@30.0886539435926,-90.464306203365.jpg",1,199,271,321,122,520,393
"WSLP_all/010383@30.0887707410245,-90.4644664538083.jpg",1,236,270,311,127,547,397
"WSLP_all/010384@30.0888732567368,-90.4646584505465.jpg",1,181,267,355,116,536,383
"WSLP_all/010385@30.0890045175591,-90.4648185767259.jpg",1,219,271,237,107,456,378
"WSLP_all/010386@30.0891938400102,-90.4650098178298.jpg",1,174,280,207,85,381,365
"WSLP_all/010387@30.0894152548739,-90.4649509695386.jpg",1,174,279,239,103,413,382
"WSLP_all/010388@30.0895781564633,-90.4647882795443.jpg",3,195,274,296,102,491,376
"WSLP_all/010389@30.0897123116038,-90.464657460271.jpg",1,120,275,349,113,469,388
"WSLP_all/010390@30.0899581324608,-90.4624512764048.jpg",1,216,263,314,126,530,389
"WSLP_all/010391@30.0895459377951,-90.4628311773667.jpg",1,184,280,311,117,495,397
"WSLP_all/010392@30.0892005164702,-90.4630998157389.jpg",1,259,272,221,117,480,389
"WSLP_all/010393@30.088539436005,-90.4623024067299.jpg",1,137,263,247,121,384,384
"WSLP_all/010394@30.0900026827383,-90.4618943427161.jpg",1,14,280,588,141,602,421
"WSLP_all/010396@30.0896480086786,-90.4622231486794.jpg",2,9,272,445,175,454,447
"WSLP_all/010397@30.0894169431783,-90.462282087541.jpg",3,107,288,350,103,457,391
"WSLP_all/010398@30.0890697674479,-90.4622851223681.jpg",1,243,264,347,130,590,394
"WSLP_all/010399@30.0902953629325,-90.4593430548675.jpg",2,6,254,437,146,443,400
"WSLP_all/010400@30.0874524851918,-90.4596747137379.jpg",1,7,247,394,127,401,374
"WSLP_all/010401@30.0873067332977,-90.4595115617537.jpg",1,157,255,314,120,471,375
"WSLP_all/010402@30.0871852436938,-90.4593703331069.jpg",1,84,250,347,123,431,373
"WSLP_all/010403@30.0870203205356,-90.4592231616315.jpg",1,143,260,278,118,421,378
"WSLP_all/010404@30.0869364431867,-90.4589361469824.jpg",1,191,252,278,118,469,370
"WSLP_all/010405@30.0870648991708,-90.4586725667213.jpg",1,143,277,278,126,421,403
"WSLP_all/010406@30.0872182820805,-90.4585352494834.jpg",1,201,265,285,141,486,406
"WSLP_all/010407@30.0873523890856,-90.4583981021072.jpg",1,179,269,334,124,513,393
"WSLP_all/010408@30.0874816419975,-90.4582546727905.jpg",1,137,269,370,139,507,408
"WSLP_all/010409@30.0876108737479,-90.4581080811835.jpg",1,140,274,307,118,447,392
"WSLP_all/010410@30.0877303493327,-90.4579457633297.jpg",1,128,271,306,127,434,398
"WSLP_all/010411@30.0878643506629,-90.4577928048242.jpg",1,152,274,320,119,472,393
"WSLP_all/010412@30.0879984148529,-90.4576493316987.jpg",1,90,272,353,125,443,397
"WSLP_all/010413@30.0881323948085,-90.4574932094111.jpg",3,174,283,303,101,477,384
"WSLP_all/010414@30.0882615416133,-90.4573339681042.jpg",1,179,269,288,123,467,392
"WSLP_all/010415@30.0884004803156,-90.4571999373098.jpg",1,115,274,270,111,385,385
"WSLP_all/010416@30.0885200599113,-90.4570534278528.jpg",1,95,263,284,137,379,400
"WSLP_all/010417@30.0886637751356,-90.4569098668595.jpg",1,90,265,320,120,410,385
"WSLP_all/010418@30.0888990672983,-90.4567591766153.jpg",1,213,255,233,134,446,389
"WSLP_all/010419@30.0890282483479,-90.4566094192668.jpg",1,137,261,344,139,481,400
"WSLP_all/010420@30.0891524567572,-90.4564312448818.jpg",1,232,279,264,117,496,396
"WSLP_all/010421@30.0892620679203,-90.4562373887953.jpg",1,133,210,507,176,640,386
"WSLP_all/010422@30.0894773690555,-90.4567066568981.jpg",1,92,248,284,136,376,384
"WSLP_all/010423@30.0893436214081,-90.4568975630159.jpg",1,137,254,354,136,491,390
"WSLP_all/010424@30.0892191819708,-90.4570409554936.jpg",1,154,255,369,147,523,402
"WSLP_all/010425@30.089089999533,-90.4571907125776.jpg",1,190,266,328,144,518,410
"WSLP_all/010426@30.0889655807852,-90.4573372652481.jpg",1,182,268,333,118,515,386
"WSLP_all/010427@30.0888363559699,-90.4574806976528.jpg",1,194,260,353,119,547,379
"WSLP_all/010428@30.0886974109502,-90.4576178918699.jpg",1,182,258,327,128,509,386
"WSLP_all/010429@30.0885825796466,-90.4577548727818.jpg",1,253,243,314,139,567,382
"WSLP_all/010430@30.0884582512479,-90.4579109095911.jpg",1,135,265,319,118,454,383
"WSLP_all/010431@30.0883241438812,-90.4580480601903.jpg",1,143,236,372,158,515,394
"WSLP_all/010432@30.0881949542145,-90.4582009767981.jpg",1,211,236,332,167,543,403
"WSLP_all/010433@30.0880753322446,-90.4583411605261.jpg",1,103,244,395,147,498,391
"WSLP_all/010434@30.0879510232312,-90.4585003577467.jpg",1,184,259,323,131,507,390
"WSLP_all/010435@30.0878266099848,-90.4586437459736.jpg",1,78,230,400,170,478,400
"WSLP_all/010436@30.087707070578,-90.4587965763456.jpg",1,121,250,387,137,508,387
"WSLP_all/010437@30.0875825870658,-90.4589336392245.jpg",1,154,253,374,138,528,391
"WSLP_all/010438@30.0874583822257,-90.4591086455244.jpg",1,230,252,398,156,628,408
"WSLP_all/010439@30.0889532595176,-90.4562084855086.jpg",1,369,258,257,106,626,364
"WSLP_all/010440@30.0533188247979,-90.4587442392375.jpg",1,11,299,526,90,537,389
"WSLP_all/010441@30.0887779871719,-90.4559570560732.jpg",1,265,250,267,115,532,365
"WSLP_all/010442@30.0889112701621,-90.4556965866781.jpg",1,177,247,277,114,454,361
"WSLP_all/010443@30.089146983092,-90.455609132516.jpg",1,79,272,255,92,334,364
"WSLP_all/010445@30.0895052146295,-90.4558210041481.jpg",1,113,272,292,128,405,400
"WSLP_all/010446@30.0896552767702,-90.4559082233518.jpg",1,119,272,274,122,393,394
"WSLP_all/010447@30.089819704308,-90.4559763443336.jpg",1,102,265,312,134,414,399
"WSLP_all/010448@30.0900226192447,-90.456034639114.jpg",1,126,247,363,120,489,367
"WSLP_all/010449@30.0902164927304,-90.4561847171188.jpg",1,181,263,288,109,469,372
"WSLP_all/010450@30.0902373318902,-90.4564153732877.jpg",1,275,242,281,119,556,361
"WSLP_all/010451@30.0902146478862,-90.4566306025816.jpg",1,123,244,430,161,553,405
"WSLP_all/010452@30.0901919845563,-90.4568489927398.jpg",1,156,244,378,123,534,367
"WSLP_all/010453@30.0901839519921,-90.4570925526483.jpg",3,60,255,455,154,515,409
"WSLP_all/010454@30.0896201782065,-90.4564271288208.jpg",1,173,213,464,193,637,406
"WSLP_all/010455@30.0898085870686,-90.4564792287419.jpg",1,132,257,403,129,535,386
"WSLP_all/010456@30.0897331559767,-90.4567391904902.jpg",1,159,263,340,131,499,394
"WSLP_all/010457@30.0582495163356,-90.4777312531777.jpg",1,227,255,401,133,628,388
"WSLP_all/010459@30.0627963421322,-90.4772211862352.jpg",1,36,271,441,123,477,394
"WSLP_all/010460@30.0842159977384,-90.4780458449641.jpg",3,67,250,434,141,501,391
"WSLP_all/010461@30.0806299238228,-90.4638007119018.jpg",3,198,275,347,114,545,389
"WSLP_all/010462@30.0786510924662,-90.4784730237271.jpg",1,50,272,404,113,454,385
"WSLP_all/010463@30.0791735361247,-90.4780322084556.jpg",1,109,259,310,137,419,396
"WSLP_all/010464@30.0794517014445,-90.4778274623057.jpg",1,85,278,394,116,479,394
"WSLP_all/010465@30.0795891064723,-90.4777251037233.jpg",1,99,292,355,100,454,392
"WSLP_all/010466@30.0797331803928,-90.4776163638968.jpg",1,159,286,359,108,518,394
"WSLP_all/010467@30.0799875956493,-90.4773833637419.jpg",1,100,281,363,127,463,408
"WSLP_all/010468@30.0801485862962,-90.477283962214.jpg",1,89,282,356,111,445,393
"WSLP_all/010469@30.0795233757883,-90.4772071249256.jpg",1,148,247,402,139,550,386
"WSLP_all/010470@30.0792167466906,-90.4784618478143.jpg",1,200,263,375,134,575,397
"WSLP_all/010471@30.0795118641255,-90.4782759283755.jpg",1,248,285,253,118,501,403
"WSLP_all/010472@30.0803633060925,-90.4776836761041.jpg",2,299,285,334,116,633,401
"WSLP_all/010473@30.0801780704008,-90.4766418497244.jpg",1,158,249,376,130,534,379
"WSLP_all/010474@30.0829152026161,-90.4619088921561.jpg",1,173,218,450,149,623,367
"WSLP_all/010475@30.0803154137111,-90.4765300036816.jpg",1,148,233,411,136,559,369
"WSLP_all/010476@30.0804459918506,-90.4764182155023.jpg",1,86,249,371,132,457,381
"WSLP_all/010477@30.0805799799435,-90.4763063977037.jpg",1,152,257,410,119,562,376
"WSLP_all/010478@30.08072069764,-90.4761976825645.jpg",1,82,248,444,138,526,386
"WSLP_all/010479@30.080857992023,-90.4760826738333.jpg",1,126,244,315,147,441,391
"WSLP_all/010480@30.080464273453,-90.4781950334578.jpg",1,88,226,311,136,399,362
"WSLP_all/010481@30.0807626699131,-90.4779932743849.jpg",2,19,281,336,116,355,397
"WSLP_all/010482@30.0809034916423,-90.4779003710135.jpg",2,13,246,291,135,304,381
"WSLP_all/010483@30.0810612228507,-90.4778199697749.jpg",2,12,252,306,113,318,365
"WSLP_all/010484@30.0807809004634,-90.4766556387099.jpg",1,59,249,485,169,544,418
"WSLP_all/010485@30.0808728807883,-90.4768161051757.jpg",1,126,260,392,133,518,393
"WSLP_all/010486@30.0810265877928,-90.4771531062951.jpg",1,202,228,391,155,593,383
"WSLP_all/010487@30.0811420918618,-90.4773070477564.jpg",1,226,244,323,120,549,364
"WSLP_all/010489@30.0811046072407,-90.4766971224516.jpg",1,175,254,396,110,571,364
"WSLP_all/010490@30.081189851306,-90.4768576473712.jpg",1,165,271,402,129,567,400
"WSLP_all/010491@30.0812752184587,-90.4770371418552.jpg",1,109,295,359,119,468,414
"WSLP_all/010492@30.0814526135037,-90.4773802660505.jpg",1,179,261,289,109,468,370
"WSLP_all/010493@30.0815816727458,-90.4775467386145.jpg",1,188,280,291,93,479,373
"WSLP_all/010494@30.0804458848571,-90.4769177931587.jpg",1,27,248,496,169,523,417
"WSLP_all/010495@30.0805344220361,-90.4770688022486.jpg",1,83,272,293,122,376,394
"WSLP_all/010496@30.0806028513411,-90.4772357937302.jpg",1,46,289,297,114,343,403
"WSLP_all/010497@30.0807394825235,-90.4775349996792.jpg",3,291,248,270,116,561,364
"WSLP_all/010498@30.0816989012932,-90.4769291581872.jpg",1,223,274,352,149,575,423
"WSLP_all/010499@30.0816102200826,-90.4767560142972.jpg",1,97,254,330,138,427,392
"WSLP_all/010500@30.0815282692503,-90.4765859757936.jpg",1,112,272,437,126,549,398
"WSLP_all/010001@30.0839052789311,-90.4787473106269.jpg",1,241,286,334,101,575,387
"WSLP_all/010002@30.0840359118078,-90.4786987605721.jpg",1,207,278,313,118,520,396
"WSLP_all/010003@30.0803359041487,-90.50363339068.jpg",1,125,271,395,125,520,396
"WSLP_all/010004@30.0807423272948,-90.503554121885.jpg",4,215,228,254,213,469,441
"WSLP_all/010005@30.0841516220377,-90.4786092325251.jpg",1,214,291,323,96,537,387
"WSLP_all/010006@30.0820462365844,-90.4785640519797.jpg",1,99,279,401,121,500,400
"WSLP_all/010007@30.0881192471606,-90.462929017944.jpg",3,88,271,323,116,411,387
"WSLP_all/010008@30.0882794159441,-90.4630857250299.jpg",1,267,247,284,127,551,374
"WSLP_all/010009@30.0884154697626,-90.4632426442218.jpg",1,228,234,288,149,516,383
"WSLP_all/010010@30.0885660080759,-90.4634025984824.jpg",1,178,242,211,138,389,380
"WSLP_all/010011@30.0842697181434,-90.478510197826.jpg",1,224,282,274,87,498,369
"WSLP_all/010012@30.0887020615033,-90.4635595175208.jpg",1,112,242,425,134,537,376
"WSLP_all/010013@30.0888477448364,-90.4637131908047.jpg",1,120,236,417,142,537,378
"WSLP_all/010014@30.0843845486298,-90.4784333248807.jpg",1,220,279,346,116,566,395
"WSLP_all/010015@30.0889598092,-90.4638892939281.jpg",1,80,214,404,162,484,376
"WSLP_all/010016@30.0821565648923,-90.478471409806.jpg",1,143,286,328,115,471,401
"WSLP_all/010017@30.0890767114308,-90.4640653542046.jpg",1,48,242,437,133,485,375
"WSLP_all/010018@30.089223409802,-90.4643771286147.jpg",1,36,241,551,128,587,369
"WSLP_all/010019@30.0898512368703,-90.464520275746.jpg",1,98,262,358,116,456,378
"WSLP_all/010020@30.0895877819459,-90.4640545714906.jpg",1,120,269,404,114,524,383
"WSLP_all/010021@30.0899950853126,-90.464395696613.jpg",1,82,261,382,113,464,374
"WSLP_all/010022@30.0897556342156,-90.4639171338994.jpg",1,137,271,351,134,488,405
"WSLP_all/010023@30.0901438489521,-90.46428688516.jpg",1,135,258,341,116,476,374
"WSLP_all/010024@30.0899185127495,-90.4637512796745.jpg",1,273,265,317,119,590,384
"WSLP_all/010025@30.0902827600663,-90.4641433742343.jpg",1,100,233,383,141,483,374
"WSLP_all/010026@30.0900767128224,-90.4636139243222.jpg",3,265,266,233,116,498,382
"WSLP_all/010027@30.0904218516681,-90.4640314842768.jpg",1,169,263,299,121,468,384
"WSLP_all/010028@30.0902396327137,-90.4634543930728.jpg",1,267,241,350,129,617,370
"WSLP_all/010029@30.0904073590719,-90.463297981523.jpg",1,264,247,327,133,591,380
"WSLP_all/010030@30.0906480133077,-90.463229474112.jpg",1,22,232,528,191,550,423
"WSLP_all/010031@30.090588718994,-90.4630117993025.jpg",1,51,255,424,123,475,378
"WSLP_all/010032@30.0905198142442,-90.4628005341358.jpg",1,173,237,318,137,491,374
"WSLP_all/010033@30.0904606236948,-90.4625986699098.jpg",1,63,250,414,116,477,366
"WSLP_all/010034@30.0904013430797,-90.4623873211744.jpg",1,182,257,305,122,487,379
"WSLP_all/010035@30.0907605149239,-90.462011040957.jpg",1,58,272,353,122,411,394
"WSLP_all/010036@30.0908197761439,-90.4622192292389.jpg",1,100,274,290,118,390,392
"WSLP_all/010037@30.0909331998658,-90.4626008647357.jpg",1,119,280,319,106,438,386
"WSLP_all/010038@30.0909875784589,-90.4628027719596.jpg",1,116,279,310,115,426,394
"WSLP_all/010039@30.0910468313376,-90.4630141224219.jpg",1,96,266,335,124,431,390
"WSLP_all/010040@30.0911062509181,-90.463250770415.jpg",1,182,279,243,83,425,362
"WSLP_all/010041@30.0910306883394,-90.4634885959827.jpg",1,183,283,257,82,440,365
"WSLP_all/010042@30.0908629138403,-90.4636418464036.jpg",1,84,269,356,117,440,386
"WSLP_all/010043@30.0883318660446,-90.4758381358939.jpg",3,193,262,228,132,421,394
"WSLP_all/010044@30.0907046866969,-90.4637792030314.jpg",1,179,278,284,120,463,398
"WSLP_all/010045@30.090560734538,-90.4638879738761.jpg",1,91,271,345,128,436,399
"WSLP_all/010046@30.0904791982338,-90.4610332189651.jpg",1,148,272,261,116,409,388
"WSLP_all/010047@30.0884623476706,-90.4757453113954.jpg",1,135,284,332,96,467,380
"WSLP_all/010048@30.088926746927,-90.4754377480581.jpg",3,107,263,332,123,439,386
"WSLP_all/010049@30.0890630636456,-90.4753543586719.jpg",3,127,258,375,120,502,378
"WSLP_all/010050@30.0806911330703,-90.4601703296231.jpg",4,179,225,273,221,452,446
"WSLP_all/010051@30.0831858007153,-90.477415970292.jpg",3,125,233,309,154,434,387
"WSLP_all/010052@30.0782831665818,-90.4971213554012.jpg",1,86,284,397,94,483,378
"WSLP_all/010053@30.0811693891147,-90.4970275750899.jpg",1,190,272,303,160,493,432
"WSLP_all/010054@30.0807864413173,-90.4969359314281.jpg",3,58,266,446,165,504,431
"WSLP_all/010055@30.0808166085558,-90.496758613002.jpg",1,137,284,409,102,546,386
"WSLP_all/010056@30.0808769218087,-90.4965652319384.jpg",3,181,279,409,112,590,391
"WSLP_all/010057@30.0790003216364,-90.4965272379342.jpg",1,34,283,459,125,493,408
"WSLP_all/010058@30.0791691842159,-90.4965479527936.jpg",1,78,286,410,106,488,392
"WSLP_all/010059@30.0786765520681,-90.4964445866515.jpg",1,80,298,467,126,547,424
"WSLP_all/010060@30.0808994194786,-90.4963753290828.jpg",1,205,294,379,89,584,383
"WSLP_all/010061@30.081296278942,-90.4962803010595.jpg",3,28,284,415,108,443,392
"WSLP_all/010062@30.0801934446711,-90.4964002294078.jpg",3,96,280,247,141,343,421
"WSLP_all/010063@30.0805418229041,-90.4962834762714.jpg",1,0,251,516,137,516,388
"WSLP_all/010064@30.0809316761996,-90.4961979927271.jpg",1,193,271,415,117,608,388
"WSLP_all/010065@30.0854420261955,-90.4763246607186.jpg",3,149,265,386,130,535,395
"WSLP_all/010066@30.0805901968291,-90.496080710139.jpg",2,0,278,436,113,436,391
"WSLP_all/010067@30.0797348559654,-90.495872889763.jpg",1,90,291,455,114,545,405
"WSLP_all/010068@30.0813260817094,-90.4958942984423.jpg",2,0,284,382,106,382,390
"WSLP_all/010069@30.0855746114571,-90.4762254973901.jpg",3,286,270,255,110,541,380
"WSLP_all/010070@30.0856938734656,-90.4761833640559.jpg",1,185,250,387,142,572,392
"WSLP_all/010071@30.0857982116824,-90.4760749571633.jpg",1,169,246,376,141,545,387
"WSLP_all/010072@30.0812921658855,-90.4956764127351.jpg",2,0,276,401,103,401,379
"WSLP_all/010073@30.0854751607166,-90.4758722042544.jpg",1,174,296,289,84,463,380
"WSLP_all/010074@30.0812686599165,-90.4954868966927.jpg",3,0,280,417,111,417,391
"WSLP_all/010075@30.0488261797249,-90.6160934900877.jpg",3,177,251,347,141,524,392
"WSLP_all/010076@30.0784663696781,-90.4953871450257.jpg",1,63,284,428,111,491,395
"WSLP_all/010077@30.0812271907002,-90.4953006926538.jpg",1,26,288,377,113,403,401
"WSLP_all/010078@30.0804535286825,-90.4952977130532.jpg",1,41,247,419,129,460,376
"WSLP_all/010079@30.078774757298,-90.4952043285576.jpg",1,154,266,466,163,620,429
"WSLP_all/010080@30.0784344971805,-90.4952008665899.jpg",1,67,276,461,118,528,394
"WSLP_all/010081@30.0803997808288,-90.4951179386624.jpg",3,67,275,414,113,481,388
"WSLP_all/010082@30.0798341364394,-90.4951005634392.jpg",1,12,269,556,136,568,405
"WSLP_all/010083@30.0796722917127,-90.495041849743.jpg",1,38,278,487,129,525,407
"WSLP_all/010084@30.0787154093244,-90.4950087952881.jpg",3,110,280,486,114,596,394
"WSLP_all/010085@30.0807940363248,-90.495007118612.jpg",1,164,279,466,107,630,386
"WSLP_all/010086@30.0783859158584,-90.495033699641.jpg",1,110,280,336,118,446,398
"WSLP_all/010087@30.0803637755645,-90.4949348522928.jpg",1,58,276,415,112,473,388
"WSLP_all/010088@30.0790415252494,-90.494911196212.jpg",3,0,270,388,118,388,388
"WSLP_all/010089@30.0786539342988,-90.4948290881637.jpg",4,161,237,328,199,489,436
"WSLP_all/010090@30.0875821860535,-90.4749275765547.jpg",1,276,262,252,130,528,392
"WSLP_all/010091@30.0807527865469,-90.4948209138074.jpg",1,131,278,452,100,583,378
"WSLP_all/010092@30.0799992647616,-90.494789311799.jpg",1,112,257,529,156,641,413
"WSLP_all/010093@30.0874716134748,-90.4749949330643.jpg",1,222,275,342,125,564,400
"WSLP_all/010094@30.0793401870187,-90.4945830147464.jpg",3,186,280,389,128,575,408
"WSLP_all/010095@30.079951073804,-90.4945841969106.jpg",1,222,254,410,149,632,403
"WSLP_all/010096@30.0802833237258,-90.4945561056156.jpg",3,84,276,368,102,452,378
"WSLP_all/010097@30.0807153029091,-90.494634678496.jpg",1,164,269,460,111,624,380
"WSLP_all/010098@30.080674107641,-90.4944484745668.jpg",1,174,276,446,111,620,387
"WSLP_all/010099@30.0802488280861,-90.4943856543938.jpg",3,99,276,361,122,460,398
"WSLP_all/010100@30.0798992463148,-90.4943822736453.jpg",3,179,259,383,152,562,411
"WSLP_all/010101@30.0792300738727,-90.494283566687.jpg",1,203,283,434,145,637,428
"WSLP_all/010102@30.0801919868041,-90.4941995831817.jpg",3,29,279,454,125,483,404
"WSLP_all/010103@30.0795283095189,-90.4941735531759.jpg",1,207,263,326,106,533,369
"WSLP_all/010104@30.0782954464315,-90.494187096283.jpg",1,66,299,369,96,435,395
"WSLP_all/010105@30.0793752665451,-90.4941843273883.jpg",1,172,261,403,100,575,361
"WSLP_all/010106@30.0645621062481,-90.5017761970696.jpg",1,178,257,344,156,522,413
"WSLP_all/010107@30.0784337181155,-90.4941195340992.jpg",1,49,308,382,104,431,412
"WSLP_all/010108@30.0809588169958,-90.4940065749546.jpg",1,92,294,389,89,481,383
"WSLP_all/010109@30.0798678856703,-90.4941169422906.jpg",1,7,257,556,144,563,401
"WSLP_all/010110@30.0797135902326,-90.4941340508633.jpg",1,137,263,387,102,524,365
"WSLP_all/010111@30.0809546680528,-90.4938042482766.jpg",3,150,262,438,130,588,392
"WSLP_all/010112@30.0792200267727,-90.4937682721016.jpg",1,92,303,314,98,406,401
"WSLP_all/010113@30.0797342526138,-90.4936437897881.jpg",4,218,267,277,202,495,469
"WSLP_all/010114@30.0801239608582,-90.4935962401127.jpg",2,0,287,535,122,535,409
"WSLP_all/010115@30.0769872869224,-90.4999272275282.jpg",1,174,280,348,111,522,391
"WSLP_all/010116@30.0766640146497,-90.4998445637645.jpg",1,206,298,294,81,500,379
"WSLP_all/010117@30.077519237404,-90.4986359348794.jpg",3,183,288,284,96,467,384
"WSLP_all/010118@30.0771158143753,-90.4986456373146.jpg",1,51,305,309,93,360,398
"WSLP_all/010119@30.0762931697858,-90.4980296633859.jpg",1,244,309,317,91,561,400
"WSLP_all/010120@30.0766060745705,-90.4979037326601.jpg",1,36,250,400,115,436,365
"WSLP_all/010121@30.0781639601516,-90.4976630236134.jpg",1,62,282,407,98,469,380
"WSLP_all/010122@30.0761928199068,-90.497685875663.jpg",1,154,284,416,104,570,388
"WSLP_all/010123@30.0761404519788,-90.4974934481637.jpg",2,178,275,368,99,546,374
"WSLP_all/010124@30.0765600756465,-90.4975405166743.jpg",1,67,282,288,87,355,369
"WSLP_all/010125@30.0760695266229,-90.4973233096776.jpg",1,222,275,349,103,571,378
"WSLP_all/010126@30.0775327537736,-90.4971940492685.jpg",1,156,287,381,103,537,390
"WSLP_all/010127@30.0760487027709,-90.497140104149.jpg",1,143,278,408,106,551,384
"WSLP_all/010128@30.0759724845992,-90.4969636859974.jpg",1,172,279,301,96,473,375
"WSLP_all/010129@30.0759512218018,-90.4967678375035.jpg",1,178,271,427,108,605,379
"WSLP_all/010130@30.0755826747497,-90.4965970369459.jpg",1,216,284,318,86,534,370
"WSLP_all/010131@30.0766089950173,-90.4966263608876.jpg",1,181,290,376,89,557,379
"WSLP_all/010132@30.077288083559,-90.4966933800526.jpg",1,157,270,349,87,506,357
"WSLP_all/010133@30.0821287242403,-90.528328894941.jpg",1,241,216,323,179,564,395
"WSLP_all/010134@30.0779357353438,-90.4962010265417.jpg",3,139,280,257,106,396,386
"WSLP_all/010135@30.0756583139778,-90.4963055230121.jpg",1,149,279,367,92,516,371
"WSLP_all/010136@30.0772146858087,-90.4960995833819.jpg",1,120,283,376,107,496,390
"WSLP_all/010137@30.076806865596,-90.4958848475588.jpg",2,137,265,504,123,641,388
"WSLP_all/010138@30.0761674914439,-90.4957194867827.jpg",1,133,303,264,89,397,392
"WSLP_all/010139@30.0472009726309,-90.6075457423142.jpg",1,65,267,531,157,596,424
"WSLP_all/010140@30.0602339009322,-90.4456244739099.jpg",1,141,267,323,105,464,372
"WSLP_all/010141@30.0597347869302,-90.4426731708061.jpg",1,178,218,364,143,542,361
"WSLP_all/010142@30.0942270343246,-90.4851889632762.jpg",3,107,275,353,111,460,386
"WSLP_all/010143@30.0948053516529,-90.484402944119.jpg",4,166,246,368,241,534,487
"WSLP_all/010144@30.0948692224509,-90.4841114657986.jpg",4,214,226,267,228,481,454
"WSLP_all/010145@30.0947983393766,-90.483315161826.jpg",1,103,230,314,120,417,350
"WSLP_all/010146@30.0945107158383,-90.4833081285529.jpg",1,211,222,298,123,509,345
"WSLP_all/010147@30.0943231846432,-90.4835310911368.jpg",3,169,250,252,126,421,376
"WSLP_all/010148@30.0943660794722,-90.4838121710499.jpg",2,333,232,308,137,641,369
"WSLP_all/010149@30.094383922312,-90.4840333818233.jpg",4,178,214,323,230,501,444
"WSLP_all/010150@30.0944352417972,-90.4843460134685.jpg",3,306,250,335,129,641,379
"WSLP_all/010151@30.0941462169989,-90.4853983632909.jpg",3,187,259,251,119,438,378
"WSLP_all/010152@30.0940406392632,-90.4855890008511.jpg",3,195,251,263,125,458,376
"WSLP_all/010153@30.0939310180653,-90.4857923205515.jpg",3,239,251,274,125,513,376
"WSLP_all/010154@30.0938419981116,-90.4860049514951.jpg",3,218,263,241,119,459,382
"WSLP_all/010155@30.0937736403474,-90.4862363811851.jpg",3,236,261,276,129,512,390
"WSLP_all/010156@30.0937340438273,-90.4864675650705.jpg",3,198,237,300,155,498,392
"WSLP_all/010157@30.0937235742485,-90.4867554235534.jpg",3,173,236,318,158,491,394
"WSLP_all/010158@30.0938850985758,-90.4869564381339.jpg",1,248,259,221,90,469,349
"WSLP_all/010159@30.0941310730228,-90.4868752911659.jpg",1,141,243,285,116,426,359
"WSLP_all/010160@30.0943237298844,-90.4868072460184.jpg",1,277,226,253,152,530,378
"WSLP_all/010161@30.0945123637496,-90.4867550463677.jpg",1,87,234,446,149,533,383
"WSLP_all/010162@30.0946969416555,-90.4867092056255.jpg",1,132,246,421,137,553,383
"WSLP_all/010163@30.0948855212629,-90.4866443567437.jpg",1,88,237,421,147,509,384
"WSLP_all/010164@30.0950700787991,-90.4865953534639.jpg",1,111,253,455,127,566,380
"WSLP_all/010165@30.0952751150047,-90.4865366889443.jpg",3,58,259,422,120,480,379
"WSLP_all/010166@30.0954843290195,-90.4864906370242.jpg",1,177,262,261,116,438,378
"WSLP_all/010167@30.095693388078,-90.486416126085.jpg",1,62,228,390,162,452,390
"WSLP_all/010168@30.0958656879162,-90.4863767132554.jpg",3,133,262,289,121,422,383
"WSLP_all/010169@30.0960625629762,-90.4863276042883.jpg",1,128,241,335,147,463,388
"WSLP_all/010170@30.0962512042314,-90.4862722403827.jpg",3,110,250,329,126,439,376
"WSLP_all/010171@30.0964479572708,-90.4862041577922.jpg",3,156,280,378,104,534,384
"WSLP_all/010172@30.0966449144647,-90.4861676970326.jpg",1,132,266,385,116,517,382
"WSLP_all/010173@30.0968170099928,-90.4860966612426.jpg",1,168,269,316,125,484,394
"WSLP_all/010174@30.0970056917892,-90.4860476209248.jpg",1,128,224,398,166,526,390
"WSLP_all/010175@30.0593707183809,-90.4838923079978.jpg",2,0,287,451,107,451,394
"WSLP_all/010176@30.0971984218243,-90.4859953835931.jpg",1,87,221,452,166,539,387
"WSLP_all/010177@30.0973994424525,-90.4859493993274.jpg",1,63,217,359,171,422,388
"WSLP_all/010178@30.0976044782839,-90.4858907321071.jpg",1,59,251,496,136,555,387
"WSLP_all/010179@30.0978012514151,-90.4858258100859.jpg",1,107,229,448,149,555,378
"WSLP_all/010180@30.0979858356132,-90.4857768036257.jpg",1,164,250,312,125,476,375
"WSLP_all/010181@30.0981744486052,-90.4857214378465.jpg",1,136,234,364,129,500,363
"WSLP_all/010182@30.0983507226739,-90.4856630143942.jpg",3,112,262,393,113,505,375
"WSLP_all/010183@30.0985598014985,-90.4855916618463.jpg",1,99,240,331,148,430,388
"WSLP_all/010184@30.098784930076,-90.4854632482997.jpg",3,12,259,351,110,363,369
"WSLP_all/010185@30.0989025478869,-90.4852250622147.jpg",1,117,237,292,116,409,353
"WSLP_all/010186@30.0989582324781,-90.4849431295279.jpg",1,168,221,312,144,480,365
"WSLP_all/010187@30.0988866386558,-90.4846717669719.jpg",1,70,241,326,151,396,392
"WSLP_all/010188@30.0988032155259,-90.4844764054874.jpg",1,61,241,358,137,419,378
"WSLP_all/010189@30.0987402298638,-90.484265056879.jpg",1,108,229,354,163,462,392
"WSLP_all/010190@30.0633423630051,-90.4372192310107.jpg",1,154,279,374,103,528,382
"WSLP_all/010191@30.0986854047186,-90.4840441526673.jpg",3,40,246,367,130,407,376
"WSLP_all/010192@30.0986184237257,-90.483848650874.jpg",1,33,258,341,117,374,375
"WSLP_all/010193@30.098584170723,-90.4836370590517.jpg",1,185,243,361,139,546,382
"WSLP_all/010194@30.0984868160963,-90.4831919838415.jpg",1,121,243,298,145,419,388
"WSLP_all/010195@30.0984402510486,-90.4829773351522.jpg",1,121,259,379,124,500,383
"WSLP_all/010196@30.0983223740682,-90.4825355988894.jpg",1,36,247,337,135,373,382
"WSLP_all/010197@30.098267640575,-90.4823336693261.jpg",1,82,247,361,132,443,379
"WSLP_all/010198@30.0627955075076,-90.4371925343651.jpg",1,41,240,587,159,628,399
"WSLP_all/010199@30.098196369111,-90.4821129077022.jpg",1,112,246,351,142,463,388
"WSLP_all/010200@30.097872217842,-90.4828114111649.jpg",1,96,246,376,144,472,390
"WSLP_all/010201@30.0978409717801,-90.4830615102813.jpg",1,177,276,354,110,531,386
"WSLP_all/010202@30.0592942653133,-90.4334653273107.jpg",1,173,225,353,140,526,365
"WSLP_all/010203@30.0978916807192,-90.4832792847878.jpg",1,125,261,339,127,464,388
"WSLP_all/010204@30.0979628491756,-90.4834842363405.jpg",1,139,275,316,115,455,390
"WSLP_all/010205@30.0605853370748,-90.4347434637331.jpg",2,0,224,347,122,347,346
"WSLP_all/010206@30.0980887810068,-90.4839006039974.jpg",1,156,270,312,125,468,395
"WSLP_all/010207@30.0981901899582,-90.4843393176518.jpg",1,179,275,304,116,483,391
"WSLP_all/010208@30.0982531347716,-90.4845443406175.jpg",1,207,262,331,126,538,388
"WSLP_all/010209@30.0983285063261,-90.4847619067153.jpg",1,141,265,269,125,410,390
"WSLP_all/010210@30.0982277191908,-90.4850600349282.jpg",1,205,263,333,133,538,396
"WSLP_all/010211@30.0980267812162,-90.4851186693429.jpg",2,0,246,326,146,326,392
"WSLP_all/010212@30.0976703328427,-90.4852703373686.jpg",2,385,222,256,194,641,416
"WSLP_all/010213@30.0972105932461,-90.4853311736607.jpg",3,94,262,270,126,364,388
"WSLP_all/010214@30.0970261795877,-90.485402315886.jpg",1,111,254,299,136,410,390
"WSLP_all/010215@30.0968295888518,-90.485495699232.jpg",1,28,245,366,141,394,386
"WSLP_all/010216@30.0947543350305,-90.4860509536264.jpg",1,110,288,329,98,439,386
"WSLP_all/010217@30.0942993902242,-90.4862160999648.jpg",4,220,250,245,219,465,469
"WSLP_all/010218@30.0635717392346,-90.4372045233886.jpg",1,141,298,307,100,448,398
"WSLP_all/010219@30.0631432317669,-90.4342430410347.jpg",1,78,218,340,135,418,353
"WSLP_all/010220@30.0950274624111,-90.4844421630998.jpg",1,99,234,406,146,505,380
"WSLP_all/010221@30.0952493074294,-90.484440273066.jpg",1,98,246,538,165,636,411
"WSLP_all/010222@30.0959808178622,-90.4844783139002.jpg",2,294,188,347,195,641,383
"WSLP_all/010223@30.0618491561941,-90.4335118097312.jpg",1,124,263,356,103,480,366
"WSLP_all/010224@30.0963270449205,-90.4846524572081.jpg",2,0,243,357,144,357,387
"WSLP_all/010225@30.0616364413776,-90.4334979236328.jpg",1,95,251,377,118,472,369
"WSLP_all/010226@30.0965168182794,-90.4847773359855.jpg",1,80,249,350,138,430,387
"WSLP_all/010227@30.0966658844882,-90.4849563234383.jpg",1,168,275,243,104,411,379
"WSLP_all/010228@30.0968068107671,-90.4851480292363.jpg",1,84,251,276,133,360,384
"WSLP_all/010229@30.0965230638564,-90.4844705319307.jpg",1,187,261,271,106,458,367
"WSLP_all/010230@30.061191023597,-90.4334987834964.jpg",2,0,148,401,228,401,376
"WSLP_all/010231@30.0966984689761,-90.4842729686255.jpg",1,158,267,273,91,431,358
"WSLP_all/010232@30.0629361101015,-90.4335620621078.jpg",1,199,217,347,144,546,361
"WSLP_all/010233@30.0966220358327,-90.4838909705277.jpg",1,112,240,352,109,464,349
"WSLP_all/010234@30.0960117007522,-90.4841713004647.jpg",1,207,240,377,146,584,386
"WSLP_all/010235@30.096063251559,-90.4838799224568.jpg",1,201,269,237,90,438,359
"WSLP_all/010236@30.0590577881557,-90.4359015918445.jpg",1,206,228,378,137,584,365
"WSLP_all/010237@30.0963580980811,-90.4837319395368.jpg",1,183,221,305,129,488,350
"WSLP_all/010238@30.0956891580914,-90.4844807986341.jpg",1,125,265,466,126,591,391
"WSLP_all/010239@30.0957122468933,-90.4842402619645.jpg",1,45,250,322,144,367,394
"WSLP_all/010240@30.0957436183999,-90.4840091426809.jpg",1,55,259,368,128,423,387
"WSLP_all/010241@30.0957750573308,-90.483784346349.jpg",3,86,265,315,102,401,367
"WSLP_all/010242@30.0958024054667,-90.48356907287.jpg",1,90,242,353,146,443,388
"WSLP_all/010243@30.095792743052,-90.4833414645254.jpg",3,38,255,342,119,380,374
"WSLP_all/010244@30.0952144653263,-90.4841369843657.jpg",1,263,246,267,117,530,363
"WSLP_all/010245@30.0952456802584,-90.483877405443.jpg",4,202,251,307,198,509,449
"WSLP_all/010246@30.095268808747,-90.4836431950747.jpg",4,185,221,282,239,467,460
"WSLP_all/010247@30.0952838243714,-90.4834217031607.jpg",4,170,229,294,228,464,457
"WSLP_all/010248@30.0952988737535,-90.4832096968757.jpg",1,274,233,276,155,550,388
"WSLP_all/010249@30.095297445563,-90.4829883451582.jpg",1,296,218,330,152,626,370
"WSLP_all/010250@30.0952700725386,-90.4825648240787.jpg",1,234,266,328,125,562,391
"WSLP_all/010251@30.0952685207318,-90.4823244983992.jpg",1,274,255,310,133,584,388
"WSLP_all/010252@30.095716960158,-90.483060661433.jpg",1,253,267,252,138,505,405
"WSLP_all/010253@30.0959183674992,-90.4830747545219.jpg",1,145,258,335,133,480,391
"WSLP_all/010254@30.0961115732416,-90.4830920800214.jpg",1,150,278,300,113,450,391
"WSLP_all/010255@30.0963006952514,-90.4831157651815.jpg",1,164,257,337,133,501,390
"WSLP_all/010256@30.0964940029835,-90.4831489018538.jpg",3,169,247,356,140,525,387
"WSLP_all/010257@30.0967077687412,-90.4831692145539.jpg",1,139,250,313,121,452,371
"WSLP_all/010258@30.0969334663193,-90.4831293400606.jpg",1,96,243,282,139,378,382
"WSLP_all/010259@30.0971383172788,-90.4830422072796.jpg",1,153,266,294,114,447,380
"WSLP_all/010260@30.0973347904895,-90.482926683986.jpg",1,87,254,318,129,405,383
"WSLP_all/010261@30.0974858547743,-90.4827799227072.jpg",1,103,250,246,128,349,378
"WSLP_all/010262@30.0976329771909,-90.4826616574163.jpg",1,150,258,342,136,492,394
"WSLP_all/010263@30.0978292392395,-90.4825176728015.jpg",1,46,279,342,108,388,387
"WSLP_all/010264@30.0974526623003,-90.4820939620457.jpg",1,278,237,322,143,600,380
"WSLP_all/010265@30.0972767090406,-90.4822061494342.jpg",1,230,255,362,131,592,386
"WSLP_all/010266@30.0971091281642,-90.4823372393111.jpg",1,153,249,351,137,504,386
"WSLP_all/010267@30.0969250215041,-90.4824558213335.jpg",1,143,233,415,150,558,383
"WSLP_all/010268@30.0966994271166,-90.4825115084001.jpg",1,65,243,517,156,582,399
"WSLP_all/010269@30.0964938006773,-90.4824784780894.jpg",1,173,240,365,146,538,386
"WSLP_all/010270@30.0963045893388,-90.4824453077342.jpg",1,125,249,364,126,489,375
"WSLP_all/010271@30.0622915211938,-90.4335552357459.jpg",1,150,265,356,97,506,362
"WSLP_all/010272@30.0960950296571,-90.4824376102164.jpg",1,100,209,461,170,561,379
"WSLP_all/010273@30.0959061654132,-90.4824581972428.jpg",1,110,217,403,166,513,383
"WSLP_all/010274@30.095680263821,-90.4824664510513.jpg",2,0,267,368,117,368,384
"WSLP_all/010275@30.0980619122823,-90.4848305882093.jpg",1,74,255,304,128,378,383
"WSLP_all/010276@30.0979907662938,-90.4846287987819.jpg",3,96,261,339,118,435,379
"WSLP_all/010277@30.0979277401244,-90.4844111272982.jpg",1,154,276,268,119,422,395
"WSLP_all/010278@30.0978647756327,-90.4842029438669.jpg",1,124,259,365,135,489,394
"WSLP_all/010279@30.0978222476433,-90.4839787743814.jpg",1,143,290,251,81,394,371
"WSLP_all/010280@30.0588569126674,-90.4346515649491.jpg",1,191,257,329,109,520,366
"WSLP_all/010281@30.0977631139899,-90.4837294462818.jpg",1,150,257,263,100,413,357
"WSLP_all/010282@30.0975482880771,-90.4835446957404.jpg",1,87,222,295,129,382,351
"WSLP_all/010283@30.0972447304923,-90.4836168575906.jpg",1,121,228,313,125,434,353
"WSLP_all/010284@30.0971152521219,-90.4839215531336.jpg",1,194,237,258,116,452,353
"WSLP_all/010285@30.0581604293319,-90.4809943453992.jpg",4,164,185,279,234,443,419
"WSLP_all/010286@30.0971826822243,-90.4841866199844.jpg",4,149,230,326,171,475,401
"WSLP_all/010287@30.0973030283199,-90.4843721762399.jpg",1,195,232,426,162,621,394
"WSLP_all/010288@30.0973906101999,-90.4845769875311.jpg",2,267,237,374,158,641,395
"WSLP_all/010289@30.0974577733805,-90.4848009464939.jpg",1,179,230,395,160,574,390
"WSLP_all/010290@30.0975658204154,-90.4849897721654.jpg",1,315,267,326,112,641,379
"WSLP_all/010291@30.0635840801211,-90.4335688580351.jpg",3,3,241,399,116,402,357
"WSLP_all/010292@30.0606004548532,-90.4334977924812.jpg",1,182,229,351,133,533,362
"WSLP_all/010293@30.0620542119012,-90.4787418205019.jpg",1,88,291,355,84,443,375
"WSLP_all/010294@30.0855966754056,-90.4674538022687.jpg",1,239,267,281,117,520,384
"WSLP_all/010295@30.0854943100793,-90.4672839408937.jpg",1,205,238,396,146,601,384
"WSLP_all/010296@30.0853775358897,-90.4671268542742.jpg",1,140,259,300,125,440,384
"WSLP_all/010297@30.0852606855264,-90.4669539585521.jpg",1,203,265,310,133,513,398
"WSLP_all/010298@30.085158333172,-90.4667904221909.jpg",1,145,265,278,127,423,392
"WSLP_all/010299@30.0850415167911,-90.4666270130023.jpg",1,86,262,321,126,407,388
"WSLP_all/010300@30.0849246449627,-90.4664509566145.jpg",1,79,258,350,126,429,384
"WSLP_all/010301@30.0848029546781,-90.4662781035375.jpg",1,148,263,295,119,443,382
"WSLP_all/010302@30.0847006431039,-90.4661208933143.jpg",1,137,276,309,114,446,390
"WSLP_all/010303@30.0845934976699,-90.4659605634814.jpg",1,117,257,314,129,431,386
"WSLP_all/010304@30.0844717859166,-90.4657845497574.jpg",1,139,253,338,134,477,387
"WSLP_all/010305@30.0843694591672,-90.4656210166936.jpg",1,161,254,293,128,454,382
"WSLP_all/010306@30.0841407265726,-90.4653036462527.jpg",2,265,229,375,142,640,371
"WSLP_all/010307@30.0840287065797,-90.4651338746964.jpg",1,132,233,373,130,505,363
"WSLP_all/010308@30.0839118464453,-90.4649641456974.jpg",2,156,236,344,134,500,370
"WSLP_all/010309@30.0837998051616,-90.4647912120767.jpg",1,129,246,333,140,462,386
"WSLP_all/010310@30.0836779867014,-90.4645993932537.jpg",1,214,259,385,131,599,390
"WSLP_all/010311@30.0835748390249,-90.4643157148676.jpg",1,161,240,304,151,465,391
"WSLP_all/010312@30.083703472716,-90.4640774437594.jpg",1,73,258,300,137,373,395
"WSLP_all/010313@30.0838520076771,-90.4639338588907.jpg",1,104,240,332,148,436,388
"WSLP_all/010314@30.0839619221093,-90.4637842855819.jpg",1,51,243,362,129,413,372
"WSLP_all/010315@30.0841008119664,-90.4636376220876.jpg",1,132,229,359,145,491,374
"WSLP_all/010316@30.0842636006275,-90.4634622916139.jpg",1,202,253,278,108,480,361
"WSLP_all/010317@30.0846734966632,-90.4635377637446.jpg",1,77,229,349,130,426,359
"WSLP_all/010318@30.0800440688695,-90.4767473430165.jpg",4,141,232,371,265,512,497
"WSLP_all/010319@30.0848570909197,-90.4635899154845.jpg",1,143,230,321,148,464,378
"WSLP_all/010320@30.085040491126,-90.4636167729499.jpg",1,88,249,306,139,394,388
"WSLP_all/010321@30.0792070466828,-90.4790437091078.jpg",1,33,240,542,163,575,403
"WSLP_all/010322@30.085247928831,-90.4636276105946.jpg",1,28,209,521,196,549,405
"WSLP_all/010323@30.0849187625337,-90.4641680271982.jpg",1,219,246,319,130,538,376
"WSLP_all/010324@30.0847351267913,-90.4641095507044.jpg",1,243,242,254,153,497,395
"WSLP_all/010325@30.0842537542846,-90.4642370673762.jpg",1,274,259,310,137,584,396
"WSLP_all/010326@30.0840959495737,-90.464434488066.jpg",1,228,246,373,142,601,388
"WSLP_all/010327@30.084290063856,-90.4646225152576.jpg",1,132,259,341,125,473,384
"WSLP_all/010328@30.0790224696305,-90.479140146147.jpg",2,0,232,351,151,351,383
"WSLP_all/010329@30.0844069244226,-90.4647922445002.jpg",1,136,270,345,126,481,396
"WSLP_all/010330@30.084533449457,-90.4649682149658.jpg",1,115,253,360,127,475,380
"WSLP_all/010331@30.0846261739392,-90.4651349933014.jpg",1,117,224,372,142,489,366
"WSLP_all/010332@30.0847380272783,-90.4652794712478.jpg",1,117,214,376,156,493,370
"WSLP_all/010333@30.08485002625,-90.4654460833813.jpg",1,139,200,377,175,516,375
"WSLP_all/010334@30.0849669273885,-90.4656221382153.jpg",1,154,213,396,165,550,378
"WSLP_all/010335@30.0850597125879,-90.4657984034095.jpg",1,169,238,368,144,537,382
"WSLP_all/010336@30.0851716276408,-90.465952369294.jpg",1,150,230,404,144,554,374
"WSLP_all/010337@30.0852836049358,-90.4661158200252.jpg",1,146,232,387,146,533,378
"WSLP_all/010338@30.0853958180517,-90.4663108893774.jpg",3,160,218,379,143,539,361
"WSLP_all/010339@30.0863555535716,-90.4656732876885.jpg",1,214,257,419,160,633,417
"WSLP_all/010340@30.0861973033586,-90.4658074719654.jpg",1,300,242,275,136,575,378
"WSLP_all/010341@30.0860731309853,-90.4659887910069.jpg",1,215,233,261,147,476,380
"WSLP_all/010342@30.0859438696226,-90.4661322082643.jpg",1,186,245,340,143,526,388
"WSLP_all/010343@30.0857953323211,-90.4662757928703.jpg",1,156,226,364,149,520,375
"WSLP_all/010344@30.085656405133,-90.4664129704017.jpg",1,208,241,318,134,526,375
"WSLP_all/010345@30.085507993217,-90.4665755252869.jpg",1,79,232,423,138,502,370
"WSLP_all/010346@30.0859581186361,-90.4668308980234.jpg",1,120,262,327,143,447,405
"WSLP_all/010347@30.0862599907947,-90.4665373637308.jpg",1,141,280,293,118,434,398
"WSLP_all/010348@30.0864276992255,-90.466377801742.jpg",1,104,267,323,113,427,380
"WSLP_all/010349@30.0865664878631,-90.4662153277619.jpg",1,82,274,316,116,398,390
"WSLP_all/010350@30.0867195456647,-90.4660274335921.jpg",1,96,216,455,193,551,409
"WSLP_all/010351@30.0874094186066,-90.4660720226348.jpg",1,182,267,353,121,535,388
"WSLP_all/010352@30.0872299088812,-90.4659091563297.jpg",1,108,265,339,127,447,392
"WSLP_all/010353@30.0870891919884,-90.4657744105824.jpg",1,197,259,287,133,484,392
"WSLP_all/010354@30.0869387398031,-90.4656271027034.jpg",1,120,266,328,121,448,387
"WSLP_all/010355@30.0868076465261,-90.4654922749704.jpg",1,99,230,337,137,436,367
"WSLP_all/010356@30.0866619443857,-90.4653354403421.jpg",1,86,234,316,131,402,365
"WSLP_all/010357@30.086506679739,-90.4651881746422.jpg",1,90,226,325,140,415,366
"WSLP_all/010358@30.0863610388353,-90.4650408265803.jpg",1,51,232,360,133,411,365
"WSLP_all/010359@30.0862155237016,-90.4649124501937.jpg",1,110,232,321,140,431,372
"WSLP_all/010360@30.0860601960413,-90.4647557002012.jpg",1,51,237,366,141,417,378
"WSLP_all/010361@30.0859241648209,-90.4646019455558.jpg",1,99,253,307,138,406,391
"WSLP_all/010362@30.0857785649467,-90.4644609229349.jpg",1,96,278,285,121,381,399
"WSLP_all/010363@30.0856568512158,-90.4642849089494.jpg",1,202,246,344,146,546,392
"WSLP_all/010364@30.0856599111463,-90.4640192709412.jpg",1,102,254,354,140,456,394
"WSLP_all/010365@30.0856779204843,-90.4638230673418.jpg",3,174,258,305,128,479,386
"WSLP_all/010366@30.0856909852536,-90.463611095583.jpg",3,25,271,299,129,324,400
"WSLP_all/010367@30.0851836156882,-90.4641119626809.jpg",3,350,222,288,160,638,382
"WSLP_all/010368@30.0852043722278,-90.4643362864447.jpg",1,214,228,328,148,542,376
"WSLP_all/010369@30.0852301967149,-90.4645953473617.jpg",1,173,272,329,111,502,383
"WSLP_all/010370@30.0853666239647,-90.4648091760478.jpg",1,124,224,360,155,484,379
"WSLP_all/010371@30.0855267489217,-90.4649595591572.jpg",1,176,249,312,134,488,383
"WSLP_all/010372@30.0856626963964,-90.4651006662459.jpg",1,179,269,345,131,524,400
"WSLP_all/010373@30.0858131492044,-90.4652479714438.jpg",1,158,271,351,133,509,404
"WSLP_all/010374@30.0859538520755,-90.4653763907522.jpg",1,185,261,340,138,525,399
"WSLP_all/010375@30.086113913888,-90.4655172890049.jpg",1,179,271,326,128,505,399
"WSLP_all/010376@30.0877949584688,-90.463478896197.jpg",3,212,274,207,97,419,371
"WSLP_all/010377@30.0879500224723,-90.463591378632.jpg",1,187,282,278,108,465,390
"WSLP_all/010378@30.0881002264929,-90.4637007417126.jpg",1,157,283,270,115,427,398
"WSLP_all/010379@30.0882602274478,-90.4638321555259.jpg",1,104,283,313,104,417,387
"WSLP_all/010380@30.0884202699839,-90.463969892614.jpg",3,137,265,321,123,458,388
"WSLP_all/010381@30.0885467760637,-90.4641427061282.jpg",1,146,280,296,115,442,395
"WSLP_all/010382@30.0886539435926,-90.464306203365.jpg",1,170,270,346,129,516,399
"WSLP_all/010383@30.0887707410245,-90.4644664538083.jpg",1,244,272,285,123,529,395
"WSLP_all/010384@30.0888732567368,-90.4646584505465.jpg",1,194,278,320,112,514,390
"WSLP_all/010385@30.0890045175591,-90.4648185767259.jpg",1,216,274,218,106,434,380
"WSLP_all/010387@30.0894152548739,-90.4649509695386.jpg",1,174,275,235,103,409,378
"WSLP_all/010388@30.0895781564633,-90.4647882795443.jpg",4,166,242,273,159,439,401
"WSLP_all/010389@30.0897123116038,-90.464657460271.jpg",3,123,257,333,133,456,390
"WSLP_all/010390@30.0899581324608,-90.4624512764048.jpg",1,222,255,312,127,534,382
"WSLP_all/010391@30.0895459377951,-90.4628311773667.jpg",1,170,276,326,108,496,384
"WSLP_all/010392@30.0892005164702,-90.4630998157389.jpg",1,260,270,203,112,463,382
"WSLP_all/010393@30.088539436005,-90.4623024067299.jpg",1,143,265,251,115,394,380
"WSLP_all/010394@30.0900026827383,-90.4618943427161.jpg",2,0,283,616,129,616,412
"WSLP_all/010395@30.0894306771602,-90.4614439930935.jpg",3,182,288,177,91,359,379
"WSLP_all/010396@30.0896480086786,-90.4622231486794.jpg",3,0,257,439,192,439,449
"WSLP_all/010397@30.0894169431783,-90.462282087541.jpg",3,161,269,293,113,454,382
"WSLP_all/010398@30.0890697674479,-90.4622851223681.jpg",1,231,250,344,129,575,379
"WSLP_all/010399@30.0902953629325,-90.4593430548675.jpg",3,0,246,378,142,378,388
"WSLP_all/010400@30.0874524851918,-90.4596747137379.jpg",2,0,241,385,124,385,365
"WSLP_all/010401@30.0873067332977,-90.4595115617537.jpg",1,141,253,315,118,456,371
"WSLP_all/010402@30.0871852436938,-90.4593703331069.jpg",1,83,258,347,120,430,378
"WSLP_all/010403@30.0870203205356,-90.4592231616315.jpg",1,137,259,290,108,427,367
"WSLP_all/010404@30.0869364431867,-90.4589361469824.jpg",1,193,261,278,108,471,369
"WSLP_all/010405@30.0870648991708,-90.4586725667213.jpg",1,141,284,265,107,406,391
"WSLP_all/010406@30.0872182820805,-90.4585352494834.jpg",1,197,270,282,121,479,391
"WSLP_all/010407@30.0873523890856,-90.4583981021072.jpg",1,165,272,336,114,501,386
"WSLP_all/010408@30.0874816419975,-90.4582546727905.jpg",1,148,274,352,117,500,391
"WSLP_all/010409@30.0876108737479,-90.4581080811835.jpg",1,132,280,330,115,462,395
"WSLP_all/010410@30.0877303493327,-90.4579457633297.jpg",1,139,280,261,114,400,394
"WSLP_all/010411@30.0878643506629,-90.4577928048242.jpg",1,206,270,253,118,459,388
"WSLP_all/010412@30.0879984148529,-90.4576493316987.jpg",1,90,262,346,136,436,398
"WSLP_all/010413@30.0881323948085,-90.4574932094111.jpg",3,211,284,257,103,468,387
"WSLP_all/010414@30.0882615416133,-90.4573339681042.jpg",1,193,276,269,111,462,387
"WSLP_all/010415@30.0884004803156,-90.4571999373098.jpg",1,104,275,277,112,381,387
"WSLP_all/010416@30.0885200599113,-90.4570534278528.jpg",1,92,270,306,116,398,386
"WSLP_all/010417@30.0886637751356,-90.4569098668595.jpg",3,96,259,334,117,430,376
"WSLP_all/010418@30.0888990672983,-90.4567591766153.jpg",1,207,257,223,117,430,374
"WSLP_all/010419@30.0890282483479,-90.4566094192668.jpg",1,140,262,318,116,458,378
"WSLP_all/010420@30.0891524567572,-90.4564312448818.jpg",1,235,274,253,125,488,399
"WSLP_all/010421@30.0892620679203,-90.4562373887953.jpg",2,131,225,510,171,641,396
"WSLP_all/010422@30.0894773690555,-90.4567066568981.jpg",1,86,243,282,140,368,383
"WSLP_all/010423@30.0893436214081,-90.4568975630159.jpg",1,117,250,385,138,502,388
"WSLP_all/010424@30.0892191819708,-90.4570409554936.jpg",1,152,266,368,125,520,391
"WSLP_all/010425@30.089089999533,-90.4571907125776.jpg",1,185,262,313,128,498,390
"WSLP_all/010426@30.0889655807852,-90.4573372652481.jpg",1,181,266,323,113,504,379
"WSLP_all/010427@30.0888363559699,-90.4574806976528.jpg",1,198,263,335,125,533,388
"WSLP_all/010428@30.0886974109502,-90.4576178918699.jpg",1,195,259,314,120,509,379
"WSLP_all/010429@30.0885825796466,-90.4577548727818.jpg",1,259,242,305,136,564,378
"WSLP_all/010430@30.0884582512479,-90.4579109095911.jpg",1,141,258,306,113,447,371
"WSLP_all/010431@30.0883241438812,-90.4580480601903.jpg",1,127,245,369,122,496,367
"WSLP_all/010432@30.0881949542145,-90.4582009767981.jpg",1,190,241,345,145,535,386
"WSLP_all/010433@30.0880753322446,-90.4583411605261.jpg",1,120,238,386,144,506,382
"WSLP_all/010434@30.0879510232312,-90.4585003577467.jpg",1,191,250,301,130,492,380
"WSLP_all/010435@30.0878266099848,-90.4586437459736.jpg",1,88,240,381,140,469,380
"WSLP_all/010436@30.087707070578,-90.4587965763456.jpg",1,127,258,374,129,501,387
"WSLP_all/010437@30.0875825870658,-90.4589336392245.jpg",3,146,262,356,122,502,384
"WSLP_all/010438@30.0874583822257,-90.4591086455244.jpg",3,252,253,374,143,626,396
"WSLP_all/010439@30.0889532595176,-90.4562084855086.jpg",4,208,241,281,143,489,384
"WSLP_all/010440@30.0533188247979,-90.4587442392375.jpg",3,12,305,521,108,533,413
"WSLP_all/010441@30.0887779871719,-90.4559570560732.jpg",1,276,246,253,120,529,366
"WSLP_all/010442@30.0889112701621,-90.4556965866781.jpg",1,173,247,273,116,446,363
"WSLP_all/010443@30.089146983092,-90.455609132516.jpg",1,71,275,259,90,330,365
"WSLP_all/010445@30.0895052146295,-90.4558210041481.jpg",1,107,282,290,106,397,388
"WSLP_all/010446@30.0896552767702,-90.4559082233518.jpg",1,120,269,265,109,385,378
"WSLP_all/010447@30.089819704308,-90.4559763443336.jpg",1,116,267,285,111,401,378
"WSLP_all/010448@30.0900226192447,-90.456034639114.jpg",1,136,258,329,121,465,379
"WSLP_all/010449@30.0902164927304,-90.4561847171188.jpg",1,191,274,268,97,459,371
"WSLP_all/010450@30.0902373318902,-90.4564153732877.jpg",1,289,249,231,101,520,350
"WSLP_all/010451@30.0902146478862,-90.4566306025816.jpg",3,110,251,260,178,370,429
"WSLP_all/010452@30.0901919845563,-90.4568489927398.jpg",1,160,241,373,133,533,374
"WSLP_all/010453@30.0901839519921,-90.4570925526483.jpg",4,232,245,193,166,425,411
"WSLP_all/010454@30.0896201782065,-90.4564271288208.jpg",1,148,217,481,179,629,396
"WSLP_all/010455@30.0898085870686,-90.4564792287419.jpg",1,131,258,389,133,520,391
"WSLP_all/010456@30.0897331559767,-90.4567391904902.jpg",1,173,278,316,110,489,388
"WSLP_all/010457@30.0582495163356,-90.4777312531777.jpg",3,228,241,413,151,641,392
"WSLP_all/010459@30.0627963421322,-90.4772211862352.jpg",1,32,272,430,115,462,387
"WSLP_all/010460@30.0842159977384,-90.4780458449641.jpg",1,73,243,220,148,293,391
"WSLP_all/010461@30.0806299238228,-90.4638007119018.jpg",3,178,283,326,91,504,374
"WSLP_all/010462@30.0786510924662,-90.4784730237271.jpg",1,48,269,387,121,435,390
"WSLP_all/010463@30.0791735361247,-90.4780322084556.jpg",1,124,259,279,145,403,404
"WSLP_all/010464@30.0794517014445,-90.4778274623057.jpg",1,83,286,372,109,455,395
"WSLP_all/010465@30.0795891064723,-90.4777251037233.jpg",1,96,291,342,97,438,388
"WSLP_all/010466@30.0797331803928,-90.4776163638968.jpg",1,148,284,349,108,497,392
"WSLP_all/010467@30.0799875956493,-90.4773833637419.jpg",1,94,280,365,112,459,392
"WSLP_all/010468@30.0801485862962,-90.477283962214.jpg",1,67,284,383,107,450,391
"WSLP_all/010469@30.0795233757883,-90.4772071249256.jpg",1,133,229,408,174,541,403
"WSLP_all/010470@30.0792167466906,-90.4784618478143.jpg",1,205,263,370,127,575,390
"WSLP_all/010471@30.0795118641255,-90.4782759283755.jpg",1,244,286,265,98,509,384
"WSLP_all/010472@30.0803633060925,-90.4776836761041.jpg",1,289,286,352,114,641,400
"WSLP_all/010473@30.0801780704008,-90.4766418497244.jpg",1,152,247,376,137,528,384
"WSLP_all/010474@30.0829152026161,-90.4619088921561.jpg",2,178,221,463,154,641,375
"WSLP_all/010475@30.0803154137111,-90.4765300036816.jpg",1,145,221,423,151,568,372
"WSLP_all/010476@30.0804459918506,-90.4764182155023.jpg",1,73,245,382,133,455,378
"WSLP_all/010477@30.0805799799435,-90.4763063977037.jpg",1,115,247,431,139,546,386
"WSLP_all/010478@30.08072069764,-90.4761976825645.jpg",1,73,246,436,137,509,383
"WSLP_all/010479@30.080857992023,-90.4760826738333.jpg",1,121,246,363,150,484,396
"WSLP_all/010480@30.080464273453,-90.4781950334578.jpg",1,84,225,279,137,363,362
"WSLP_all/010481@30.0807626699131,-90.4779932743849.jpg",2,0,279,295,120,295,399
"WSLP_all/010482@30.0809034916423,-90.4779003710135.jpg",4,165,224,336,225,501,449
"WSLP_all/010483@30.0810612228507,-90.4778199697749.jpg",4,219,250,236,186,455,436
"WSLP_all/010484@30.0807809004634,-90.4766556387099.jpg",1,49,241,471,153,520,394
"WSLP_all/010485@30.0808728807883,-90.4768161051757.jpg",1,119,261,405,129,524,390
"WSLP_all/010486@30.0810265877928,-90.4771531062951.jpg",1,223,234,381,160,604,394
"WSLP_all/010487@30.0811420918618,-90.4773070477564.jpg",1,222,251,312,115,534,366
"WSLP_all/010488@30.0812612177514,-90.4775020620935.jpg",1,277,247,307,110,584,357
"WSLP_all/010489@30.0811046072407,-90.4766971224516.jpg",1,169,247,401,127,570,374
"WSLP_all/010491@30.0812752184587,-90.4770371418552.jpg",1,92,287,354,113,446,400
"WSLP_all/010492@30.0814526135037,-90.4773802660505.jpg",1,166,255,303,125,469,380
"WSLP_all/010493@30.0815816727458,-90.4775467386145.jpg",1,181,288,290,82,471,370
"WSLP_all/010494@30.0804458848571,-90.4769177931587.jpg",1,189,236,319,173,508,409
"WSLP_all/010495@30.0805344220361,-90.4770688022486.jpg",1,71,282,298,123,369,405
"WSLP_all/010496@30.0806028513411,-90.4772357937302.jpg",1,41,286,294,110,335,396
"WSLP_all/010497@30.0807394825235,-90.4775349996792.jpg",4,212,247,226,195,438,442
"WSLP_all/010498@30.0816989012932,-90.4769291581872.jpg",1,215,272,338,152,553,424
"WSLP_all/010499@30.0816102200826,-90.4767560142972.jpg",1,86,249,327,141,413,390
"WSLP_all/010500@30.0815282692503,-90.4765859757936.jpg",1,143,265,382,131,525,396
"WSLP_all/011001@30.0566897703056,-90.5577303614809.jpg",2,6,243,463,159,469,402
"WSLP_all/011002@30.0529085770868,-90.5356043988258.jpg",1,191,277,339,108,530,385
"WSLP_all/011003@30.0538506319412,-90.541201351982.jpg",2,17,183,396,262,413,445
"WSLP_all/011004@30.0525515368436,-90.5337043459158.jpg",2,202,239,412,208,614,447
"WSLP_all/011005@30.0513619021092,-90.5323704870246.jpg",2,5,218,583,213,588,431
"WSLP_all/011006@30.0709026493784,-90.4926622326568.jpg",4,202,169,180,269,382,438
"WSLP_all/011007@30.0639859197975,-90.4940736304678.jpg",2,5,263,434,142,439,405
"WSLP_all/011008@30.0887963050773,-90.5073069155559.jpg",1,162,219,369,133,531,352
"WSLP_all/011009@30.0540854623697,-90.5328670116783.jpg",1,206,289,295,136,501,425
"WSLP_all/011010@30.0539543505825,-90.5327858780132.jpg",3,215,293,277,126,492,419
"WSLP_all/011011@30.0770189752878,-90.5083878414206.jpg",3,129,303,360,135,489,438
"WSLP_all/011012@30.0650155882627,-90.4934326825215.jpg",3,96,263,266,161,362,424
"WSLP_all/011013@30.0908771306836,-90.4624052979545.jpg",1,63,266,383,141,446,407
"WSLP_all/011014@30.0653454803078,-90.4918586890309.jpg",1,147,298,349,108,496,406
"WSLP_all/011015@30.0610693431177,-90.5101858300611.jpg",3,120,312,224,91,344,403
"WSLP_all/011016@30.0603340529223,-90.5368031401202.jpg",1,108,258,413,145,521,403
"WSLP_all/011017@30.0710065441245,-90.492632902183.jpg",4,221,265,114,152,335,417
"WSLP_all/011018@30.0613954408796,-90.5363394364223.jpg",1,3,281,535,165,538,446
"WSLP_all/011019@30.0655789446481,-90.4911359184597.jpg",1,175,283,406,154,581,437
"WSLP_all/011020@30.0670036007053,-90.5580168280731.jpg",2,0,281,526,154,526,435
"WSLP_all/011021@30.0600958999618,-90.5364004068172.jpg",2,189,227,439,184,628,411
"WSLP_all/011022@30.0605036120158,-90.5371084241414.jpg",3,170,267,282,153,452,420
"WSLP_all/011023@30.0699130088987,-90.4974381822293.jpg",2,6,180,561,193,567,373
"WSLP_all/011024@30.0789370383025,-90.4658959686061.jpg",3,211,239,326,159,537,398
"WSLP_all/011025@30.079064094577,-90.4656640490833.jpg",3,184,260,457,122,641,382
"WSLP_all/011026@30.0791375227984,-90.4650974407424.jpg",2,98,193,534,205,632,398
"WSLP_all/011027@30.0789621003802,-90.4648207272766.jpg",2,7,203,577,185,584,388
"WSLP_all/011028@30.0786571569213,-90.4644060250005.jpg",2,18,217,490,178,508,395
"WSLP_all/011029@30.0772739262006,-90.4642852900159.jpg",3,29,191,394,184,423,375
"WSLP_all/011030@30.0781180302156,-90.4635823319935.jpg",2,0,218,566,182,566,400
"WSLP_all/011031@30.078648100273,-90.4630338722056.jpg",1,43,232,334,152,377,384
"WSLP_all/011032@30.0788550091835,-90.4632059655788.jpg",1,93,251,271,130,364,381
"WSLP_all/011033@30.0790618899026,-90.4633780609481.jpg",1,125,244,320,129,445,373
"WSLP_all/011034@30.0792495363274,-90.4635566475394.jpg",1,52,238,391,147,443,385
"WSLP_all/011035@30.0794370990337,-90.4637225881629.jpg",1,93,231,327,135,420,366
"WSLP_all/011036@30.070775164494,-90.5561948858143.jpg",1,74,246,434,198,508,444
"WSLP_all/011037@30.0802071102045,-90.46445574772.jpg",4,205,275,184,126,389,401
"WSLP_all/011038@30.0705337112029,-90.5562758081187.jpg",2,113,255,513,158,626,413
"WSLP_all/011039@30.0686441882595,-90.4973887553371.jpg",1,4,255,548,150,552,405
"WSLP_all/011041@30.0792888899363,-90.462699443999.jpg",1,136,247,344,135,480,382
"WSLP_all/011042@30.0793040893846,-90.462082751713.jpg",2,14,269,465,129,479,398
"WSLP_all/011043@30.0797759710476,-90.462458049648.jpg",2,140,212,474,203,614,415
"WSLP_all/011044@30.0775913239568,-90.4617183103583.jpg",2,31,189,482,234,513,423
"WSLP_all/011045@30.0768496955102,-90.4603778845502.jpg",3,232,193,301,212,533,405
"WSLP_all/011046@30.0718123816099,-90.4702166630238.jpg",1,182,271,362,118,544,389
"WSLP_all/011047@30.072368931221,-90.4688839609565.jpg",3,0,259,323,151,323,410
"WSLP_all/011048@30.0593697964127,-90.5368677470911.jpg",2,11,248,499,152,510,400
"WSLP_all/011049@30.0725523675861,-90.468983541801.jpg",2,144,271,491,149,635,420
"WSLP_all/011050@30.0737243698,-90.4698997455798.jpg",1,22,258,540,153,562,411
"WSLP_all/011051@30.0740089708945,-90.4690847299695.jpg",3,172,310,258,86,430,396
"WSLP_all/011052@30.0729980901772,-90.4667981424277.jpg",3,115,279,232,106,347,385
"WSLP_all/011053@30.073272194705,-90.4663088646334.jpg",4,208,289,236,135,444,424
"WSLP_all/011054@30.0745626137112,-90.4660573500699.jpg",1,96,241,374,133,470,374
"WSLP_all/011055@30.0746434588097,-90.4668470699553.jpg",2,0,164,377,277,377,441
"WSLP_all/011057@30.0744993355337,-90.4641039750948.jpg",3,250,288,294,105,544,393
"WSLP_all/011059@30.0763687856125,-90.466598099978.jpg",2,7,266,602,142,609,408
"WSLP_all/011060@30.0642956016245,-90.4962681690177.jpg",1,145,269,352,92,497,361
"WSLP_all/011061@30.0649446594938,-90.4895669092095.jpg",5,97,298,286,125,383,423
"WSLP_all/011062@30.0692210666135,-90.4893947604165.jpg",1,138,283,500,89,638,372
"WSLP_all/011063@30.0660524498426,-90.5058514735594.jpg",3,0,271,335,185,335,456
"WSLP_all/011064@30.0560750431574,-90.5354652587274.jpg",2,0,292,289,128,289,420
"WSLP_all/011065@30.0657471914026,-90.5034039190845.jpg",2,126,250,492,162,618,412
"WSLP_all/011066@30.067674051428,-90.4865404057065.jpg",4,176,267,298,203,474,470
"WSLP_all/011067@30.0647567165239,-90.5052078267327.jpg",1,58,271,538,206,596,477
"WSLP_all/011068@30.0972247493415,-90.4993120549524.jpg",3,164,242,399,141,563,383
"WSLP_all/011069@30.0975476658232,-90.4986958434468.jpg",3,35,224,477,149,512,373
"WSLP_all/011070@30.0983109716599,-90.4988096218627.jpg",2,43,202,412,179,455,381
"WSLP_all/011071@30.0676904962588,-90.4854716887608.jpg",1,155,274,373,185,528,459
"WSLP_all/011072@30.069868008003,-90.504836556626.jpg",1,177,226,361,156,538,382
"WSLP_all/011073@30.0633892428638,-90.4909394504774.jpg",4,76,302,264,100,340,402
"WSLP_all/011074@30.0631453115771,-90.49200371758.jpg",1,157,286,343,98,500,384
"WSLP_all/011075@30.0646450911727,-90.5054996007502.jpg",3,93,265,231,119,324,384
"WSLP_all/011076@30.0761322546529,-90.5567570019343.jpg",1,125,200,423,225,548,425
"WSLP_all/011077@30.0756857275575,-90.5567415111654.jpg",1,102,255,434,144,536,399
"WSLP_all/011078@30.0638468104255,-90.5047475074791.jpg",3,67,310,352,132,419,442
"WSLP_all/011079@30.0754651353605,-90.5567369067142.jpg",1,133,233,500,177,633,410
"WSLP_all/011080@30.0748710616344,-90.5557487666994.jpg",1,134,260,295,91,429,351
"WSLP_all/011081@30.0750379856483,-90.5555546005166.jpg",3,167,263,272,92,439,355
"WSLP_all/011082@30.075499821675,-90.5554940856173.jpg",1,49,270,424,131,473,401
"WSLP_all/011083@30.0757203756809,-90.5554923642055.jpg",2,76,271,355,129,431,400
"WSLP_all/011084@30.0759409949756,-90.5554969657026.jpg",1,65,268,325,127,390,395
"WSLP_all/011085@30.0761667918298,-90.5554888799287.jpg",1,97,262,338,131,435,393
"WSLP_all/011086@30.0767393765056,-90.555509704768.jpg",2,31,250,255,129,286,379
"WSLP_all/011087@30.0662123788231,-90.504787908549.jpg",2,128,281,500,116,628,397
"WSLP_all/011088@30.0683248977933,-90.5038440307948.jpg",2,198,270,266,123,464,393
"WSLP_all/011089@30.076774720011,-90.5545893606152.jpg",2,223,247,370,177,593,424
"WSLP_all/011090@30.0680511022797,-90.5039063784984.jpg",2,376,275,235,182,611,457
"WSLP_all/011091@30.0675757483949,-90.4869775235811.jpg",3,9,251,605,204,614,455
"WSLP_all/011092@30.0606815709705,-90.4866251006877.jpg",1,50,286,308,127,358,413
"WSLP_all/011093@30.0606312286675,-90.534527835916.jpg",1,174,257,365,186,539,443
"WSLP_all/011094@30.0714337237493,-90.5540114246583.jpg",1,125,204,461,195,586,399
"WSLP_all/011095@30.0606442180241,-90.5371231081456.jpg",1,113,271,241,149,354,420
"WSLP_all/011096@30.0606429090951,-90.5376573677208.jpg",2,23,184,587,254,610,438
"WSLP_all/011097@30.0609923211067,-90.5377146420637.jpg",2,48,218,588,189,636,407
"WSLP_all/011098@30.0593457238081,-90.5366340113659.jpg",1,72,258,541,151,613,409
"WSLP_all/011099@30.0593506919841,-90.5374558821816.jpg",2,42,242,582,169,624,411
"WSLP_all/011100@30.0586031128041,-90.536772715908.jpg",1,118,223,515,213,633,436
"WSLP_all/011101@30.0556895756668,-90.5413353098651.jpg",2,186,267,444,176,630,443
"WSLP_all/011102@30.0545916293833,-90.5448717583078.jpg",2,323,275,318,180,641,455
"WSLP_all/011103@30.0577339144485,-90.5482514546663.jpg",2,17,267,540,150,557,417
"WSLP_all/011104@30.0599853262398,-90.5482653338332.jpg",2,43,233,501,221,544,454
"WSLP_all/011105@30.0533246059115,-90.5501954278897.jpg",1,86,260,422,172,508,432
"WSLP_all/011106@30.055073844999,-90.5535703389202.jpg",1,236,280,287,108,523,388
"WSLP_all/011107@30.053314552097,-90.5461652276564.jpg",2,44,247,512,243,556,490
"WSLP_all/011108@30.0557449135774,-90.5543363932169.jpg",1,125,244,465,169,590,413
"WSLP_all/011109@30.0556065644293,-90.5566640246844.jpg",2,21,260,345,149,366,409
"WSLP_all/011110@30.0587841801424,-90.5566455874974.jpg",1,126,253,356,133,482,386
"WSLP_all/011111@30.0603608430418,-90.5567218159985.jpg",3,191,243,274,128,465,371
"WSLP_all/011112@30.0597810496835,-90.5581804885457.jpg",1,100,216,389,186,489,402
"WSLP_all/011113@30.0565441906806,-90.5602793437505.jpg",2,60,265,567,296,627,561
"WSLP_all/011114@30.0569457763803,-90.5599790849634.jpg",2,351,270,286,123,637,393
"WSLP_all/011115@30.0565411860981,-90.562229767847.jpg",3,86,285,367,142,453,427
"WSLP_all/011116@30.0589506002689,-90.5634186986267.jpg",6,234,265,186,113,420,378
"WSLP_all/011117@30.064742701282,-90.545373148069.jpg",1,238,245,258,169,496,414
"WSLP_all/011118@30.0669186014494,-90.5557444193937.jpg",2,194,198,431,248,625,446
"WSLP_all/011119@30.0687147805597,-90.556179336525.jpg",2,56,247,564,226,620,473
"WSLP_all/011120@30.0698051042639,-90.5562277429867.jpg",1,218,255,356,163,574,418
"WSLP_all/011121@30.0696677967384,-90.556548126492.jpg",1,152,207,434,200,586,407
"WSLP_all/011122@30.0693679468451,-90.5565283329504.jpg",1,202,222,429,181,631,403
"WSLP_all/011123@30.0651147202685,-90.5569408467996.jpg",3,150,200,363,158,513,358
"WSLP_all/011124@30.066106790233,-90.5569236347071.jpg",3,30,202,561,218,591,420
"WSLP_all/011125@30.0684990509023,-90.5575689100779.jpg",1,69,223,454,173,523,396
"WSLP_all/011126@30.0658634630566,-90.557984598923.jpg",2,16,264,539,188,555,452
"WSLP_all/011127@30.0621221268128,-90.5581844111258.jpg",4,257,236,125,160,382,396
"WSLP_all/011128@30.0627441383024,-90.5582586061421.jpg",2,112,253,521,161,633,414
"WSLP_all/011129@30.0641089115558,-90.5582954133393.jpg",2,92,239,527,208,619,447
"WSLP_all/011130@30.0912301690404,-90.50272366495.jpg",1,191,217,401,206,592,423
"WSLP_all/011131@30.072750364904,-90.4726935838267.jpg",1,105,255,212,115,317,370
"WSLP_all/011132@30.0724777613005,-90.4714091566173.jpg",2,8,243,540,198,548,441
"WSLP_all/011133@30.0737800044445,-90.4721566938267.jpg",1,9,267,605,124,614,391
"WSLP_all/011134@30.0730643413516,-90.4722640513039.jpg",2,292,279,334,170,626,449
"WSLP_all/011135@30.0732213009988,-90.4728823782851.jpg",3,50,199,252,196,302,395
"WSLP_all/011136@30.0730855675606,-90.4727602462509.jpg",4,270,259,161,196,431,455
"WSLP_all/011137@30.073447907185,-90.4724978611065.jpg",4,179,257,194,161,373,418
"WSLP_all/011138@30.0740243382148,-90.4722968586569.jpg",1,99,285,493,117,592,402
"WSLP_all/011139@30.0731857626201,-90.471883604144.jpg",1,52,233,384,172,436,405
"WSLP_all/011140@30.072742457839,-90.4715934034705.jpg",1,31,243,445,170,476,413
"WSLP_all/011141@30.0734303916743,-90.4719889857335.jpg",1,15,219,573,188,588,407
"WSLP_all/011142@30.0949228736497,-90.4835955478007.jpg",1,81,228,292,136,373,364
"WSLP_all/011143@30.0889670143112,-90.4629563963157.jpg",3,186,240,312,150,498,390
"WSLP_all/011144@30.0888577604987,-90.4627771085596.jpg",1,81,243,421,160,502,403
"WSLP_all/011145@30.0887433825762,-90.462642134861.jpg",3,79,244,519,149,598,393
"WSLP_all/011146@30.0886437389973,-90.4624690881275.jpg",1,70,252,357,161,427,413
"WSLP_all/011147@30.0682998009671,-90.4776829133603.jpg",5,228,258,180,117,408,375
"WSLP_all/011148@30.0710393273099,-90.4741310706172.jpg",3,56,281,449,132,505,413
"WSLP_all/011149@30.0761836945559,-90.4632609063601.jpg",6,218,257,214,121,432,378
"WSLP_all/011150@30.0755030904772,-90.4657772569928.jpg",3,137,276,311,103,448,379
"WSLP_all/011151@30.0731619651355,-90.469035164435.jpg",3,43,265,365,141,408,406
"WSLP_all/011152@30.0800358704583,-90.4642295857002.jpg",2,10,205,402,195,412,400
"WSLP_all/011153@30.0804124776538,-90.4646405076497.jpg",4,164,238,275,112,439,350
"WSLP_all/011154@30.0792217129392,-90.4654381864709.jpg",1,19,230,398,167,417,397
"WSLP_all/011155@30.0793562625124,-90.4662148281664.jpg",3,94,226,367,168,461,394
"WSLP_all/011156@30.0795237125105,-90.4654355563722.jpg",1,4,167,465,217,469,384
"WSLP_all/011157@30.0794668468868,-90.4649933925798.jpg",1,129,216,458,170,587,386
"WSLP_all/011158@30.0792237443895,-90.4644738069776.jpg",1,86,202,373,179,459,381
"WSLP_all/011159@30.0788542453134,-90.4651410124477.jpg",1,89,218,435,172,524,390
"WSLP_all/011160@30.078911947823,-90.4640749725326.jpg",3,81,175,417,226,498,401
"WSLP_all/011161@30.0787888821774,-90.4639527349392.jpg",3,139,167,437,262,576,429
"WSLP_all/011162@30.0773321156952,-90.4647527263587.jpg",4,226,236,180,202,406,438
"WSLP_all/011163@30.0758724184315,-90.4678418164731.jpg",6,214,271,262,120,476,391
"WSLP_all/011164@30.0763851321843,-90.4678089080843.jpg",1,162,234,387,153,549,387
"WSLP_all/011165@30.0766697250616,-90.468078348262.jpg",1,219,277,115,82,334,359
"WSLP_all/011166@30.0767679530077,-90.4691683034907.jpg",4,172,230,171,177,343,407
"WSLP_all/011167@30.0773050251669,-90.4684680541233.jpg",1,176,226,362,153,538,379
"WSLP_all/011168@30.0771171749384,-90.4676001971965.jpg",5,251,281,167,82,418,363
"WSLP_all/011169@30.072511962259,-90.4723921269749.jpg",4,270,357,243,93,513,450
"WSLP_all/011170@30.0697115376608,-90.4762892011813.jpg",2,30,180,332,208,362,388
"WSLP_all/011171@30.066575131682,-90.4779221811618.jpg",2,10,162,376,257,386,419
"WSLP_all/011172@30.0680456554038,-90.475538447409.jpg",3,128,218,451,146,579,364
"WSLP_all/011173@30.0693594794668,-90.4743099523814.jpg",1,54,174,382,203,436,377
"WSLP_all/011174@30.0691527296238,-90.474210564883.jpg",3,78,233,358,156,436,389
"WSLP_all/011175@30.0687137532697,-90.4737907078618.jpg",2,101,217,290,172,391,389
"WSLP_all/011176@30.0701328094523,-90.4710626959266.jpg",1,179,263,443,146,622,409
"WSLP_all/011177@30.0699663120744,-90.471256991395.jpg",2,0,241,310,190,310,431
"WSLP_all/011178@30.0706562298671,-90.470833696527.jpg",2,14,198,349,243,363,441
"WSLP_all/011179@30.0732957746948,-90.4676492008009.jpg",2,340,161,296,203,636,364
"WSLP_all/011180@30.074442327081,-90.4648664390952.jpg",4,215,287,160,112,375,399
"WSLP_all/011182@30.0666681767287,-90.4767990713488.jpg",5,86,276,480,166,566,442
"WSLP_all/011183@30.055983158225,-90.4629978384216.jpg",3,245,243,385,155,630,398
"WSLP_all/011184@30.0564855022203,-90.4613054129668.jpg",4,197,240,193,172,390,412
"WSLP_all/011185@30.0614782610431,-90.4375394739006.jpg",1,126,248,304,137,430,385
"WSLP_all/011186@30.0679190201515,-90.5008534925057.jpg",1,146,252,370,167,516,419
"WSLP_all/011187@30.0677460533414,-90.5008359684382.jpg",1,197,256,332,152,529,408
"WSLP_all/011188@30.0675853132543,-90.5007993735512.jpg",1,124,260,356,133,480,393
"WSLP_all/011189@30.0664681958861,-90.4915235835083.jpg",2,275,274,362,193,637,467
"WSLP_all/011190@30.0630626614586,-90.4931298460917.jpg",2,464,269,166,199,630,468
"WSLP_all/011191@30.0613279594104,-90.4971561166032.jpg",1,416,286,169,100,585,386
"WSLP_all/011192@30.0613578397226,-90.4969725127466.jpg",1,170,282,170,94,340,376
"WSLP_all/011193@30.0595735246359,-90.5368756027863.jpg",2,230,259,401,138,631,397
"WSLP_all/011194@30.0527046407641,-90.5396773807066.jpg",2,156,256,467,180,623,436
"WSLP_all/011195@30.0548790903819,-90.5416199216352.jpg",2,0,221,501,214,501,435
"WSLP_all/011196@30.0567977980223,-90.5491818729773.jpg",1,10,231,596,198,606,429
"WSLP_all/011197@30.0562683789251,-90.5500616607927.jpg",1,4,170,574,296,578,466
"WSLP_all/011198@30.0563965642812,-90.552333485272.jpg",1,173,252,319,163,492,415
"WSLP_all/011199@30.0603696968942,-90.5528460848993.jpg",2,32,218,583,223,615,441
"WSLP_all/011200@30.0546775724228,-90.5547525083726.jpg",2,72,179,552,251,624,430
"WSLP_all/011201@30.0559296504589,-90.5565066144879.jpg",2,25,195,588,220,613,415
"WSLP_all/011202@30.0561852641243,-90.5564951391729.jpg",1,126,216,427,174,553,390
"WSLP_all/011204@30.060649072291,-90.5567575050151.jpg",1,167,226,357,161,524,387
"WSLP_all/011205@30.0581167096066,-90.5588920459948.jpg",3,289,271,291,159,580,430
"WSLP_all/011206@30.0560731898656,-90.5600111434821.jpg",2,162,196,444,276,606,472
"WSLP_all/011207@30.0679573890934,-90.5584804670144.jpg",1,220,247,351,171,571,418
"WSLP_all/011208@30.0707904047085,-90.5558975813177.jpg",2,7,185,396,250,403,435
"WSLP_all/011209@30.0705720321968,-90.5559056078148.jpg",2,21,239,433,213,454,452
"WSLP_all/011210@30.0684242664664,-90.5552394813403.jpg",1,108,252,459,165,567,417
"WSLP_all/011211@30.0623815962364,-90.545312781493.jpg",1,202,236,333,160,535,396
"WSLP_all/011212@30.0625316263181,-90.545289466321.jpg",1,143,220,307,166,450,386
"WSLP_all/011213@30.0627938841681,-90.5453316510035.jpg",1,185,235,352,147,537,382
"WSLP_all/011214@30.0629242392645,-90.545333781733.jpg",1,206,246,344,144,550,390
"WSLP_all/011215@30.0632028974196,-90.5453410626258.jpg",1,233,283,304,104,537,387
"WSLP_all/011216@30.0634891435384,-90.5453387996105.jpg",1,205,253,287,136,492,389
"WSLP_all/011217@30.0636196120733,-90.5453598974121.jpg",1,208,240,318,160,526,400
"WSLP_all/011218@30.0648746225517,-90.5453657824207.jpg",1,160,244,333,155,493,399
"WSLP_all/011219@30.0669416588099,-90.5454537689181.jpg",1,180,217,335,191,515,408
"WSLP_all/011220@30.0670836024573,-90.545471615458.jpg",1,159,247,341,146,500,393
"WSLP_all/011221@30.0672203266125,-90.5454673732387.jpg",1,183,242,330,163,513,405
"WSLP_all/011222@30.067344264792,-90.5454632320798.jpg",1,189,241,285,159,474,400
"WSLP_all/011223@30.0681764566104,-90.5455009141734.jpg",1,219,250,334,141,553,391
"WSLP_all/011224@30.0683131429297,-90.5454903493006.jpg",1,176,216,355,175,531,391
"WSLP_all/011225@30.075153205285,-90.5456544333253.jpg",1,277,260,360,145,637,405
"WSLP_all/011226@30.0754910743548,-90.5456675714259.jpg",1,256,255,366,153,622,408
"WSLP_all/011227@30.0717166306388,-90.5564657646257.jpg",1,82,277,480,130,562,407
"WSLP_all/011228@30.0731373745719,-90.5553165032066.jpg",1,114,286,339,123,453,409
"WSLP_all/011229@30.0729776227216,-90.555295618977.jpg",1,70,278,338,124,408,402
"WSLP_all/011230@30.0724647115954,-90.5553217543284.jpg",1,110,288,303,108,413,396
"WSLP_all/011231@30.0723010719925,-90.5552850925932.jpg",1,112,269,277,117,389,386
"WSLP_all/011232@30.0721260772744,-90.5552580044053.jpg",1,168,266,328,154,496,420
"WSLP_all/011233@30.0720044016385,-90.5552494695644.jpg",2,390,278,244,118,634,396
"WSLP_all/011234@30.0718336204487,-90.5552887418623.jpg",2,418,235,215,155,633,390
"WSLP_all/011235@30.0716814852902,-90.5552677984874.jpg",1,37,259,306,143,343,402
"WSLP_all/011236@30.0714928196002,-90.5548582659741.jpg",1,141,257,366,151,507,408
"WSLP_all/011237@30.0716676649757,-90.5548600618342.jpg",1,163,277,296,144,459,421
"WSLP_all/011238@30.0718387449409,-90.5548713718613.jpg",1,263,256,367,163,630,419
"WSLP_all/011239@30.0719907204182,-90.554860700033.jpg",1,186,258,332,150,518,408
"WSLP_all/011240@30.0721123690156,-90.5548692346095.jpg",1,103,258,344,159,447,417
"WSLP_all/011241@30.0722986815273,-90.5548804257239.jpg",1,170,256,368,147,538,403
"WSLP_all/011242@30.0724543495888,-90.5548570786072.jpg",1,136,256,349,154,485,410
"WSLP_all/011243@30.0726253818719,-90.5548557426587.jpg",1,132,245,352,177,484,422
"WSLP_all/011244@30.0728420147709,-90.5548603737428.jpg",1,277,239,322,176,599,415
"WSLP_all/011245@30.0730130648211,-90.5548621992761.jpg",1,280,252,339,166,619,418
"WSLP_all/011246@30.0731309750559,-90.5548802480143.jpg",1,151,258,366,145,517,403
"WSLP_all/011247@30.0733021754392,-90.5549073654486.jpg",1,260,247,330,167,590,414
"WSLP_all/011248@30.0715522919352,-90.5507540696211.jpg",1,73,240,278,135,351,375
"WSLP_all/011249@30.0718195928357,-90.5512198860701.jpg",1,184,200,383,193,567,393
"WSLP_all/011250@30.072058364508,-90.5512527897976.jpg",1,126,233,371,134,497,367
"WSLP_all/011251@30.07245216546,-90.5511548514501.jpg",1,174,235,454,172,628,407
"WSLP_all/011252@30.0728601231033,-90.5512275284812.jpg",1,134,227,346,149,480,376
"WSLP_all/011253@30.0736480051137,-90.5511992140177.jpg",1,150,206,406,175,556,381
"WSLP_all/011254@30.0748209354735,-90.551215302324.jpg",1,90,246,353,143,443,389
"WSLP_all/011255@30.0754855259899,-90.5513650099817.jpg",1,87,251,284,131,371,382
"WSLP_all/011256@30.0759387607182,-90.5512918960196.jpg",1,183,220,262,147,445,367
"WSLP_all/011257@30.0782674677244,-90.5515012716736.jpg",1,209,283,272,112,481,395
"WSLP_all/011258@30.0920706585842,-90.5059800912498.jpg",1,244,259,351,136,595,395
"WSLP_all/011259@30.0879787623505,-90.5053942920371.jpg",1,182,253,349,148,531,401
"WSLP_all/011260@30.07752588482,-90.5041784791205.jpg",1,175,200,351,187,526,387
"WSLP_all/011261@30.077557502943,-90.504190863154.jpg",1,253,188,359,225,612,413
"WSLP_all/011262@30.0777445474554,-90.5050651221311.jpg",1,223,259,326,142,549,401
"WSLP_all/011263@30.0777899722832,-90.5048592288005.jpg",1,253,278,332,137,585,415
"WSLP_all/011264@30.0837997890478,-90.5132549070146.jpg",5,230,266,207,112,437,378
"WSLP_all/011265@30.0888446071937,-90.5155976391742.jpg",1,73,280,346,122,419,402
"WSLP_all/011266@30.0891462964262,-90.5155761905505.jpg",2,1,228,353,192,354,420
"WSLP_all/011267@30.0891215283688,-90.5158167174085.jpg",1,199,258,351,165,550,423
"WSLP_all/011268@30.0856808402798,-90.51244575498.jpg",1,57,266,351,128,408,394
"WSLP_all/011269@30.0857864693404,-90.5124954773731.jpg",1,215,226,393,187,608,413
"WSLP_all/011270@30.0870480590661,-90.5124850851983.jpg",1,129,285,341,136,470,421
"WSLP_all/011271@30.0879625909578,-90.5133313215036.jpg",2,31,243,424,210,455,453
"WSLP_all/011272@30.0880924593368,-90.5133745223025.jpg",1,175,265,363,135,538,400
"WSLP_all/011273@30.0894998288918,-90.5140111834713.jpg",1,131,252,385,149,516,401
"WSLP_all/011274@30.0896257734316,-90.5140733920511.jpg",1,161,253,340,131,501,384
"WSLP_all/011275@30.0867781062912,-90.5133284203153.jpg",1,111,260,322,128,433,388
"WSLP_all/011276@30.0861197816386,-90.5130745500006.jpg",1,82,265,328,132,410,397
"WSLP_all/011277@30.0854118614856,-90.5127167436466.jpg",1,168,276,350,124,518,400
"WSLP_all/011278@30.0902422429907,-90.5006511832151.jpg",1,179,209,452,190,631,399
"WSLP_all/011279@30.0894490710711,-90.5003194599678.jpg",1,179,231,404,144,583,375
"WSLP_all/011280@30.0893163313489,-90.500175110823.jpg",2,260,220,365,161,625,381
"WSLP_all/011281@30.08918124412,-90.5000118077917.jpg",2,295,188,332,197,627,385
"WSLP_all/011282@30.088923426576,-90.502682812449.jpg",2,161,214,425,187,586,401
"WSLP_all/011283@30.0907544009903,-90.5031134184128.jpg",1,102,242,346,129,448,371
"WSLP_all/011284@30.090943666182,-90.50315611331.jpg",1,57,222,439,173,496,395
"WSLP_all/011285@30.0911724526773,-90.5031953158728.jpg",3,127,239,346,166,473,405
"WSLP_all/011286@30.0916083060247,-90.5033181735531.jpg",1,87,231,337,154,424,385
"WSLP_all/011287@30.0918165056277,-90.5032278969235.jpg",3,131,233,292,160,423,393
"WSLP_all/011288@30.0920112471046,-90.5030966219771.jpg",1,39,251,387,156,426,407
"WSLP_all/011289@30.0922130267848,-90.5030348581716.jpg",1,92,244,387,150,479,394
"WSLP_all/011290@30.0923784337114,-90.5031315094632.jpg",1,238,276,268,112,506,388
"WSLP_all/011291@30.0905941177154,-90.4930842701349.jpg",2,245,248,376,143,621,391
"WSLP_all/011292@30.0832261626312,-90.5008268012808.jpg",1,88,239,370,148,458,387
"WSLP_all/011293@30.0822512207845,-90.4993551624471.jpg",3,147,231,354,129,501,360
"WSLP_all/011294@30.0835885561021,-90.5002293230676.jpg",1,89,197,442,186,531,383
"WSLP_all/011295@30.0851090850556,-90.4977976643883.jpg",2,207,210,409,175,616,385
"WSLP_all/011296@30.0842242560014,-90.4952154105227.jpg",1,155,169,364,189,519,358
"WSLP_all/011297@30.0855337333647,-90.4947617118381.jpg",2,6,218,551,164,557,382
"WSLP_all/011298@30.0846835667186,-90.4940669005454.jpg",1,127,210,359,204,486,414
"WSLP_all/011299@30.0826768668225,-90.4949438502292.jpg",1,117,233,402,182,519,415
"WSLP_all/011300@30.0825917120651,-90.4953081892672.jpg",1,70,206,380,158,450,364
"WSLP_all/011301@30.0831838835534,-90.4936526658981.jpg",3,114,229,459,143,573,372
"WSLP_all/011302@30.0741248319283,-90.4863148651297.jpg",4,264,262,217,136,481,398
"WSLP_all/011303@30.0819239621824,-90.4936316628789.jpg",3,30,266,486,134,516,400
"WSLP_all/011304@30.0816855672309,-90.4936558049977.jpg",3,185,253,372,152,557,405
"WSLP_all/011305@30.0815639488914,-90.493691610688.jpg",3,25,194,508,254,533,448
"WSLP_all/011307@30.0819830840504,-90.4939726527541.jpg",2,153,217,480,179,633,396
"WSLP_all/011310@30.0812130921312,-90.4938463376907.jpg",3,251,238,268,129,519,367
"WSLP_all/011312@30.0808200089347,-90.4952124222969.jpg",1,141,268,458,133,599,401
"WSLP_all/011313@30.0980403051361,-90.4837049456715.jpg",1,105,260,345,136,450,396
"WSLP_all/011314@30.0981469954813,-90.484130965217.jpg",1,165,245,355,152,520,397
"WSLP_all/011315@30.0974634868286,-90.4853638078203.jpg",1,94,274,375,129,469,403
"WSLP_all/011316@30.0935586086607,-90.481829973119.jpg",1,109,241,361,138,470,379
"WSLP_all/011317@30.0937269360509,-90.4799058579454.jpg",1,114,257,322,104,436,361
"WSLP_all/011318@30.0602412262941,-90.4347244372828.jpg",1,53,208,508,173,561,381
"WSLP_all/011319@30.0624923352243,-90.4341983314216.jpg",1,88,247,370,134,458,381
"WSLP_all/011320@30.0536470508434,-90.4594778803773.jpg",6,217,289,200,89,417,378
"WSLP_all/011321@30.0816523591168,-90.52980935312.jpg",2,7,212,420,237,427,449
"WSLP_all/011322@30.0822150812305,-90.529213536241.jpg",1,231,253,216,154,447,407
"WSLP_all/011323@30.0795619097351,-90.5216591755291.jpg",5,99,323,165,99,264,422
"WSLP_all/011324@30.0776190877877,-90.5166572545073.jpg",6,227,280,222,91,449,371
"WSLP_all/011325@30.0762885889374,-90.5115208473706.jpg",6,238,280,182,89,420,369
"WSLP_all/011327@30.0802435575938,-90.5042570469018.jpg",2,281,215,356,197,637,412
"WSLP_all/011328@30.0812350355209,-90.5043215227815.jpg",4,217,301,139,87,356,388
"WSLP_all/011329@30.0804685298656,-90.5034457363326.jpg",1,92,253,319,177,411,430
"WSLP_all/011330@30.0920447686452,-90.506350288585.jpg",2,32,182,557,266,589,448
"WSLP_all/011331@30.0885640557432,-90.5050732156069.jpg",1,106,262,324,145,430,407
"WSLP_all/011332@30.0762496431924,-90.5057952606341.jpg",3,346,257,222,141,568,398
"WSLP_all/011333@30.0781013700269,-90.5044709004821.jpg",2,282,203,342,216,624,419
"WSLP_all/011334@30.0867176669163,-90.5141289216922.jpg",1,245,233,370,167,615,400
"WSLP_all/011336@30.0886679373641,-90.5150362297745.jpg",1,145,251,359,136,504,387
"WSLP_all/011337@30.0887662190719,-90.5150765303451.jpg",2,17,251,358,146,375,397
"WSLP_all/011338@30.0888899577105,-90.515527700115.jpg",2,169,258,267,128,436,386
"WSLP_all/011339@30.0902601642685,-90.5156587534668.jpg",1,325,173,283,236,608,409
"WSLP_all/011340@30.0905059785806,-90.5157705749196.jpg",1,70,224,378,172,448,396
"WSLP_all/011341@30.0851917787393,-90.5117130332078.jpg",1,223,265,348,144,571,409
"WSLP_all/011342@30.0854698981987,-90.5118277349709.jpg",1,76,258,327,145,403,403
"WSLP_all/011343@30.0861028252139,-90.5120343751062.jpg",1,96,266,338,134,434,400
"WSLP_all/011344@30.0867149736537,-90.5123265637464.jpg",1,98,272,325,140,423,412
"WSLP_all/011345@30.0890471748306,-90.513325558443.jpg",2,188,269,410,134,598,403
"WSLP_all/011346@30.0903046643572,-90.5137610781542.jpg",2,247,242,389,153,636,395
"WSLP_all/011347@30.0890436207955,-90.5021505701038.jpg",1,144,250,354,149,498,399
"WSLP_all/011348@30.091034452164,-90.5026652145592.jpg",2,164,211,457,190,621,401
"WSLP_all/011349@30.0914489402666,-90.5027313279614.jpg",1,162,206,414,192,576,398
"WSLP_all/011350@30.0916904650458,-90.5026407724262.jpg",1,260,242,348,149,608,391
"WSLP_all/011351@30.0919033110448,-90.5025504545257.jpg",1,209,228,428,170,637,398
"WSLP_all/011352@30.0921067276567,-90.5024823515573.jpg",3,196,248,354,143,550,391
"WSLP_all/011353@30.0923076321862,-90.5025217855092.jpg",1,143,188,409,218,552,406
"WSLP_all/011354@30.0926037566604,-90.5025035051834.jpg",1,298,232,314,127,612,359
"WSLP_all/011355@30.0926959764482,-90.4915486593978.jpg",2,26,199,432,228,458,427
"WSLP_all/011356@30.086601469524,-90.4899748390557.jpg",2,18,268,400,135,418,403
"WSLP_all/011357@30.0886180589694,-90.4911340853144.jpg",1,43,264,383,115,426,379
"WSLP_all/011358@30.0858906678543,-90.493104957727.jpg",4,215,222,143,156,358,378
"WSLP_all/011359@30.0859431873778,-90.493151945528.jpg",3,194,212,405,181,599,393
"WSLP_all/011361@30.0852652819204,-90.4927402733552.jpg",4,220,300,97,89,317,389
"WSLP_all/011362@30.085791275999,-90.4928054011571.jpg",2,4,185,430,214,434,399
"WSLP_all/011363@30.0856888287997,-90.4925659506549.jpg",2,282,239,331,179,613,418
"WSLP_all/011364@30.084127269085,-90.4989631847216.jpg",3,236,232,362,178,598,410
"WSLP_all/011365@30.0840616384729,-90.4984957599056.jpg",2,259,205,378,133,637,338
"WSLP_all/011366@30.0848405854691,-90.4961809650722.jpg",1,184,198,383,183,567,381
"WSLP_all/011367@30.084898347103,-90.4954089475796.jpg",3,50,193,471,220,521,413
"WSLP_all/011368@30.0849528821487,-90.4952282544024.jpg",2,440,211,183,177,623,388
"WSLP_all/011369@30.0850817426011,-90.4946927890728.jpg",1,143,221,478,153,621,374
"WSLP_all/011370@30.0841443956802,-90.4945362543468.jpg",1,122,223,471,164,593,387
"WSLP_all/011371@30.0834342165613,-90.4950671189627.jpg",1,57,211,446,170,503,381
"WSLP_all/011372@30.0830922789167,-90.4954873739781.jpg",3,161,152,454,249,615,401
"WSLP_all/011373@30.0826225141085,-90.4935941573029.jpg",1,91,208,492,181,583,389
"WSLP_all/011374@30.0845235880554,-90.4845253172926.jpg",1,204,233,274,148,478,381
"WSLP_all/011375@30.0976524626045,-90.4820764429915.jpg",1,76,204,443,204,519,408
"WSLP_all/011376@30.0983358366065,-90.4827979662857.jpg",1,76,228,426,182,502,410
"WSLP_all/011377@30.0788997844416,-90.4960506465124.jpg",1,82,233,457,168,539,401
"WSLP_all/011378@30.0984905372257,-90.48344494855.jpg",1,74,234,429,159,503,393
"WSLP_all/011379@30.0931425479719,-90.4810714196961.jpg",1,28,164,536,233,564,397
"WSLP_all/011380@30.0907626091407,-90.4811645059939.jpg",1,72,243,407,118,479,361
"WSLP_all/011381@30.0930966276808,-90.4802812423596.jpg",1,102,227,443,149,545,376
"WSLP_all/011382@30.0931200560051,-90.4799584899417.jpg",1,58,211,394,159,452,370
"WSLP_all/011383@30.0604031150589,-90.4341729201838.jpg",3,191,221,298,154,489,375
"WSLP_all/011384@30.0601533280317,-90.4341625285433.jpg",1,89,235,317,143,406,378
"WSLP_all/011385@30.0597069497341,-90.4341475879747.jpg",3,148,254,302,128,450,382
"WSLP_all/011386@30.0979250945181,-90.5004668033944.jpg",3,18,239,563,150,581,389
"WSLP_all/011387@30.0983733747613,-90.4996756086834.jpg",3,153,247,377,124,530,371
"WSLP_all/011388@30.0819400206453,-90.4950954974654.jpg",4,196,272,216,124,412,396
"WSLP_all/011390@30.0817241726352,-90.4946831020458.jpg",6,242,282,169,83,411,365
"WSLP_all/011391@30.0820090925762,-90.4944467223556.jpg",1,184,255,361,133,545,388
"WSLP_all/011392@30.0762600127727,-90.4952507713613.jpg",1,174,236,385,163,559,399
"WSLP_all/011393@30.0764126402844,-90.4951356652062.jpg",1,159,258,376,140,535,398
"WSLP_all/011394@30.0768372702063,-90.494828564416.jpg",1,170,243,360,146,530,389
"WSLP_all/011395@30.076969699162,-90.4947199504294.jpg",1,139,251,382,135,521,386
"WSLP_all/011396@30.0771021000589,-90.4946113363895.jpg",1,136,243,367,145,503,388
"WSLP_all/011397@30.077234629474,-90.4945185298083.jpg",1,218,245,353,149,571,394
"WSLP_all/011398@30.0773670782896,-90.4944130755402.jpg",1,221,247,367,143,588,390
"WSLP_all/011399@30.0776484630917,-90.4941830587359.jpg",1,164,253,388,142,552,395
"WSLP_all/011400@30.0777838302718,-90.4940997125267.jpg",1,209,257,355,153,564,410
"WSLP_all/011401@30.0779386629579,-90.4940288493052.jpg",1,247,247,346,141,593,388
"WSLP_all/011402@30.0831748165703,-90.4810112176587.jpg",3,143,259,292,153,435,412
"WSLP_all/011403@30.0837590383885,-90.4833081431021.jpg",2,21,251,441,138,462,389
"WSLP_all/011404@30.0727522851231,-90.5022453373618.jpg",1,135,256,493,170,628,426
"WSLP_all/011405@30.0689269197943,-90.5016322886767.jpg",1,184,245,282,176,466,421
"WSLP_all/011406@30.0682734075684,-90.5016219346949.jpg",1,116,279,238,129,354,408
"WSLP_all/011407@30.0643330345769,-90.5112558681869.jpg",2,20,229,353,224,373,453
"WSLP_all/011408@30.070349429035,-90.5011461849276.jpg",1,98,295,214,86,312,381
"WSLP_all/011409@30.0704654064257,-90.501100954835.jpg",1,63,269,271,105,334,374
"WSLP_all/011410@30.0705496694044,-90.5009453351352.jpg",2,27,240,257,112,284,352
"WSLP_all/011411@30.0698769868068,-90.4921460685301.jpg",1,224,270,128,82,352,352
"WSLP_all/011412@30.0689297271429,-90.4906460233054.jpg",6,238,288,180,84,418,372
"WSLP_all/011413@30.0692887462868,-90.4887776898246.jpg",3,37,228,406,182,443,410
"WSLP_all/011414@30.065066443783,-90.4857405995016.jpg",3,208,251,209,136,417,387
"WSLP_all/011415@30.0632494329334,-90.4864736726061.jpg",1,46,258,507,188,553,446
"WSLP_all/011416@30.0605110971461,-90.5098869608798.jpg",1,56,254,401,176,457,430
"WSLP_all/011417@30.0607242126828,-90.5088672791353.jpg",4,134,267,220,116,354,383
"WSLP_all/011418@30.0520483817423,-90.5300953977865.jpg",3,129,294,394,129,523,423
"WSLP_all/011419@30.0511357589927,-90.5347398462084.jpg",1,227,268,313,146,540,414
"WSLP_all/011420@30.059057955418,-90.5373760288576.jpg",1,75,243,472,155,547,398
"WSLP_all/011421@30.0586078955045,-90.5373227217448.jpg",1,33,242,509,169,542,411
"WSLP_all/011422@30.0531517141097,-90.5365349483652.jpg",1,99,248,339,145,438,393
"WSLP_all/011423@30.057365153069,-90.5475494271044.jpg",1,187,251,420,184,607,435
"WSLP_all/011424@30.0573672496648,-90.5473154862554.jpg",2,210,254,420,192,630,446
"WSLP_all/011425@30.0537310923123,-90.5487033956767.jpg",1,141,278,294,159,435,437
"WSLP_all/011426@30.0543272821902,-90.55062061137.jpg",2,90,238,521,380,611,618
"WSLP_all/011427@30.0558408541261,-90.5505233773554.jpg",4,127,310,307,122,434,432
"WSLP_all/011428@30.0571222561769,-90.5506018253591.jpg",2,58,149,481,282,539,431
"WSLP_all/011429@30.0574667202899,-90.5529035877813.jpg",1,202,294,301,151,503,445
"WSLP_all/011430@30.0571828447384,-90.5543283167853.jpg",2,218,116,370,323,588,439
"WSLP_all/011431@30.0578137521648,-90.5622799849506.jpg",3,90,278,297,112,387,390
"WSLP_all/011432@30.0651238105378,-90.5578164764041.jpg",4,157,317,303,95,460,412
"WSLP_all/011433@30.0614358747145,-90.554459462394.jpg",1,76,192,402,238,478,430
"WSLP_all/011434@30.0632122238555,-90.5516604623249.jpg",1,120,269,336,150,456,419
"WSLP_all/011435@30.0681224295651,-90.5516788589404.jpg",2,0,269,355,152,355,421
"WSLP_all/011436@30.0748377975519,-90.5452680385112.jpg",2,0,264,389,157,389,421
"WSLP_all/011437@30.0714284111528,-90.545958929406.jpg",1,60,244,553,193,613,437
"WSLP_all/011438@30.0715935759884,-90.5459513014017.jpg",1,50,272,403,151,453,423
"WSLP_all/011439@30.0755632615587,-90.5460685381984.jpg",1,6,277,361,124,367,401
"WSLP_all/011440@30.0719495720548,-90.5555945105495.jpg",2,17,229,333,229,350,458
"WSLP_all/011441@30.0765713833818,-90.5567440948957.jpg",3,156,232,288,175,444,407
"WSLP_all/011442@30.0717095069258,-90.5505283629773.jpg",1,152,257,239,127,391,384
"WSLP_all/011443@30.0721045152293,-90.5506106233834.jpg",1,109,255,290,131,399,386
"WSLP_all/011444@30.0722551410833,-90.5511690441265.jpg",1,223,229,350,165,573,394
"WSLP_all/011445@30.0726368950527,-90.5511818561297.jpg",2,211,247,415,144,626,391
"WSLP_all/011446@30.0736403721169,-90.5506270158707.jpg",1,118,256,275,125,393,381
"WSLP_all/011447@30.0745936500229,-90.5513245828307.jpg",2,405,228,206,177,611,405
"WSLP_all/011448@30.0749917955373,-90.5506385339516.jpg",1,175,232,354,154,529,386
"WSLP_all/011449@30.0751864925697,-90.55128831405.jpg",1,91,218,382,181,473,399
"WSLP_all/011450@30.0759700879808,-90.5510197427164.jpg",1,211,229,273,140,484,369
"WSLP_all/011451@30.0757130255159,-90.5419160242112.jpg",6,209,278,216,95,425,373
"WSLP_all/011452@30.0322663616591,-90.4585054219154.jpg",2,41,220,365,206,406,426
"WSLP_all/011453@30.0447227960337,-90.4675022263409.jpg",1,88,246,325,115,413,361
"WSLP_all/011454@30.0446871017227,-90.4670379066331.jpg",6,233,279,179,99,412,378
"WSLP_all/011455@30.0486941901624,-90.4700754524833.jpg",6,214,281,206,82,420,363
"WSLP_all/011456@30.0522663578009,-90.4621578571222.jpg",6,235,282,202,90,437,372
"WSLP_all/011457@30.0542889521782,-90.4641284816587.jpg",1,203,245,218,130,421,375
"WSLP_all/011458@30.0605288476347,-90.4756252652113.jpg",2,67,242,381,166,448,408
"WSLP_all/011459@30.0604130724361,-90.4755567142641.jpg",2,263,254,310,149,573,403
"WSLP_all/011460@30.0600536760812,-90.4757147071394.jpg",1,55,258,441,153,496,411
"WSLP_all/011461@30.0598578057691,-90.4766363090956.jpg",2,16,212,452,167,468,379
"WSLP_all/011462@30.0731541201876,-90.4836736568888.jpg",1,101,277,311,119,412,396
"WSLP_all/011463@30.0732683429601,-90.4835746711417.jpg",1,65,258,333,140,398,398
"WSLP_all/011464@30.0733967452513,-90.4835166666939.jpg",1,140,264,272,131,412,395
"WSLP_all/011465@30.0735246434018,-90.4833764634813.jpg",1,129,260,262,148,391,408
"WSLP_all/011466@30.0736215631201,-90.4832934339141.jpg",1,144,254,326,144,470,398
"WSLP_all/011467@30.0868814470255,-90.4607738017391.jpg",4,163,272,100,83,263,355
"WSLP_all/011468@30.0856029630475,-90.4597162254195.jpg",3,85,257,280,116,365,373
"WSLP_all/011469@30.0845079480305,-90.463494940686.jpg",1,152,229,332,162,484,391
"WSLP_all/011470@30.0810864549831,-90.4757455479822.jpg",1,49,259,430,105,479,364
"WSLP_all/011471@30.0828813824107,-90.4761285067465.jpg",3,70,276,446,163,516,439
"WSLP_all/011472@30.0930697729558,-90.4713417109273.jpg",1,165,231,424,166,589,397
"WSLP_all/011473@30.0915325332494,-90.4678607436015.jpg",1,108,266,286,142,394,408
"WSLP_all/011474@30.0916443180624,-90.4677775547247.jpg",1,169,271,348,152,517,423
"WSLP_all/011475@30.0759985031431,-90.4823214773402.jpg",3,163,232,328,167,491,399
"WSLP_all/011476@30.0980875609829,-90.4819430660431.jpg",1,149,256,264,152,413,408
"WSLP_all/011477@30.0979958834799,-90.4817604275966.jpg",1,69,235,348,148,417,383
"WSLP_all/011478@30.0973341022846,-90.4811557381685.jpg",1,152,247,346,159,498,406
"WSLP_all/011479@30.0971644794256,-90.4813026593639.jpg",1,54,251,360,157,414,408
"WSLP_all/011480@30.0970220767477,-90.4813513140748.jpg",1,132,259,315,135,447,394
"WSLP_all/011481@30.0968100598659,-90.4813974004403.jpg",1,88,269,336,126,424,395
"WSLP_all/011482@30.0966014253596,-90.481430808158.jpg",1,184,257,221,127,405,384
"WSLP_all/011483@30.0963782667517,-90.4819102359727.jpg",1,169,234,290,129,459,363
"WSLP_all/011484@30.0978504351893,-90.4813379060508.jpg",1,64,238,349,161,413,399
"WSLP_all/011485@30.0978073180514,-90.4811295538881.jpg",2,145,248,487,150,632,398
"WSLP_all/011486@30.0975909159748,-90.4805020832212.jpg",1,100,228,454,170,554,398
"WSLP_all/011487@30.0975268244509,-90.4802781004962.jpg",1,149,221,389,165,538,386
"WSLP_all/011488@30.0974906423661,-90.480066527653.jpg",1,196,211,373,174,569,385
"WSLP_all/011489@30.0973746198856,-90.4798872639786.jpg",1,153,229,403,168,556,397
"WSLP_all/011490@30.0972445550576,-90.4796923079674.jpg",1,152,227,397,152,549,379
"WSLP_all/011491@30.0971043749948,-90.4795448761749.jpg",1,224,280,324,110,548,390
"WSLP_all/011492@30.0969569040133,-90.4793500713583.jpg",1,152,242,377,156,529,398
"WSLP_all/011493@30.0968409215341,-90.4791771328721.jpg",1,157,240,369,154,526,394
"WSLP_all/011494@30.0966039285465,-90.4791285663724.jpg",1,77,235,426,175,503,410
"WSLP_all/011495@30.0962969774731,-90.4790331642804.jpg",1,136,226,391,164,527,390
"WSLP_all/011496@30.09627752141,-90.478717092715.jpg",1,205,255,291,152,496,407
"WSLP_all/011497@30.0958788485927,-90.4789671773625.jpg",1,70,238,403,167,473,405
"WSLP_all/011498@30.0956666470887,-90.4789848086757.jpg",1,68,217,355,157,423,374
"WSLP_all/011499@30.0954865232274,-90.4791191717596.jpg",1,125,238,355,165,480,403
"WSLP_all/011500@30.0952986164898,-90.4791302697189.jpg",1,224,247,330,153,554,400
"WSLP_all/017001@30.0567988479546,-90.7512620376389.jpg",6,224,265,172,90,396,355
"WSLP_all/017002@30.050321042269,-90.7552159015841.jpg",5,169,256,135,161,304,417
"WSLP_all/017004@30.0468229623557,-90.7461464935837.jpg",6,222,279,197,91,419,370
"WSLP_all/017005@30.04678344216,-90.7469045199182.jpg",6,219,272,227,101,446,373
"WSLP_all/017006@30.0458014859978,-90.7466712808776.jpg",6,214,276,222,112,436,388
"WSLP_all/017007@30.0453782379701,-90.7469688564549.jpg",5,168,238,234,197,402,435
"WSLP_all/017008@30.0420486252065,-90.7455229272663.jpg",1,129,303,315,131,444,434
"WSLP_all/017009@30.0420142905442,-90.745691590623.jpg",1,202,299,326,148,528,447
"WSLP_all/017010@30.0432241993189,-90.7485175386181.jpg",5,183,290,168,104,351,394
"WSLP_all/017011@30.0412051748987,-90.7452529920281.jpg",5,114,292,197,105,311,397
"WSLP_all/017012@30.0519084787878,-90.7245804129851.jpg",6,199,292,226,96,425,388
"WSLP_all/017017@30.0163829913033,-90.4637934881995.jpg",1,73,231,401,193,474,424
"WSLP_all/017018@30.0051397009174,-90.4613324214257.jpg",6,219,277,195,81,414,358
"WSLP_all/017019@30.0044588573725,-90.4627161573494.jpg",3,22,262,592,132,614,394
"WSLP_all/017020@30.0035461380333,-90.4606638519258.jpg",1,197,304,224,121,421,425
"WSLP_all/017021@30.0594901649698,-90.5514051428261.jpg",1,198,281,245,104,443,385
"WSLP_all/017022@30.0546644665613,-90.5509720011624.jpg",2,216,256,350,158,566,414
"WSLP_all/017023@30.0589545106374,-90.5486148606778.jpg",6,232,278,176,85,408,363
"WSLP_all/017024@30.0557855893902,-90.548551296473.jpg",2,0,126,470,512,470,638
"WSLP_all/017025@30.0532786303687,-90.5485046523783.jpg",1,110,278,300,161,410,439
"WSLP_all/017026@30.0605997930834,-90.5484059106084.jpg",4,257,242,180,158,437,400
"WSLP_all/017027@30.0720306981446,-90.5168769365537.jpg",6,208,279,216,139,424,418
"WSLP_all/017028@30.0432623397687,-90.4456460084631.jpg",3,224,283,203,99,427,382
"WSLP_all/017029@30.0636027269381,-90.5515720430841.jpg",2,274,246,367,177,641,423
"WSLP_all/017030@30.0532249882965,-90.5471964211168.jpg",1,212,270,203,108,415,378
"WSLP_all/017031@30.0549229805389,-90.5468163472379.jpg",4,182,256,230,122,412,378
"WSLP_all/017032@30.0576507497625,-90.5466367668708.jpg",4,341,216,132,186,473,402
"WSLP_all/017033@30.0520882251427,-90.5395937815786.jpg",4,189,293,185,136,374,429
"WSLP_all/017034@30.0528417745099,-90.5431944703149.jpg",1,105,219,338,180,443,399
"WSLP_all/017035@30.0537379474817,-90.5422453832921.jpg",1,143,294,419,123,562,417
"WSLP_all/017036@30.0561594296596,-90.5419827618887.jpg",3,128,267,305,144,433,411
"WSLP_all/017037@30.0536837939665,-90.5415756779664.jpg",1,210,311,246,103,456,414
"WSLP_all/017039@30.1001405288311,-90.4822227977508.jpg",4,184,303,115,109,299,412
"WSLP_all/017040@30.0934592223948,-90.4698489021432.jpg",2,282,224,282,234,564,458
"WSLP_all/017044@30.0705246532414,-90.4768829068453.jpg",5,94,290,185,97,279,387
"WSLP_all/017045@30.0815590589828,-90.4958828549094.jpg",2,40,230,353,181,393,411
"WSLP_all/017046@30.0704287885706,-90.4961850421839.jpg",5,51,331,228,100,279,431
"WSLP_all/017047@30.0704483121929,-90.4951384029124.jpg",6,224,281,174,95,398,376
"WSLP_all/017048@30.0708701906608,-90.4898297382103.jpg",3,194,275,278,128,472,403
"WSLP_all/017053@30.0731496004281,-90.4842649228651.jpg",5,239,276,213,124,452,400
"WSLP_all/017054@30.0767943577085,-90.4942819413372.jpg",2,242,208,368,240,610,448
"WSLP_all/017057@30.0816151155173,-90.4930777689328.jpg",2,285,199,326,183,611,382
"WSLP_all/017058@30.0815079473135,-90.4955165038779.jpg",3,231,256,364,138,595,394
"WSLP_all/017059@30.0816301410975,-90.4953637040689.jpg",6,219,288,214,86,433,374
"WSLP_all/017064@30.0773563811705,-90.5183825735523.jpg",3,227,279,283,106,510,385
"WSLP_all/017067@30.0811899544732,-90.5124448054367.jpg",2,163,219,478,191,641,410
"WSLP_all/017068@30.0760003784335,-90.5108687462161.jpg",6,217,260,188,126,405,386
"WSLP_all/017069@30.0778108741615,-90.5107052006478.jpg",2,334,184,307,344,641,528
"WSLP_all/017070@30.0770079137245,-90.5460539642353.jpg",2,125,191,516,270,641,461
"WSLP_all/017073@30.0761861955396,-90.5410016882137.jpg",5,184,250,253,101,437,351
"WSLP_all/017074@30.0760033991917,-90.5409810094916.jpg",5,215,271,160,113,375,384
"WSLP_all/017075@30.0757497079726,-90.5410146435809.jpg",5,200,294,152,107,352,401
"WSLP_all/017076@30.0725435067557,-90.539585789955.jpg",2,334,204,267,214,601,418
"WSLP_all/017077@30.0729037954322,-90.53959556697.jpg",2,256,250,323,134,579,384
"WSLP_all/017078@30.0738174073756,-90.6354146271914.jpg",6,222,285,184,86,406,371
"WSLP_all/017081@30.0751609218052,-90.5134303300905.jpg",6,219,278,180,93,399,371
"WSLP_all/017082@30.0746746436209,-90.5121728178333.jpg",6,227,270,197,106,424,376
"WSLP_all/017083@30.0747364775981,-90.5120300315659.jpg",6,215,276,210,108,425,384
"WSLP_all/017084@30.073851046495,-90.5117464560631.jpg",6,208,254,212,101,420,355
"WSLP_all/017085@30.073980491677,-90.5116378925283.jpg",6,229,278,205,94,434,372
"WSLP_all/017086@30.0757856461427,-90.5717146037022.jpg",3,97,240,288,177,385,417
"WSLP_all/017087@30.0753420433695,-90.5717432883478.jpg",1,61,192,520,180,581,372
"WSLP_all/017090@30.0730042231297,-90.5111590498464.jpg",6,236,281,197,85,433,366
"WSLP_all/017093@30.0732894661287,-90.5111503734255.jpg",6,217,266,203,93,420,359
"WSLP_all/017094@30.0757335562709,-90.5649362946782.jpg",2,143,158,468,256,611,414
"WSLP_all/017095@30.076234494372,-90.5634337735694.jpg",6,230,286,202,98,432,384
"WSLP_all/017097@30.072475643749,-90.5654198462337.jpg",6,232,267,210,128,442,395
"WSLP_all/017098@30.0720912782408,-90.5630705811889.jpg",6,217,272,207,97,424,369
"WSLP_all/017099@30.0717235671234,-90.5634559740009.jpg",6,224,270,196,109,420,379
"WSLP_all/017100@30.0759477470042,-90.5625412232731.jpg",6,207,269,226,108,433,377
"WSLP_all/017101@30.0759855788106,-90.562117260064.jpg",6,219,276,216,101,435,377
"WSLP_all/017102@30.0760058176797,-90.5602263942796.jpg",6,224,250,199,128,423,378
"WSLP_all/017103@30.0799498904056,-90.5547732312006.jpg",6,200,255,210,117,410,372
"WSLP_all/017104@30.0782429010611,-90.5542522239307.jpg",6,208,277,241,108,449,385
"WSLP_all/017105@30.0775450553603,-90.5549469449944.jpg",1,262,276,180,122,442,398
"WSLP_all/017106@30.0800299988819,-90.5515095768969.jpg",3,39,232,602,204,641,436
"WSLP_all/017107@30.0795716392503,-90.5515068491783.jpg",1,234,279,186,124,420,403
"WSLP_all/017114@30.0721126341938,-90.5783029811206.jpg",1,52,203,566,170,618,373
"WSLP_all/017115@30.0738587914747,-90.5525918495356.jpg",1,227,239,372,171,599,410
"WSLP_all/017116@30.0754899335413,-90.5490948708236.jpg",6,224,283,232,101,456,384
"WSLP_all/017117@30.0877393776466,-90.4992839336701.jpg",2,243,255,306,145,549,400
"WSLP_all/017118@30.0781083832136,-90.518053920513.jpg",6,238,272,146,99,384,371
"WSLP_all/017120@30.0530422128617,-90.4742419409006.jpg",3,0,252,479,163,479,415
"WSLP_all/017121@30.0531406058003,-90.4699231499281.jpg",6,240,281,178,98,418,379
"WSLP_all/017122@30.050909769577,-90.4661714676632.jpg",6,226,283,198,86,424,369
"WSLP_all/017123@30.0877359881065,-90.4529147917995.jpg",3,127,128,438,250,565,378
"WSLP_all/017124@30.0890643492696,-90.4520619211048.jpg",1,90,179,519,211,609,390
"WSLP_all/017125@30.0855919304584,-90.4502934262938.jpg",1,222,241,325,166,547,407
"WSLP_all/017126@30.0698058092493,-90.5523896455201.jpg",2,99,229,499,213,598,442
"WSLP_all/017127@30.070287327712,-90.55236058023.jpg",1,87,257,398,162,485,419
"WSLP_all/017128@30.0691719917525,-90.5523282203655.jpg",1,112,244,347,178,459,422
"WSLP_all/017129@30.0612539395981,-90.474803417778.jpg",4,133,295,189,91,322,386
"WSLP_all/017133@30.0592241033719,-90.4704268259837.jpg",6,224,283,200,88,424,371
"WSLP_all/017134@30.06280401897,-90.4975230915588.jpg",1,240,259,256,126,496,385
"WSLP_all/017135@30.0624471024924,-90.4974344068951.jpg",6,214,286,207,86,421,372
"WSLP_all/017136@30.0624494889642,-90.4978105821857.jpg",6,220,283,212,94,432,377
"WSLP_all/017137@30.0661474208451,-90.4785834289246.jpg",6,221,287,191,89,412,376
"WSLP_all/017139@30.0697122619433,-90.4774241876787.jpg",6,228,285,218,108,446,393
"WSLP_all/017140@30.066223943146,-90.4775742776062.jpg",5,79,327,326,157,405,484
"WSLP_all/017141@30.0548131578871,-90.465976295422.jpg",6,217,281,200,86,417,367
"WSLP_all/017142@30.0607077786169,-90.4767744209306.jpg",2,85,254,556,152,641,406
"WSLP_all/017145@30.0537698973808,-90.4583609581118.jpg",5,324,255,86,131,410,386
"WSLP_all/017146@30.0546963412342,-90.460132505006.jpg",6,224,285,194,99,418,384
"WSLP_all/017148@30.0538024572533,-90.4565209484616.jpg",2,65,186,442,214,507,400
"WSLP_all/017149@30.0538775850157,-90.4561536067593.jpg",2,89,181,377,233,466,414
"WSLP_all/017151@30.0542973234532,-90.4545567425505.jpg",5,306,279,103,124,409,403
"WSLP_all/017152@30.0542112140746,-90.4542666856296.jpg",5,133,309,228,87,361,396
"WSLP_all/017153@30.0543001881471,-90.4539023795548.jpg",5,112,378,314,136,426,514
"WSLP_all/017154@30.0648144697069,-90.4901749959791.jpg",3,21,181,422,264,443,445
"WSLP_all/017155@30.0631685376272,-90.5521950671203.jpg",3,61,217,578,162,639,379
"WSLP_all/017156@30.0617439643099,-90.4755547446475.jpg",3,86,279,555,201,641,480
"WSLP_all/017157@30.0723672440338,-90.5525908876187.jpg",4,122,217,200,142,322,359
"WSLP_all/017158@30.0618219905277,-90.4752569117133.jpg",2,19,168,596,251,615,419
"WSLP_all/017159@30.0701152092907,-90.4771678027002.jpg",1,124,226,303,150,427,376
"WSLP_all/017160@30.0562511659416,-90.56356599225.jpg",2,42,228,592,183,634,411
"WSLP_all/017162@30.0559069671856,-90.5592442892944.jpg",2,0,270,231,295,231,565
"WSLP_all/017163@30.0565397795555,-90.579233342307.jpg",1,200,258,238,139,438,397
"WSLP_all/017164@30.057000329141,-90.5787588519913.jpg",6,233,278,166,89,399,367
"WSLP_all/017165@30.0583335876068,-90.5763810521018.jpg",1,227,239,251,145,478,384
"WSLP_all/017167@30.0646220665285,-90.48631342566.jpg",1,6,120,487,303,493,423
"WSLP_all/017168@30.0641151943617,-90.486071146671.jpg",2,101,212,520,254,621,466
"WSLP_all/017169@30.0637968440957,-90.4836206464829.jpg",2,158,209,483,212,641,421
"WSLP_all/017170@30.063415145696,-90.4825996275216.jpg",5,240,194,179,244,419,438
"WSLP_all/017171@30.0649889604016,-90.4803099963892.jpg",1,77,235,300,165,377,400
"WSLP_all/017175@30.0655653453952,-90.4920718087819.jpg",1,193,233,404,226,597,459
"WSLP_all/017177@30.0683747249826,-90.5052820939385.jpg",6,204,283,222,84,426,367
"WSLP_all/017178@30.0743378380701,-90.4903884625982.jpg",1,26,198,576,202,602,400
"WSLP_all/017179@30.0890217416479,-90.4856886180044.jpg",6,233,289,205,81,438,370
"WSLP_all/017180@30.0875202035352,-90.4856096900076.jpg",6,215,269,207,94,422,363
"WSLP_all/017181@30.0849065636621,-90.4863591878364.jpg",6,231,282,211,85,442,367
"WSLP_all/017182@30.0558991253535,-90.6469989568837.jpg",6,227,280,214,93,441,373
"WSLP_all/017186@30.0450209018263,-90.6285140774921.jpg",6,230,277,193,84,423,361
"WSLP_all/017187@30.0566710516989,-90.6255108484701.jpg",1,41,220,594,211,635,431
"WSLP_all/017189@30.057411729409,-90.625568811144.jpg",4,40,235,254,152,294,387
"WSLP_all/017191@30.0602338574211,-90.6220967316446.jpg",1,146,272,308,123,454,395
"WSLP_all/017193@30.0593722192292,-90.6190618234577.jpg",6,208,280,209,87,417,367
"WSLP_all/017194@30.0531360908855,-90.6162047234438.jpg",3,118,247,433,155,551,402
"WSLP_all/017195@30.0540259578572,-90.6144123483769.jpg",1,219,246,291,214,510,460
"WSLP_all/017196@30.0537089336768,-90.619200394474.jpg",1,183,277,187,89,370,366
"WSLP_all/017198@30.0526462707713,-90.6180321260869.jpg",4,100,347,315,100,415,447
"WSLP_all/017199@30.05265753197,-90.6178929628916.jpg",2,93,245,541,154,634,399
"WSLP_all/017200@30.0703077913175,-90.55254695044.jpg",1,27,246,402,176,429,422
"WSLP_all/017206@30.0645019582302,-90.5638089227646.jpg",2,256,185,378,351,634,536
"WSLP_all/017207@30.064255676546,-90.5636432731422.jpg",6,252,271,178,120,430,391
"WSLP_all/017209@30.0477825718941,-90.6089607149586.jpg",5,135,268,272,143,407,411
"WSLP_all/017210@30.0480884051553,-90.6102259835233.jpg",6,222,290,201,81,423,371
"WSLP_all/017211@30.0415555616588,-90.6234120568726.jpg",6,224,269,215,98,439,367
"WSLP_all/017217@30.0610848890567,-90.5934909326043.jpg",6,230,271,168,89,398,360
"WSLP_all/017219@30.0614963957453,-90.593582715597.jpg",6,236,278,190,88,426,366
"WSLP_all/017220@30.0497947823068,-90.6013030823283.jpg",2,16,248,440,226,456,474
"WSLP_all/017221@30.0423701231488,-90.6214561395566.jpg",6,231,270,184,95,415,365
"WSLP_all/017222@30.0563709270846,-90.5804042243002.jpg",2,327,165,282,259,609,424
"WSLP_all/017223@30.0603516307488,-90.5780506572345.jpg",5,153,269,196,132,349,401
"WSLP_all/017224@30.0653579545393,-90.5658825031934.jpg",6,233,280,205,94,438,374
"WSLP_all/017225@30.0655517886849,-90.5637186213988.jpg",6,223,272,241,119,464,391
"WSLP_all/017229@30.0621104038507,-90.5544067723425.jpg",2,18,246,174,169,192,415
"WSLP_all/017230@30.0570428201811,-90.575072669164.jpg",5,77,317,286,165,363,482
"WSLP_all/017231@30.0568647855659,-90.5750518957463.jpg",5,194,347,144,129,338,476
"WSLP_all/017232@30.0551349052332,-90.5525235504511.jpg",1,334,156,303,321,637,477
"WSLP_all/017233@30.0706770890501,-90.5962809259514.jpg",6,224,282,195,87,419,369
"WSLP_all/017235@30.0702183945341,-90.5956678198677.jpg",6,229,290,177,84,406,374
"WSLP_all/017236@30.0700248195069,-90.5822959991336.jpg",6,224,274,196,99,420,373
"WSLP_all/017237@30.0694034420101,-90.5820698909406.jpg",6,227,276,191,90,418,366
"WSLP_all/017239@30.0709446181418,-90.5793361740251.jpg",6,229,280,209,85,438,365
"WSLP_all/017240@30.0672446259361,-90.5771100587654.jpg",6,226,281,149,83,375,364
"WSLP_all/017241@30.0695087914759,-90.57755129854.jpg",6,203,263,231,87,434,350
"WSLP_all/017242@30.0690069295776,-90.5774286436066.jpg",6,242,275,182,99,424,374
"WSLP_all/017243@30.066107329509,-90.5770017160763.jpg",6,247,272,176,93,423,365
"WSLP_all/017244@30.0603996252217,-90.552216766602.jpg",4,188,272,155,113,343,385
"WSLP_all/017248@30.065342696285,-90.5768462873049.jpg",6,226,277,193,84,419,361
"WSLP_all/017249@30.0558159938458,-90.5525245375252.jpg",1,211,285,283,123,494,408
"WSLP_all/017250@30.0586570937601,-90.5695473116555.jpg",6,232,279,225,97,457,376
"WSLP_all/017252@30.0571584194279,-90.5635842759631.jpg",1,200,274,143,120,343,394
"WSLP_all/017253@30.0551844310971,-90.5481798636981.jpg",1,0,198,434,317,434,515
"WSLP_all/017255@30.0738495206839,-90.5719443924522.jpg",1,210,252,229,119,439,371
"WSLP_all/017256@30.073366426985,-90.5717299297442.jpg",5,147,298,187,117,334,415
"WSLP_all/017257@30.0720021182178,-90.5711396532154.jpg",6,220,275,180,81,400,356
"WSLP_all/017261@30.0662109767701,-90.4817221793859.jpg",5,184,306,180,116,364,422
"WSLP_all/017262@30.0660948245814,-90.4821436410879.jpg",1,70,306,296,99,366,405
"WSLP_all/017266@30.0661652865203,-90.4938055264123.jpg",4,326,267,82,148,408,415
"WSLP_all/017268@30.0640299917788,-90.5134871189955.jpg",6,234,256,160,109,394,365
"WSLP_all/017269@30.0632570896814,-90.5103953774756.jpg",6,224,282,191,89,415,371
"WSLP_all/017270@30.0642297220076,-90.5101945045517.jpg",2,58,223,368,182,426,405
"WSLP_all/017271@30.0660257689267,-90.5096106172098.jpg",6,211,285,207,82,418,367
"WSLP_all/017276@30.0654557331436,-90.4895689054497.jpg",1,4,270,370,160,374,430
"WSLP_all/017279@30.0623352671826,-90.5029739401734.jpg",6,221,287,214,92,435,379
"WSLP_all/017280@30.0624426722513,-90.5026505922622.jpg",6,236,277,186,90,422,367
"WSLP_all/017281@30.0650005065552,-90.4834365090832.jpg",1,126,199,335,176,461,375
"WSLP_all/017282@30.062761615742,-90.5018291550362.jpg",6,239,278,174,88,413,366
"WSLP_all/017284@30.0645990643025,-90.4823049991769.jpg",1,171,290,368,117,539,407
"WSLP_all/017285@30.0477079145218,-90.4710733364854.jpg",6,222,286,167,86,389,372
"WSLP_all/017292@30.0703990429633,-90.4884584492951.jpg",2,436,281,202,106,638,387
"WSLP_all/017295@30.0618856240004,-90.5023960099616.jpg",5,208,323,229,87,437,410
"WSLP_all/017298@30.0716036995541,-90.5002599514474.jpg",5,159,328,237,136,396,464
"WSLP_all/017300@30.0615309379161,-90.5516926149775.jpg",1,291,295,217,103,508,398
"WSLP_all/017302@30.0851503563821,-90.5800634577042.jpg",6,234,276,169,89,403,365
"WSLP_all/017303@30.0531778895503,-90.4573325020091.jpg",4,245,288,116,115,361,403
"WSLP_all/017305@30.0707473511426,-90.552328521551.jpg",1,206,291,258,145,464,436
"WSLP_all/017306@30.0770697597407,-90.5431604673304.jpg",1,167,278,257,100,424,378
"WSLP_all/017307@30.0701901765153,-90.4978342129305.jpg",2,34,135,416,329,450,464
"WSLP_all/017311@30.0700654139672,-90.4959889164374.jpg",6,215,280,191,93,406,373
"WSLP_all/017312@30.0716446626216,-90.495289582342.jpg",6,236,279,178,81,414,360
"WSLP_all/017314@30.0716766856965,-90.4955643723914.jpg",6,209,268,211,90,420,358
"WSLP_all/017315@30.0716968984844,-90.4957159588074.jpg",6,233,283,199,82,432,365
"WSLP_all/017319@30.068219793304,-90.4882714254001.jpg",6,210,278,187,86,397,364
"WSLP_all/017320@30.0638748436458,-90.4864240999894.jpg",5,216,281,216,149,432,430
"WSLP_all/017321@30.0648554219033,-90.4796851857332.jpg",2,355,242,259,163,614,405
"WSLP_all/017322@30.0609738826569,-90.4861421062616.jpg",5,215,389,155,83,370,472
"WSLP_all/017324@30.0557819306481,-90.5377056527666.jpg",1,90,252,521,158,611,410
"WSLP_all/017325@30.0523720416916,-90.5436249253336.jpg",4,105,255,227,134,332,389
"WSLP_all/017326@30.053588283168,-90.5457805833139.jpg",2,183,224,323,238,506,462
"WSLP_all/017327@30.0554360293308,-90.5519047833231.jpg",1,99,289,286,155,385,444
"WSLP_all/017328@30.0564529500161,-90.5600777413378.jpg",2,99,114,481,364,580,478
"WSLP_all/017329@30.0640266381148,-90.5633131007633.jpg",2,18,232,427,205,445,437
"WSLP_all/017330@30.0640251781169,-90.5630633666831.jpg",2,162,255,478,166,640,421
"WSLP_all/017331@30.0640291818433,-90.5628452026703.jpg",1,43,182,445,217,488,399
"WSLP_all/017333@30.0637582420283,-90.5628409744487.jpg",6,223,282,176,88,399,370
"WSLP_all/017337@30.0634763880217,-90.5620054033693.jpg",6,229,275,195,89,424,364
"WSLP_all/017338@30.0634169041087,-90.5609721117166.jpg",6,235,279,188,86,423,365
"WSLP_all/017339@30.0649156184709,-90.5613651523711.jpg",6,232,270,217,82,449,352
"WSLP_all/017340@30.0636114102816,-90.5523591463887.jpg",1,208,286,222,90,430,376
"WSLP_all/017341@30.06380181482,-90.552322879869.jpg",1,0,270,391,107,391,377
"WSLP_all/017342@30.0701432004846,-90.5529718858692.jpg",6,209,285,204,84,413,369
"WSLP_all/017344@30.0704814337718,-90.5527447681916.jpg",1,208,286,190,98,398,384
"WSLP_all/017345@30.0753809652556,-90.5411124261043.jpg",6,232,274,162,89,394,363
"WSLP_all/017347@30.0760589740925,-90.5611175878649.jpg",6,218,286,224,88,442,374
"WSLP_all/017348@30.0733125180749,-90.5525518651123.jpg",1,164,222,387,179,551,401
"WSLP_all/017349@30.0742446767961,-90.5526615447052.jpg",1,248,268,149,96,397,364
"WSLP_all/017350@30.0783117298213,-90.5419744316285.jpg",6,234,281,180,93,414,374
"WSLP_all/017352@30.0776614161315,-90.5485940310694.jpg",1,263,247,162,139,425,386
"WSLP_all/017353@30.0840031469247,-90.5506278332905.jpg",6,220,282,232,96,452,378
"WSLP_all/017354@30.0783494527241,-90.5510864329197.jpg",1,146,281,245,149,391,430
"WSLP_all/017355@30.078522410523,-90.5510250011848.jpg",1,163,265,297,143,460,408
"WSLP_all/017363@30.0807828198598,-90.5785345079469.jpg",6,224,279,202,93,426,372
"WSLP_all/017364@30.081884492363,-90.5785261636335.jpg",6,229,288,178,90,407,378
"WSLP_all/017365@30.0824563242816,-90.5787716237033.jpg",1,151,274,191,99,342,373
"WSLP_all/017366@30.0828637855342,-90.5787748622962.jpg",1,92,240,443,136,535,376
"WSLP_all/017371@30.077353377158,-90.6219682306743.jpg",6,215,277,207,95,422,372
"WSLP_all/017372@30.0798315343398,-90.5776026467661.jpg",6,227,269,210,106,437,375
"WSLP_all/017373@30.0797179910815,-90.5775876986668.jpg",6,211,275,185,84,396,359
"WSLP_all/017374@30.0822297778264,-90.5131287026591.jpg",5,181,305,184,88,365,393
"WSLP_all/017378@30.0816222559086,-90.4961131439212.jpg",6,258,283,180,93,438,376
"WSLP_all/017379@30.0789049292325,-90.5248769349618.jpg",1,123,298,272,109,395,407
"WSLP_all/017382@30.0788883274553,-90.5247347880827.jpg",2,389,282,232,113,621,395
"WSLP_all/017383@30.0788845963643,-90.5246241549239.jpg",1,157,292,187,104,344,396
"WSLP_all/017385@30.0779786430807,-90.5151303243686.jpg",4,182,335,165,82,347,417
"WSLP_all/017387@30.0847673908763,-90.5151504728712.jpg",6,221,286,190,81,411,367
"WSLP_all/017388@30.0844499031392,-90.5150677048163.jpg",6,222,286,180,84,402,370
"WSLP_all/017390@30.0807219151168,-90.512208358484.jpg",2,156,205,363,248,519,453
"WSLP_all/017391@30.0799658875396,-90.5122019404915.jpg",2,406,222,230,177,636,399
"WSLP_all/017392@30.0794609322304,-90.5115136576233.jpg",2,164,182,439,296,603,478
"WSLP_all/017393@30.0792180547332,-90.5113797020294.jpg",2,188,199,426,185,614,384
"WSLP_all/017395@30.0780990238912,-90.5108451026506.jpg",1,29,203,595,229,624,432
"WSLP_all/017396@30.0849586512567,-90.4503116861265.jpg",6,215,283,208,83,423,366
"WSLP_all/017397@30.0763659802368,-90.4939788593117.jpg",6,214,288,230,90,444,378
"WSLP_all/017398@30.0720077197366,-90.5010406518671.jpg",2,10,68,578,350,588,418
"WSLP_all/017399@30.0720431929372,-90.5010972644284.jpg",2,1,52,595,386,596,438
"WSLP_all/017400@30.0719733449465,-90.5011579180491.jpg",2,28,44,569,367,597,411
"WSLP_all/017401@30.0719513331482,-90.5010948699035.jpg",2,43,11,572,352,615,363
"WSLP_all/017402@30.0718810458097,-90.5010859720524.jpg",2,194,11,447,351,641,362
"WSLP_all/017403@30.0717919605728,-90.5010962007407.jpg",2,338,62,265,350,603,412
"WSLP_all/017404@30.071699715336,-90.5149162988628.jpg",4,127,298,306,163,433,461
"WSLP_all/017406@30.0721929208744,-90.5108748742165.jpg",6,195,271,213,116,408,387
"WSLP_all/017407@30.0719886326084,-90.5107248034543.jpg",6,209,276,230,91,439,367
"WSLP_all/017408@30.072211794507,-90.5104668705868.jpg",6,221,274,234,112,455,386
"WSLP_all/017409@30.0682609115259,-90.5065697645952.jpg",6,221,272,237,101,458,373
"WSLP_all/017410@30.071333336523,-90.4924088339962.jpg",6,215,283,243,86,458,369
"WSLP_all/017412@30.0687307450522,-90.4848874456951.jpg",3,182,291,247,82,429,373
"WSLP_all/017413@30.0684532842284,-90.4853102867859.jpg",6,218,257,192,107,410,364
"WSLP_all/017414@30.0505604040669,-90.5336697432606.jpg",2,293,257,280,200,573,457
"WSLP_all/017415@30.0554642734353,-90.550997334364.jpg",2,76,234,525,228,601,462
"WSLP_all/017416@30.0549998460537,-90.5525119641849.jpg",2,133,236,453,216,586,452
"WSLP_all/017417@30.055397477885,-90.55934307766.jpg",3,161,277,242,101,403,378
"WSLP_all/017420@30.0739257059992,-90.5632650720568.jpg",6,220,286,227,81,447,367
"WSLP_all/017424@30.0596936904039,-90.471257322354.jpg",6,236,285,170,82,406,367
"WSLP_all/017425@30.0596938086819,-90.4710107466094.jpg",6,236,271,189,91,425,362
"WSLP_all/017426@30.0588786344333,-90.4719724798369.jpg",6,230,267,175,82,405,349
"WSLP_all/017427@30.0587939617597,-90.4717993463271.jpg",6,247,285,156,81,403,366
"WSLP_all/017428@30.0591365285006,-90.4714865871104.jpg",6,228,279,183,82,411,361
"WSLP_all/017429@30.059023751798,-90.4712757622916.jpg",6,231,282,214,104,445,386
"WSLP_all/017430@30.0717830546979,-90.4781462183399.jpg",6,234,270,172,103,406,373
"WSLP_all/017431@30.071329824337,-90.4775873447328.jpg",6,222,256,187,99,409,355
"WSLP_all/017432@30.0720878545647,-90.4776092904524.jpg",6,236,265,158,112,394,377
"WSLP_all/017433@30.0836208192563,-90.466645693303.jpg",6,252,262,148,94,400,356
"WSLP_all/017434@30.0762744152571,-90.5649163159157.jpg",1,4,150,632,281,636,431
"WSLP_all/017435@30.0749081183702,-90.5649142038081.jpg",3,15,257,446,173,461,430
"WSLP_all/017436@30.0748281373546,-90.5648832037294.jpg",1,29,257,574,121,603,378
"WSLP_all/017437@30.0747617412447,-90.5648995240565.jpg",2,157,260,473,117,630,377
"WSLP_all/017438@30.0746985984503,-90.56490317259.jpg",2,258,259,341,140,599,399
"WSLP_all/017439@30.0746864666,-90.5652889910913.jpg",2,245,287,395,95,640,382
"WSLP_all/017440@30.0746860611098,-90.5652194374443.jpg",2,169,268,407,101,576,369
"WSLP_all/017441@30.0746981390666,-90.56514030256.jpg",1,127,286,477,83,604,369
"WSLP_all/017450@30.0553191823358,-90.6471831304541.jpg",6,220,285,174,89,394,374
"WSLP_all/017451@30.0396450118924,-90.6221203512823.jpg",6,231,271,174,93,405,364
"WSLP_all/017452@30.0743103182314,-90.6350001602205.jpg",6,218,272,231,102,449,374
"WSLP_all/017454@30.0573821553366,-90.6250189866203.jpg",6,184,259,243,88,427,347
"WSLP_all/017455@30.0439559301262,-90.6221686140376.jpg",6,216,278,182,98,398,376
"WSLP_all/017457@30.0523782276632,-90.4634275971355.jpg",6,230,277,176,85,406,362
"WSLP_all/017458@30.0526753511674,-90.4633902332903.jpg",6,232,278,224,101,456,379
"WSLP_all/017459@30.0875842245719,-90.4533019092417.jpg",2,235,184,363,175,598,359
"WSLP_all/017460@30.0824220494904,-90.4656221638341.jpg",6,199,280,233,91,432,371
"WSLP_all/017461@30.0700735189266,-90.4849076301299.jpg",5,196,277,246,166,442,443
"WSLP_all/017462@30.0728654665428,-90.4858165449985.jpg",6,206,279,232,110,438,389
"WSLP_all/017465@30.0523708726943,-90.470407126377.jpg",3,111,263,264,130,375,393
"WSLP_all/017466@30.0777704525842,-90.5363634073859.jpg",1,295,304,183,108,478,412
"WSLP_all/017467@30.0566187012657,-90.5774056276115.jpg",2,13,196,139,251,152,447
"WSLP_all/017468@30.0749943585516,-90.5704085514803.jpg",6,236,272,200,111,436,383
"WSLP_all/017469@30.0755348316606,-90.5831112961983.jpg",6,219,257,207,112,426,369
"WSLP_all/017470@30.0589070405265,-90.5789119597418.jpg",6,235,270,174,103,409,373
"WSLP_all/017471@30.0579128839413,-90.580911004398.jpg",6,228,276,184,94,412,370
"WSLP_all/017472@30.0723338985579,-90.6237081573834.jpg",6,220,280,193,89,413,369
"WSLP_all/017473@30.0674115740073,-90.5961185488825.jpg",6,226,271,193,114,419,385
"WSLP_all/017474@30.0465976094305,-90.6275799831967.jpg",6,216,281,207,106,423,387
"WSLP_all/017475@30.0467844445,-90.6280749032784.jpg",6,206,279,237,98,443,377
"WSLP_all/017476@30.0451254529972,-90.6293319665212.jpg",6,222,282,190,94,412,376
"WSLP_all/017477@30.0544747065535,-90.6222547824516.jpg",6,223,276,168,108,391,384
"WSLP_all/017478@30.0417542342998,-90.6204586196505.jpg",2,137,244,410,211,547,455
"WSLP_all/017479@30.0751191748618,-90.7015336564812.jpg",6,229,282,194,87,423,369
"WSLP_all/017480@30.0757880187093,-90.7030619188751.jpg",6,215,265,221,113,436,378
"WSLP_all/017481@30.0757190667793,-90.7012051794851.jpg",6,226,280,230,110,456,390
"WSLP_all/017482@30.0635354455365,-90.6713157154034.jpg",6,230,277,154,107,384,384
"WSLP_all/017483@30.1018815755018,-90.9078705214232.jpg",6,219,263,214,104,433,367
"WSLP_all/017485@30.1013621171165,-90.9076455274557.jpg",6,223,280,149,96,372,376
"WSLP_all/017486@30.1015819878131,-90.907789777651.jpg",6,240,280,167,97,407,377
"WSLP_all/017487@30.1013766834067,-90.9062123893723.jpg",6,230,268,183,91,413,359
"WSLP_all/017488@30.1187617196025,-90.8702136340058.jpg",6,219,279,214,103,433,382
"WSLP_all/017489@30.0230115476987,-90.7415760776292.jpg",1,85,293,523,116,608,409
"WSLP_all/017491@30.0226796256203,-90.740422700649.jpg",6,228,280,206,85,434,365
"WSLP_all/017492@30.0242182008454,-90.7418317444211.jpg",1,67,247,549,163,616,410
"WSLP_all/017493@30.0238025493865,-90.7416557990591.jpg",1,16,259,614,178,630,437
"WSLP_all/017495@30.0409593093844,-90.7372193520579.jpg",6,235,271,161,111,396,382
"WSLP_all/017496@30.0415833468859,-90.7375269101238.jpg",6,221,274,203,81,424,355
"WSLP_all/017497@30.041932279695,-90.7377004675055.jpg",6,241,270,168,105,409,375
"WSLP_all/017499@30.0427091911191,-90.7380637414381.jpg",6,224,276,182,101,406,377
"WSLP_all/017500@30.043076244387,-90.7382231665535.jpg",3,226,259,220,97,446,356
"WSLP_all/011501@30.0950980660439,-90.4793375418937.jpg",1,76,235,409,150,485,385
"WSLP_all/011502@30.0949492404856,-90.4794684730289.jpg",1,163,246,321,146,484,392
"WSLP_all/011503@30.0947970735412,-90.4796184063593.jpg",1,173,234,417,166,590,400
"WSLP_all/011504@30.0946521420019,-90.4798157131109.jpg",2,217,258,247,125,464,383
"WSLP_all/011505@30.0945804272997,-90.4800282028155.jpg",1,132,238,366,148,498,386
"WSLP_all/011506@30.0944842479319,-90.4802250900897.jpg",2,203,248,370,133,573,381
"WSLP_all/011507@30.0944373857156,-90.4805132629958.jpg",1,73,197,531,193,604,390
"WSLP_all/011508@30.0943997913334,-90.4811586977449.jpg",1,112,234,397,151,509,385
"WSLP_all/011509@30.0943779840387,-90.4815541743696.jpg",1,32,269,308,128,340,397
"WSLP_all/011510@30.0943249732261,-90.481972053607.jpg",2,209,253,258,130,467,383
"WSLP_all/011511@30.0944417681455,-90.4822714755507.jpg",1,234,253,239,122,473,375
"WSLP_all/011512@30.0951174347059,-90.4812505924803.jpg",1,138,250,272,156,410,406
"WSLP_all/011513@30.0953374311323,-90.4813625565364.jpg",1,53,272,307,117,360,389
"WSLP_all/011514@30.0957316670576,-90.4815014915985.jpg",1,179,236,394,164,573,400
"WSLP_all/011515@30.0958241387786,-90.4812666854722.jpg",1,143,217,382,153,525,370
"WSLP_all/011516@30.0959448656986,-90.4810980478629.jpg",1,206,260,342,135,548,395
"WSLP_all/011517@30.0963111808993,-90.4806869673747.jpg",1,214,249,295,123,509,372
"WSLP_all/011518@30.0957222283179,-90.4821941291194.jpg",2,67,227,387,145,454,372
"WSLP_all/011519@30.0952837736185,-90.4816760871307.jpg",1,98,244,326,150,424,394
"WSLP_all/011520@30.0952714335205,-90.4819196938937.jpg",1,134,259,342,136,476,395
"WSLP_all/011521@30.0953006292658,-90.4821313213177.jpg",1,181,258,357,136,538,394
"WSLP_all/011522@30.092106289057,-90.4798976028878.jpg",2,223,226,418,173,641,399
"WSLP_all/011523@30.0921511940837,-90.4791888739176.jpg",1,16,222,592,170,608,392
"WSLP_all/011524@30.0929074527514,-90.4787301860256.jpg",1,141,191,448,167,589,358
"WSLP_all/011525@30.0915452656693,-90.4780145565746.jpg",1,142,262,254,113,396,375
"WSLP_all/011526@30.0921378831135,-90.4768204644313.jpg",1,176,247,366,148,542,395
"WSLP_all/011527@30.0920070897087,-90.4766919369362.jpg",1,198,238,423,156,621,394
"WSLP_all/011528@30.0917788195804,-90.4762385370709.jpg",2,0,243,429,158,429,401
"WSLP_all/011529@30.0917055988964,-90.4759735386225.jpg",1,179,245,453,155,632,400
"WSLP_all/011530@30.0915709293926,-90.4757565038537.jpg",1,117,227,487,169,604,396
"WSLP_all/011531@30.0914523934308,-90.4755171941964.jpg",2,144,191,497,190,641,381
"WSLP_all/011532@30.0913471850801,-90.4753315290757.jpg",1,200,220,271,165,471,385
"WSLP_all/011533@30.0912347254368,-90.4750289238348.jpg",1,60,270,240,95,300,365
"WSLP_all/011534@30.0902443760105,-90.4771561208134.jpg",1,114,243,360,158,474,401
"WSLP_all/011535@30.0900116986963,-90.4773573380997.jpg",2,99,240,424,164,523,404
"WSLP_all/011536@30.0897685608682,-90.47745112956.jpg",2,0,223,472,160,472,383
"WSLP_all/011537@30.0892950874309,-90.4776069796471.jpg",1,106,233,401,159,507,392
"WSLP_all/011538@30.0896825840483,-90.4772241921987.jpg",1,177,247,424,145,601,392
"WSLP_all/011539@30.0889526275383,-90.4764146290665.jpg",1,101,235,395,145,496,380
"WSLP_all/011540@30.0892317294191,-90.4763584723312.jpg",1,172,146,325,240,497,386
"WSLP_all/011541@30.090287389924,-90.4767762891771.jpg",1,216,194,287,195,503,389
"WSLP_all/011542@30.0898577712838,-90.4786804494591.jpg",1,124,198,379,188,503,386
"WSLP_all/011543@30.0899539986888,-90.478983193742.jpg",1,113,237,348,160,461,397
"WSLP_all/011544@30.0900722824267,-90.4791845588772.jpg",1,4,221,472,158,476,379
"WSLP_all/011545@30.090222993255,-90.4793698367217.jpg",1,98,219,428,181,526,400
"WSLP_all/011546@30.0902832002319,-90.4796349441211.jpg",1,109,207,409,190,518,397
"WSLP_all/011547@30.0904000605284,-90.4801177585315.jpg",1,181,267,284,134,465,401
"WSLP_all/011548@30.0905218397095,-90.4803538811097.jpg",2,48,258,359,140,407,398
"WSLP_all/011549@30.090620892365,-90.4805965221017.jpg",1,4,248,400,155,404,403
"WSLP_all/011550@30.087424104729,-90.4642568479534.jpg",1,49,244,338,146,387,390
"WSLP_all/011551@30.0875656769886,-90.464404232965.jpg",1,109,267,315,127,424,394
"WSLP_all/011552@30.0877374913256,-90.4645007600023.jpg",1,126,264,271,136,397,400
"WSLP_all/011553@30.0878576910781,-90.4646514932106.jpg",1,130,265,311,141,441,406
"WSLP_all/011554@30.0879811310368,-90.4648306585942.jpg",1,123,266,276,138,399,404
"WSLP_all/011555@30.088089010591,-90.4649688514616.jpg",1,189,264,289,125,478,389
"WSLP_all/011556@30.0882367346291,-90.4651193459447.jpg",1,159,266,307,135,466,401
"WSLP_all/011557@30.088323096727,-90.4652387541838.jpg",1,206,245,384,178,590,423
"WSLP_all/011558@30.0880193845316,-90.4655323155756.jpg",1,35,248,423,158,458,406
"WSLP_all/011559@30.087883751628,-90.4653595807268.jpg",1,48,244,342,144,390,388
"WSLP_all/011560@30.0877638443205,-90.465253112532.jpg",1,134,248,354,144,488,392
"WSLP_all/011561@30.0876131726952,-90.4651184547552.jpg",1,131,277,262,134,393,411
"WSLP_all/011562@30.0874899632477,-90.4649740717806.jpg",1,60,268,300,129,360,397
"WSLP_all/011563@30.0873484541536,-90.4648361728428.jpg",1,72,262,260,113,332,375
"WSLP_all/011564@30.0872463655652,-90.4646504982803.jpg",1,93,275,256,100,349,375
"WSLP_all/011565@30.0869590503641,-90.4646530029549.jpg",1,36,232,349,139,385,371
"WSLP_all/011566@30.0870164866413,-90.4664137862503.jpg",1,73,244,370,148,443,392
"WSLP_all/011567@30.0868674668136,-90.4665257554031.jpg",1,114,247,339,140,453,387
"WSLP_all/011568@30.0867248138827,-90.4666819378632.jpg",1,68,255,359,149,427,404
"WSLP_all/011569@30.0865818777283,-90.4667906913136.jpg",1,97,249,301,149,398,398
"WSLP_all/011570@30.0864298807631,-90.4669184966518.jpg",1,78,255,321,139,399,394
"WSLP_all/011571@30.0863177281265,-90.4670586024176.jpg",1,91,255,344,142,435,397
"WSLP_all/011572@30.0861657525742,-90.4671895678376.jpg",1,61,258,329,139,390,397
"WSLP_all/011573@30.0860322418475,-90.46733934469.jpg",1,118,244,444,175,562,419
"WSLP_all/011574@30.0860780218843,-90.4678575244224.jpg",1,200,243,341,138,541,381
"WSLP_all/011575@30.0859580074089,-90.4680609389003.jpg",2,265,241,376,134,641,375
"WSLP_all/011576@30.0857485553454,-90.468195563355.jpg",2,160,233,392,160,552,393
"WSLP_all/011577@30.0855916764887,-90.4683297308827.jpg",1,176,247,362,149,538,396
"WSLP_all/011578@30.0854956713793,-90.4684918289948.jpg",1,169,245,362,145,531,390
"WSLP_all/011579@30.0853265214495,-90.4686039679985.jpg",1,184,251,388,150,572,401
"WSLP_all/011580@30.0851777685376,-90.4687443878545.jpg",1,259,247,343,153,602,400
"WSLP_all/011581@30.0850248287265,-90.4688627094817.jpg",1,242,256,359,144,601,400
"WSLP_all/011582@30.0848799791102,-90.4689777995951.jpg",1,231,271,349,137,580,408
"WSLP_all/011583@30.0847717565893,-90.4691305148024.jpg",1,203,266,317,148,520,414
"WSLP_all/011584@30.0846427014336,-90.469188550126.jpg",1,89,269,340,136,429,405
"WSLP_all/011585@30.084498114718,-90.4693479040275.jpg",1,153,271,321,137,474,408
"WSLP_all/011586@30.08432492159,-90.4694600754995.jpg",1,168,238,377,155,545,393
"WSLP_all/011587@30.0842249969841,-90.4696411763789.jpg",1,166,237,373,148,539,385
"WSLP_all/011588@30.0840719112799,-90.4697373628397.jpg",1,131,235,392,149,523,384
"WSLP_all/011589@30.0835272030657,-90.4693278641625.jpg",1,163,257,328,129,491,386
"WSLP_all/011590@30.0833561385091,-90.4691522772741.jpg",2,0,202,526,201,526,403
"WSLP_all/011591@30.0831755042741,-90.4693625330717.jpg",1,153,211,370,170,523,381
"WSLP_all/011592@30.0830510718654,-90.469509062884.jpg",1,204,226,334,158,538,384
"WSLP_all/011593@30.0829591482435,-90.4696774432091.jpg",1,202,252,285,125,487,377
"WSLP_all/011594@30.0827412932633,-90.4697678657732.jpg",1,216,251,273,125,489,376
"WSLP_all/011595@30.0824819803885,-90.4697005502909.jpg",1,118,234,286,140,404,374
"WSLP_all/011596@30.0831558107075,-90.4688251697344.jpg",1,125,225,481,186,606,411
"WSLP_all/011597@30.0829765577425,-90.468633845641.jpg",1,202,263,319,130,521,393
"WSLP_all/011598@30.0832894424369,-90.4682327222425.jpg",1,85,206,384,213,469,419
"WSLP_all/011599@30.0834383609539,-90.4681175985872.jpg",1,123,252,306,140,429,392
"WSLP_all/011600@30.0835911277176,-90.4679771453856.jpg",1,134,266,318,126,452,392
"WSLP_all/011601@30.0837362943069,-90.4679063202343.jpg",1,73,266,342,123,415,389
"WSLP_all/011602@30.0838815656075,-90.467851304916.jpg",1,40,258,324,149,364,407
"WSLP_all/011603@30.0840545903044,-90.4677138366954.jpg",1,76,255,359,140,435,395
"WSLP_all/011604@30.0841873955269,-90.4676114993323.jpg",1,40,261,329,140,369,401
"WSLP_all/011605@30.0843280425037,-90.4674679876062.jpg",1,67,263,300,122,367,385
"WSLP_all/011606@30.0845177759182,-90.4674125839262.jpg",1,88,254,299,140,387,394
"WSLP_all/011607@30.0846946202454,-90.4672371367665.jpg",1,173,235,266,138,439,373
"WSLP_all/011608@30.0851125153261,-90.4674295510479.jpg",1,186,271,298,120,484,391
"WSLP_all/011609@30.0852470033329,-90.4675833216797.jpg",1,148,255,309,135,457,390
"WSLP_all/011610@30.0853249169091,-90.4677439082091.jpg",1,124,247,298,140,422,387
"WSLP_all/011611@30.0837824517125,-90.4700086395463.jpg",1,189,235,378,155,567,390
"WSLP_all/011612@30.0836336765561,-90.4701458943725.jpg",1,195,246,331,142,526,388
"WSLP_all/011613@30.0834889293297,-90.4702767889268.jpg",1,205,250,365,151,570,401
"WSLP_all/011614@30.0833927281615,-90.4704135866515.jpg",1,163,251,317,147,480,398
"WSLP_all/011615@30.0832356201348,-90.4705129679055.jpg",1,168,260,357,140,525,400
"WSLP_all/011616@30.0831027712383,-90.4706089779061.jpg",1,140,274,287,126,427,400
"WSLP_all/011617@30.0829907329362,-90.4707965031188.jpg",1,76,273,346,117,422,390
"WSLP_all/011618@30.0828096821918,-90.4709435197927.jpg",1,178,269,327,132,505,401
"WSLP_all/011619@30.0826485313079,-90.4710429346089.jpg",1,225,270,279,144,504,414
"WSLP_all/011620@30.0825359131043,-90.4711419302367.jpg",1,111,264,346,141,457,405
"WSLP_all/011621@30.0824074569403,-90.4712916525745.jpg",1,97,272,338,134,435,406
"WSLP_all/011622@30.0822545354498,-90.4714131287543.jpg",1,102,256,350,138,452,394
"WSLP_all/011623@30.0818064125289,-90.4715466432016.jpg",1,254,235,300,135,554,370
"WSLP_all/011624@30.0817163159648,-90.4713766790462.jpg",1,202,219,313,150,515,369
"WSLP_all/011625@30.0815819564259,-90.4712418791214.jpg",1,209,235,306,153,515,388
"WSLP_all/011626@30.0814556186562,-90.4710975244387.jpg",1,118,226,324,167,442,393
"WSLP_all/011627@30.0813534291939,-90.4709371506019.jpg",1,132,222,332,161,464,383
"WSLP_all/011628@30.0812269668955,-90.4707738263263.jpg",1,145,225,406,165,551,390
"WSLP_all/011629@30.0811248878168,-90.4706261008448.jpg",1,120,216,395,167,515,383
"WSLP_all/011630@30.0810024873671,-90.4704659030181.jpg",1,101,223,398,173,499,396
"WSLP_all/011631@30.0808885029582,-90.4703562239256.jpg",1,107,231,283,161,390,392
"WSLP_all/011632@30.0807176117436,-90.4702027716012.jpg",1,101,238,284,131,385,369
"WSLP_all/011633@30.0806753408863,-90.4699248912277.jpg",1,157,228,249,139,406,367
"WSLP_all/011634@30.0808402216953,-90.4697780159635.jpg",1,104,244,290,125,394,369
"WSLP_all/011635@30.08215609168,-90.4705855543187.jpg",2,312,214,329,168,641,382
"WSLP_all/011636@30.0820743047276,-90.4704502986021.jpg",1,173,227,409,158,582,385
"WSLP_all/011637@30.0819318124948,-90.4703124079449.jpg",1,217,230,407,155,624,385
"WSLP_all/011638@30.0818456937388,-90.4701329244703.jpg",1,189,223,363,163,552,386
"WSLP_all/011639@30.0817153744633,-90.4699980899968.jpg",1,194,233,382,150,576,383
"WSLP_all/011640@30.0815769917925,-90.4698664886879.jpg",1,185,236,379,144,564,380
"WSLP_all/011641@30.0814745944976,-90.4696744996876.jpg",1,263,213,368,169,631,382
"WSLP_all/011642@30.0813604914087,-90.4695426886898.jpg",1,165,211,429,181,594,392
"WSLP_all/011643@30.0811651742184,-90.469367314477.jpg",1,260,276,224,85,484,361
"WSLP_all/011644@30.0822179823657,-90.4689186776753.jpg",1,256,277,159,92,415,369
"WSLP_all/011645@30.0823510997412,-90.4688637701082.jpg",3,235,265,186,102,421,367
"WSLP_all/011646@30.0827010763407,-90.4685666732536.jpg",3,208,277,210,93,418,370
"WSLP_all/011647@30.076845002443,-90.4724400616277.jpg",2,229,219,412,190,641,409
"WSLP_all/011648@30.0769695209019,-90.4723061919714.jpg",1,211,214,336,171,547,385
"WSLP_all/011649@30.0770859345678,-90.4721692302484.jpg",1,105,215,406,172,511,387
"WSLP_all/011650@30.07723035313,-90.471987760346.jpg",1,217,224,418,165,635,389
"WSLP_all/011651@30.077350663292,-90.4718286317865.jpg",1,260,220,368,169,628,389
"WSLP_all/011652@30.07742264813,-90.4717015384394.jpg",1,85,222,382,163,467,385
"WSLP_all/011653@30.0776200819426,-90.4715828444363.jpg",1,168,227,421,173,589,400
"WSLP_all/011654@30.0776837477606,-90.4714242046626.jpg",1,73,219,400,175,473,394
"WSLP_all/011655@30.0778284414963,-90.471280672715.jpg",1,90,216,406,179,496,395
"WSLP_all/011656@30.0779288650307,-90.4711754648716.jpg",1,76,230,353,157,429,387
"WSLP_all/011657@30.0780770206094,-90.4709433708849.jpg",1,152,230,372,159,524,389
"WSLP_all/011658@30.0782094559234,-90.4707841347563.jpg",1,176,198,439,182,615,380
"WSLP_all/011659@30.078342270933,-90.470678645618.jpg",1,148,227,425,167,573,394
"WSLP_all/011660@30.0784261119161,-90.4705103429705.jpg",1,163,235,396,157,559,392
"WSLP_all/011661@30.0785587744897,-90.4703858836784.jpg",1,96,224,405,170,501,394
"WSLP_all/011662@30.0787196341414,-90.4702422089454.jpg",1,118,216,403,165,521,381
"WSLP_all/011663@30.0788359420521,-90.4700894341943.jpg",1,101,225,428,169,529,394
"WSLP_all/011664@30.078976647663,-90.4699585794561.jpg",1,124,222,409,164,533,386
"WSLP_all/011665@30.0790644878208,-90.4697839178487.jpg",1,85,227,391,165,476,392
"WSLP_all/011666@30.0791930045245,-90.4696436835507.jpg",1,86,225,346,142,432,367
"WSLP_all/011667@30.0794635375098,-90.4695686165497.jpg",1,229,274,264,106,493,380
"WSLP_all/011668@30.0796301807182,-90.4696904842046.jpg",1,119,227,325,140,444,367
"WSLP_all/011669@30.0797809864749,-90.4698630791282.jpg",1,243,227,322,164,565,391
"WSLP_all/011670@30.0799114086089,-90.4700137181608.jpg",1,171,238,364,148,535,386
"WSLP_all/011671@30.080017661475,-90.4701772154043.jpg",1,234,237,395,150,629,387
"WSLP_all/011672@30.0801517745215,-90.4702740715601.jpg",1,267,235,356,150,623,385
"WSLP_all/011673@30.0802984271669,-90.4704340567516.jpg",1,225,237,412,155,637,392
"WSLP_all/011674@30.0804447754229,-90.4705434550837.jpg",1,233,215,373,171,606,386
"WSLP_all/011675@30.0805708447148,-90.4706467065693.jpg",1,187,233,376,148,563,381
"WSLP_all/011676@30.0807255467525,-90.4707971376642.jpg",1,223,217,400,176,623,393
"WSLP_all/011677@30.0808518848675,-90.4709414909087.jpg",1,201,233,401,148,602,381
"WSLP_all/011678@30.0809942666399,-90.471066734361.jpg",1,163,216,430,168,593,384
"WSLP_all/011679@30.0810720312208,-90.4712051858034.jpg",1,81,225,366,162,447,387
"WSLP_all/011680@30.0812024931596,-90.4713621519794.jpg",1,171,224,388,173,559,397
"WSLP_all/011681@30.0813046821006,-90.4715225249718.jpg",1,148,215,395,173,543,388
"WSLP_all/011682@30.081443269901,-90.471685746512.jpg",1,236,225,345,158,581,383
"WSLP_all/011683@30.0815343375977,-90.4720043117129.jpg",2,279,227,362,156,641,383
"WSLP_all/011684@30.0814220557043,-90.472150730786.jpg",1,104,225,396,146,500,371
"WSLP_all/011685@30.0812695053092,-90.4723291154067.jpg",1,195,230,387,146,582,376
"WSLP_all/011686@30.0811366963541,-90.4724314434864.jpg",1,162,238,358,148,520,386
"WSLP_all/011687@30.0809959612702,-90.4725622967659.jpg",1,109,219,398,162,507,381
"WSLP_all/011688@30.0808512322349,-90.4726963470901.jpg",1,101,216,403,169,504,385
"WSLP_all/011689@30.0807145393241,-90.4728271647145.jpg",1,123,228,384,161,507,389
"WSLP_all/011690@30.0801969024074,-90.4722245554217.jpg",1,201,261,296,131,497,392
"WSLP_all/011691@30.0801188082032,-90.4720355174642.jpg",1,126,263,321,136,447,399
"WSLP_all/011692@30.0799600040055,-90.4718756352638.jpg",1,165,273,276,133,441,406
"WSLP_all/011693@30.0797894866841,-90.4717790918767.jpg",1,160,274,297,134,457,408
"WSLP_all/011694@30.0796593758254,-90.471675875758.jpg",1,83,263,299,138,382,401
"WSLP_all/011695@30.0794766014518,-90.4715636287468.jpg",1,132,267,239,133,371,400
"WSLP_all/011696@30.0793663501281,-90.4714064902247.jpg",1,118,272,256,111,374,383
"WSLP_all/011697@30.079223988422,-90.4712844099954.jpg",1,109,267,299,130,408,397
"WSLP_all/011698@30.0791257247308,-90.4711018738166.jpg",1,33,260,367,136,400,396
"WSLP_all/011699@30.0789304923179,-90.4709391470628.jpg",1,98,262,321,141,419,403
"WSLP_all/011700@30.08055730552,-90.4729075693073.jpg",1,130,240,338,148,468,388
"WSLP_all/011701@30.080428723441,-90.4730383162355.jpg",1,82,224,383,168,465,392
"WSLP_all/011702@30.0803200699847,-90.4731214627887.jpg",1,27,227,341,155,368,382
"WSLP_all/011703@30.0802233911008,-90.473185535653.jpg",2,264,234,377,156,641,390
"WSLP_all/011704@30.0800908282069,-90.4733258017191.jpg",1,273,238,328,158,601,396
"WSLP_all/011705@30.07995793591,-90.4734154805457.jpg",1,158,244,353,143,511,387
"WSLP_all/011706@30.0797165474964,-90.4736167599541.jpg",2,0,242,393,161,393,403
"WSLP_all/011707@30.0795876346569,-90.4736969192301.jpg",2,0,242,342,142,342,384
"WSLP_all/011708@30.0788926700614,-90.4725773019202.jpg",2,0,224,380,178,380,402
"WSLP_all/011709@30.0781119397713,-90.4719516845195.jpg",1,48,227,426,173,474,400
"WSLP_all/011710@30.0656313423532,-90.5716341276552.jpg",3,0,260,233,160,233,420
"WSLP_all/011712@30.045968010995,-90.6105637616887.jpg",4,274,291,94,89,368,380
"WSLP_all/011713@30.0650023536319,-90.6287964010193.jpg",4,255,291,188,147,443,438
"WSLP_all/011714@30.0644330563907,-90.6276560197831.jpg",1,209,230,296,132,505,362
"WSLP_all/011715@30.0649222776502,-90.6271783524232.jpg",1,137,263,261,102,398,365
"WSLP_all/011717@30.0666627610265,-90.6275485522871.jpg",1,159,268,269,93,428,361
"WSLP_all/011719@30.0622878744247,-90.6282244301727.jpg",1,207,243,145,113,352,356
"WSLP_all/011720@30.0629827974522,-90.6293733866784.jpg",2,167,282,448,117,615,399
"WSLP_all/011723@30.0554079590426,-90.6236642773883.jpg",1,237,258,224,105,461,363
"WSLP_all/011724@30.0553986179507,-90.6240436708416.jpg",1,243,252,230,110,473,362
"WSLP_all/011726@30.0652685553658,-90.6226614656917.jpg",3,62,284,218,83,280,367
"WSLP_all/011728@30.0625282719654,-90.620231009992.jpg",2,233,258,408,145,641,403
"WSLP_all/011729@30.0634901472818,-90.6205276137214.jpg",1,292,214,309,180,601,394
"WSLP_all/011730@30.0640975814739,-90.6212029567345.jpg",1,211,233,354,153,565,386
"WSLP_all/011731@30.0593419563014,-90.621151581122.jpg",1,241,265,212,126,453,391
"WSLP_all/011732@30.051551774948,-90.6374038557783.jpg",4,209,318,244,123,453,441
"WSLP_all/011733@30.0475803633405,-90.6193580861999.jpg",1,224,280,249,89,473,369
"WSLP_all/011734@30.0458139245108,-90.6192474681988.jpg",1,308,260,261,115,569,375
"WSLP_all/011735@30.0456783036539,-90.6217169830213.jpg",6,287,179,134,98,421,277
"WSLP_all/011736@30.0435958849804,-90.6172341975891.jpg",2,157,257,304,112,461,369
"WSLP_all/011737@30.0442570766643,-90.6168786097521.jpg",2,306,202,335,200,641,402
"WSLP_all/011738@30.0560425041417,-90.6180298823153.jpg",2,0,290,278,129,278,419
"WSLP_all/011739@30.0467054110502,-90.6149519016781.jpg",1,104,244,310,137,414,381
"WSLP_all/011740@30.0460826185891,-90.6147288152179.jpg",1,140,241,294,155,434,396
"WSLP_all/011741@30.0459541778892,-90.614704455055.jpg",1,192,247,320,147,512,394
"WSLP_all/011742@30.0454396191846,-90.6144711081223.jpg",1,92,239,467,157,559,396
"WSLP_all/011743@30.044955675982,-90.6143355261094.jpg",1,134,269,290,125,424,394
"WSLP_all/011744@30.0749513919763,-90.5243746802553.jpg",1,155,223,418,177,573,400
"WSLP_all/011745@30.0749789571098,-90.5245736439167.jpg",1,184,234,401,154,585,388
"WSLP_all/011746@30.0749789437777,-90.5248044472811.jpg",1,130,216,396,172,526,388
"WSLP_all/011747@30.0750147681935,-90.5250096664631.jpg",1,151,221,321,167,472,388
"WSLP_all/011748@30.0750060151523,-90.5252278950503.jpg",1,144,234,298,147,442,381
"WSLP_all/011749@30.0750065028119,-90.525423915826.jpg",2,0,207,606,203,606,410
"WSLP_all/011750@30.075064776786,-90.5258060090668.jpg",1,97,230,462,196,559,426
"WSLP_all/011751@30.075060508822,-90.5260115535507.jpg",1,168,272,350,135,518,407
"WSLP_all/011752@30.0750947714064,-90.5262357571563.jpg",1,162,263,304,151,466,414
"WSLP_all/011753@30.0750905251923,-90.5264539482687.jpg",1,162,252,356,146,518,398
"WSLP_all/011754@30.0750989421303,-90.5266878463592.jpg",1,148,247,320,156,468,403
"WSLP_all/011755@30.0751085786863,-90.5268964400429.jpg",1,158,238,369,165,527,403
"WSLP_all/011756@30.0751168981004,-90.5271145294967.jpg",1,198,237,309,164,507,401
"WSLP_all/011757@30.0751195573904,-90.5273200190279.jpg",1,196,233,391,155,587,388
"WSLP_all/011758@30.0751210658088,-90.5275666188368.jpg",1,162,224,364,176,526,400
"WSLP_all/011759@30.0762922575456,-90.5279586901693.jpg",1,229,224,357,169,586,393
"WSLP_all/011760@30.0763135074729,-90.5277371973307.jpg",1,217,235,321,161,538,396
"WSLP_all/011761@30.0920691495864,-90.5159696188033.jpg",1,118,252,258,118,376,370
"WSLP_all/011762@30.0922138616882,-90.5160474876645.jpg",1,104,252,284,123,388,375
"WSLP_all/011763@30.0923214767401,-90.5160719029118.jpg",1,193,255,227,126,420,381
"WSLP_all/011764@30.0925015421287,-90.5161526454642.jpg",1,86,249,335,129,421,378
"WSLP_all/011765@30.0926711000263,-90.5162018509207.jpg",1,45,277,339,121,384,398
"WSLP_all/011766@30.0928233374249,-90.5163049569322.jpg",1,71,264,284,114,355,378
"WSLP_all/011767@30.0907281241322,-90.5164865703861.jpg",1,77,240,474,134,551,374
"WSLP_all/011768@30.0910150251362,-90.5159339948252.jpg",1,201,258,289,133,490,391
"WSLP_all/011769@30.091170084788,-90.5159864803054.jpg",1,165,255,378,142,543,397
"WSLP_all/011770@30.0913277673408,-90.516045268853.jpg",1,198,254,344,131,542,385
"WSLP_all/011771@30.0914650436352,-90.5161168748391.jpg",1,201,253,267,118,468,371
"WSLP_all/011772@30.0916291452059,-90.5161819355622.jpg",1,267,261,301,133,568,394
"WSLP_all/011773@30.0911969026502,-90.5165997290704.jpg",2,0,250,320,137,320,387
"WSLP_all/011774@30.0916036704491,-90.5168145890192.jpg",2,379,251,262,127,641,378
"WSLP_all/011775@30.0919522798267,-90.5163152614381.jpg",1,253,237,309,155,562,392
"WSLP_all/011776@30.0922421633284,-90.5164520230122.jpg",1,228,254,301,122,529,376
"WSLP_all/011777@30.0924287419329,-90.5170513207554.jpg",1,121,234,369,125,490,359
"WSLP_all/011778@30.0926947581464,-90.516638048747.jpg",1,179,250,345,151,524,401
"WSLP_all/011779@30.0919875241706,-90.5168462280815.jpg",2,165,233,285,134,450,367
"WSLP_all/011780@30.0447908035809,-90.6142513759137.jpg",1,74,248,336,140,410,388
"WSLP_all/011781@30.0446644456033,-90.6142459659208.jpg",1,152,241,331,147,483,388
"WSLP_all/011782@30.0445355560913,-90.6141394315942.jpg",1,227,288,248,95,475,383
"WSLP_all/011783@30.0443726735612,-90.6140521070181.jpg",1,233,266,238,109,471,375
"WSLP_all/011784@30.0441442709752,-90.6140822011954.jpg",1,245,260,227,102,472,362
"WSLP_all/011785@30.0455285994364,-90.6141227853172.jpg",1,132,251,412,153,544,404
"WSLP_all/011786@30.0460577613332,-90.6142201118541.jpg",1,184,260,234,131,418,391
"WSLP_all/011787@30.0471245672541,-90.614613837569.jpg",1,162,270,270,121,432,391
"WSLP_all/011788@30.0473365305658,-90.6147608667681.jpg",1,184,235,372,147,556,382
"WSLP_all/011789@30.0476061634597,-90.6148031744609.jpg",1,278,269,269,106,547,375
"WSLP_all/011790@30.0478191796693,-90.6148458904379.jpg",1,190,274,287,134,477,408
"WSLP_all/011791@30.0479764307157,-90.6149142950159.jpg",1,184,285,288,115,472,400
"WSLP_all/011792@30.0484105610387,-90.6150123139455.jpg",1,167,272,275,118,442,390
"WSLP_all/011793@30.076282093838,-90.5275287760981.jpg",1,234,222,318,170,552,392
"WSLP_all/011794@30.0762845073967,-90.52730743553.jpg",1,225,222,315,170,540,392
"WSLP_all/011795@30.076272200486,-90.5271431251595.jpg",2,281,220,360,166,641,386
"WSLP_all/011796@30.0762714072341,-90.527013499651.jpg",2,0,223,362,170,362,393
"WSLP_all/011797@30.0762628857171,-90.5268523204311.jpg",1,62,216,409,167,471,383
"WSLP_all/011798@30.0762656852879,-90.5266942113331.jpg",1,203,213,367,171,570,384
"WSLP_all/011799@30.0762571255549,-90.5265267079613.jpg",2,302,201,339,182,641,383
"WSLP_all/011800@30.0762447974036,-90.5263592361681.jpg",2,348,212,293,169,641,381
"WSLP_all/011801@30.0762284237683,-90.5261506947179.jpg",2,350,224,291,168,641,392
"WSLP_all/011802@30.0762008136817,-90.5259485667823.jpg",2,385,206,256,183,641,389
"WSLP_all/011803@30.0762067593312,-90.5256892569857.jpg",1,262,223,341,163,603,386
"WSLP_all/011804@30.0761905667769,-90.5255060070251.jpg",2,329,208,312,178,641,386
"WSLP_all/011805@30.0761705291058,-90.52531014243.jpg",2,378,205,263,177,641,382
"WSLP_all/011806@30.0761506075097,-90.5251332473231.jpg",2,313,239,328,142,641,381
"WSLP_all/011807@30.0761606865481,-90.524933975819.jpg",2,355,238,286,145,641,383
"WSLP_all/011808@30.0761404936975,-90.5247128188475.jpg",2,346,224,295,157,641,381
"WSLP_all/011809@30.0884916930836,-90.5145127642789.jpg",1,93,232,353,151,446,383
"WSLP_all/011810@30.0886426672226,-90.5145716040412.jpg",1,193,244,303,135,496,379
"WSLP_all/011811@30.08879558964,-90.5146209426253.jpg",1,158,258,318,131,476,389
"WSLP_all/011812@30.0889607013101,-90.5146891529842.jpg",1,187,251,303,146,490,397
"WSLP_all/011813@30.0912272559325,-90.5147242891529.jpg",1,229,230,363,162,592,392
"WSLP_all/011814@30.0915087149079,-90.5148105188788.jpg",1,168,254,273,129,441,383
"WSLP_all/011815@30.0918217290891,-90.5149565721779.jpg",1,146,260,251,122,397,382
"WSLP_all/011816@30.0921279111051,-90.515118494706.jpg",1,94,256,327,125,421,381
"WSLP_all/011817@30.0924564257047,-90.5152454491491.jpg",1,53,267,341,119,394,386
"WSLP_all/011818@30.0927536711802,-90.5153631743528.jpg",1,85,259,310,115,395,374
"WSLP_all/011819@30.0909463093807,-90.5155266340851.jpg",2,0,187,572,198,572,385
"WSLP_all/011820@30.0914212798051,-90.5156934963358.jpg",1,122,247,311,129,433,376
"WSLP_all/011821@30.0915734587809,-90.5157871141102.jpg",1,57,247,370,134,427,381
"WSLP_all/011822@30.0917533870451,-90.5158457200741.jpg",1,7,249,361,124,368,373
"WSLP_all/011823@30.091880328649,-90.5159047609286.jpg",1,134,252,306,136,440,388
"WSLP_all/011824@30.0440160615998,-90.4660575916488.jpg",6,242,258,168,132,410,390
"WSLP_all/011825@30.0440049119371,-90.4659597063893.jpg",6,224,241,230,162,454,403
"WSLP_all/011826@30.0488938767323,-90.4689168419402.jpg",6,214,259,232,129,446,388
"WSLP_all/011827@30.0503899984076,-90.4574328632322.jpg",6,203,268,241,84,444,352
"WSLP_all/011828@30.0529528371393,-90.467835350443.jpg",2,0,238,497,234,497,472
"WSLP_all/011829@30.0530107229561,-90.4676388646144.jpg",1,145,282,287,125,432,407
"WSLP_all/011830@30.0532342672242,-90.4666949411122.jpg",1,162,283,250,110,412,393
"WSLP_all/011831@30.0528300506622,-90.4671568000092.jpg",1,122,272,267,112,389,384
"WSLP_all/011832@30.0516614235517,-90.465712910515.jpg",1,142,285,441,115,583,400
"WSLP_all/011833@30.0540764542922,-90.4632389198717.jpg",1,48,281,237,87,285,368
"WSLP_all/011834@30.0615264919075,-90.4789929242367.jpg",1,157,266,283,129,440,395
"WSLP_all/011835@30.0607308794977,-90.4758574589403.jpg",1,80,214,517,172,597,386
"WSLP_all/011836@30.0601678143017,-90.475890753873.jpg",1,119,262,337,118,456,380
"WSLP_all/011837@30.0574610266252,-90.4756263740152.jpg",1,102,242,463,161,565,403
"WSLP_all/011838@30.0888397760805,-90.4619740798351.jpg",1,248,235,390,150,638,385
"WSLP_all/011839@30.0850082672866,-90.4563159360567.jpg",6,208,250,255,167,463,417
"WSLP_all/011840@30.0848723377564,-90.4561210873623.jpg",6,200,255,247,129,447,384
"WSLP_all/011841@30.0810405848044,-90.4764889880286.jpg",1,82,228,499,169,581,397
"WSLP_all/011842@30.0830865929532,-90.4764777196125.jpg",1,184,241,307,150,491,391
"WSLP_all/011843@30.0843948265252,-90.4775004456526.jpg",1,114,266,375,136,489,402
"WSLP_all/011844@30.0883237465637,-90.4753638864727.jpg",1,210,234,346,163,556,397
"WSLP_all/011845@30.0917961104782,-90.4671374639496.jpg",1,128,257,318,143,446,400
"WSLP_all/011846@30.0979284654834,-90.4815617710105.jpg",1,107,253,362,150,469,403
"WSLP_all/011847@30.0975117278182,-90.4817108045384.jpg",1,9,226,464,167,473,393
"WSLP_all/011848@30.0973414504669,-90.4817565336272.jpg",1,188,247,443,147,631,394
"WSLP_all/011849@30.0971612012494,-90.4818719216388.jpg",2,200,216,441,186,641,402
"WSLP_all/011850@30.0969529548183,-90.4819654106542.jpg",2,270,231,371,165,641,396
"WSLP_all/011851@30.0965745533753,-90.482123600667.jpg",1,145,223,368,142,513,365
"WSLP_all/011852@30.0977398991016,-90.4809308981048.jpg",1,195,205,443,181,638,386
"WSLP_all/011853@30.0976550137214,-90.4807229037611.jpg",1,155,224,413,156,568,380
"WSLP_all/011854@30.0972419048073,-90.4808972096169.jpg",1,135,264,300,137,435,401
"WSLP_all/011855@30.0971711440845,-90.4807175570828.jpg",1,11,259,371,140,382,399
"WSLP_all/011856@30.097110620319,-90.4805093566256.jpg",1,104,263,318,123,422,386
"WSLP_all/011857@30.0970186133019,-90.4802761267838.jpg",1,96,264,388,135,484,399
"WSLP_all/011858@30.0968990384317,-90.4800874059211.jpg",1,136,255,313,145,449,400
"WSLP_all/011859@30.0967585115586,-90.4798862164538.jpg",1,175,235,371,149,546,384
"WSLP_all/011860@30.0965939212899,-90.4797358308092.jpg",1,98,235,377,146,475,381
"WSLP_all/011861@30.0964501475899,-90.4795726188164.jpg",1,159,241,352,148,511,389
"WSLP_all/011862@30.0947388054634,-90.4823479965471.jpg",1,238,217,315,144,553,361
"WSLP_all/011863@30.0952747871459,-90.480711647819.jpg",1,226,232,381,156,607,388
"WSLP_all/011864@30.0955243466101,-90.4808834425593.jpg",2,217,169,424,220,641,389
"WSLP_all/011865@30.0957216008888,-90.4806509019933.jpg",2,304,205,337,189,641,394
"WSLP_all/011866@30.0957597054737,-90.4805051074992.jpg",2,172,249,269,121,441,370
"WSLP_all/011867@30.095978548227,-90.4803198172914.jpg",1,181,228,301,138,482,366
"WSLP_all/011868@30.0961741172454,-90.4803750656691.jpg",1,181,238,256,123,437,361
"WSLP_all/011869@30.095719815014,-90.4817482566273.jpg",1,143,241,363,153,506,394
"WSLP_all/011870@30.0957141305311,-90.4819665087396.jpg",1,148,244,384,137,532,381
"WSLP_all/011871@30.0945722931097,-90.4771885044888.jpg",1,52,241,284,146,336,387
"WSLP_all/011872@30.0947241934408,-90.4765325960469.jpg",1,191,244,424,155,615,399
"WSLP_all/011873@30.0950408106602,-90.4766468798444.jpg",4,253,297,194,131,447,428
"WSLP_all/011874@30.0916766519749,-90.4799993117352.jpg",1,76,233,401,162,477,395
"WSLP_all/011875@30.0916679397019,-90.4797495693802.jpg",1,137,230,323,167,460,397
"WSLP_all/011876@30.0916699299351,-90.4795092230748.jpg",1,40,205,393,189,433,394
"WSLP_all/011877@30.0906417021541,-90.4763906168179.jpg",2,206,221,435,159,641,380
"WSLP_all/011878@30.0901177285988,-90.4782291894883.jpg",2,123,219,333,175,456,394
"WSLP_all/011879@30.0903761089019,-90.4786665171117.jpg",1,32,240,437,152,469,392
"WSLP_all/011880@30.0904839306478,-90.4788742978578.jpg",1,161,247,290,150,451,397
"WSLP_all/011881@30.0905670792979,-90.4791107492652.jpg",1,151,247,296,158,447,405
"WSLP_all/011882@30.0906820627287,-90.4793247938955.jpg",1,96,260,391,132,487,392
"WSLP_all/011883@30.0907944958833,-90.479696969795.jpg",1,26,235,435,143,461,378
"WSLP_all/011884@30.0908953240538,-90.479920623425.jpg",1,98,199,409,186,507,385
"WSLP_all/011885@30.0910687181025,-90.4803903083795.jpg",2,0,222,443,163,443,385
"WSLP_all/011886@30.087649665753,-90.4638469694671.jpg",1,173,222,407,164,580,386
"WSLP_all/011887@30.0877959158777,-90.4639405565608.jpg",1,120,216,396,174,516,390
"WSLP_all/011888@30.0879424779249,-90.4640815728874.jpg",1,163,224,391,162,554,386
"WSLP_all/011889@30.0881002285265,-90.4641845466381.jpg",1,162,224,359,165,521,389
"WSLP_all/011890@30.0882126752651,-90.4643479971487.jpg",1,76,217,397,164,473,381
"WSLP_all/011891@30.0883564050856,-90.4644890393553.jpg",1,122,233,361,158,483,391
"WSLP_all/011892@30.0913138690098,-90.4771469313084.jpg",1,148,249,398,152,546,401
"WSLP_all/011893@30.0910731649258,-90.4772470290547.jpg",1,213,224,391,171,604,395
"WSLP_all/011894@30.0909037663522,-90.4773939457815.jpg",1,192,213,420,178,612,391
"WSLP_all/011895@30.0907377094135,-90.4775092113287.jpg",1,54,203,474,192,528,395
"WSLP_all/011896@30.0905466103128,-90.4775962318171.jpg",1,90,224,470,167,560,391
"WSLP_all/011897@30.0902675654235,-90.4778010089691.jpg",2,158,213,483,179,641,392
"WSLP_all/011898@30.0900522115793,-90.4779767776409.jpg",1,160,213,339,181,499,394
"WSLP_all/011899@30.0893593814469,-90.477865725185.jpg",1,68,190,411,202,479,392
"WSLP_all/011900@30.089711355614,-90.4785046240134.jpg",2,191,211,450,170,641,381
"WSLP_all/011901@30.0892072613648,-90.4773958698636.jpg",1,116,233,435,157,551,390
"WSLP_all/011902@30.0897265021547,-90.4759178371973.jpg",2,138,208,302,179,440,387
"WSLP_all/011903@30.0899035696269,-90.4758593944933.jpg",1,24,203,304,169,328,372
"WSLP_all/011904@30.0905265764669,-90.476151279311.jpg",1,189,222,413,174,602,396
"WSLP_all/011905@30.088446148253,-90.4646748224052.jpg",1,43,223,422,169,465,392
"WSLP_all/011906@30.0885785846302,-90.4648380998059.jpg",1,132,229,392,160,524,389
"WSLP_all/011907@30.0887137346799,-90.464979218.jpg",1,100,224,323,138,423,362
"WSLP_all/011908@30.0887696735422,-90.4652348637082.jpg",1,80,224,342,143,422,367
"WSLP_all/011909@30.0886656345474,-90.465479255483.jpg",1,165,231,309,139,474,370
"WSLP_all/011910@30.0885266190156,-90.4656195999461.jpg",1,132,236,369,155,501,391
"WSLP_all/011911@30.0884276046607,-90.4657627578726.jpg",1,132,237,300,144,432,381
"WSLP_all/011912@30.088259859958,-90.4658748936337.jpg",1,93,211,395,172,488,383
"WSLP_all/011913@30.0881379391308,-90.4660056018252.jpg",1,38,248,343,135,381,383
"WSLP_all/011914@30.0876512949654,-90.4658295977299.jpg",1,37,247,374,149,411,396
"WSLP_all/011915@30.0875246200273,-90.4656725945713.jpg",1,247,243,380,141,627,384
"WSLP_all/011916@30.0873980219648,-90.4655314026501.jpg",1,267,221,333,171,600,392
"WSLP_all/011917@30.0872658780132,-90.4654123940235.jpg",1,254,228,341,157,595,385
"WSLP_all/011918@30.0871309783468,-90.4653092191093.jpg",2,260,227,368,160,628,387
"WSLP_all/011919@30.0869504889819,-90.4652190910069.jpg",1,253,233,347,136,600,369
"WSLP_all/011920@30.0850904652021,-90.4682297349298.jpg",1,4,241,399,150,403,391
"WSLP_all/011921@30.0848478327137,-90.4683994280058.jpg",1,59,236,328,145,387,381
"WSLP_all/011922@30.0847107309978,-90.4685302613938.jpg",1,26,227,375,142,401,369
"WSLP_all/011923@30.0845550687385,-90.4686359584057.jpg",1,48,223,406,153,454,376
"WSLP_all/011924@30.0844155120952,-90.4687446773496.jpg",1,122,230,352,145,474,375
"WSLP_all/011925@30.0842923316362,-90.4688975218555.jpg",1,37,219,396,163,433,382
"WSLP_all/011926@30.0841483903467,-90.4690378991181.jpg",1,22,233,394,149,416,382
"WSLP_all/011927@30.0842636846814,-90.4681736726183.jpg",1,217,230,334,162,551,392
"WSLP_all/011928@30.084397740519,-90.4680523528052.jpg",1,238,223,328,162,566,385
"WSLP_all/011929@30.0845747133032,-90.4679464699792.jpg",1,231,231,356,150,587,381
"WSLP_all/011930@30.0848911933319,-90.4678962903332.jpg",1,139,241,370,144,509,385
"WSLP_all/011931@30.0849905111956,-90.4680250715363.jpg",1,268,252,311,139,579,391
"WSLP_all/011932@30.083412630016,-90.4697367523368.jpg",1,88,239,283,144,371,383
"WSLP_all/011933@30.0832689286426,-90.4698802859864.jpg",1,79,223,318,159,397,382
"WSLP_all/011934@30.0831249298221,-90.4699827163448.jpg",1,64,242,363,145,427,387
"WSLP_all/011935@30.0829871048922,-90.4701040656828.jpg",1,114,238,357,138,471,376
"WSLP_all/011936@30.0807078047541,-90.4714644491479.jpg",1,127,256,361,144,488,400
"WSLP_all/011937@30.0808481393893,-90.4716972160025.jpg",1,96,266,253,134,349,400
"WSLP_all/011938@30.0810292173379,-90.4718948494881.jpg",1,93,261,356,132,449,393
"WSLP_all/011939@30.0808252949181,-90.4720262495144.jpg",1,78,256,349,136,427,392
"WSLP_all/011940@30.0807157696422,-90.4721821293424.jpg",2,150,236,491,182,641,418
"WSLP_all/011941@30.0804196648358,-90.4724344759436.jpg",2,35,226,530,191,565,417
"WSLP_all/011942@30.0805476218687,-90.4719306312757.jpg",1,168,222,408,168,576,390
"WSLP_all/011943@30.0804408692387,-90.471782946032.jpg",1,168,209,425,175,593,384
"WSLP_all/011944@30.08031618135,-90.4715879871225.jpg",1,144,227,416,151,560,378
"WSLP_all/011945@30.080168396433,-90.4714564667834.jpg",1,218,219,371,150,589,369
"WSLP_all/011946@30.0800385124735,-90.4713627343078.jpg",2,256,216,385,171,641,387
"WSLP_all/011947@30.0798614430443,-90.4712441154194.jpg",2,229,228,412,162,641,390
"WSLP_all/011948@30.0797254403716,-90.4711188179467.jpg",1,226,221,405,175,631,396
"WSLP_all/011949@30.0796342435196,-90.4709488662062.jpg",1,208,239,352,141,560,380
"WSLP_all/011950@30.079470991315,-90.470849099996.jpg",1,210,226,410,162,620,388
"WSLP_all/011951@30.0793251237132,-90.4707080797538.jpg",1,198,227,419,156,617,383
"WSLP_all/011952@30.0839656589647,-90.4692260410879.jpg",1,35,244,423,165,458,409
"WSLP_all/011953@30.0836413931091,-90.4695735091432.jpg",1,35,241,394,153,429,394
"WSLP_all/011954@30.0838520228203,-90.4690815753309.jpg",1,75,231,350,158,425,389
"WSLP_all/011955@30.0837475765027,-90.4689338671722.jpg",1,94,221,395,157,489,378
"WSLP_all/011956@30.0836407240615,-90.4687672093868.jpg",1,190,240,291,149,481,389
"WSLP_all/011957@30.0835223503179,-90.4686006519338.jpg",2,96,193,545,230,641,423
"WSLP_all/011958@30.0829016833722,-90.4689823099561.jpg",1,48,249,362,148,410,397
"WSLP_all/011959@30.0827601343595,-90.4691353121758.jpg",1,7,245,378,146,385,391
"WSLP_all/011960@30.0825511731121,-90.4691813914702.jpg",1,71,266,260,98,331,364
"WSLP_all/011961@30.0828170882988,-90.4702225305172.jpg",1,155,222,271,162,426,384
"WSLP_all/011962@30.08263386903,-90.4704707489133.jpg",1,18,210,462,180,480,390
"WSLP_all/011963@30.0822703466717,-90.4707995764351.jpg",2,0,209,474,194,474,403
"WSLP_all/011964@30.0820682530289,-90.4715380549895.jpg",1,130,236,320,142,450,378
"WSLP_all/011965@30.0820148709755,-90.4710579033922.jpg",1,62,209,510,192,572,401
"WSLP_all/011966@30.0818852405096,-90.4708977672178.jpg",1,156,251,355,143,511,394
"WSLP_all/011967@30.081793546733,-90.4707025220089.jpg",1,185,254,294,140,479,394
"WSLP_all/011968@30.0816641012618,-90.4705708422497.jpg",1,187,266,329,124,516,390
"WSLP_all/011969@30.0815407196782,-90.4704454331024.jpg",1,184,252,321,145,505,397
"WSLP_all/011970@30.0814192821867,-90.4703105227547.jpg",1,202,250,302,147,504,397
"WSLP_all/011971@30.0812874355201,-90.4701187887021.jpg",1,160,249,315,142,475,391
"WSLP_all/011972@30.0812135165445,-90.4698791237694.jpg",1,218,271,242,98,460,369
"WSLP_all/011973@30.0810195547277,-90.4697132241246.jpg",1,193,265,217,114,410,379
"WSLP_all/011974@30.0825250103719,-90.4703041087338.jpg",1,107,260,314,128,421,388
"WSLP_all/011975@30.082413245351,-90.4701722753797.jpg",1,104,262,317,122,421,384
"WSLP_all/011976@30.0823036525233,-90.4700404235024.jpg",1,170,262,329,125,499,387
"WSLP_all/011977@30.0821568408143,-90.469864626372.jpg",1,111,266,322,124,433,390
"WSLP_all/011978@30.0820796109606,-90.469694551612.jpg",1,156,255,293,135,449,390
"WSLP_all/011979@30.0819223246481,-90.4695820856125.jpg",1,170,252,278,142,448,394
"WSLP_all/011980@30.0818059654623,-90.469412349654.jpg",1,140,267,324,129,464,396
"WSLP_all/011981@30.0816939507171,-90.4692425774568.jpg",1,96,259,332,133,428,392
"WSLP_all/011982@30.0819820156673,-90.4690693358711.jpg",1,229,260,196,107,425,367
"WSLP_all/011983@30.0821139703746,-90.4689670087921.jpg",1,203,274,181,95,384,369
"WSLP_all/011984@30.0824671749949,-90.4687805528056.jpg",1,243,274,175,91,418,365
"WSLP_all/011985@30.0825993225253,-90.4687035197403.jpg",3,235,279,158,90,393,369
"WSLP_all/011986@30.0771601210608,-90.4727408702588.jpg",1,38,229,491,185,529,414
"WSLP_all/011987@30.0773636709555,-90.4724513899856.jpg",2,128,241,368,175,496,416
"WSLP_all/011988@30.0778341414381,-90.4722323241738.jpg",1,215,256,344,155,559,411
"WSLP_all/011989@30.077690791473,-90.4720849578707.jpg",2,142,246,499,170,641,416
"WSLP_all/011990@30.0779766589055,-90.4717726315454.jpg",2,0,253,454,164,454,417
"WSLP_all/011991@30.0782702242494,-90.4714222941669.jpg",1,72,222,437,186,509,408
"WSLP_all/011992@30.0785056631266,-90.4712368728596.jpg",1,170,267,263,131,433,398
"WSLP_all/011993@30.0786341939177,-90.4710523746632.jpg",1,115,258,289,138,404,396
"WSLP_all/011994@30.0788009298943,-90.4707979863314.jpg",1,16,244,502,166,518,410
"WSLP_all/011995@30.0790944034207,-90.4704381584667.jpg",2,245,224,396,159,641,383
"WSLP_all/011996@30.0793494007172,-90.4701071193495.jpg",1,147,249,409,169,556,418
"WSLP_all/011997@30.0794687417224,-90.4702578540158.jpg",1,117,257,298,146,415,403
"WSLP_all/011998@30.0796061758328,-90.4703957849873.jpg",1,95,252,347,142,442,394
"WSLP_all/011999@30.0797255372063,-90.4705496820583.jpg",1,57,247,354,154,411,401
"WSLP_all/012000@30.0798494145145,-90.4707003795894.jpg",1,120,260,298,133,418,393
"WSLP_all/012001@30.0799870551185,-90.4708699284884.jpg",1,175,248,245,134,420,382
"WSLP_all/012002@30.0801950450406,-90.4710072504881.jpg",1,139,260,259,136,398,396
"WSLP_all/012003@30.0803277553359,-90.4711167685778.jpg",1,130,265,246,134,376,399
"WSLP_all/012004@30.0804807424056,-90.4711944917701.jpg",1,97,265,318,140,415,405
"WSLP_all/012005@30.0805816243697,-90.471310608459.jpg",1,167,270,334,132,501,402
"WSLP_all/012006@30.0792261857811,-90.470557167092.jpg",1,267,243,293,149,560,392
"WSLP_all/012007@30.0802423934907,-90.4726257193109.jpg",1,354,260,287,136,641,396
"WSLP_all/012008@30.0797077732958,-90.4730856440158.jpg",2,151,254,490,163,641,417
"WSLP_all/012009@30.0794407173305,-90.473356706762.jpg",2,192,247,449,151,641,398
"WSLP_all/012010@30.0794793955184,-90.4728662865064.jpg",1,24,260,357,136,381,396
"WSLP_all/012011@30.0793705754754,-90.4727723709559.jpg",1,248,252,349,147,597,399
"WSLP_all/012012@30.0792756142674,-90.4726656885803.jpg",1,320,248,269,145,589,393
"WSLP_all/012013@30.0791387123213,-90.4725498821387.jpg",1,0,263,356,124,356,387
"WSLP_all/012014@30.07861054109,-90.4718588440568.jpg",1,2,281,342,114,344,395
"WSLP_all/012015@30.0784339847929,-90.4715663210369.jpg",1,167,272,349,119,516,391
"WSLP_all/012016@30.0720172780972,-90.468678345113.jpg",1,83,223,437,173,520,396
"WSLP_all/012017@30.0962446368986,-90.479549080772.jpg",1,91,258,360,133,451,391
"WSLP_all/012018@30.0960390023612,-90.4795065696914.jpg",1,189,239,372,143,561,382
"WSLP_all/012019@30.0958387682538,-90.4795588832879.jpg",1,208,262,350,144,558,406
"WSLP_all/012020@30.095611923418,-90.4796082623259.jpg",1,187,252,390,141,577,393
"WSLP_all/012021@30.0953255978889,-90.4797846455077.jpg",1,237,247,313,157,550,404
"WSLP_all/012022@30.0951634677665,-90.4799631252924.jpg",1,219,260,305,152,524,412
"WSLP_all/012023@30.0950475251651,-90.4801443713357.jpg",1,189,262,348,142,537,404
"WSLP_all/012024@30.0949351099182,-90.4803224254648.jpg",1,167,242,363,171,530,413
"WSLP_all/012025@30.0948700410602,-90.4806866502846.jpg",1,135,222,363,165,498,387
"WSLP_all/012026@30.0948411986366,-90.4811675719044.jpg",1,229,267,402,114,631,381
"WSLP_all/012027@30.0948388578393,-90.4813541702715.jpg",1,184,255,383,137,567,392
"WSLP_all/012028@30.0948121705169,-90.4816200338807.jpg",1,255,244,327,152,582,396
"WSLP_all/012029@30.0948383152076,-90.4818190370107.jpg",2,193,229,448,168,641,397
"WSLP_all/012030@30.0948934488652,-90.4821126634666.jpg",1,239,227,303,146,542,373
"WSLP_all/012031@30.0916858419607,-90.4792276474324.jpg",1,56,245,379,140,435,385
"WSLP_all/012032@30.0916668557434,-90.4790349143246.jpg",2,0,227,335,156,335,383
"WSLP_all/012033@30.0921931269278,-90.4786414452501.jpg",2,0,215,571,182,571,397
"WSLP_all/012034@30.0917708839463,-90.478657715973.jpg",2,0,237,377,173,377,410
"WSLP_all/012035@30.0912456377775,-90.4786622211769.jpg",1,19,169,420,184,439,353
"WSLP_all/012036@30.0911189244161,-90.4782806806437.jpg",2,0,180,346,203,346,383
"WSLP_all/012037@30.0917767806523,-90.4773801220852.jpg",1,96,237,435,149,531,386
"WSLP_all/012038@30.091715075377,-90.477168781766.jpg",1,132,217,402,163,534,380
"WSLP_all/012039@30.0915747865237,-90.4768822247324.jpg",1,122,208,428,204,550,412
"WSLP_all/012040@30.091401462239,-90.4764251916667.jpg",1,123,228,439,171,562,399
"WSLP_all/012041@30.0911218047166,-90.4759943727837.jpg",1,89,198,455,195,544,393
"WSLP_all/012042@30.0910318039899,-90.4757959280754.jpg",1,55,267,411,126,466,393
"WSLP_all/012043@30.0907066497215,-90.4754603702008.jpg",1,41,179,426,197,467,376
"WSLP_all/012044@30.0907506824295,-90.4751406090307.jpg",1,0,250,318,115,318,365
"WSLP_all/012045@30.0867773640663,-90.4649486608012.jpg",1,145,222,362,154,507,376
"WSLP_all/012046@30.087962114391,-90.4661936968243.jpg",1,274,233,284,143,558,376
"WSLP_all/012047@30.0878368974694,-90.4662580286392.jpg",1,138,214,366,168,504,382
"WSLP_all/012048@30.0876838174573,-90.4664301152732.jpg",1,212,230,321,160,533,390
"WSLP_all/012049@30.0875842197966,-90.4664847374463.jpg",1,40,219,362,151,402,370
"WSLP_all/012050@30.0874341457027,-90.4666789307792.jpg",1,226,255,276,131,502,386
"WSLP_all/012051@30.0872982381245,-90.4668571898886.jpg",1,244,253,375,126,619,379
"WSLP_all/012052@30.087150295607,-90.4669406915864.jpg",1,125,252,337,124,462,376
"WSLP_all/012053@30.0869882621724,-90.4670559353115.jpg",1,139,239,372,143,511,382
"WSLP_all/012054@30.086852110946,-90.4671930882246.jpg",1,150,234,379,165,529,399
"WSLP_all/012055@30.0866960461508,-90.4673462241812.jpg",1,198,234,391,151,589,385
"WSLP_all/012056@30.0865454928999,-90.4674676921353.jpg",1,192,227,385,158,577,385
"WSLP_all/012057@30.0863977775963,-90.4675859719657.jpg",1,162,224,387,157,549,381
"WSLP_all/012058@30.0862530411717,-90.4677263599709.jpg",1,148,229,371,137,519,366
"WSLP_all/012059@30.0857017921951,-90.4676489353711.jpg",1,29,234,427,152,456,386
"WSLP_all/012060@30.0854264083598,-90.4679106142833.jpg",1,74,238,337,134,411,372
"WSLP_all/012061@30.082446905726,-90.4694131170066.jpg",1,44,243,261,125,305,368
"WSLP_all/012062@30.082865517202,-90.4684577389239.jpg",1,190,243,360,155,550,398
"WSLP_all/012063@30.0837925576649,-90.4684718280094.jpg",1,201,198,440,183,641,381
"WSLP_all/012064@30.083952565418,-90.4683913886688.jpg",1,288,252,257,137,545,389
"WSLP_all/012065@30.0840780701836,-90.4682701437604.jpg",1,232,219,395,181,627,400
"WSLP_all/012066@30.077871890048,-90.5076187902907.jpg",2,0,240,303,141,303,381
"WSLP_all/012067@30.0780132120343,-90.5073962931583.jpg",1,3,255,394,132,397,387
"WSLP_all/012068@30.0644794674942,-90.5737736819799.jpg",1,190,255,365,141,555,396
"WSLP_all/012069@30.047636569072,-90.6086583374785.jpg",4,207,295,236,139,443,434
"WSLP_all/012070@30.0618097031448,-90.6301119229753.jpg",1,195,302,209,101,404,403
"WSLP_all/012071@30.0645066266866,-90.6290970718501.jpg",1,59,250,319,140,378,390
"WSLP_all/012072@30.0648931419906,-90.6281459339396.jpg",6,192,270,223,81,415,351
"WSLP_all/012073@30.0639528681908,-90.6283675572343.jpg",1,351,295,194,83,545,378
"WSLP_all/012074@30.0652832085131,-90.6265403604221.jpg",1,168,222,317,153,485,375
"WSLP_all/012076@30.0658604489507,-90.6227109888288.jpg",1,190,270,184,94,374,364
"WSLP_all/012077@30.0643812750402,-90.6224338523395.jpg",1,170,271,252,101,422,372
"WSLP_all/012078@30.0559583308347,-90.6451493240976.jpg",1,162,282,466,129,628,411
"WSLP_all/012079@30.0469424822912,-90.6200991179145.jpg",3,95,234,304,114,399,348
"WSLP_all/012080@30.0460460399665,-90.6199885836414.jpg",1,154,242,283,128,437,370
"WSLP_all/012081@30.0457226362036,-90.6198423428587.jpg",1,84,245,323,144,407,389
"WSLP_all/012082@30.0655153577777,-90.6281478543838.jpg",1,168,237,233,123,401,360
"WSLP_all/012083@30.0668835333488,-90.6273256900324.jpg",1,8,238,334,143,342,381
"WSLP_all/012084@30.0673397279324,-90.6264688710632.jpg",2,281,202,360,174,641,376
"WSLP_all/012085@30.0675928619593,-90.6265018515857.jpg",1,89,224,359,144,448,368
"WSLP_all/012086@30.0678729980573,-90.6264524432341.jpg",1,182,209,356,163,538,372
"WSLP_all/012088@30.0626924556356,-90.6275513757085.jpg",1,233,229,226,142,459,371
"WSLP_all/012089@30.0628511228563,-90.6278853494351.jpg",1,155,265,288,105,443,370
"WSLP_all/012090@30.0630020427981,-90.6282415070158.jpg",1,165,252,289,116,454,368
"WSLP_all/012091@30.063295190089,-90.6291593733199.jpg",3,143,278,279,154,422,432
"WSLP_all/012093@30.0441967795533,-90.6214999883487.jpg",6,221,265,221,98,442,363
"WSLP_all/012094@30.0546681705528,-90.6198415338995.jpg",6,206,280,212,92,418,372
"WSLP_all/012095@30.0461355824349,-90.6182811313599.jpg",3,195,272,235,109,430,381
"WSLP_all/012096@30.0451922290181,-90.6180698065581.jpg",1,102,239,448,156,550,395
"WSLP_all/012097@30.0418748857608,-90.6168230350847.jpg",1,17,239,556,197,573,436
"WSLP_all/012098@30.0446192280155,-90.6162312214575.jpg",1,226,278,223,106,449,384
"WSLP_all/012099@30.0451651763895,-90.6156646840278.jpg",1,131,245,308,156,439,401
"WSLP_all/012100@30.0465271878963,-90.6158540073459.jpg",1,134,245,270,158,404,403
"WSLP_all/012101@30.0467183264671,-90.6159190079786.jpg",1,28,232,470,166,498,398
"WSLP_all/012102@30.0477618872839,-90.6157313318434.jpg",2,0,255,222,140,222,395
"WSLP_all/012103@30.0470876464096,-90.6155180909827.jpg",2,0,245,321,137,321,382
"WSLP_all/012104@30.0467619486227,-90.6153908432851.jpg",1,14,281,367,116,381,397
"WSLP_all/012105@30.0746644078547,-90.5231692464255.jpg",1,165,280,276,105,441,385
"WSLP_all/012106@30.0753750907093,-90.5241467602378.jpg",1,60,255,336,132,396,387
"WSLP_all/012107@30.0753973432474,-90.524380545492.jpg",1,95,257,325,125,420,382
"WSLP_all/012108@30.0753867061845,-90.5245829817624.jpg",1,114,250,302,149,416,399
"WSLP_all/012109@30.0754147608796,-90.5247945881478.jpg",1,102,253,358,141,460,394
"WSLP_all/012110@30.0754309368425,-90.5250062909961.jpg",1,117,247,365,144,482,391
"WSLP_all/012111@30.0754693618055,-90.525205167721.jpg",1,138,265,282,128,420,393
"WSLP_all/012112@30.0754601822193,-90.5254075911866.jpg",1,106,253,344,147,450,400
"WSLP_all/012113@30.075483788542,-90.5256160733351.jpg",1,153,242,312,149,465,391
"WSLP_all/012114@30.075474529911,-90.5258058506117.jpg",1,55,232,366,150,421,382
"WSLP_all/012115@30.0755174867904,-90.5260173367936.jpg",1,121,230,294,163,415,393
"WSLP_all/012116@30.0755262749707,-90.5262354243216.jpg",1,63,215,334,166,397,381
"WSLP_all/012117@30.0755126768893,-90.5264442069794.jpg",1,74,229,372,160,446,389
"WSLP_all/012118@30.0755198555989,-90.5266464990301.jpg",1,73,222,334,163,407,385
"WSLP_all/012119@30.0755181632257,-90.5268551852686.jpg",1,84,237,373,159,457,396
"WSLP_all/012120@30.0755342197894,-90.5270479193766.jpg",1,54,255,370,144,424,399
"WSLP_all/012121@30.0755281803871,-90.5272787737679.jpg",1,89,239,322,167,411,406
"WSLP_all/012122@30.0758372038057,-90.5247785140027.jpg",1,61,252,346,147,407,399
"WSLP_all/012123@30.0758284014688,-90.5245541036246.jpg",1,112,255,292,142,404,397
"WSLP_all/012124@30.0758121674366,-90.5243329142886.jpg",1,122,255,343,136,465,391
"WSLP_all/012125@30.075748529243,-90.5239065985923.jpg",2,0,262,384,144,384,406
"WSLP_all/012126@30.0757205902077,-90.5234768316191.jpg",2,0,233,306,137,306,370
"WSLP_all/012127@30.0754024419964,-90.5235141967138.jpg",1,41,210,373,181,414,391
"WSLP_all/012128@30.0886282088962,-90.5140373229236.jpg",1,192,265,266,131,458,396
"WSLP_all/012129@30.0894118635133,-90.5143787170098.jpg",1,150,255,336,136,486,391
"WSLP_all/012130@30.089572116179,-90.5144216700935.jpg",1,222,267,283,137,505,404
"WSLP_all/012131@30.0898761123,-90.5145677934367.jpg",1,169,280,333,107,502,387
"WSLP_all/012132@30.0900348838995,-90.5146202467348.jpg",1,158,272,351,111,509,383
"WSLP_all/012133@30.0903447945786,-90.514731538816.jpg",1,200,267,265,124,465,391
"WSLP_all/012134@30.0905082522523,-90.5147902774551.jpg",1,213,255,292,127,505,382
"WSLP_all/012135@30.0906366475777,-90.5149062236596.jpg",1,153,270,314,98,467,368
"WSLP_all/012136@30.0916598813429,-90.51489149483.jpg",1,108,240,338,138,446,378
"WSLP_all/012137@30.0919622068632,-90.5150123385487.jpg",1,160,260,267,113,427,373
"WSLP_all/012138@30.0922963854669,-90.5151613826389.jpg",1,138,260,289,119,427,379
"WSLP_all/012139@30.0926062881296,-90.5152758412395.jpg",1,119,260,265,115,384,375
"WSLP_all/012140@30.0929113390924,-90.5154282874889.jpg",1,148,268,285,121,433,389
"WSLP_all/012141@30.0930561529579,-90.5154871818063.jpg",1,143,262,281,119,424,381
"WSLP_all/012142@30.0935101609863,-90.5151387670295.jpg",2,320,250,321,127,641,377
"WSLP_all/012143@30.0911139035785,-90.5155252585914.jpg",1,123,233,333,166,456,399
"WSLP_all/012144@30.0912551978107,-90.5156284528028.jpg",1,140,248,307,143,447,391
"WSLP_all/012145@30.0917117677543,-90.5152895095643.jpg",1,164,242,365,136,529,378
"WSLP_all/012146@30.0918581296348,-90.5153894991998.jpg",1,212,257,340,144,552,401
"WSLP_all/012147@30.0920145443166,-90.5154830821561.jpg",1,175,253,320,145,495,398
"WSLP_all/012148@30.0921781316946,-90.5155007128773.jpg",1,205,247,310,149,515,396
"WSLP_all/012149@30.0923127796634,-90.5155565280584.jpg",1,187,258,311,122,498,380
"WSLP_all/012150@30.0924818971168,-90.5156500084993.jpg",1,215,255,335,139,550,394
"WSLP_all/012151@30.0926292217494,-90.5157057200319.jpg",1,221,250,329,141,550,391
"WSLP_all/012152@30.0927841630403,-90.5157613692338.jpg",1,231,242,330,149,561,391
"WSLP_all/012153@30.0781852590834,-90.5070786879089.jpg",1,3,232,427,146,430,378
"WSLP_all/012154@30.0782397182625,-90.5068790422429.jpg",1,127,232,423,160,550,392
"WSLP_all/012155@30.0783269173012,-90.5069099381209.jpg",2,0,247,247,144,247,391
"WSLP_all/012156@30.0783072569528,-90.5071029708062.jpg",2,0,242,249,142,249,384
"WSLP_all/012157@30.0784385261975,-90.5069437924014.jpg",1,195,233,261,148,456,381
"WSLP_all/012158@30.0785156408787,-90.5070285216503.jpg",1,15,234,374,151,389,385
"WSLP_all/012159@30.0785927158513,-90.5071069277461.jpg",2,0,239,238,143,238,382
"WSLP_all/012160@30.0785729083153,-90.5072809912896.jpg",1,103,247,331,116,434,363
"WSLP_all/012161@30.0784723633904,-90.5073450607573.jpg",2,0,260,311,151,311,411
"WSLP_all/012162@30.0783674217463,-90.5072605619644.jpg",2,0,240,292,175,292,415
"WSLP_all/012163@30.0775015497355,-90.5068440607815.jpg",4,185,287,186,89,371,376
"WSLP_all/012165@30.0774522552997,-90.5073060891054.jpg",3,150,280,218,94,368,374
"WSLP_all/012166@30.0775547551312,-90.5075581824428.jpg",2,0,271,338,133,338,404
"WSLP_all/012167@30.0776190625456,-90.5072667651916.jpg",2,0,255,444,144,444,399
"WSLP_all/012168@30.0777445840464,-90.5073005043131.jpg",2,0,268,235,124,235,392
"WSLP_all/012169@30.044289789271,-90.6146911671992.jpg",1,192,267,237,104,429,371
"WSLP_all/012170@30.0440356451742,-90.6145444467673.jpg",1,254,270,211,83,465,353
"WSLP_all/012171@30.0440115848269,-90.614358138507.jpg",1,168,253,251,106,419,359
"WSLP_all/012172@30.0456737923381,-90.6141280593186.jpg",1,273,276,298,141,571,417
"WSLP_all/012173@30.0458787000248,-90.6141613492745.jpg",1,232,278,309,138,541,416
"WSLP_all/012174@30.0462250056801,-90.6143105674795.jpg",1,182,280,275,118,457,398
"WSLP_all/012175@30.0469172360725,-90.6145394735762.jpg",1,234,277,284,128,518,405
"WSLP_all/012176@30.0755385674081,-90.5275158176822.jpg",1,79,250,364,149,443,399
"WSLP_all/012177@30.0755235597192,-90.5277372594272.jpg",1,60,224,341,157,401,381
"WSLP_all/012178@30.0760188928875,-90.5279672227451.jpg",1,164,268,313,134,477,402
"WSLP_all/012179@30.0760318824765,-90.5276541073712.jpg",1,34,280,269,106,303,386
"WSLP_all/012180@30.0760380501829,-90.5274485445757.jpg",1,293,260,348,146,641,406
"WSLP_all/012181@30.0760335910646,-90.5272051280871.jpg",1,116,270,251,110,367,380
"WSLP_all/012182@30.0760243013739,-90.5269048386838.jpg",1,150,260,295,140,445,400
"WSLP_all/012183@30.0760201316043,-90.5267088457193.jpg",2,0,267,308,131,308,398
"WSLP_all/012184@30.0760039777338,-90.5265003018696.jpg",2,0,255,267,136,267,391
"WSLP_all/012185@30.0759850473755,-90.5263233988066.jpg",1,175,255,320,121,495,376
"WSLP_all/012186@30.0759702237418,-90.5260895505564.jpg",1,248,247,380,145,628,392
"WSLP_all/012187@30.0759509634387,-90.5258589010763.jpg",2,0,260,271,151,271,411
"WSLP_all/012188@30.0759302295203,-90.525634587062.jpg",1,15,262,324,128,339,390
"WSLP_all/012189@30.075905223542,-90.5254356004751.jpg",2,0,255,270,156,270,411
"WSLP_all/012190@30.0758831397351,-90.5252334296112.jpg",2,0,242,235,164,235,406
"WSLP_all/012191@30.0758622969297,-90.5249869837021.jpg",1,69,252,325,140,394,392
"WSLP_all/012192@30.0929555165436,-90.5158073971724.jpg",1,257,225,326,140,583,365
"WSLP_all/012193@30.0929779090682,-90.5163542856805.jpg",1,93,255,266,115,359,370
"WSLP_all/012194@30.0908738842591,-90.5158466111831.jpg",1,75,239,564,172,639,411
"WSLP_all/012195@30.091791309569,-90.5162628235022.jpg",1,252,262,329,121,581,383
"WSLP_all/012196@30.092087191363,-90.5163647509638.jpg",1,221,262,319,124,540,386
"WSLP_all/012197@30.0923904470579,-90.5164318339113.jpg",1,86,258,323,112,409,370
"WSLP_all/012198@30.0925381829779,-90.5165539503654.jpg",1,214,272,268,102,482,374
"WSLP_all/012199@30.092854584729,-90.5166968216507.jpg",1,164,257,312,130,476,387
"WSLP_all/012200@30.0894471815975,-90.5160322339685.jpg",1,170,272,289,124,459,396
"WSLP_all/012201@30.0894701825505,-90.5157948840669.jpg",1,74,248,397,134,471,382
"WSLP_all/012202@30.0776851747552,-90.5067065814799.jpg",1,1,248,335,129,336,377
"WSLP_all/012203@30.0778491190378,-90.5067589719258.jpg",2,0,248,291,153,291,401
"WSLP_all/012204@30.0776937384958,-90.5069626155085.jpg",1,208,233,380,147,588,380
"WSLP_all/012205@30.0778156769081,-90.5069774132914.jpg",1,98,255,317,120,415,375
"WSLP_all/012206@30.0779606810839,-90.5067896644773.jpg",1,177,230,421,164,598,394
"WSLP_all/012207@30.0779133244181,-90.5070082214514.jpg",2,284,237,357,159,641,396
"WSLP_all/012208@30.0780597366333,-90.5070449489251.jpg",1,190,237,425,142,615,379
"WSLP_all/012209@30.0274808856942,-90.4677601543757.jpg",1,66,267,287,111,353,378
"WSLP_all/012211@30.0273562789993,-90.4674825380319.jpg",6,202,272,221,96,423,368
"WSLP_all/012213@30.0254116487199,-90.4678884375334.jpg",3,103,295,211,87,314,382
"WSLP_all/012214@30.0255699157809,-90.4680074018795.jpg",1,31,285,235,123,266,408
"WSLP_all/012215@30.0296588357381,-90.4669644839123.jpg",2,0,196,639,310,639,506
"WSLP_all/012216@30.029750271386,-90.4667390264355.jpg",2,0,263,641,206,641,469
"WSLP_all/012217@30.029825686789,-90.4655469155398.jpg",6,227,260,193,134,420,394
"WSLP_all/012219@30.0245715635062,-90.45406633133.jpg",1,40,204,440,182,480,386
"WSLP_all/012220@30.0581773890035,-90.5513174453281.jpg",1,231,288,191,81,422,369
"WSLP_all/012221@30.0530158067767,-90.5488291433909.jpg",1,1,107,565,414,566,521
"WSLP_all/012222@30.0615272832634,-90.4371501948872.jpg",2,0,213,606,225,606,438
"WSLP_all/012223@30.0635840584005,-90.4354719923857.jpg",3,190,267,260,131,450,398
"WSLP_all/012224@30.0326108113752,-90.4670037787549.jpg",6,187,260,233,113,420,373
"WSLP_all/012225@30.0413504376272,-90.4662482954616.jpg",1,190,162,375,310,565,472
"WSLP_all/012226@30.0551980768793,-90.547111316999.jpg",2,0,235,536,224,536,459
"WSLP_all/012228@30.0513451837945,-90.5390275675965.jpg",2,0,171,641,267,641,438
"WSLP_all/012229@30.0507299432642,-90.5371485593823.jpg",1,101,200,286,217,387,417
"WSLP_all/012230@30.0538966287929,-90.5436318132248.jpg",1,204,151,300,269,504,420
"WSLP_all/012231@30.0521966729421,-90.5366184453936.jpg",2,0,119,639,362,639,481
"WSLP_all/012232@30.052214694096,-90.5427126515188.jpg",2,0,230,503,213,503,443
"WSLP_all/012233@30.0593876304315,-90.5353028115872.jpg",3,71,275,397,189,468,464
"WSLP_all/012234@30.0702938871325,-90.4729961753297.jpg",6,206,277,252,97,458,374
"WSLP_all/012235@30.0719015455002,-90.4709620298748.jpg",1,239,277,312,132,551,409
"WSLP_all/012236@30.0736395710351,-90.4682785470177.jpg",1,206,282,247,101,453,383
"WSLP_all/012237@30.0821023827636,-90.4621847637418.jpg",1,94,227,310,152,404,379
"WSLP_all/012238@30.0518336272087,-90.5333276284206.jpg",2,0,198,515,271,515,469
"WSLP_all/012239@30.0919305614219,-90.4679300189387.jpg",1,145,212,288,206,433,418
"WSLP_all/012240@30.0903173835216,-90.4971405279984.jpg",1,121,203,338,168,459,371
"WSLP_all/012241@30.0932455710882,-90.4957751475374.jpg",1,22,209,587,220,609,429
"WSLP_all/012242@30.0936739304622,-90.4906581169793.jpg",3,0,245,451,117,451,362
"WSLP_all/012243@30.0731500890733,-90.5391193612824.jpg",1,96,277,174,114,270,391
"WSLP_all/012245@30.0819359019486,-90.5547260961086.jpg",6,200,282,228,88,428,370
"WSLP_all/012247@30.0567631114561,-90.454892212081.jpg",3,204,217,395,175,599,392
"WSLP_all/012248@30.0589479505582,-90.4505958526857.jpg",3,165,189,328,194,493,383
"WSLP_all/012249@30.0582812251834,-90.4503836351489.jpg",1,145,224,264,148,409,372
"WSLP_all/012250@30.0597438417491,-90.4473106111365.jpg",3,139,218,294,161,433,379
"WSLP_all/012251@30.0626829152643,-90.4933037576578.jpg",6,190,273,261,82,451,355
"WSLP_all/012252@30.0612582040309,-90.4924875126949.jpg",1,0,292,354,133,354,425
"WSLP_all/012253@30.0648650827915,-90.4959630548364.jpg",1,109,224,308,146,417,370
"WSLP_all/012254@30.0689385301499,-90.4950689011118.jpg",1,153,237,361,160,514,397
"WSLP_all/012255@30.0686201376851,-90.4908162000537.jpg",6,211,278,235,92,446,370
"WSLP_all/012256@30.0628936180262,-90.4759463387951.jpg",3,254,245,236,138,490,383
"WSLP_all/012257@30.0572931962413,-90.5625179345604.jpg",1,148,219,493,193,641,412
"WSLP_all/012258@30.058524674808,-90.559214476831.jpg",1,147,224,439,228,586,452
"WSLP_all/012259@30.0676343682004,-90.5574997655406.jpg",1,125,77,446,336,571,413
"WSLP_all/012260@30.0559762422633,-90.5535854073241.jpg",1,169,169,469,257,638,426
"WSLP_all/012261@30.0603985704362,-90.5533010756047.jpg",1,86,184,407,258,493,442
"WSLP_all/012262@30.05512555591,-90.5531779627659.jpg",1,69,184,399,267,468,451
"WSLP_all/012263@30.0614025617692,-90.4855314986323.jpg",3,61,250,318,156,379,406
"WSLP_all/012264@30.0789639531754,-90.5067181070289.jpg",1,178,277,304,124,482,401
"WSLP_all/012265@30.0851016317547,-90.5086308081023.jpg",3,200,242,272,157,472,399
"WSLP_all/012266@30.0668706789297,-90.5015957029144.jpg",6,216,282,255,97,471,379
"WSLP_all/012267@30.0617711295765,-90.4938362147967.jpg",6,199,275,239,94,438,369
"WSLP_all/012269@30.0641846033003,-90.4921087535646.jpg",1,173,258,308,149,481,407
"WSLP_all/012270@30.064442591747,-90.4920307034822.jpg",3,0,262,517,171,517,433
"WSLP_all/012271@30.0655811554617,-90.5575347160829.jpg",3,76,250,420,141,496,391
"WSLP_all/012272@30.084853874465,-90.5072573832284.jpg",1,107,227,282,173,389,400
"WSLP_all/012273@30.0849081695159,-90.506921760401.jpg",1,37,17,481,401,518,418
"WSLP_all/012274@30.0856020850594,-90.5066883385094.jpg",1,66,222,555,206,621,428
"WSLP_all/012275@30.0862122674071,-90.5089694427087.jpg",3,178,273,257,131,435,404
"WSLP_all/012276@30.0847248931386,-90.5085106079418.jpg",1,178,229,313,168,491,397
"WSLP_all/012277@30.0818205398811,-90.5076113675969.jpg",1,170,208,281,189,451,397
"WSLP_all/012278@30.0816721404935,-90.5075778162776.jpg",1,193,257,261,133,454,390
"WSLP_all/012279@30.0810249225949,-90.5073650082512.jpg",1,199,245,275,150,474,395
"WSLP_all/012280@30.0574540531526,-90.6351277360748.jpg",4,234,281,173,84,407,365
"WSLP_all/012281@30.081183844679,-90.5073795004918.jpg",3,205,242,245,160,450,402
"WSLP_all/012282@30.0571671996534,-90.6217993414247.jpg",1,153,288,249,111,402,399
"WSLP_all/012283@30.0599316627841,-90.6212896214.jpg",2,0,48,594,561,594,609
"WSLP_all/012284@30.05816432306,-90.6206352452527.jpg",2,0,121,641,520,641,641
"WSLP_all/012285@30.0496833270562,-90.6145890676944.jpg",1,104,111,507,395,611,506
"WSLP_all/012286@30.0535374252242,-90.6138943070199.jpg",1,22,84,607,344,629,428
"WSLP_all/012287@30.0491447519245,-90.6130504515985.jpg",5,0,234,641,407,641,641
"WSLP_all/012288@30.0453736728852,-90.6109220739114.jpg",1,134,106,370,320,504,426
"WSLP_all/012289@30.0445701182142,-90.6119614504447.jpg",2,172,170,469,248,641,418
"WSLP_all/012290@30.0557445538609,-90.6206873178735.jpg",1,174,168,282,217,456,385
"WSLP_all/012291@30.0555020593849,-90.6189283407303.jpg",1,140,248,327,127,467,375
"WSLP_all/012292@30.0554481967954,-90.6175568282007.jpg",3,232,182,224,219,456,401
"WSLP_all/012293@30.0551684906616,-90.6174924537385.jpg",1,222,233,247,157,469,390
"WSLP_all/012294@30.0560527773044,-90.6172332176442.jpg",1,268,210,133,184,401,394
"WSLP_all/012295@30.0544413720832,-90.6172384717297.jpg",4,252,268,159,127,411,395
"WSLP_all/012296@30.0555664080087,-90.6170754978548.jpg",1,247,218,215,194,462,412
"WSLP_all/012297@30.0557320755969,-90.6170837906258.jpg",1,224,220,224,186,448,406
"WSLP_all/012298@30.0553467315006,-90.6169253449645.jpg",4,200,224,232,133,432,357
"WSLP_all/012299@30.0457941141242,-90.6102236607464.jpg",6,173,237,216,135,389,372
"WSLP_all/012300@30.0459713732261,-90.6097988330821.jpg",3,216,271,155,93,371,364
"WSLP_all/012301@30.0470747093232,-90.607941761127.jpg",1,200,217,441,189,641,406
"WSLP_all/012302@30.0415675583,-90.6243475132583.jpg",6,185,258,256,128,441,386
"WSLP_all/012303@30.0548819181971,-90.5890514495956.jpg",3,18,219,378,138,396,357
"WSLP_all/012304@30.0640361028917,-90.5541293312565.jpg",3,91,243,365,135,456,378
"WSLP_all/012305@30.0607518032081,-90.5538610115606.jpg",1,204,203,274,153,478,356
"WSLP_all/012306@30.0564267615966,-90.5531741008817.jpg",1,129,230,248,181,377,411
"WSLP_all/012307@30.0428804191637,-90.6177482030311.jpg",2,84,172,557,285,641,457
"WSLP_all/012308@30.0445949918981,-90.6173313242258.jpg",3,249,242,191,128,440,370
"WSLP_all/012309@30.0556517938783,-90.5518556758148.jpg",1,182,265,241,157,423,422
"WSLP_all/012310@30.0566427678601,-90.5613944496072.jpg",1,175,253,232,143,407,396
"WSLP_all/012311@30.059336115035,-90.5604252334525.jpg",1,0,177,641,320,641,497
"WSLP_all/012312@30.0585424149802,-90.5604092597636.jpg",2,64,233,577,249,641,482
"WSLP_all/012313@30.0596314647431,-90.5591963975426.jpg",1,107,255,282,183,389,438
"WSLP_all/012314@30.0592104949803,-90.5592439235421.jpg",1,93,215,356,212,449,427
"WSLP_all/012315@30.0579415853259,-90.5591937160911.jpg",1,148,212,381,213,529,425
"WSLP_all/012316@30.0603345392208,-90.5591624861064.jpg",1,98,245,291,186,389,431
"WSLP_all/012317@30.0513070307639,-90.535908022359.jpg",2,0,232,551,300,551,532
"WSLP_all/012318@30.0548573583223,-90.5563221462638.jpg",2,61,277,150,91,211,368
"WSLP_all/012319@30.05218767357,-90.541780379905.jpg",6,208,265,184,110,392,375
"WSLP_all/012320@30.0571357120412,-90.5365821296034.jpg",1,243,212,174,180,417,392
"WSLP_all/012322@30.0653454710602,-90.4861081093566.jpg",1,200,278,192,83,392,361
"WSLP_all/012323@30.0536136544846,-90.5395531859739.jpg",6,188,262,221,104,409,366
"WSLP_all/012324@30.064799563776,-90.4941236840077.jpg",1,190,202,286,195,476,397
"WSLP_all/012325@30.0639804829028,-90.5107371534763.jpg",3,151,233,258,155,409,388
"WSLP_all/012326@30.0650992138711,-90.5096909863864.jpg",1,223,205,265,212,488,417
"WSLP_all/012327@30.0661386641891,-90.5085316398888.jpg",6,190,267,299,128,489,395
"WSLP_all/012328@30.0661564264915,-90.4873183642664.jpg",2,0,233,641,252,641,485
"WSLP_all/012329@30.0695760267134,-90.5038747188326.jpg",1,211,296,261,127,472,423
"WSLP_all/012331@30.0886660604569,-90.4922688860935.jpg",1,133,146,375,255,508,401
"WSLP_all/012332@30.0508012386035,-90.4718715850661.jpg",6,214,280,229,90,443,370
"WSLP_all/012333@30.0887256991965,-90.4920312228826.jpg",3,0,182,519,236,519,418
"WSLP_all/012334@30.0435945969801,-90.4700058257507.jpg",2,0,154,431,438,431,592
"WSLP_all/012335@30.0626943239428,-90.4944986368257.jpg",3,164,276,273,116,437,392
"WSLP_all/012336@30.0319135840815,-90.4675060105132.jpg",1,158,245,328,144,486,389
"WSLP_all/012337@30.0612347788048,-90.5050537352336.jpg",6,219,280,216,94,435,374
"WSLP_all/012338@30.0571767939381,-90.61563510273.jpg",2,167,196,474,245,641,441
"WSLP_all/012339@30.0532587889034,-90.6187041830986.jpg",1,185,234,189,138,374,372
"WSLP_all/012340@30.0646256039697,-90.6278980808505.jpg",1,0,240,379,133,379,373
"WSLP_all/012341@30.0626439651038,-90.4347628401363.jpg",1,42,203,405,156,447,359
"WSLP_all/012342@30.0588689066313,-90.4334438778335.jpg",1,180,159,397,218,577,377
"WSLP_all/012343@30.0819919685617,-90.4612150173548.jpg",1,170,250,234,127,404,377
"WSLP_all/012344@30.0584559216152,-90.4497024330265.jpg",1,149,204,320,180,469,384
"WSLP_all/012345@30.0760326894991,-90.4626931114882.jpg",6,206,272,270,148,476,420
"WSLP_all/012346@30.0616265838325,-90.4920323432515.jpg",1,235,219,308,258,543,477
"WSLP_all/012347@30.0735318822935,-90.4674574496355.jpg",1,292,191,349,171,641,362
"WSLP_all/012348@30.0563365117605,-90.5355263877449.jpg",2,0,257,438,225,438,482
"WSLP_all/012349@30.0682224076935,-90.4900355138814.jpg",2,337,237,304,175,641,412
"WSLP_all/012350@30.0590921993335,-90.5600730729018.jpg",3,56,203,348,303,404,506
"WSLP_all/012351@30.0593201333463,-90.5614843563783.jpg",1,244,257,218,175,462,432
"WSLP_all/012353@30.0679890746231,-90.4896391414246.jpg",1,249,234,214,130,463,364
"WSLP_all/012355@30.0670690311122,-90.4894635658278.jpg",2,0,152,529,388,529,540
"WSLP_all/012356@30.055165669199,-90.5383491062611.jpg",2,169,99,472,378,641,477
"WSLP_all/012357@30.0761233786053,-90.5411096861677.jpg",4,206,278,360,163,566,441
"WSLP_all/012358@30.0523813929388,-90.4723257547595.jpg",6,211,276,307,141,518,417
"WSLP_all/012359@30.0466891616072,-90.6090476793829.jpg",6,201,260,251,100,452,360
"WSLP_all/012360@30.0686255021737,-90.7012586747357.jpg",1,159,258,250,99,409,357
"WSLP_all/012361@30.042785251983,-90.7625029858807.jpg",6,198,255,253,136,451,391
"WSLP_all/012362@30.0671962236271,-90.7032153929659.jpg",3,118,217,266,175,384,392
"WSLP_all/012363@30.0669008205951,-90.7030909621336.jpg",1,49,260,439,121,488,381
"WSLP_all/012364@30.066713657472,-90.7029222828578.jpg",1,227,210,304,176,531,386
"WSLP_all/012365@30.0651230451735,-90.7018821430806.jpg",1,160,265,224,100,384,365
"WSLP_all/012367@30.0639672810842,-90.7012257148443.jpg",1,158,227,272,154,430,381
"WSLP_all/012368@30.0681399405466,-90.7042809039511.jpg",1,143,248,336,113,479,361
"WSLP_all/012369@30.0676458126914,-90.7047277298133.jpg",1,204,248,229,125,433,373
"WSLP_all/012370@30.0674414691694,-90.7045596607603.jpg",1,123,247,360,148,483,395
"WSLP_all/012371@30.0671272304103,-90.7065296871304.jpg",1,216,232,250,120,466,352
"WSLP_all/012372@30.0652063754949,-90.7053127267886.jpg",6,206,270,227,89,433,359
"WSLP_all/012373@30.0649027255656,-90.7051365939014.jpg",6,190,260,245,96,435,356
"WSLP_all/012374@30.0668591975152,-90.7075345496934.jpg",6,174,210,228,166,402,376
"WSLP_all/012375@30.0657454557432,-90.7067516112028.jpg",1,263,250,209,108,472,358
"WSLP_all/012376@30.0634380986934,-90.7052602318437.jpg",1,245,250,249,118,494,368
"WSLP_all/012377@30.0642955390191,-90.7047912206001.jpg",1,185,250,245,102,430,352
"WSLP_all/012378@30.0635572498046,-90.7043383410737.jpg",1,193,239,191,115,384,354
"WSLP_all/012379@30.0628696707876,-90.7040363207587.jpg",1,100,195,306,187,406,382
"WSLP_all/012380@30.0622493407233,-90.7046588006003.jpg",1,219,237,241,110,460,347
"WSLP_all/012381@30.0654290043279,-90.7027804658162.jpg",1,148,253,384,132,532,385
"WSLP_all/012382@30.0649956661898,-90.7036269388404.jpg",1,175,240,389,118,564,358
"WSLP_all/012383@30.064569226325,-90.7033514984359.jpg",1,187,233,242,129,429,362
"WSLP_all/012384@30.064164331596,-90.7025160862513.jpg",1,232,185,349,195,581,380
"WSLP_all/012385@30.0643186638176,-90.7021108713184.jpg",1,208,225,366,130,574,355
"WSLP_all/012386@30.0423483464977,-90.7452989048563.jpg",6,224,285,199,119,423,404
"WSLP_all/012387@30.0263361910491,-90.4672243628746.jpg",6,234,278,193,110,427,388
"WSLP_all/012388@30.0265829289491,-90.4642137988392.jpg",1,153,180,424,227,577,407
"WSLP_all/012389@30.0305710333683,-90.4595282750825.jpg",6,190,267,253,109,443,376
"WSLP_all/012390@30.0255581469793,-90.4653334248964.jpg",2,120,176,521,261,641,437
"WSLP_all/012391@30.0242539614239,-90.4679529972209.jpg",1,137,192,387,215,524,407
"WSLP_all/012392@30.0192307090361,-90.4650303555348.jpg",3,255,239,295,152,550,391
"WSLP_all/012393@30.0223677351922,-90.4606568477352.jpg",1,29,177,500,234,529,411
"WSLP_all/012394@30.0226177435632,-90.4563671063193.jpg",1,78,193,381,193,459,386
"WSLP_all/012395@30.023029577123,-90.4566826508817.jpg",1,226,172,331,203,557,375
"WSLP_all/012396@30.0277700404919,-90.4578234278258.jpg",1,216,219,341,149,557,368
"WSLP_all/012397@30.0264957342972,-90.4538352622174.jpg",1,103,199,345,175,448,374
"WSLP_all/012398@30.0249754509701,-90.4615666716563.jpg",1,165,203,271,157,436,360
"WSLP_all/012399@30.0268698730487,-90.4592731022098.jpg",1,243,195,268,160,511,355
"WSLP_all/012400@30.0246890694015,-90.4553156891534.jpg",1,220,183,364,172,584,355
"WSLP_all/012401@30.0240127946685,-90.4636159378629.jpg",1,13,203,409,162,422,365
"WSLP_all/012402@30.0256022938169,-90.4579574283461.jpg",1,190,207,361,153,551,360
"WSLP_all/012403@30.0680743869751,-90.7049843280067.jpg",1,152,239,285,137,437,376
"WSLP_all/012404@30.0653512129047,-90.7038157334243.jpg",1,79,215,341,151,420,366
"WSLP_all/012405@30.0519993312404,-90.7233912205158.jpg",6,199,272,224,106,423,378
"WSLP_all/012406@30.0458571588213,-90.7373103435503.jpg",6,177,271,274,119,451,390
"WSLP_all/012407@30.0272208720918,-90.4574031092662.jpg",1,20,203,369,156,389,359
"WSLP_all/012408@30.060380190609,-90.5514392566642.jpg",1,247,280,152,101,399,381
"WSLP_all/012409@30.059788055977,-90.4424134744964.jpg",4,253,265,177,119,430,384
"WSLP_all/012410@30.0615855900245,-90.4422266983399.jpg",1,242,233,306,147,548,380
"WSLP_all/012411@30.0616836536793,-90.4420076920201.jpg",1,178,214,388,159,566,373
"WSLP_all/012412@30.0598541497143,-90.4419197315093.jpg",1,116,193,325,173,441,366
"WSLP_all/012413@30.0604166801437,-90.4418451533244.jpg",1,130,234,321,156,451,390
"WSLP_all/012414@30.0599048567056,-90.4416189604002.jpg",1,250,228,391,151,641,379
"WSLP_all/012415@30.0606452352222,-90.4411444706282.jpg",1,188,210,333,180,521,390
"WSLP_all/012416@30.0613717913513,-90.4410937093338.jpg",1,172,229,295,149,467,378
"WSLP_all/012417@30.0600814656251,-90.4409345530609.jpg",1,190,201,329,162,519,363
"WSLP_all/012418@30.0601885094734,-90.4407059856632.jpg",3,141,238,390,141,531,379
"WSLP_all/012419@30.0615381622765,-90.4406559635089.jpg",1,107,239,311,136,418,375
"WSLP_all/012420@30.0608238754885,-90.4404031365249.jpg",1,150,257,304,126,454,383
"WSLP_all/012421@30.0621539903239,-90.4403185107029.jpg",3,200,224,308,157,508,381
"WSLP_all/012422@30.060281882903,-90.4402214787866.jpg",3,200,228,226,132,426,360
"WSLP_all/012423@30.0616522597414,-90.4401902320161.jpg",1,73,214,299,149,372,363
"WSLP_all/012424@30.0621914810606,-90.4400968827607.jpg",1,241,242,278,131,519,373
"WSLP_all/012425@30.0617185319513,-90.4398861537587.jpg",1,126,253,307,133,433,386
"WSLP_all/012426@30.0622150898337,-90.4398153154038.jpg",1,192,193,317,167,509,360
"WSLP_all/012427@30.06033041502,-90.4398195652645.jpg",1,188,197,274,157,462,354
"WSLP_all/012428@30.0610500066446,-90.4393989879721.jpg",1,100,258,340,149,440,407
"WSLP_all/012429@30.0619024490664,-90.4391858587997.jpg",1,109,242,313,135,422,377
"WSLP_all/012430@30.0656899640143,-90.5453814672871.jpg",1,139,151,320,221,459,372
"WSLP_all/012431@30.0619454297773,-90.4389388913713.jpg",1,88,235,323,143,411,378
"WSLP_all/012432@30.0625528217114,-90.4386394390469.jpg",1,233,219,283,140,516,359
"WSLP_all/012433@30.0606515542517,-90.4387513426488.jpg",3,190,240,307,140,497,380
"WSLP_all/012434@30.0626730688672,-90.4383917760017.jpg",1,145,227,373,138,518,365
"WSLP_all/012435@30.0619988532032,-90.4384357651504.jpg",1,63,242,306,151,369,393
"WSLP_all/012436@30.061295033055,-90.438416794045.jpg",1,114,250,322,131,436,381
"WSLP_all/012437@30.0605093068117,-90.5479419220668.jpg",1,174,265,345,147,519,412
"WSLP_all/012438@30.0627527429306,-90.437891571282.jpg",1,159,208,333,164,492,372
"WSLP_all/012439@30.0572940556132,-90.5478882277487.jpg",2,0,220,607,239,607,459
"WSLP_all/012440@30.062306118443,-90.4376015823673.jpg",1,148,212,261,163,409,375
"WSLP_all/012441@30.0627866601185,-90.4375371987863.jpg",1,98,187,492,186,590,373
"WSLP_all/012442@30.0588506700288,-90.5479170570125.jpg",2,287,196,354,232,641,428
"WSLP_all/012443@30.060413826663,-90.437258204624.jpg",1,174,234,352,136,526,370
"WSLP_all/012444@30.0590850926893,-90.437210086913.jpg",1,200,223,346,158,546,381
"WSLP_all/012445@30.061075138529,-90.4372617431997.jpg",2,0,146,636,295,636,441
"WSLP_all/012446@30.0595309337866,-90.4372471744444.jpg",3,148,250,315,126,463,376
"WSLP_all/012447@30.0608494927383,-90.4371942240713.jpg",1,148,214,418,163,566,377
"WSLP_all/012448@30.0593066577002,-90.4372112561727.jpg",1,200,197,354,187,554,384
"WSLP_all/012449@30.0586447995073,-90.4371761110217.jpg",1,211,219,418,171,629,390
"WSLP_all/012450@30.0629360784827,-90.4367233934544.jpg",1,165,182,407,184,572,366
"WSLP_all/012451@30.0633369237001,-90.4367229489428.jpg",1,188,187,307,189,495,376
"WSLP_all/012452@30.0635819940986,-90.4367112603425.jpg",1,234,190,318,161,552,351
"WSLP_all/012453@30.0631690378413,-90.4366896845267.jpg",1,170,181,344,187,514,368
"WSLP_all/012454@30.0625992601711,-90.4360024814011.jpg",1,0,242,500,144,500,386
"WSLP_all/012455@30.0605469370955,-90.4359640541131.jpg",1,259,198,270,171,529,369
"WSLP_all/012456@30.0629652908702,-90.4359897021184.jpg",1,109,228,405,170,514,398
"WSLP_all/012457@30.0607604061076,-90.4359716160193.jpg",1,59,194,566,213,625,407
"WSLP_all/012458@30.0603233090971,-90.4359344550083.jpg",1,188,239,370,128,558,367
"WSLP_all/012459@30.060079488898,-90.4359240052415.jpg",3,242,215,301,169,543,384
"WSLP_all/012460@30.0597045671417,-90.4359716378856.jpg",3,231,196,291,180,522,376
"WSLP_all/012461@30.059271440426,-90.4353591005373.jpg",3,195,275,217,112,412,387
"WSLP_all/012462@30.0595013980714,-90.4353570288604.jpg",3,154,238,307,160,461,398
"WSLP_all/012463@30.0631610529021,-90.4354568348931.jpg",3,89,203,401,181,490,384
"WSLP_all/012464@30.0607883424354,-90.435402337285.jpg",5,178,255,250,121,428,376
"WSLP_all/012465@30.0601292968466,-90.4353924681676.jpg",1,136,240,251,142,387,382
"WSLP_all/012466@30.0611840305226,-90.4353956113921.jpg",2,0,247,449,174,449,421
"WSLP_all/012467@30.0599280254188,-90.4347620344253.jpg",1,130,195,384,178,514,373
"WSLP_all/012468@30.0634111388453,-90.4342532697373.jpg",1,107,167,344,185,451,352
"WSLP_all/012469@30.0620815422418,-90.434195714521.jpg",1,137,238,405,127,542,365
"WSLP_all/012470@30.0629576590829,-90.4341688431693.jpg",1,137,184,360,185,497,369
"WSLP_all/012471@30.0594907448027,-90.4341621832451.jpg",1,136,232,345,157,481,389
"WSLP_all/012472@30.0599555194938,-90.4341327006683.jpg",1,131,234,343,142,474,376
"WSLP_all/012473@30.060595750335,-90.4339846686306.jpg",2,414,250,227,125,641,375
"WSLP_all/012474@30.060174449941,-90.4334984770826.jpg",1,163,175,333,190,496,365
"WSLP_all/012475@30.0597819296647,-90.432986739869.jpg",1,200,210,441,172,641,382
"WSLP_all/012476@30.0587988685825,-90.4326794991034.jpg",1,144,210,334,163,478,373
"WSLP_all/012477@30.0563752892273,-90.5467890823804.jpg",3,99,217,472,200,571,417
"WSLP_all/012478@30.0564898551421,-90.5465416127429.jpg",1,22,167,619,299,641,466
"WSLP_all/012479@30.0610055323106,-90.5450992124173.jpg",2,0,189,545,247,545,436
"WSLP_all/012480@30.0600570745254,-90.545075100698.jpg",2,0,203,519,245,519,448
"WSLP_all/012481@30.0597010372893,-90.5450589491124.jpg",4,204,295,296,119,500,414
"WSLP_all/012482@30.0596945138338,-90.5447270736917.jpg",1,19,141,622,333,641,474
"WSLP_all/012483@30.0607599288235,-90.5445226478835.jpg",1,273,285,241,116,514,401
"WSLP_all/012484@30.0570725828716,-90.544023920291.jpg",2,0,193,447,234,447,427
"WSLP_all/012485@30.0546919767176,-90.5369557001993.jpg",1,56,178,460,283,516,461
"WSLP_all/012486@30.0521655014919,-90.5425297059174.jpg",2,0,237,637,211,637,448
"WSLP_all/012487@30.0518563684648,-90.5351860905532.jpg",3,219,252,422,191,641,443
"WSLP_all/012488@30.0545603047862,-90.5423210438946.jpg",2,0,175,639,344,639,519
"WSLP_all/012489@30.0530088457564,-90.5422353645381.jpg",2,0,127,634,347,634,474
"WSLP_all/012490@30.0567043278324,-90.541738190897.jpg",2,2,188,639,276,641,464
"WSLP_all/012491@30.0511886445223,-90.5342874082195.jpg",1,117,235,298,190,415,425
"WSLP_all/012492@30.0518895074463,-90.5341616739854.jpg",3,52,213,423,174,475,387
"WSLP_all/012493@30.061056488834,-90.5368068506504.jpg",1,81,228,383,161,464,389
"WSLP_all/012494@30.0600655130956,-90.5361003345177.jpg",2,71,164,570,310,641,474
"WSLP_all/012495@30.0593385939453,-90.5355150039319.jpg",3,164,245,292,139,456,384
"WSLP_all/012496@30.0614989681641,-90.5342553349161.jpg",1,97,212,292,200,389,412
"WSLP_all/012497@30.0604947100558,-90.5340673897866.jpg",1,0,200,580,204,580,404
"WSLP_all/012498@30.0567914915418,-90.5362150312285.jpg",2,0,250,598,171,598,421
"WSLP_all/012499@30.0566548908628,-90.5355175173073.jpg",1,163,156,413,260,576,416
"WSLP_all/012500@30.054871517854,-90.5367424755589.jpg",1,147,207,337,197,484,404
"WSLP_all/012501@30.0562568710473,-90.5361023450321.jpg",1,0,220,606,184,606,404
"WSLP_all/012502@30.0556766274494,-90.5356486300221.jpg",1,34,166,454,251,488,417
"WSLP_all/012503@30.0551700562099,-90.5352638726312.jpg",1,303,245,324,163,627,408
"WSLP_all/012504@30.0706633648215,-90.4748140495889.jpg",3,264,274,359,91,623,365
"WSLP_all/012505@30.0717647773134,-90.4728601757097.jpg",4,87,193,446,131,533,324
"WSLP_all/012506@30.0735594817346,-90.473236726442.jpg",2,0,214,279,144,279,358
"WSLP_all/012507@30.0940115437851,-90.4710900663412.jpg",1,126,224,438,187,564,411
"WSLP_all/012508@30.0906029467304,-90.4743703039533.jpg",1,156,207,215,176,371,383
"WSLP_all/012509@30.0715890458687,-90.4714611048046.jpg",2,78,263,272,136,350,399
"WSLP_all/012510@30.0911753989667,-90.4739637671962.jpg",1,98,249,294,152,392,401
"WSLP_all/012511@30.0938507055775,-90.4706993321563.jpg",2,6,80,449,342,455,422
"WSLP_all/012512@30.0935985270242,-90.4707932217792.jpg",5,176,264,241,130,417,394
"WSLP_all/012513@30.089913723669,-90.4739145669991.jpg",1,99,219,533,169,632,388
"WSLP_all/012514@30.0935657469693,-90.4706417156632.jpg",5,156,263,234,125,390,388
"WSLP_all/012515@30.0938266809775,-90.4704528809522.jpg",5,254,207,228,166,482,373
"WSLP_all/012516@30.0934879998646,-90.4703799179666.jpg",5,204,263,243,118,447,381
"WSLP_all/012517@30.0937822759061,-90.4702856627692.jpg",5,263,199,223,168,486,367
"WSLP_all/012518@30.0934721107919,-90.4703009984211.jpg",5,351,265,249,119,600,384
"WSLP_all/012519@30.0934584227136,-90.470234708978.jpg",5,238,262,223,126,461,388
"WSLP_all/012520@30.0937283759787,-90.4700963919667.jpg",5,270,215,229,160,499,375
"WSLP_all/012521@30.0934346976744,-90.4701558573601.jpg",5,91,265,220,117,311,382
"WSLP_all/012522@30.0707929779492,-90.4699852111881.jpg",2,263,250,190,94,453,344
"WSLP_all/012523@30.072278600971,-90.4693747956589.jpg",1,225,283,361,136,586,419
"WSLP_all/012524@30.0719175710044,-90.4691566131714.jpg",1,23,239,401,174,424,413
"WSLP_all/012525@30.0937925287907,-90.4716675005179.jpg",1,71,245,296,161,367,406
"WSLP_all/012526@30.093746386527,-90.4715161094006.jpg",5,341,263,233,114,574,377
"WSLP_all/012527@30.0774750873307,-90.4667623761954.jpg",1,32,242,315,178,347,420
"WSLP_all/012528@30.0766200963974,-90.4667698106866.jpg",2,345,207,296,197,641,404
"WSLP_all/012529@30.0758175926711,-90.4662076768044.jpg",2,262,265,292,148,554,413
"WSLP_all/012530@30.0766447762027,-90.4649926877017.jpg",1,198,268,127,89,325,357
"WSLP_all/012531@30.0811700473697,-90.4636252565913.jpg",1,128,172,247,207,375,379
"WSLP_all/012532@30.0760115839945,-90.4636860823046.jpg",2,230,243,314,127,544,370
"WSLP_all/012533@30.0808246180006,-90.463384806.jpg",1,18,219,385,168,403,387
"WSLP_all/012534@30.0815619921727,-90.4629894529845.jpg",2,198,231,443,172,641,403
"WSLP_all/012535@30.0801332559954,-90.4628153809593.jpg",3,174,234,239,147,413,381
"WSLP_all/012537@30.0873928487308,-90.4620057049379.jpg",1,217,230,371,158,588,388
"WSLP_all/012538@30.0876550948283,-90.4616429310074.jpg",2,101,199,540,187,641,386
"WSLP_all/012539@30.0533977832527,-90.5342128019143.jpg",1,173,213,468,215,641,428
"WSLP_all/012540@30.0824667415369,-90.4616155905033.jpg",1,239,269,265,98,504,367
"WSLP_all/012541@30.0855338223488,-90.4614875750072.jpg",1,23,160,582,223,605,383
"WSLP_all/012542@30.0536323674299,-90.533654582601.jpg",1,15,205,310,226,325,431
"WSLP_all/012543@30.0769309505314,-90.461502762596.jpg",1,160,232,351,120,511,352
"WSLP_all/012544@30.0801389961743,-90.4612881469984.jpg",1,32,260,416,157,448,417
"WSLP_all/012545@30.0777336055603,-90.4612617683854.jpg",2,75,247,262,131,337,378
"WSLP_all/012546@30.0520053997673,-90.5329184852318.jpg",1,89,208,552,194,641,402
"WSLP_all/012547@30.0527262511126,-90.5325618281867.jpg",4,126,278,312,118,438,396
"WSLP_all/012548@30.05185357896,-90.5324613649958.jpg",1,93,250,548,162,641,412
"WSLP_all/012549@30.0510446453938,-90.5323920017349.jpg",3,81,268,522,133,603,401
"WSLP_all/012550@30.0535831804391,-90.5308796056314.jpg",1,73,218,411,215,484,433
"WSLP_all/012551@30.0534149388896,-90.5308335449441.jpg",1,116,268,425,145,541,413
"WSLP_all/012552@30.0532550537778,-90.5307779341397.jpg",1,111,183,431,244,542,427
"WSLP_all/012553@30.0524322379497,-90.5306328320032.jpg",2,95,282,295,141,390,423
"WSLP_all/012554@30.0563026257064,-90.5344044684884.jpg",1,134,324,260,88,394,412
"WSLP_all/012555@30.0555800207098,-90.5330004191529.jpg",1,95,294,268,96,363,390
"WSLP_all/012556@30.0928241739195,-90.470575404027.jpg",1,118,247,297,152,415,399
"WSLP_all/012557@30.0929386623361,-90.4704890314511.jpg",1,92,258,293,144,385,402
"WSLP_all/012558@30.093073751879,-90.4703866678586.jpg",2,142,200,464,223,606,423
"WSLP_all/012559@30.0895440592489,-90.4732189166863.jpg",2,129,194,346,207,475,401
"WSLP_all/012560@30.0889382794619,-90.472917416811.jpg",1,234,223,295,144,529,367
"WSLP_all/012561@30.0916688939604,-90.4727009421185.jpg",1,86,205,349,187,435,392
"WSLP_all/012562@30.092477410441,-90.4692312828818.jpg",5,136,215,379,177,515,392
"WSLP_all/012563@30.0922900884379,-90.4686858372363.jpg",2,200,191,359,232,559,423
"WSLP_all/012564@30.0917387302183,-90.4721690831333.jpg",1,250,217,324,164,574,381
"WSLP_all/012565@30.0922128292507,-90.4685283953233.jpg",5,160,219,321,163,481,382
"WSLP_all/012566@30.0905705018911,-90.4720621782394.jpg",3,151,227,269,170,420,397
"WSLP_all/012567@30.0919812929835,-90.4720468217209.jpg",1,228,219,284,177,512,396
"WSLP_all/012568@30.0891814788967,-90.471966669899.jpg",2,80,225,561,175,641,400
"WSLP_all/012569@30.0921526786173,-90.4683296949209.jpg",2,126,223,472,156,598,379
"WSLP_all/012570@30.0925531476683,-90.4681175094226.jpg",2,157,248,237,133,394,381
"WSLP_all/012571@30.0925132504037,-90.4679755543293.jpg",2,164,240,236,141,400,381
"WSLP_all/012572@30.0920510491281,-90.467853077661.jpg",1,150,193,399,216,549,409
"WSLP_all/012573@30.0924541498101,-90.467761033261.jpg",2,173,231,222,159,395,390
"WSLP_all/012574@30.0737159430671,-90.4677941491283.jpg",6,91,154,479,378,570,532
"WSLP_all/012575@30.0917965681979,-90.467633931685.jpg",1,104,216,340,174,444,390
"WSLP_all/012576@30.0924078514388,-90.4676033227975.jpg",2,171,222,233,168,404,390
"WSLP_all/012577@30.0912794814612,-90.4716101766318.jpg",1,158,236,247,155,405,391
"WSLP_all/012578@30.0919671200245,-90.4675344205191.jpg",2,120,126,387,278,507,404
"WSLP_all/012579@30.0923497742517,-90.4673982810687.jpg",2,177,247,230,135,407,382
"WSLP_all/012580@30.0897924751377,-90.4715724414392.jpg",1,179,217,295,176,474,393
"WSLP_all/012581@30.0923177535133,-90.467249932547.jpg",1,111,248,392,135,503,383
"WSLP_all/012582@30.0777677628905,-90.4812756248289.jpg",2,47,182,594,237,641,419
"WSLP_all/012583@30.0770159024675,-90.4807066114021.jpg",1,185,187,384,187,569,374
"WSLP_all/012584@30.0795678101012,-90.4797962980269.jpg",1,288,244,201,132,489,376
"WSLP_all/012585@30.0800034536041,-90.4794416006681.jpg",1,158,226,326,146,484,372
"WSLP_all/012586@30.0823816059624,-90.4792251822115.jpg",1,141,239,297,147,438,386
"WSLP_all/012587@30.083860981023,-90.4769137392179.jpg",1,192,221,275,168,467,389
"WSLP_all/012588@30.0835318142307,-90.476616179994.jpg",2,152,254,489,136,641,390
"WSLP_all/012589@30.0834043756306,-90.4790583178744.jpg",1,210,220,404,187,614,407
"WSLP_all/012590@30.0823453251501,-90.478833412651.jpg",2,162,180,433,220,595,400
"WSLP_all/012591@30.0846081039336,-90.4764298546885.jpg",1,158,225,304,156,462,381
"WSLP_all/012592@30.0810041062816,-90.4788069704803.jpg",1,198,246,300,129,498,375
"WSLP_all/012593@30.0837971210489,-90.4778692073797.jpg",1,110,254,315,137,425,391
"WSLP_all/012594@30.0836409832736,-90.4775132438047.jpg",1,212,190,403,194,615,384
"WSLP_all/012595@30.0736192762927,-90.484615026631.jpg",5,197,251,279,105,476,356
"WSLP_all/012596@30.073781786691,-90.4844903380103.jpg",1,59,180,429,212,488,392
"WSLP_all/012597@30.0743184922559,-90.484428856564.jpg",1,247,284,223,85,470,369
"WSLP_all/012598@30.0741043013259,-90.4842915675979.jpg",2,126,239,374,173,500,412
"WSLP_all/012599@30.0742696492959,-90.4841763386845.jpg",1,202,265,255,116,457,381
"WSLP_all/012600@30.0735251122257,-90.4840119522717.jpg",2,165,182,280,208,445,390
"WSLP_all/012601@30.0738660220661,-90.48380037737.jpg",2,161,192,274,202,435,394
"WSLP_all/012602@30.0741539912525,-90.4836177074421.jpg",5,185,192,285,187,470,379
"WSLP_all/012603@30.0739784980387,-90.4837203769801.jpg",5,220,185,278,190,498,375
"WSLP_all/012604@30.0742784621971,-90.4835344416228.jpg",1,87,234,453,153,540,387
"WSLP_all/012605@30.0744255712131,-90.4828597485364.jpg",1,103,201,370,162,473,363
"WSLP_all/012606@30.0737989474689,-90.4823592293658.jpg",2,212,111,383,301,595,412
"WSLP_all/012607@30.0779540759049,-90.4823111015287.jpg",1,125,244,205,106,330,350
"WSLP_all/012608@30.0778564489488,-90.482182301896.jpg",1,125,245,245,153,370,398
"WSLP_all/012609@30.0765625265216,-90.4814408549346.jpg",1,169,227,280,129,449,356
"WSLP_all/012610@30.0759094138988,-90.4810164429485.jpg",1,99,223,364,178,463,401
"WSLP_all/012611@30.0776242099545,-90.4805939064283.jpg",1,84,229,403,153,487,382
"WSLP_all/012612@30.0771169227794,-90.480225157786.jpg",1,123,232,347,173,470,405
"WSLP_all/012613@30.076325802224,-90.4803204587238.jpg",2,220,227,294,207,514,434
"WSLP_all/012614@30.0768687371324,-90.4798668409647.jpg",1,114,185,389,188,503,373
"WSLP_all/012615@30.0779816565253,-90.4795822339329.jpg",1,160,266,201,99,361,365
"WSLP_all/012616@30.0774310982034,-90.4794193763834.jpg",1,238,244,307,161,545,405
"WSLP_all/012617@30.0776812044867,-90.479221201752.jpg",2,236,296,261,84,497,380
"WSLP_all/012618@30.0781673597945,-90.4788281328672.jpg",1,157,245,339,144,496,389
"WSLP_all/012619@30.0706061452271,-90.492784872797.jpg",2,158,267,483,180,641,447
"WSLP_all/012620@30.0796431489609,-90.4977612842128.jpg",2,68,285,371,99,439,384
"WSLP_all/012621@30.078511091152,-90.4977265106733.jpg",1,152,193,420,201,572,394
"WSLP_all/012622@30.0803691638706,-90.4976919595283.jpg",1,70,227,299,136,369,363
"WSLP_all/012623@30.0784788703129,-90.4975022916594.jpg",2,207,261,417,115,624,376
"WSLP_all/012624@30.081792159499,-90.497423911285.jpg",2,130,174,337,228,467,402
"WSLP_all/012625@30.0795905145188,-90.4973317142376.jpg",2,423,258,218,133,641,391
"WSLP_all/012626@30.0793680698108,-90.4972956383037.jpg",3,0,202,349,150,349,352
"WSLP_all/012627@30.0789206304163,-90.4971507864771.jpg",2,26,214,311,130,337,344
"WSLP_all/012628@30.0704622861937,-90.4931749579339.jpg",6,113,219,485,260,598,479
"WSLP_all/012629@30.0737823125781,-90.4847812071478.jpg",1,169,244,235,94,404,338
"WSLP_all/012630@30.076752735124,-90.4971816231586.jpg",1,228,286,295,93,523,379
"WSLP_all/012631@30.0779750965442,-90.4963714325158.jpg",1,201,252,280,117,481,369
"WSLP_all/012632@30.089967481042,-90.4972383293634.jpg",1,25,217,510,141,535,358
"WSLP_all/012633@30.0897502146579,-90.4969650442388.jpg",1,183,233,434,114,617,347
"WSLP_all/012634@30.0947650478992,-90.4968786767787.jpg",1,124,200,401,183,525,383
"WSLP_all/012635@30.0912105093129,-90.4965954564861.jpg",3,159,273,425,114,584,387
"WSLP_all/012636@30.0916800909759,-90.4964555376245.jpg",1,241,220,391,171,632,391
"WSLP_all/012637@30.0933816863263,-90.4963115916962.jpg",1,13,185,491,209,504,394
"WSLP_all/012638@30.0904916763607,-90.4963232192646.jpg",2,41,175,600,214,641,389
"WSLP_all/012639@30.0931442007529,-90.496240854427.jpg",1,90,202,356,174,446,376
"WSLP_all/012640@30.0899695557258,-90.4960493340983.jpg",1,171,207,268,138,439,345
"WSLP_all/012641@30.0912137187868,-90.4957890641126.jpg",3,160,225,481,199,641,424
"WSLP_all/012642@30.0915858593904,-90.4960104548502.jpg",1,0,216,597,186,597,402
"WSLP_all/012643@30.0918029127389,-90.4959295752062.jpg",2,0,210,606,174,606,384
"WSLP_all/012644@30.0907512119216,-90.4958783308962.jpg",1,135,286,397,108,532,394
"WSLP_all/012645@30.0942190328858,-90.4958428601432.jpg",2,15,144,626,284,641,428
"WSLP_all/012646@30.0923004132788,-90.4957736054407.jpg",1,0,201,581,158,581,359
"WSLP_all/012647@30.0928011398063,-90.4957662342369.jpg",3,68,199,505,190,573,389
"WSLP_all/012648@30.0925314264413,-90.4957432033646.jpg",3,26,213,421,162,447,375
"WSLP_all/012649@30.091403544688,-90.4956167089223.jpg",3,242,151,399,250,641,401
"WSLP_all/012650@30.0935687231904,-90.4957218346651.jpg",1,19,204,610,200,629,404
"WSLP_all/012651@30.0919328061722,-90.4954826078102.jpg",1,242,226,365,146,607,372
"WSLP_all/012652@30.0916762170355,-90.495538523148.jpg",2,204,240,437,161,641,401
"WSLP_all/012653@30.0921872138595,-90.4953603034826.jpg",2,216,243,425,152,641,395
"WSLP_all/012654@30.0909148619219,-90.4953646780948.jpg",1,112,199,231,159,343,358
"WSLP_all/012655@30.0911288328238,-90.495214254963.jpg",1,4,194,397,179,401,373
"WSLP_all/012656@30.0924326388511,-90.4952696955264.jpg",2,199,197,442,199,641,396
"WSLP_all/012657@30.0926542925179,-90.4952203974329.jpg",2,206,166,435,209,641,375
"WSLP_all/012658@30.0916690533558,-90.4950737354386.jpg",2,69,201,473,171,542,372
"WSLP_all/012659@30.092904746419,-90.4951898304384.jpg",1,251,257,326,116,577,373
"WSLP_all/012660@30.0933688690804,-90.4951732773213.jpg",1,11,210,413,162,424,372
"WSLP_all/012661@30.0914122310966,-90.4951233292122.jpg",2,0,198,431,169,431,367
"WSLP_all/012662@30.0931121084914,-90.4950552708738.jpg",2,240,245,278,127,518,372
"WSLP_all/012663@30.0918701719039,-90.4949518787544.jpg",1,192,233,410,158,602,391
"WSLP_all/012664@30.0889686811727,-90.4946980215192.jpg",6,113,64,364,293,477,357
"WSLP_all/012666@30.0898312500675,-90.4945421401694.jpg",2,0,221,285,160,285,381
"WSLP_all/012667@30.0896169606869,-90.4945818899124.jpg",2,0,240,390,143,390,383
"WSLP_all/012668@30.0894191562432,-90.4946151764264.jpg",2,316,241,325,119,641,360
"WSLP_all/012669@30.0904121384427,-90.4943064098721.jpg",2,234,192,407,199,641,391
"WSLP_all/012670@30.092999400122,-90.4944775233329.jpg",1,111,191,346,187,457,378
"WSLP_all/012671@30.0902478050573,-90.4944311196043.jpg",2,330,259,311,110,641,369
"WSLP_all/012672@30.093722537247,-90.494237424976.jpg",6,159,254,413,172,572,426
"WSLP_all/012673@30.0931917670133,-90.4943114646513.jpg",3,94,244,334,143,428,387
"WSLP_all/012674@30.089099318176,-90.4941308975194.jpg",2,339,261,302,115,641,376
"WSLP_all/012675@30.0906231891586,-90.4940516575104.jpg",3,188,206,402,184,590,390
"WSLP_all/012677@30.0910133465863,-90.4938459902801.jpg",3,154,246,356,143,510,389
"WSLP_all/012678@30.0913551299896,-90.4936438902591.jpg",2,133,230,508,155,641,385
"WSLP_all/012679@30.0898196685827,-90.4936821265995.jpg",2,290,236,351,164,641,400
"WSLP_all/012680@30.0919598778964,-90.4933984643224.jpg",1,157,273,376,109,533,382
"WSLP_all/012681@30.0915713681972,-90.4935819858315.jpg",1,102,258,516,121,618,379
"WSLP_all/012682@30.0917656653628,-90.4935076171494.jpg",2,173,262,468,163,641,425
"WSLP_all/012683@30.0942938396713,-90.4932870829483.jpg",2,113,226,511,154,624,380
"WSLP_all/012684@30.0959090035163,-90.4930742360251.jpg",2,0,209,479,160,479,369
"WSLP_all/012685@30.0923124081277,-90.4931741345156.jpg",2,145,229,496,161,641,390
"WSLP_all/012686@30.0924948461836,-90.4931504604925.jpg",1,234,239,323,133,557,372
"WSLP_all/012687@30.0946165312444,-90.4930408628957.jpg",2,194,230,194,117,388,347
"WSLP_all/012688@30.0794723804926,-90.5255394788805.jpg",3,129,213,443,159,572,372
"WSLP_all/012689@30.0965306494115,-90.4929171994585.jpg",3,118,246,306,156,424,402
"WSLP_all/012690@30.0918028728012,-90.4929602369847.jpg",3,62,243,444,152,506,395
"WSLP_all/012691@30.0943301023675,-90.4927555083191.jpg",3,11,262,430,128,441,390
"WSLP_all/012692@30.0794746792496,-90.5253402648989.jpg",1,261,232,225,125,486,357
"WSLP_all/012693@30.0969564146723,-90.4927934373551.jpg",1,91,274,439,112,530,386
"WSLP_all/012694@30.0971647388647,-90.4927410815602.jpg",1,113,283,386,104,499,387
"WSLP_all/012695@30.0794499687585,-90.5251222989649.jpg",2,264,215,257,150,521,365
"WSLP_all/012696@30.0904084415231,-90.4926779130271.jpg",2,0,205,334,187,334,392
"WSLP_all/012697@30.0913483809485,-90.4926889564023.jpg",2,129,211,484,172,613,383
"WSLP_all/012698@30.0951128591158,-90.4927362544827.jpg",3,159,260,482,130,641,390
"WSLP_all/012699@30.0955159058338,-90.4926632826007.jpg",1,110,209,479,192,589,401
"WSLP_all/012700@30.0923801807271,-90.4927023872527.jpg",1,66,208,433,168,499,376
"WSLP_all/012701@30.0973640670312,-90.4926192274959.jpg",3,81,207,431,188,512,395
"WSLP_all/012702@30.0947145567947,-90.4925656870337.jpg",1,35,275,446,114,481,389
"WSLP_all/012703@30.0794187571231,-90.5248980611788.jpg",1,261,207,275,155,536,362
"WSLP_all/012704@30.0977642895746,-90.4924830289648.jpg",1,181,238,399,152,580,390
"WSLP_all/012705@30.0908239727538,-90.4924973243037.jpg",3,0,234,446,155,446,389
"WSLP_all/012706@30.0965280774927,-90.4924365385709.jpg",3,91,232,372,146,463,378
"WSLP_all/012707@30.098002632682,-90.4923861447893.jpg",3,75,246,463,138,538,384
"WSLP_all/012708@30.0927367893596,-90.4924969941975.jpg",1,126,224,316,177,442,401
"WSLP_all/012709@30.0793945345011,-90.5247148716258.jpg",2,240,212,287,161,527,373
"WSLP_all/012710@30.0919244139742,-90.4923994957418.jpg",1,85,239,496,151,581,390
"WSLP_all/012711@30.0963383105676,-90.4924666014569.jpg",1,112,213,383,161,495,374
"WSLP_all/012712@30.0969353007296,-90.4923287428797.jpg",3,109,226,380,152,489,378
"WSLP_all/012713@30.0951243918829,-90.4923630017701.jpg",2,124,257,517,125,641,382
"WSLP_all/012714@30.0983513688754,-90.4920416572197.jpg",1,144,226,429,138,573,364
"WSLP_all/012715@30.0793634516417,-90.5244937948688.jpg",2,274,201,279,166,553,367
"WSLP_all/012716@30.0953454908087,-90.4922915641633.jpg",3,153,180,457,223,610,403
"WSLP_all/012717@30.0959874113921,-90.4921533255577.jpg",1,139,217,382,205,521,422
"WSLP_all/012718@30.0975433715774,-90.4920484795767.jpg",3,42,255,496,127,538,382
"WSLP_all/012719@30.0793372203096,-90.5243106218182.jpg",2,264,216,286,146,550,362
"WSLP_all/012720@30.0933037785268,-90.49222973963.jpg",1,58,267,392,122,450,389
"WSLP_all/012721@30.096820403351,-90.491896464493.jpg",3,91,206,396,140,487,346
"WSLP_all/012722@30.0947461758483,-90.4920910708796.jpg",1,57,237,344,136,401,373
"WSLP_all/012723@30.0825878031831,-90.4931011867368.jpg",2,203,249,218,128,421,377
"WSLP_all/012724@30.0817699672986,-90.493104920448.jpg",2,112,258,227,117,339,375
"WSLP_all/012725@30.082566568706,-90.4928673825534.jpg",2,100,263,249,114,349,377
"WSLP_all/012726@30.0977440601935,-90.4919329380418.jpg",3,96,233,346,154,442,387
"WSLP_all/012727@30.0921503885571,-90.4918125732408.jpg",1,16,268,568,126,584,394
"WSLP_all/012728@30.0951710194269,-90.4918186854638.jpg",1,64,280,398,98,462,378
"WSLP_all/012729@30.0983542333332,-90.4917538512943.jpg",3,119,242,351,148,470,390
"WSLP_all/012730@30.0919764216768,-90.4919183961847.jpg",1,116,239,352,163,468,402
"WSLP_all/012731@30.0934625576316,-90.4916876481661.jpg",1,194,256,398,144,592,400
"WSLP_all/012732@30.0971936346976,-90.4917794661719.jpg",1,75,212,450,166,525,378
"WSLP_all/012733@30.0925237754125,-90.4916639552228.jpg",3,50,250,416,131,466,381
"WSLP_all/012734@30.0928831759813,-90.4914395609736.jpg",3,75,263,409,105,484,368
"WSLP_all/012735@30.0938606266684,-90.491459762883.jpg",1,193,229,377,160,570,389
"WSLP_all/012736@30.0931010764315,-90.4913839612983.jpg",3,18,237,526,154,544,391
"WSLP_all/012737@30.0852451084711,-90.4929617859988.jpg",6,102,190,444,212,546,402
"WSLP_all/012738@30.0947430384948,-90.4913416259885.jpg",1,9,261,438,137,447,398
"WSLP_all/012739@30.0856566911134,-90.4930500139792.jpg",5,248,230,393,170,641,400
"WSLP_all/012740@30.098399568637,-90.4912917513538.jpg",1,87,255,409,124,496,379
"WSLP_all/012741@30.0972146592222,-90.4912353546546.jpg",1,104,279,390,111,494,390
"WSLP_all/012742@30.094323667059,-90.4911016709742.jpg",1,95,196,434,190,529,386
"WSLP_all/012743@30.0936560323406,-90.4911231256875.jpg",1,0,209,498,188,498,397
"WSLP_all/012744@30.0946892554818,-90.4908645690339.jpg",2,39,237,354,153,393,390
"WSLP_all/012745@30.0857218144163,-90.4926889917372.jpg",1,189,213,442,184,631,397
"WSLP_all/012746@30.0854421929811,-90.4925269252305.jpg",2,136,234,345,153,481,387
"WSLP_all/012747@30.0946457682593,-90.4905961385508.jpg",2,118,254,419,138,537,392
"WSLP_all/012748@30.0941901425328,-90.4902300024572.jpg",2,189,243,261,157,450,400
"WSLP_all/012749@30.0828760065199,-90.4930955947645.jpg",2,171,263,239,108,410,371
"WSLP_all/012750@30.0828575107688,-90.4928427941017.jpg",6,213,187,409,298,622,485
"WSLP_all/012751@30.0817970762959,-90.4936390558698.jpg",3,139,190,502,190,641,380
"WSLP_all/012752@30.0940572423566,-90.4897314824328.jpg",3,87,239,554,180,641,419
"WSLP_all/012753@30.094027987718,-90.4894787450892.jpg",1,117,161,506,214,623,375
"WSLP_all/012754@30.0816085240834,-90.4942224361706.jpg",6,196,175,394,251,590,426
"WSLP_all/012755@30.0814448408687,-90.493724233241.jpg",2,249,214,392,164,641,378
"WSLP_all/012756@30.0812465506089,-90.4940610656234.jpg",6,135,251,506,226,641,477
"WSLP_all/012757@30.0744574396815,-90.495126816005.jpg",6,199,183,84,293,283,476
"WSLP_all/012758@30.0746079102795,-90.4950876102661.jpg",1,46,239,409,149,455,388
"WSLP_all/012759@30.0747843168861,-90.4950450245622.jpg",1,72,229,405,161,477,390
"WSLP_all/012760@30.0743718819613,-90.494744971873.jpg",6,167,229,371,205,538,434
"WSLP_all/012761@30.0745534655222,-90.4946991804184.jpg",2,0,225,406,164,406,389
"WSLP_all/012762@30.0747245952226,-90.4946439917108.jpg",2,60,231,410,158,470,389
"WSLP_all/012763@30.0743495645414,-90.4945048724038.jpg",6,194,144,318,313,512,457
"WSLP_all/012764@30.0744999868544,-90.4944625034566.jpg",1,105,218,435,158,540,376
"WSLP_all/012765@30.0746659998003,-90.4944200041814.jpg",1,22,214,449,161,471,375
"WSLP_all/012766@30.0742483461295,-90.4941168377343.jpg",6,91,186,452,263,543,449
"WSLP_all/012767@30.0745751622975,-90.4940255586142.jpg",1,65,217,402,173,467,390
"WSLP_all/012768@30.0742679837605,-90.4931207436004.jpg",1,16,230,420,144,436,374
"WSLP_all/012769@30.0744080314369,-90.493081622779.jpg",1,27,224,418,152,445,376
"WSLP_all/012770@30.0820077425841,-90.4941052455955.jpg",3,58,241,583,160,641,401
"WSLP_all/012771@30.0928743804831,-90.4976218704242.jpg",3,115,250,521,137,636,387
"WSLP_all/012772@30.0932884764381,-90.4975867745847.jpg",1,41,238,463,128,504,366
"WSLP_all/012773@30.0939459258958,-90.4975591241086.jpg",3,38,251,458,119,496,370
"WSLP_all/012774@30.0814438386372,-90.5277558000133.jpg",1,92,244,348,135,440,379
"WSLP_all/012775@30.081448307717,-90.5276008300867.jpg",1,31,254,383,122,414,376
"WSLP_all/012776@30.0814632974069,-90.527439452316.jpg",1,121,228,308,175,429,403
"WSLP_all/012777@30.0814691775609,-90.527281310072.jpg",1,106,272,294,104,400,376
"WSLP_all/012778@30.081469329384,-90.5271263760445.jpg",1,175,196,215,199,390,395
"WSLP_all/012779@30.0814628432178,-90.5269651709024.jpg",1,147,263,269,142,416,405
"WSLP_all/012780@30.0814628188371,-90.5268039145198.jpg",1,101,275,318,125,419,400
"WSLP_all/012781@30.0814771945137,-90.5266457034625.jpg",1,130,279,285,119,415,398
"WSLP_all/012782@30.0811000894872,-90.5267594219565.jpg",1,162,250,319,132,481,382
"WSLP_all/012783@30.0814715817887,-90.5264971388387.jpg",1,137,296,277,87,414,383
"WSLP_all/012784@30.0824748230633,-90.5264099679768.jpg",1,121,284,268,100,389,384
"WSLP_all/012785@30.0814803567702,-90.526003811229.jpg",1,125,286,266,113,391,399
"WSLP_all/012786@30.0811214804222,-90.5261078998928.jpg",1,198,229,290,164,488,393
"WSLP_all/012787@30.0821656282738,-90.5260773085149.jpg",1,207,176,220,207,427,383
"WSLP_all/012788@30.081487805306,-90.5258551418349.jpg",1,69,278,319,107,388,385
"WSLP_all/012789@30.0814938950932,-90.5257001596391.jpg",3,109,303,320,84,429,387
"WSLP_all/012790@30.0811204892663,-90.525798042346.jpg",1,208,245,272,151,480,396
"WSLP_all/012791@30.0814845203641,-90.525538978988.jpg",1,104,283,307,121,411,404
"WSLP_all/012792@30.0811315366707,-90.5256398586528.jpg",1,261,263,289,138,550,401
"WSLP_all/012793@30.0814932895958,-90.525368164539.jpg",1,57,271,310,141,367,412
"WSLP_all/012794@30.0811314688849,-90.5251624137566.jpg",1,240,242,260,149,500,391
"WSLP_all/012795@30.0857784457087,-90.5128496922485.jpg",1,187,241,296,136,483,377
"WSLP_all/012796@30.0847823564704,-90.5129843737413.jpg",3,207,218,254,181,461,399
"WSLP_all/012797@30.0820960496239,-90.5122760837671.jpg",1,55,219,586,165,641,384
"WSLP_all/012798@30.081935716722,-90.5118189265475.jpg",1,26,246,469,125,495,371
"WSLP_all/012799@30.0897926773346,-90.5153685076531.jpg",3,206,228,353,138,559,366
"WSLP_all/012800@30.0892548991632,-90.5152148149607.jpg",2,69,232,572,169,641,401
"WSLP_all/012801@30.0879701335479,-90.5145708057818.jpg",2,331,256,276,147,607,403
"WSLP_all/012802@30.0876217767851,-90.5127175171217.jpg",1,217,251,333,135,550,386
"WSLP_all/012803@30.0817128505999,-90.5294073028863.jpg",2,55,196,360,192,415,388
"WSLP_all/012804@30.0821196910913,-90.5289929709347.jpg",3,212,243,270,151,482,394
"WSLP_all/012805@30.0817392139083,-90.5289960419051.jpg",3,177,240,457,169,634,409
"WSLP_all/012806@30.081751515508,-90.5288220379778.jpg",1,135,284,277,112,412,396
"WSLP_all/012807@30.08175246373,-90.52865761139.jpg",1,85,281,280,103,365,384
"WSLP_all/012808@30.0814402162499,-90.5285399797377.jpg",1,133,262,301,105,434,367
"WSLP_all/012809@30.081070000151,-90.5284987032164.jpg",1,137,266,300,122,437,388
"WSLP_all/012810@30.0810841499964,-90.5283436567493.jpg",1,168,263,240,141,408,404
"WSLP_all/012811@30.0814345646142,-90.5282269980187.jpg",1,70,229,352,154,422,383
"WSLP_all/012812@30.0814524525707,-90.5280719196997.jpg",1,126,260,309,117,435,377
"WSLP_all/012813@30.0814428722134,-90.5279170643638.jpg",1,73,230,339,140,412,370
"WSLP_all/012814@30.0810807600569,-90.5280274949605.jpg",1,205,279,252,117,457,396
"WSLP_all/012815@30.0738435149542,-90.5519817692381.jpg",1,158,286,272,92,430,378
"WSLP_all/012816@30.0741435827417,-90.5519130218968.jpg",3,203,285,160,98,363,383
"WSLP_all/012818@30.0731370918024,-90.5579785979338.jpg",3,91,243,550,121,641,364
"WSLP_all/012819@30.0728526510082,-90.5579650027493.jpg",3,132,277,185,139,317,416
"WSLP_all/012820@30.0730024897048,-90.5576287043176.jpg",6,112,252,337,232,449,484
"WSLP_all/012821@30.0764389392582,-90.5411261480576.jpg",3,87,235,444,159,531,394
"WSLP_all/012822@30.0764630565288,-90.6259299025004.jpg",6,114,216,366,214,480,430
"WSLP_all/012823@30.0768460738351,-90.5018886990614.jpg",1,231,243,260,114,491,357
"WSLP_all/012824@30.0777233481908,-90.5020963809861.jpg",1,241,263,256,104,497,367
"WSLP_all/012825@30.0775509846624,-90.5020567155877.jpg",1,235,263,267,98,502,361
"WSLP_all/012826@30.0773772063701,-90.5020107385899.jpg",1,231,259,269,95,500,354
"WSLP_all/012827@30.0772017989092,-90.5019679371066.jpg",1,251,259,248,96,499,355
"WSLP_all/012828@30.0770233035353,-90.5019283232929.jpg",1,232,259,263,101,495,360
"WSLP_all/012829@30.0790112963223,-90.50921871887.jpg",1,112,249,315,165,427,414
"WSLP_all/012830@30.0924709586425,-90.5018089168901.jpg",1,259,172,374,218,633,390
"WSLP_all/012831@30.0916631990482,-90.5015310565984.jpg",1,233,138,364,251,597,389
"WSLP_all/012832@30.0910774288189,-90.5012829701523.jpg",1,179,175,462,216,641,391
"WSLP_all/012833@30.0918825722692,-90.5010201053392.jpg",1,7,198,363,186,370,384
"WSLP_all/012834@30.0922825182545,-90.501234960345.jpg",3,28,216,542,174,570,390
"WSLP_all/012835@30.0894085806134,-90.500904797437.jpg",2,110,237,454,146,564,383
"WSLP_all/012836@30.0806187769931,-90.5546921207993.jpg",6,184,142,457,392,641,534
"WSLP_all/012837@30.0910681112532,-90.5007960675626.jpg",3,93,242,186,155,279,397
"WSLP_all/012838@30.0900296464049,-90.5006371489218.jpg",3,53,213,584,164,637,377
"WSLP_all/012839@30.0959372286063,-90.5004612831437.jpg",3,174,227,381,145,555,372
"WSLP_all/012840@30.0964642917498,-90.5005138012413.jpg",1,213,178,353,197,566,375
"WSLP_all/012841@30.0949596000415,-90.5003777474684.jpg",1,110,217,310,159,420,376
"WSLP_all/012842@30.096165455181,-90.5004119399346.jpg",3,157,231,381,154,538,385
"WSLP_all/012843@30.0956017981901,-90.5004040023574.jpg",1,69,188,386,191,455,379
"WSLP_all/012844@30.0898137534837,-90.5005409249361.jpg",1,131,206,363,184,494,390
"WSLP_all/012845@30.0952120561879,-90.5003724746825.jpg",2,113,231,391,145,504,376
"WSLP_all/012846@30.0939475799072,-90.5003261239091.jpg",1,138,249,366,103,504,352
"WSLP_all/012847@30.0930089564396,-90.500305510416.jpg",1,76,236,450,134,526,370
"WSLP_all/012848@30.0888183432068,-90.5003025977445.jpg",1,174,246,273,155,447,401
"WSLP_all/012849@30.0967150923396,-90.4999551234601.jpg",1,51,251,377,126,428,377
"WSLP_all/012850@30.0995376428838,-90.4999473272158.jpg",1,126,210,373,141,499,351
"WSLP_all/012851@30.0963908590175,-90.5000115967267.jpg",2,191,236,450,180,641,416
"WSLP_all/012852@30.0924675366415,-90.4999874864201.jpg",3,101,223,383,155,484,378
"WSLP_all/012853@30.0958483484978,-90.4999212622568.jpg",2,99,125,542,309,641,434
"WSLP_all/012854@30.0930131856851,-90.4998089983321.jpg",1,85,245,472,146,557,391
"WSLP_all/012855@30.0949038040161,-90.4997773710147.jpg",2,22,115,619,318,641,433
"WSLP_all/012856@30.0781715452869,-90.551008784764.jpg",1,56,238,297,131,353,369
"WSLP_all/012857@30.0944262339437,-90.4997244446019.jpg",3,269,175,296,180,565,355
"WSLP_all/012858@30.078739471124,-90.550365640203.jpg",6,171,186,394,251,565,437
"WSLP_all/012859@30.0795312540773,-90.5503878758447.jpg",6,52,146,406,244,458,390
"WSLP_all/012860@30.0954257809628,-90.4999342837532.jpg",2,0,198,197,189,197,387
"WSLP_all/012861@30.0963472576632,-90.4996135015506.jpg",1,118,229,321,143,439,372
"WSLP_all/012862@30.0917143661231,-90.4995763717872.jpg",1,57,234,444,143,501,377
"WSLP_all/012863@30.0942414488339,-90.4995425768743.jpg",3,0,121,464,262,464,383
"WSLP_all/012864@30.0934353686635,-90.4995176992849.jpg",1,103,227,508,160,611,387
"WSLP_all/012865@30.092460966038,-90.4994879051391.jpg",1,125,231,399,164,524,395
"WSLP_all/012866@30.0958802711693,-90.4992948475979.jpg",2,83,159,558,237,641,396
"WSLP_all/012867@30.0733584419659,-90.5575374081598.jpg",6,168,220,433,199,601,419
"WSLP_all/012868@30.0963669069207,-90.4993160731226.jpg",1,140,228,372,146,512,374
"WSLP_all/012869@30.0726004956839,-90.5574895608462.jpg",6,193,217,364,202,557,419
"WSLP_all/012870@30.0729518814068,-90.5573793304052.jpg",2,367,283,215,111,582,394
"WSLP_all/012871@30.0733612344227,-90.5572085757732.jpg",2,329,194,242,204,571,398
"WSLP_all/012872@30.0726123008274,-90.5571827920176.jpg",3,284,187,344,242,628,429
"WSLP_all/012873@30.0905089682249,-90.4993018599359.jpg",1,93,233,437,144,530,377
"WSLP_all/012874@30.0758926585456,-90.5568031328939.jpg",1,105,255,480,144,585,399
"WSLP_all/012875@30.0913528860006,-90.4993612026989.jpg",3,159,239,311,143,470,382
"WSLP_all/012876@30.0768086961733,-90.5566790097937.jpg",1,110,218,256,130,366,348
"WSLP_all/012877@30.0922755011141,-90.4993724542117.jpg",1,79,240,442,144,521,384
"WSLP_all/012878@30.0953558410793,-90.499163256746.jpg",1,152,231,331,149,483,380
"WSLP_all/012879@30.090923454982,-90.4992414710501.jpg",1,171,279,346,115,517,394
"WSLP_all/012880@30.0900889298814,-90.4992800782875.jpg",1,221,253,349,126,570,379
"WSLP_all/012881@30.0747737580596,-90.5567581025809.jpg",2,151,215,284,198,435,413
"WSLP_all/012882@30.0963813993956,-90.4990597996332.jpg",1,96,268,474,117,570,385
"WSLP_all/012883@30.0928847454007,-90.4992187288077.jpg",2,167,198,474,207,641,405
"WSLP_all/012884@30.0939039992274,-90.4990489194443.jpg",2,156,228,485,163,641,391
"WSLP_all/012885@30.0752374808076,-90.5561221489591.jpg",2,165,207,476,184,641,391
"WSLP_all/012886@30.0917233873786,-90.4990292303825.jpg",1,58,242,446,138,504,380
"WSLP_all/012887@30.0924871756465,-90.4989975372115.jpg",2,152,229,489,179,641,408
"WSLP_all/012888@30.0954338131955,-90.4988874791321.jpg",1,244,194,301,165,545,359
"WSLP_all/012889@30.0748513651676,-90.5560271480799.jpg",2,41,222,300,156,341,378
"WSLP_all/012890@30.0902364424962,-90.4988171645982.jpg",2,146,220,384,195,530,415
"WSLP_all/012891@30.0913388193868,-90.4988680142288.jpg",3,105,197,408,195,513,392
"WSLP_all/012892@30.0764140920304,-90.5554901114659.jpg",2,20,268,296,113,316,381
"WSLP_all/012893@30.0752340002289,-90.5555277772352.jpg",1,89,234,232,137,321,371
"WSLP_all/012894@30.0896890995714,-90.4990146413345.jpg",1,99,255,410,108,509,363
"WSLP_all/012895@30.0908992919915,-90.4988084510578.jpg",1,0,213,516,154,516,367
"WSLP_all/012896@30.0746383374591,-90.5540306288404.jpg",2,183,265,172,112,355,377
"WSLP_all/012897@30.0923234856916,-90.4988945527478.jpg",1,186,237,395,155,581,392
"WSLP_all/012899@30.0945164926186,-90.498613715396.jpg",1,91,211,385,174,476,385
"WSLP_all/012900@30.0965440510617,-90.4985429691221.jpg",3,151,207,393,167,544,374
"WSLP_all/012901@30.0894734122979,-90.4988425277784.jpg",3,145,234,397,120,542,354
"WSLP_all/012902@30.0919340994789,-90.4986891062944.jpg",1,176,238,426,154,602,392
"WSLP_all/012903@30.0962997509846,-90.4985292040615.jpg",1,138,162,353,199,491,361
"WSLP_all/012904@30.0935075897534,-90.4984292669983.jpg",2,410,200,231,157,641,357
"WSLP_all/012905@30.0908502539196,-90.498464181224.jpg",3,175,216,466,194,641,410
"WSLP_all/012906@30.0899997095211,-90.4984049018779.jpg",1,70,229,501,156,571,385
"WSLP_all/012907@30.0932868842313,-90.498437440853.jpg",1,0,207,441,154,441,361
"WSLP_all/012908@30.0955822746525,-90.4982664146963.jpg",3,165,243,247,133,412,376
"WSLP_all/012909@30.0759696995872,-90.5541466876636.jpg",2,0,231,397,183,397,414
"WSLP_all/012910@30.0894651692968,-90.4984789481523.jpg",1,125,251,459,95,584,346
"WSLP_all/012911@30.0940819664193,-90.4982758261304.jpg",1,84,229,496,150,580,379
"WSLP_all/012912@30.0904104668879,-90.4982465131356.jpg",3,38,228,420,148,458,376
"WSLP_all/012913@30.094872195901,-90.4980731392791.jpg",6,168,158,344,294,512,452
"WSLP_all/012914@30.0911075814353,-90.4983639968314.jpg",2,99,221,542,177,641,398
"WSLP_all/012915@30.0952115836456,-90.4981082422871.jpg",3,81,226,252,125,333,351
"WSLP_all/012916@30.0923468668876,-90.4981101192228.jpg",1,82,213,455,177,537,390
"WSLP_all/012917@30.0937914955648,-90.4980189526333.jpg",3,214,246,370,144,584,390
"WSLP_all/012918@30.0919446274233,-90.4981893844232.jpg",3,109,217,428,185,537,402
"WSLP_all/012919@30.0929709837451,-90.4980384801696.jpg",1,104,202,423,180,527,382
"WSLP_all/012920@30.0908168767363,-90.4980312399955.jpg",1,94,244,340,137,434,381
"WSLP_all/012921@30.0912210274943,-90.4978760649743.jpg",3,0,256,550,130,550,386
"WSLP_all/012922@30.0953330670833,-90.4913967245039.jpg",2,236,221,405,157,641,378
"WSLP_all/012923@30.096169939704,-90.4911493120531.jpg",2,246,206,395,180,641,386
"WSLP_all/012924@30.0963939695151,-90.4911063075943.jpg",2,217,217,424,180,641,397
"WSLP_all/012925@30.0950892708041,-90.4909370828466.jpg",2,98,206,524,200,622,406
"WSLP_all/012926@30.0953012335938,-90.4909163167818.jpg",2,21,245,445,150,466,395
"WSLP_all/012927@30.0963397915071,-90.4906450580611.jpg",2,0,233,377,153,377,386
"WSLP_all/012928@30.096529405179,-90.4905738820707.jpg",1,23,246,328,142,351,388
"WSLP_all/012929@30.0967339276082,-90.4905120668537.jpg",2,2,240,365,138,367,378
"WSLP_all/012930@30.0954667681327,-90.4904595384846.jpg",3,229,249,412,140,641,389
"WSLP_all/012931@30.0958750333156,-90.4903643764668.jpg",1,151,232,490,144,641,376
"WSLP_all/012932@30.0960723298702,-90.490312109456.jpg",1,173,216,407,154,580,370
"WSLP_all/012933@30.0972895976251,-90.4901911261925.jpg",1,121,229,246,126,367,355
"WSLP_all/012934@30.0964765095635,-90.4901758699182.jpg",1,181,223,431,161,612,384
"WSLP_all/012935@30.0968739281209,-90.4900143863388.jpg",1,140,247,465,118,605,365
"WSLP_all/012936@30.0972594801529,-90.489811891732.jpg",1,52,200,589,189,641,389
"WSLP_all/012937@30.0953229945038,-90.4896069205899.jpg",3,67,232,386,126,453,358
"WSLP_all/012938@30.0955046565924,-90.4895737588446.jpg",3,69,208,493,183,562,391
"WSLP_all/012939@30.0962671049859,-90.4897412337183.jpg",1,110,276,327,116,437,392
"WSLP_all/012940@30.0968755967379,-90.4895147135276.jpg",1,59,257,389,136,448,393
"WSLP_all/012941@30.0965538171867,-90.4891980382327.jpg",3,157,186,378,198,535,384
"WSLP_all/012942@30.0916754260779,-90.4892014191873.jpg",1,68,247,466,145,534,392
"WSLP_all/012943@30.096757694028,-90.4891299008678.jpg",1,108,246,477,134,585,380
"WSLP_all/012944@30.0918791532723,-90.4891743954472.jpg",1,60,247,458,154,518,401
"WSLP_all/012945@30.0958105321551,-90.488982969297.jpg",3,40,246,475,138,515,384
"WSLP_all/012946@30.095984633476,-90.4889372208754.jpg",3,88,259,372,118,460,377
"WSLP_all/012947@30.0956018828671,-90.4890701208536.jpg",3,87,226,337,173,424,399
"WSLP_all/012948@30.0978043767741,-90.4887067545123.jpg",3,67,196,346,156,413,352
"WSLP_all/012949@30.0848587643865,-90.4795833926861.jpg",3,161,267,439,144,600,411
"WSLP_all/012950@30.0971824393386,-90.4884527088115.jpg",1,12,204,573,177,585,381
"WSLP_all/012951@30.0938929933711,-90.4881264237014.jpg",3,182,258,355,134,537,392
"WSLP_all/012952@30.0921534943338,-90.4880874196457.jpg",1,29,222,498,139,527,361
"WSLP_all/012953@30.0879682378833,-90.4802840377577.jpg",3,143,274,352,119,495,393
"WSLP_all/012954@30.09260435321,-90.4880393235311.jpg",3,20,236,491,159,511,395
"WSLP_all/012955@30.0878759379189,-90.4801456952225.jpg",3,185,288,284,104,469,392
"WSLP_all/012956@30.0877969399812,-90.4799724558859.jpg",1,160,258,295,147,455,405
"WSLP_all/012957@30.0850200670992,-90.4792816181629.jpg",3,167,208,299,182,466,390
"WSLP_all/012958@30.0877144291845,-90.4797960837726.jpg",1,130,267,341,134,471,401
"WSLP_all/012959@30.0931839294856,-90.4878794553971.jpg",2,0,231,394,165,394,396
"WSLP_all/012960@30.0942895106906,-90.4879491322189.jpg",1,126,247,416,136,542,383
"WSLP_all/012961@30.0944892895026,-90.4878810286141.jpg",1,149,248,336,139,485,387
"WSLP_all/012962@30.0878799160203,-90.4792318102293.jpg",1,142,229,391,169,533,398
"WSLP_all/012963@30.0874721062414,-90.4792985475377.jpg",1,131,257,343,138,474,395
"WSLP_all/012964@30.0952955712337,-90.4876496610585.jpg",1,189,251,277,145,466,396
"WSLP_all/012965@30.0878000858657,-90.4790490924214.jpg",1,176,236,349,158,525,394
"WSLP_all/012966@30.0873917666668,-90.4791474557058.jpg",1,133,245,257,155,390,400
"WSLP_all/012967@30.0881402291202,-90.4790683111392.jpg",1,188,230,336,165,524,395
"WSLP_all/012968@30.0940133533483,-90.4875435375158.jpg",1,111,204,415,164,526,368
"WSLP_all/012969@30.0872203009699,-90.478835879006.jpg",1,154,273,247,112,401,385
"WSLP_all/012970@30.0880532223072,-90.4788856545212.jpg",1,151,247,425,148,576,395
"WSLP_all/012971@30.0954669359465,-90.4876102584597.jpg",3,185,266,344,122,529,388
"WSLP_all/012972@30.0879717060621,-90.4787440575208.jpg",3,183,273,348,128,531,401
"WSLP_all/012973@30.087887895277,-90.4785582119681.jpg",2,145,246,488,172,633,418
"WSLP_all/012974@30.0871273231517,-90.4783560386354.jpg",3,26,255,194,96,220,351
"WSLP_all/012975@30.0948061477309,-90.487305958198.jpg",1,104,243,428,145,532,388
"WSLP_all/012976@30.0954273272021,-90.4871330795623.jpg",2,195,227,292,168,487,395
"WSLP_all/012977@30.0880562683769,-90.4780666391588.jpg",3,52,251,361,152,413,403
"WSLP_all/012978@30.0845836256253,-90.4790165884787.jpg",3,208,274,203,84,411,358
"WSLP_all/012979@30.0969072220439,-90.4872248701144.jpg",3,194,240,447,163,641,403
"WSLP_all/012980@30.0880063185036,-90.4778868275421.jpg",1,53,248,397,133,450,381
"WSLP_all/012981@30.0847149060751,-90.4789364128302.jpg",3,154,260,245,102,399,362
"WSLP_all/012982@30.0952013320229,-90.4871824339133.jpg",1,156,240,326,153,482,393
"WSLP_all/012983@30.0875693586141,-90.4778810924342.jpg",1,195,262,402,140,597,402
"WSLP_all/012984@30.0873232103387,-90.4779559336181.jpg",3,100,234,352,149,452,383
"WSLP_all/012985@30.087920390073,-90.4776883513476.jpg",2,23,228,576,197,599,425
"WSLP_all/012986@30.0867858261389,-90.4776538244441.jpg",1,137,270,322,101,459,371
"WSLP_all/012987@30.0869538273899,-90.4775923023361.jpg",1,117,266,368,107,485,373
"WSLP_all/012988@30.0870817108262,-90.4775058279076.jpg",1,148,253,256,111,404,364
"WSLP_all/012989@30.0965843619858,-90.4867880397099.jpg",3,21,221,446,146,467,367
"WSLP_all/012990@30.0872745815847,-90.4774757126391.jpg",1,117,262,358,115,475,377
"WSLP_all/012991@30.0974421752434,-90.486578357343.jpg",1,89,177,398,210,487,387
"WSLP_all/012992@30.0875860634364,-90.4773750123298.jpg",1,156,247,210,107,366,354
"WSLP_all/012993@30.0972421762531,-90.4865863818087.jpg",1,62,203,465,171,527,374
"WSLP_all/012994@30.0978175868208,-90.4864676436036.jpg",1,91,172,436,212,527,384
"WSLP_all/012995@30.0884543581946,-90.4825471247619.jpg",3,171,262,370,133,541,395
"WSLP_all/012996@30.0889075311111,-90.4822997698088.jpg",1,129,254,402,128,531,382
"WSLP_all/012997@30.0883527505505,-90.482121104887.jpg",3,51,241,409,153,460,394
"WSLP_all/012998@30.0892135605092,-90.4821548594517.jpg",3,147,265,305,128,452,393
"WSLP_all/012999@30.0893656562923,-90.4820871550192.jpg",3,139,258,365,133,504,391
"WSLP_all/013000@30.0851985719973,-90.478884835555.jpg",1,189,271,273,97,462,368
"WSLP_all/013001@30.0884894779096,-90.4820155867726.jpg",1,119,232,316,167,435,399
"WSLP_all/013002@30.0896686005742,-90.4819201345591.jpg",1,94,262,379,128,473,390
"WSLP_all/013003@30.0895094363291,-90.4820005484765.jpg",1,154,255,362,145,516,400
"WSLP_all/013004@30.0886668786769,-90.4819445042801.jpg",1,124,199,365,210,489,409
"WSLP_all/013005@30.0898402613167,-90.4818459368982.jpg",1,120,240,328,158,448,398
"WSLP_all/013006@30.0889284553303,-90.4816355407552.jpg",1,63,199,478,195,541,394
"WSLP_all/013007@30.0893117409903,-90.4816417511671.jpg",1,158,209,343,212,501,421
"WSLP_all/013008@30.0896471032831,-90.4814871009499.jpg",3,3,228,426,142,429,370
"WSLP_all/013009@30.0884684686443,-90.4814750418456.jpg",1,135,262,385,130,520,392
"WSLP_all/013010@30.0895788590089,-90.4813011158578.jpg",1,73,230,309,168,382,398
"WSLP_all/013011@30.089140827069,-90.4812827262709.jpg",1,261,276,237,122,498,398
"WSLP_all/013012@30.0867918931121,-90.4833581617917.jpg",1,108,242,412,152,520,394
"WSLP_all/013013@30.0866405357065,-90.483463801032.jpg",1,123,217,344,177,467,394
"WSLP_all/013014@30.088816398986,-90.4812570411525.jpg",3,124,214,409,182,533,396
"WSLP_all/013015@30.0887481192259,-90.4810995183128.jpg",3,87,233,439,161,526,394
"WSLP_all/013016@30.0890889492525,-90.4811313869152.jpg",1,152,254,418,136,570,390
"WSLP_all/013017@30.087246846762,-90.4831266109413.jpg",1,132,247,311,145,443,392
"WSLP_all/013018@30.0894329523995,-90.4809482020061.jpg",1,32,246,411,137,443,383
"WSLP_all/013019@30.0886868391293,-90.4809103144897.jpg",1,128,221,348,182,476,403
"WSLP_all/013020@30.0875488347194,-90.4829817400352.jpg",1,127,275,341,120,468,395
"WSLP_all/013021@30.0886059104539,-90.4807402507578.jpg",3,96,245,343,153,439,398
"WSLP_all/013022@30.0892443501281,-90.4804312217241.jpg",3,75,259,380,145,455,404
"WSLP_all/013023@30.0888907510851,-90.4806018416392.jpg",1,202,234,336,156,538,390
"WSLP_all/013024@30.0872512717923,-90.4826490971376.jpg",1,70,217,458,165,528,382
"WSLP_all/013025@30.0888268922729,-90.4804094977811.jpg",1,193,224,431,187,624,411
"WSLP_all/013026@30.0891799469398,-90.4802610159492.jpg",1,108,251,306,150,414,401
"WSLP_all/013027@30.0883692084608,-90.4802142005851.jpg",1,121,204,385,199,506,403
"WSLP_all/013028@30.0887253416038,-90.480214313693.jpg",3,131,229,490,151,621,380
"WSLP_all/013029@30.0882906429876,-90.4800694157118.jpg",1,144,220,405,179,549,399
"WSLP_all/013030@30.0886287865106,-90.4800728444764.jpg",1,195,199,379,199,574,398
"WSLP_all/013031@30.0873789854682,-90.4825784408697.jpg",3,143,234,377,166,520,400
"WSLP_all/013032@30.0890816260402,-90.4800721289897.jpg",1,55,267,380,134,435,401
"WSLP_all/013033@30.0878687765258,-90.4823339381108.jpg",2,0,184,572,224,572,408
"WSLP_all/013034@30.0885741990985,-90.4798899084348.jpg",1,146,210,453,197,599,407
"WSLP_all/013035@30.0876883702748,-90.4824335049424.jpg",1,197,213,251,208,448,421
"WSLP_all/013036@30.0882137481812,-90.479902481936.jpg",1,117,229,368,163,485,392
"WSLP_all/013037@30.0890146183914,-90.4798861363508.jpg",1,117,265,267,135,384,400
"WSLP_all/013038@30.0888897406105,-90.4797449086189.jpg",3,45,240,386,160,431,400
"WSLP_all/013039@30.0885037325253,-90.4797134318367.jpg",1,128,201,484,190,612,391
"WSLP_all/013040@30.0884088475153,-90.4795624627355.jpg",1,153,242,446,150,599,392
"WSLP_all/013041@30.0887594539139,-90.4794013519964.jpg",3,86,261,327,135,413,396
"WSLP_all/013042@30.0883025924139,-90.4794052671158.jpg",1,198,220,376,167,574,387
"WSLP_all/013043@30.0872394423445,-90.500198799912.jpg",6,226,251,220,149,446,400
"WSLP_all/013044@30.0886697453254,-90.479234526737.jpg",3,49,263,384,141,433,404
"WSLP_all/013045@30.0885606637177,-90.4790741931548.jpg",3,18,217,428,179,446,396
"WSLP_all/013046@30.0882600896968,-90.4999752415716.jpg",3,210,225,431,140,641,365
"WSLP_all/013047@30.0885169244876,-90.4788721919903.jpg",1,98,246,286,148,384,394
"WSLP_all/013048@30.0884220440985,-90.4787307089573.jpg",1,83,251,368,144,451,395
"WSLP_all/013049@30.0882580094829,-90.478390606919.jpg",1,66,233,405,157,471,390
"WSLP_all/013050@30.0883110385343,-90.4785703928235.jpg",1,36,221,416,175,452,396
"WSLP_all/013052@30.0789127850268,-90.5010146015398.jpg",3,205,204,209,147,414,351
"WSLP_all/013053@30.0871643691365,-90.481511486855.jpg",1,37,141,509,264,546,405
"WSLP_all/013054@30.0873396039682,-90.4814372608357.jpg",1,117,229,356,155,473,384
"WSLP_all/013055@30.0867572065312,-90.4814232673447.jpg",1,111,225,406,178,517,403
"WSLP_all/013056@30.0820009695135,-90.5001003080865.jpg",4,165,197,250,208,415,405
"WSLP_all/013057@30.0874976902051,-90.4813347212864.jpg",2,198,183,443,253,641,436
"WSLP_all/013058@30.0878358196783,-90.4812211565509.jpg",3,46,84,497,298,543,382
"WSLP_all/013059@30.0818962928619,-90.4999367638568.jpg",3,186,193,281,177,467,370
"WSLP_all/013060@30.0823446791446,-90.4996231451515.jpg",3,131,179,341,178,472,357
"WSLP_all/013061@30.0832350565475,-90.4987335084177.jpg",3,195,218,236,124,431,342
"WSLP_all/013062@30.0873498318636,-90.4810925045896.jpg",1,131,241,411,142,542,383
"WSLP_all/013063@30.0864877485812,-90.4809512605997.jpg",1,149,218,357,177,506,395
"WSLP_all/013064@30.0818142790759,-90.4997129541089.jpg",3,206,138,298,223,504,361
"WSLP_all/013065@30.0877699421463,-90.4809972105762.jpg",1,100,237,329,161,429,398
"WSLP_all/013066@30.0865538562188,-90.4811087983432.jpg",3,108,242,421,145,529,387
"WSLP_all/013067@30.0876789347695,-90.4808588555667.jpg",1,120,263,348,117,468,380
"WSLP_all/013068@30.0861556062095,-90.4802774205232.jpg",3,131,245,328,106,459,351
"WSLP_all/013069@30.0873547379554,-90.4801849407501.jpg",1,112,241,324,149,436,390
"WSLP_all/013070@30.0860695332549,-90.4801327030961.jpg",2,0,226,341,143,341,369
"WSLP_all/013071@30.086856943484,-90.4801227991125.jpg",1,203,228,379,160,582,388
"WSLP_all/013072@30.0867096794417,-90.4797604209794.jpg",1,132,205,438,186,570,391
"WSLP_all/013073@30.0867747016251,-90.4799369410594.jpg",3,207,247,352,152,559,399
"WSLP_all/013074@30.0863156780238,-90.4797005547823.jpg",1,131,195,320,160,451,355
"WSLP_all/013075@30.0870226660597,-90.4795395564821.jpg",1,107,237,364,145,471,382
"WSLP_all/013076@30.086614799833,-90.4796315889718.jpg",1,160,224,357,181,517,405
"WSLP_all/013077@30.0862281895195,-90.479549525635.jpg",1,103,253,393,138,496,391
"WSLP_all/013078@30.085754261381,-90.4794871833716.jpg",1,148,224,356,176,504,400
"WSLP_all/013079@30.0860298883022,-90.4792255326675.jpg",1,70,209,439,198,509,407
"WSLP_all/013080@30.0868279465515,-90.4792123681779.jpg",3,30,224,383,164,413,388
"WSLP_all/013081@30.0862045857348,-90.4787971570108.jpg",1,156,201,393,197,549,398
"WSLP_all/013082@30.0861037675816,-90.4786177846887.jpg",3,176,224,301,166,477,390
"WSLP_all/013083@30.0855790556874,-90.4784799937298.jpg",1,156,240,294,142,450,382
"WSLP_all/013084@30.079232334134,-90.5008475176322.jpg",3,112,251,214,88,326,339
"WSLP_all/013085@30.0793082399526,-90.501014460561.jpg",6,168,257,290,131,458,388
"WSLP_all/013086@30.0793359462988,-90.5007296643358.jpg",6,182,276,283,112,465,388
"WSLP_all/013087@30.0794606140129,-90.5008456106704.jpg",6,177,255,291,137,468,392
"WSLP_all/013088@30.0786826687002,-90.5003430567279.jpg",1,22,217,424,154,446,371
"WSLP_all/013089@30.0787954424822,-90.5005697647251.jpg",1,125,241,209,120,334,361
"WSLP_all/013090@30.0796307437718,-90.500309837336.jpg",6,187,266,264,117,451,383
"WSLP_all/013091@30.0798135286813,-90.5004189740618.jpg",6,194,269,253,109,447,378
"WSLP_all/013092@30.079677402512,-90.5005655565403.jpg",6,211,274,215,102,426,376
"WSLP_all/013093@30.0795476474368,-90.50044965282.jpg",6,207,267,228,116,435,383
"WSLP_all/013094@30.0797799299031,-90.4999544625381.jpg",6,211,263,225,113,436,376
"WSLP_all/013095@30.0799416151586,-90.5000448040986.jpg",6,201,242,233,161,434,403
"WSLP_all/013096@30.0872053942642,-90.4807585578368.jpg",1,149,207,415,188,564,395
"WSLP_all/013097@30.0871017724494,-90.4806171507274.jpg",1,177,217,315,179,492,396
"WSLP_all/013098@30.0862351531728,-90.4804506535833.jpg",1,69,187,534,218,603,405
"WSLP_all/013099@30.0866501259689,-90.4803901846466.jpg",1,71,250,410,146,481,396
"WSLP_all/013100@30.0870209611661,-90.4804312795711.jpg",1,124,242,410,150,534,392
"WSLP_all/013101@30.0872639024942,-90.4800307761811.jpg",1,45,255,381,143,426,398
"WSLP_all/013102@30.0862677131101,-90.4789483953781.jpg",1,132,237,426,149,558,386
"WSLP_all/013103@30.0854505297243,-90.4786202256184.jpg",1,132,241,311,126,443,367
"WSLP_all/013104@30.0864597306822,-90.478383900964.jpg",1,139,203,373,202,512,405
"WSLP_all/013105@30.0858631889914,-90.4782625362905.jpg",1,106,240,354,140,460,380
"WSLP_all/013106@30.0860078265788,-90.4781474614643.jpg",3,67,232,385,131,452,363
"WSLP_all/013107@30.0880235688511,-90.4827816369252.jpg",3,232,236,181,126,413,362
"WSLP_all/013108@30.0881773998496,-90.4821605481725.jpg",3,111,195,364,243,475,438
"WSLP_all/013109@30.0879892994869,-90.481605622542.jpg",1,82,226,527,179,609,405
"WSLP_all/013110@30.0891511475531,-90.5013370004513.jpg",1,164,177,383,186,547,363
"WSLP_all/013111@30.0892215222813,-90.5010897655469.jpg",1,82,146,432,238,514,384
"WSLP_all/013112@30.0884656321362,-90.4996826074356.jpg",3,182,209,306,125,488,334
"WSLP_all/013113@30.0798584704551,-90.4834931824803.jpg",2,183,208,458,187,641,395
"WSLP_all/013114@30.0794889698003,-90.4834457440591.jpg",3,41,214,397,174,438,388
"WSLP_all/013115@30.0779020756498,-90.483478247994.jpg",1,227,245,231,110,458,355
"WSLP_all/013116@30.0824961009616,-90.4834295835443.jpg",3,0,261,374,119,374,380
"WSLP_all/013117@30.0782488019402,-90.4834310259735.jpg",3,38,237,332,118,370,355
"WSLP_all/013118@30.0787349640923,-90.4834079089307.jpg",1,86,236,440,158,526,394
"WSLP_all/013119@30.0840304816813,-90.4833089896701.jpg",3,42,143,536,251,578,394
"WSLP_all/013120@30.0789044214626,-90.4832989617798.jpg",1,144,226,418,172,562,398
"WSLP_all/013121@30.081397660707,-90.483214456745.jpg",1,55,230,360,150,415,380
"WSLP_all/013122@30.0820138413412,-90.4832945720801.jpg",1,203,199,431,188,634,387
"WSLP_all/013123@30.0850699179802,-90.4830566478751.jpg",1,119,246,356,150,475,396
"WSLP_all/013124@30.0829847758147,-90.4831566499694.jpg",3,65,218,346,176,411,394
"WSLP_all/013125@30.0790586742291,-90.4831901439645.jpg",1,211,221,404,173,615,394
"WSLP_all/013126@30.0847894884917,-90.4831886829981.jpg",3,53,212,354,171,407,383
"WSLP_all/013127@30.0783985033767,-90.4831198923663.jpg",3,152,230,278,136,430,366
"WSLP_all/013128@30.0832814049893,-90.482973886519.jpg",1,104,156,323,238,427,394
"WSLP_all/013129@30.0799659183471,-90.4830559302055.jpg",1,129,238,350,142,479,380
"WSLP_all/013130@30.0847001819228,-90.4827341151101.jpg",1,170,226,351,160,521,386
"WSLP_all/013131@30.0789309148192,-90.4828149759764.jpg",1,12,228,438,168,450,396
"WSLP_all/013132@30.0820161843053,-90.4828139392138.jpg",4,195,237,243,205,438,442
"WSLP_all/013133@30.0848707156206,-90.4826599332145.jpg",3,150,228,397,168,547,396
"WSLP_all/013134@30.0831974120293,-90.4826141400948.jpg",4,153,238,310,187,463,425
"WSLP_all/013135@30.0850278918058,-90.4826079992121.jpg",1,132,207,414,183,546,390
"WSLP_all/013136@30.0799722376643,-90.4826290247963.jpg",1,182,229,447,162,629,391
"WSLP_all/013137@30.0792625983304,-90.48258449325.jpg",1,78,234,398,148,476,382
"WSLP_all/013138@30.0836389763185,-90.4825534549945.jpg",1,79,251,347,139,426,390
"WSLP_all/013139@30.0801556629403,-90.4825199557103.jpg",1,174,232,408,166,582,398
"WSLP_all/013140@30.0796062077384,-90.4823697153293.jpg",1,86,214,369,164,455,378
"WSLP_all/013141@30.0853060693398,-90.4824380360305.jpg",1,132,213,401,175,533,388
"WSLP_all/013142@30.0829468241794,-90.4822147106881.jpg",1,125,238,314,146,439,384
"WSLP_all/013143@30.0802702247794,-90.48193719243.jpg",1,7,212,456,168,463,380
"WSLP_all/013144@30.0809574047227,-90.4819913983872.jpg",1,191,240,376,163,567,403
"WSLP_all/013145@30.0889196268302,-90.4915331289779.jpg",1,96,176,472,222,568,398
"WSLP_all/013146@30.0823729783952,-90.4814986903771.jpg",1,53,275,410,99,463,374
"WSLP_all/013147@30.0893277768403,-90.4913336276339.jpg",3,65,229,563,172,628,401
"WSLP_all/013148@30.0895093948277,-90.4912245786254.jpg",1,102,224,528,167,630,391
"WSLP_all/013149@30.0898879874244,-90.4911075410563.jpg",2,154,217,487,177,641,394
"WSLP_all/013150@30.0909027194085,-90.4907953929583.jpg",1,143,199,452,196,595,395
"WSLP_all/013151@30.0915036149256,-90.4906448489361.jpg",2,69,201,572,185,641,386
"WSLP_all/013152@30.0919088319278,-90.4905244193883.jpg",1,55,208,561,190,616,398
"WSLP_all/013153@30.0923670546541,-90.4904667853958.jpg",3,245,257,234,102,479,359
"WSLP_all/013154@30.0924875583922,-90.4902570575122.jpg",1,144,234,266,123,410,357
"WSLP_all/013155@30.0834842749653,-90.4803255838877.jpg",1,227,199,273,162,500,361
"WSLP_all/013156@30.0924980929961,-90.4895486220263.jpg",1,207,191,376,188,583,379
"WSLP_all/013157@30.0852639093539,-90.4800858464396.jpg",1,212,209,283,200,495,409
"WSLP_all/013158@30.0927913779284,-90.4884393451147.jpg",1,277,221,310,171,587,392
"WSLP_all/013159@30.0925496283536,-90.4885362625675.jpg",1,205,225,420,179,625,404
"WSLP_all/013160@30.0882180963852,-90.461081471588.jpg",1,176,255,254,136,430,391
"WSLP_all/013161@30.0861864869042,-90.4831577923275.jpg",1,136,242,421,149,557,391
"WSLP_all/013162@30.0866443802513,-90.4829515123767.jpg",2,0,245,533,158,533,403
"WSLP_all/013163@30.0867748309432,-90.4828745094269.jpg",1,179,243,313,162,492,405
"WSLP_all/013164@30.0869312532157,-90.4827783121412.jpg",1,169,243,329,151,498,394
"WSLP_all/013165@30.0858279475714,-90.482648599592.jpg",1,136,263,360,135,496,398
"WSLP_all/013166@30.0864241069306,-90.4823620858949.jpg",1,170,191,344,208,514,399
"WSLP_all/013167@30.0857702868671,-90.4822190534514.jpg",3,124,243,286,152,410,395
"WSLP_all/013168@30.0856114187103,-90.4822773269746.jpg",1,120,221,363,177,483,398
"WSLP_all/013169@30.087028872307,-90.4820628479658.jpg",1,158,247,370,137,528,384
"WSLP_all/013170@30.0874942108147,-90.4818217145716.jpg",3,152,228,345,163,497,391
"WSLP_all/013171@30.0858222395945,-90.481216240626.jpg",3,137,233,463,157,600,390
"WSLP_all/013172@30.0869703599201,-90.4597295340612.jpg",1,152,250,221,111,373,361
"WSLP_all/013173@30.0839127372593,-90.4865510295654.jpg",1,18,262,462,129,480,391
"WSLP_all/013174@30.0855683059256,-90.483466621575.jpg",3,112,167,426,221,538,388
"WSLP_all/013175@30.086446631144,-90.4596519118137.jpg",1,106,237,470,190,576,427
"WSLP_all/013176@30.0854757641168,-90.4823701843995.jpg",1,70,218,469,195,539,413
"WSLP_all/013177@30.0822396481186,-90.4866411336094.jpg",1,104,234,387,144,491,378
"WSLP_all/013178@30.0816990277217,-90.4865982972433.jpg",1,77,240,367,155,444,395
"WSLP_all/013179@30.0853732501506,-90.4794967721133.jpg",1,53,221,482,165,535,386
"WSLP_all/013180@30.0838436092035,-90.4862607150646.jpg",1,38,249,404,149,442,398
"WSLP_all/013181@30.0820959396302,-90.4862344656569.jpg",1,92,226,391,164,483,390
"WSLP_all/013182@30.0834487677789,-90.4863304726109.jpg",1,119,195,286,187,405,382
"WSLP_all/013183@30.0788719896708,-90.4861448825677.jpg",4,216,280,242,160,458,440
"WSLP_all/013184@30.0792287409036,-90.4862367047065.jpg",1,128,232,388,152,516,384
"WSLP_all/013185@30.080988201669,-90.4862533675191.jpg",1,111,233,369,153,480,386
"WSLP_all/013186@30.0816806958308,-90.4861463000615.jpg",1,144,204,428,186,572,390
"WSLP_all/013187@30.0790522269971,-90.4862065868559.jpg",1,172,221,400,155,572,376
"WSLP_all/013188@30.0828705336952,-90.4860318394612.jpg",3,139,230,449,153,588,383
"WSLP_all/013189@30.0806457881556,-90.4861203174275.jpg",1,53,229,393,162,446,391
"WSLP_all/013190@30.0780955130526,-90.4861103790503.jpg",1,189,249,345,145,534,394
"WSLP_all/013191@30.080293775953,-90.4859999962864.jpg",1,24,222,410,165,434,387
"WSLP_all/013192@30.0777016782668,-90.4859050495294.jpg",1,111,247,328,140,439,387
"WSLP_all/013193@30.0837934019775,-90.485872217784.jpg",1,172,272,169,112,341,384
"WSLP_all/013194@30.0838861334475,-90.4859631265545.jpg",1,343,271,224,105,567,376
"WSLP_all/013195@30.0780200018478,-90.4858580775885.jpg",1,176,265,344,139,520,404
"WSLP_all/013196@30.0789224043268,-90.4857871671465.jpg",3,100,245,307,113,407,358
"WSLP_all/013197@30.0810225673564,-90.4857946006224.jpg",3,170,210,429,169,599,379
"WSLP_all/013198@30.0776737171217,-90.4857219039566.jpg",3,92,233,364,159,456,392
"WSLP_all/013199@30.0780515457478,-90.4856491309589.jpg",1,211,262,290,133,501,395
"WSLP_all/013200@30.0800289206442,-90.485505835765.jpg",1,121,236,395,165,516,401
"WSLP_all/013201@30.0813272596733,-90.4855011136463.jpg",1,58,200,364,172,422,372
"WSLP_all/013202@30.0791850147984,-90.4853897039712.jpg",1,146,236,449,168,595,404
"WSLP_all/013203@30.0783640467445,-90.4853555858422.jpg",1,120,224,356,152,476,376
"WSLP_all/013204@30.0838350120549,-90.4852363054616.jpg",3,140,224,269,155,409,379
"WSLP_all/013205@30.0787350129395,-90.485143749466.jpg",1,144,249,339,150,483,399
"WSLP_all/013206@30.0833894141227,-90.4851958302887.jpg",3,149,207,364,160,513,367
"WSLP_all/013207@30.0838115219453,-90.4850088420276.jpg",3,173,236,273,146,446,382
"WSLP_all/013208@30.0779383994484,-90.4850525129629.jpg",1,166,251,318,129,484,380
"WSLP_all/013209@30.0783526727139,-90.4851691362267.jpg",3,116,225,342,163,458,388
"WSLP_all/013210@30.0814578811592,-90.4848865923461.jpg",4,190,247,243,211,433,458
"WSLP_all/013211@30.0793924522265,-90.4847302759413.jpg",1,129,232,368,137,497,369
"WSLP_all/013212@30.0778928526599,-90.4848631933275.jpg",3,172,241,319,129,491,370
"WSLP_all/013213@30.077855168839,-90.4846864540543.jpg",1,153,230,353,140,506,370
"WSLP_all/013214@30.0781970460141,-90.4845096427815.jpg",3,67,237,325,146,392,383
"WSLP_all/013215@30.077805434348,-90.4845003311576.jpg",3,157,218,359,160,516,378
"WSLP_all/013216@30.0819956091678,-90.4845057447274.jpg",2,288,212,353,174,641,386
"WSLP_all/013217@30.0848171339961,-90.4843330963893.jpg",1,84,258,405,136,489,394
"WSLP_all/013218@30.085143450769,-90.4841911873903.jpg",1,201,250,261,148,462,398
"WSLP_all/013219@30.0833393586303,-90.4843235528195.jpg",3,169,208,426,168,595,376
"WSLP_all/013220@30.0841129803343,-90.4841240805257.jpg",1,115,200,442,187,557,387
"WSLP_all/013221@30.0791917040894,-90.4843019754448.jpg",3,50,251,520,156,570,407
"WSLP_all/013222@30.0789141485636,-90.484316987392.jpg",3,119,225,354,192,473,417
"WSLP_all/013223@30.0777632147256,-90.4843109836749.jpg",3,169,216,293,153,462,369
"WSLP_all/013224@30.078526925037,-90.4842760209829.jpg",3,74,213,423,169,497,382
"WSLP_all/013225@30.0777227417751,-90.4841026507648.jpg",1,165,262,322,134,487,396
"WSLP_all/013226@30.0837272203697,-90.484190607378.jpg",1,120,243,320,135,440,378
"WSLP_all/013227@30.0792866005945,-90.4840671913056.jpg",1,65,237,393,157,458,394
"WSLP_all/013228@30.0826534391106,-90.4838930478926.jpg",3,176,234,420,152,596,386
"WSLP_all/013229@30.0845111729675,-90.4840068541789.jpg",1,140,237,384,163,524,400
"WSLP_all/013230@30.0819288601673,-90.4839751101881.jpg",3,0,221,348,163,348,384
"WSLP_all/013231@30.0841198211037,-90.4839311400116.jpg",1,183,218,348,185,531,403
"WSLP_all/013232@30.0841035658135,-90.4837257494717.jpg",3,136,228,414,175,550,403
"WSLP_all/013233@30.0797340719382,-90.4838989608397.jpg",3,117,218,473,164,590,382
"WSLP_all/013234@30.08512536178,-90.4836885795529.jpg",1,157,225,380,165,537,390
"WSLP_all/013235@30.0784143862891,-90.4838343259791.jpg",1,24,222,409,154,433,376
"WSLP_all/013236@30.0780569579964,-90.4836761212681.jpg",1,132,238,377,141,509,379
"WSLP_all/013237@30.0827965666784,-90.4837179209128.jpg",1,169,205,418,183,587,388
"WSLP_all/013238@30.0814257418644,-90.4837865223464.jpg",1,228,226,362,162,590,388
"WSLP_all/013239@30.0604155273086,-90.4448736407751.jpg",3,162,218,309,144,471,362
"WSLP_all/013240@30.0596137880096,-90.4448713034281.jpg",1,58,258,347,105,405,363
"WSLP_all/013241@30.0592392431677,-90.4444700065839.jpg",3,247,222,394,144,641,366
"WSLP_all/013242@30.0597626996592,-90.4443831468497.jpg",3,34,254,387,117,421,371
"WSLP_all/013243@30.0606086637669,-90.4441543136368.jpg",3,119,229,329,142,448,371
"WSLP_all/013244@30.0598425637253,-90.4441643090409.jpg",1,33,250,365,115,398,365
"WSLP_all/013245@30.0598561169636,-90.443911290118.jpg",3,61,221,336,134,397,355
"WSLP_all/013246@30.0595024950494,-90.4435098090969.jpg",3,169,214,304,151,473,365
"WSLP_all/013247@30.0594913647456,-90.4432664949955.jpg",3,214,197,333,168,547,365
"WSLP_all/013248@30.0519421055139,-90.4642659012038.jpg",2,160,213,481,284,641,497
"WSLP_all/013249@30.0887837119289,-90.4611935206668.jpg",1,33,251,303,106,336,357
"WSLP_all/013250@30.0890017368869,-90.4611378549039.jpg",3,191,238,441,158,632,396
"WSLP_all/013251@30.0891201249953,-90.4609976840576.jpg",3,191,220,280,178,471,398
"WSLP_all/013252@30.0892478418718,-90.4605886470582.jpg",3,0,164,299,201,299,365
"WSLP_all/013253@30.0789682136208,-90.4602992522824.jpg",3,65,234,361,156,426,390
"WSLP_all/013254@30.090484850003,-90.4601635652649.jpg",3,172,158,420,222,592,380
"WSLP_all/013255@30.0893626489211,-90.4599994791225.jpg",1,183,246,217,129,400,375
"WSLP_all/013256@30.0569423731457,-90.4598789058048.jpg",3,41,218,353,158,394,376
"WSLP_all/013257@30.0902604362098,-90.4601845048854.jpg",4,206,265,279,235,485,500
"WSLP_all/013258@30.0895401713768,-90.4599568151145.jpg",4,178,249,302,228,480,477
"WSLP_all/013259@30.0901786895062,-90.4599986513195.jpg",3,133,262,251,162,384,424
"WSLP_all/013260@30.0566908215334,-90.4589928328334.jpg",3,206,217,385,163,591,380
"WSLP_all/013261@30.0875669404116,-90.4598001942908.jpg",1,5,238,438,137,443,375
"WSLP_all/013262@30.0572972387336,-90.4584279905721.jpg",1,75,269,394,130,469,399
"WSLP_all/013263@30.0576137722448,-90.4574673813724.jpg",1,139,247,294,131,433,378
"WSLP_all/013264@30.0886570389735,-90.4593194788684.jpg",1,173,216,348,166,521,382
"WSLP_all/013265@30.0894394715626,-90.4592019403485.jpg",1,206,214,348,173,554,387
"WSLP_all/013266@30.0885531564425,-90.459146472757.jpg",1,182,208,334,175,516,383
"WSLP_all/013267@30.0901601332531,-90.4589711022969.jpg",1,120,20,442,391,562,411
"WSLP_all/013268@30.0890633332964,-90.4590091857267.jpg",1,181,172,203,190,384,362
"WSLP_all/013269@30.0881580226607,-90.4588179155825.jpg",1,0,172,551,231,551,403
"WSLP_all/013270@30.0580753073217,-90.456024992188.jpg",3,9,224,615,168,624,392
"WSLP_all/013271@30.0904746490119,-90.45872485358.jpg",1,62,180,324,204,386,384
"WSLP_all/013272@30.090462687995,-90.4585510379441.jpg",1,198,196,249,182,447,378
"WSLP_all/013273@30.0893806855046,-90.4583866170129.jpg",3,92,250,403,154,495,404
"WSLP_all/013274@30.0570658502922,-90.455784147212.jpg",3,205,187,316,189,521,376
"WSLP_all/013275@30.0889946634049,-90.4585070059263.jpg",3,117,139,449,241,566,380
"WSLP_all/013276@30.0903924950806,-90.458374570441.jpg",1,169,144,261,230,430,374
"WSLP_all/013277@30.0566369747546,-90.4556140602598.jpg",1,150,243,384,133,534,376
"WSLP_all/013278@30.0898690749225,-90.4580661112058.jpg",3,128,249,373,150,501,399
"WSLP_all/013279@30.0887389275627,-90.458155091606.jpg",3,169,246,360,157,529,403
"WSLP_all/013280@30.0888504422953,-90.4579865176193.jpg",1,168,250,370,148,538,398
"WSLP_all/013281@30.0898073975591,-90.4578800837579.jpg",3,150,242,342,134,492,376
"WSLP_all/013282@30.089215572273,-90.457581716578.jpg",1,149,214,375,172,524,386
"WSLP_all/013283@30.0892717374921,-90.4574389249232.jpg",1,146,237,288,149,434,386
"WSLP_all/013284@30.057911132118,-90.4547240367043.jpg",1,139,258,309,117,448,375
"WSLP_all/013285@30.0568347220005,-90.4544268942663.jpg",1,203,197,354,170,557,367
"WSLP_all/013286@30.0575216757179,-90.4538391846114.jpg",3,125,258,339,117,464,375
"WSLP_all/013287@30.0587432894161,-90.4534459009638.jpg",1,197,218,308,177,505,395
"WSLP_all/013288@30.0587882098322,-90.4531641585757.jpg",1,211,236,310,148,521,384
"WSLP_all/013289@30.0576587818397,-90.4531267142881.jpg",1,133,234,305,145,438,379
"WSLP_all/013290@30.0584091326962,-90.4528008082876.jpg",1,125,238,286,132,411,370
"WSLP_all/013291@30.0579946088875,-90.4518908915218.jpg",1,133,259,267,103,400,362
"WSLP_all/013292@30.057563267066,-90.451467949432.jpg",3,301,243,225,144,526,387
"WSLP_all/013293@30.0593275291114,-90.4510002868209.jpg",1,139,222,334,154,473,376
"WSLP_all/013294@30.0582900440415,-90.4506490966999.jpg",1,132,221,278,136,410,357
"WSLP_all/013295@30.0577662137954,-90.4505083211361.jpg",1,165,232,376,139,541,371
"WSLP_all/013296@30.059721334657,-90.4498429536071.jpg",1,29,254,558,117,587,371
"WSLP_all/013297@30.0586738443705,-90.4487963996962.jpg",1,140,270,323,112,463,382
"WSLP_all/013298@30.0600918297014,-90.4479555724624.jpg",3,199,250,299,120,498,370
"WSLP_all/013299@30.0584070854155,-90.4476512570941.jpg",3,232,204,301,167,533,371
"WSLP_all/013300@30.0590144124683,-90.4473392234168.jpg",1,98,226,286,132,384,358
"WSLP_all/013301@30.0585913930928,-90.4469130624093.jpg",1,241,203,272,162,513,365
"WSLP_all/013302@30.0604777179689,-90.4465042917599.jpg",1,154,193,401,193,555,386
"WSLP_all/013303@30.0587958924614,-90.4461683618248.jpg",1,241,251,330,124,571,375
"WSLP_all/013304@30.0593006002071,-90.4460658722595.jpg",1,59,270,317,97,376,367
"WSLP_all/013305@30.0605901990983,-90.4460038127605.jpg",1,117,188,389,191,506,379
"WSLP_all/013306@30.069612700833,-90.4757431057213.jpg",3,149,208,355,213,504,421
"WSLP_all/013307@30.069922268739,-90.4752598871856.jpg",1,183,241,210,147,393,388
"WSLP_all/013308@30.069308659555,-90.4751197401976.jpg",1,110,229,461,169,571,398
"WSLP_all/013309@30.068329540206,-90.4749542893989.jpg",3,74,257,388,127,462,384
"WSLP_all/013310@30.0677782175261,-90.4749621990931.jpg",3,95,166,546,193,641,359
"WSLP_all/013311@30.0683099042131,-90.4743000296805.jpg",1,193,234,279,115,472,349
"WSLP_all/013312@30.0683330566198,-90.4739710343637.jpg",1,8,168,389,190,397,358
"WSLP_all/013313@30.0656629053932,-90.5522988122742.jpg",1,226,230,179,153,405,383
"WSLP_all/013314@30.0679173855675,-90.5523254057348.jpg",1,26,258,509,146,535,404
"WSLP_all/013315@30.0684626957699,-90.5523559088378.jpg",1,90,254,403,121,493,375
"WSLP_all/013316@30.0654725148834,-90.55230030421.jpg",1,239,229,171,142,410,371
"WSLP_all/013317@30.0590925706245,-90.483619653566.jpg",4,173,250,299,224,472,474
"WSLP_all/013318@30.0596722651117,-90.480750649072.jpg",2,73,225,568,187,641,412
"WSLP_all/013319@30.0612247633124,-90.4989178068662.jpg",3,20,249,478,127,498,376
"WSLP_all/013320@30.0614891912724,-90.4989440446137.jpg",1,110,242,352,116,462,358
"WSLP_all/013321@30.0620277639976,-90.498898439425.jpg",4,215,280,211,160,426,440
"WSLP_all/013322@30.0612577808024,-90.498699402601.jpg",1,150,93,308,315,458,408
"WSLP_all/013323@30.0610951514559,-90.477574053512.jpg",1,305,214,274,186,579,400
"WSLP_all/013324@30.0610004912031,-90.4778815079041.jpg",1,271,246,257,142,528,388
"WSLP_all/013325@30.0606942583247,-90.4775585279178.jpg",3,129,237,245,146,374,383
"WSLP_all/013326@30.0589044776324,-90.4771597774362.jpg",1,111,225,345,167,456,392
"WSLP_all/013327@30.0696845998497,-90.4768490246968.jpg",4,202,275,216,175,418,450
"WSLP_all/013328@30.0542542618482,-90.464463854743.jpg",3,189,207,452,165,641,372
"WSLP_all/013329@30.0641145080011,-90.4983498618332.jpg",1,131,233,279,124,410,357
"WSLP_all/013330@30.0661302785211,-90.4980358007849.jpg",1,0,275,413,95,413,370
"WSLP_all/013331@30.0663672165575,-90.4977903856928.jpg",3,150,238,224,136,374,374
"WSLP_all/013332@30.0643595608828,-90.4968651294104.jpg",1,1,230,413,148,414,378
"WSLP_all/013333@30.0667106894069,-90.496744231792.jpg",3,195,225,446,142,641,367
"WSLP_all/013334@30.0651034516473,-90.4958567266358.jpg",1,156,247,221,114,377,361
"WSLP_all/013335@30.064061295384,-90.495508249877.jpg",3,232,245,153,93,385,338
"WSLP_all/013336@30.0648688880367,-90.4950999668587.jpg",3,235,247,248,104,483,351
"WSLP_all/013337@30.052841687809,-90.4629652067811.jpg",6,169,241,295,174,464,415
"WSLP_all/013338@30.0662010041337,-90.495139346216.jpg",1,70,228,419,126,489,354
"WSLP_all/013339@30.065628683999,-90.4947300151197.jpg",3,244,257,235,94,479,351
"WSLP_all/013340@30.066126380868,-90.4944191694134.jpg",3,179,257,316,105,495,362
"WSLP_all/013341@30.0525498176301,-90.462778095832.jpg",6,222,280,193,86,415,366
"WSLP_all/013342@30.0663292092162,-90.494306812506.jpg",1,190,246,361,126,551,372
"WSLP_all/013343@30.0663116651023,-90.4940477237908.jpg",2,3,302,263,167,266,469
"WSLP_all/013344@30.0649820709548,-90.4911504460689.jpg",1,201,240,264,123,465,363
"WSLP_all/013345@30.06854348479,-90.4940320913316.jpg",2,0,259,506,115,506,374
"WSLP_all/013346@30.0686365716504,-90.4932346090262.jpg",3,113,250,326,103,439,353
"WSLP_all/013347@30.0644475118444,-90.4964945111521.jpg",2,301,258,340,92,641,350
"WSLP_all/013348@30.0656780482398,-90.4986276119493.jpg",2,0,251,423,127,423,378
"WSLP_all/013349@30.0653184866458,-90.4903161561402.jpg",1,16,191,613,247,629,438
"WSLP_all/013350@30.0720611677741,-90.4899524466881.jpg",3,160,191,354,163,514,354
"WSLP_all/013351@30.0720635712086,-90.4897437595217.jpg",1,148,212,354,149,502,361
"WSLP_all/013352@30.0577619021343,-90.4759493847503.jpg",1,243,144,343,256,586,400
"WSLP_all/013353@30.0692747772849,-90.4765174257103.jpg",3,45,245,417,130,462,375
"WSLP_all/013354@30.0631858441468,-90.5574174236776.jpg",1,103,225,343,150,446,375
"WSLP_all/013355@30.0576130346836,-90.557305907123.jpg",2,58,228,583,183,641,411
"WSLP_all/013356@30.0582659307735,-90.5573197909935.jpg",1,119,250,420,163,539,413
"WSLP_all/013357@30.0573206283414,-90.5572987002284.jpg",1,28,207,585,205,613,412
"WSLP_all/013358@30.0624162373382,-90.5573601890756.jpg",1,120,229,298,159,418,388
"WSLP_all/013359@30.061650648323,-90.5573313754103.jpg",3,111,251,344,135,455,386
"WSLP_all/013360@30.0637247144104,-90.55690109301.jpg",3,148,232,354,150,502,382
"WSLP_all/013361@30.0627225661383,-90.5568741253092.jpg",1,104,218,537,160,641,378
"WSLP_all/013362@30.0615369132243,-90.5568738777419.jpg",1,176,171,447,244,623,415
"WSLP_all/013363@30.0616927639132,-90.5568347285371.jpg",1,74,152,505,235,579,387
"WSLP_all/013364@30.0641958798121,-90.5569069066948.jpg",1,195,181,297,227,492,408
"WSLP_all/013365@30.0619843664649,-90.5567755529373.jpg",1,157,207,374,158,531,365
"WSLP_all/013366@30.0634972143055,-90.5568396388408.jpg",3,228,234,319,141,547,375
"WSLP_all/013367@30.059098521085,-90.5567537793832.jpg",1,78,253,385,116,463,369
"WSLP_all/013368@30.0646976202313,-90.5564224710109.jpg",2,0,221,621,204,621,425
"WSLP_all/013369@30.0643247685301,-90.5563431823312.jpg",1,59,224,388,201,447,425
"WSLP_all/013370@30.0648764669935,-90.5550616881482.jpg",1,94,236,373,144,467,380
"WSLP_all/013371@30.0634492126391,-90.5550380581017.jpg",1,22,271,339,183,361,454
"WSLP_all/013372@30.0583500592652,-90.5767065266288.jpg",2,0,216,468,221,468,437
"WSLP_all/013373@30.0699798794901,-90.5571179309782.jpg",1,199,247,356,143,555,390
"WSLP_all/013374@30.066610508481,-90.556989261975.jpg",1,277,213,355,162,632,375
"WSLP_all/013375@30.0668665517694,-90.5569714604683.jpg",1,176,203,465,172,641,375
"WSLP_all/013376@30.066338885338,-90.5569249881284.jpg",1,251,237,275,143,526,380
"WSLP_all/013377@30.056725701117,-90.5761087632278.jpg",1,260,214,306,213,566,427
"WSLP_all/013378@30.0667871098375,-90.5546421056008.jpg",1,98,229,522,165,620,394
"WSLP_all/013379@30.0640101229248,-90.5738689372769.jpg",3,0,261,406,105,406,366
"WSLP_all/013380@30.0638653712356,-90.5738068137002.jpg",3,206,269,401,85,607,354
"WSLP_all/013381@30.0660795852641,-90.5731608213986.jpg",1,32,225,474,194,506,419
"WSLP_all/013382@30.0638015580118,-90.5729316119955.jpg",1,124,123,404,281,528,404
"WSLP_all/013383@30.0638278221752,-90.5727417310503.jpg",2,91,262,549,157,640,419
"WSLP_all/013384@30.0578032187833,-90.5566721979401.jpg",1,267,249,197,116,464,365
"WSLP_all/013385@30.0584823446395,-90.5566574228828.jpg",1,194,243,298,122,492,365
"WSLP_all/013386@30.0571367681834,-90.5595508514844.jpg",1,117,192,272,198,389,390
"WSLP_all/013387@30.0623121602961,-90.4866302168481.jpg",2,57,3,584,476,641,479
"WSLP_all/013388@30.0611553711121,-90.4845441253788.jpg",1,21,105,413,294,434,399
"WSLP_all/013389@30.0612412020451,-90.48439165396.jpg",1,95,121,364,274,459,395
"WSLP_all/013390@30.0607685857608,-90.4843450993585.jpg",1,169,175,326,229,495,404
"WSLP_all/013391@30.061335619369,-90.4842233028134.jpg",1,73,168,378,249,451,417
"WSLP_all/013392@30.0608822081161,-90.4841955518117.jpg",1,137,109,425,283,562,392
"WSLP_all/013393@30.0614231479425,-90.4840613315381.jpg",1,61,121,410,274,471,395
"WSLP_all/013394@30.0612249676407,-90.4835414111367.jpg",2,336,134,305,318,641,452
"WSLP_all/013395@30.0865046054767,-90.507446071576.jpg",3,0,212,467,208,467,420
"WSLP_all/013396@30.0786461337137,-90.5061452930628.jpg",3,96,242,371,137,467,379
"WSLP_all/013397@30.0847279649938,-90.5064078476069.jpg",1,185,233,296,165,481,398
"WSLP_all/013398@30.0861839598606,-90.5052574249291.jpg",1,194,236,382,147,576,383
"WSLP_all/013399@30.0776655035316,-90.5041931263765.jpg",1,83,224,357,170,440,394
"WSLP_all/013400@30.0778236975771,-90.5042360751758.jpg",1,58,226,380,166,438,392
"WSLP_all/013401@30.0779835742228,-90.504288495477.jpg",1,65,222,374,176,439,398
"WSLP_all/013402@30.077537036272,-90.5054051575772.jpg",1,235,191,244,180,479,371
"WSLP_all/013403@30.0775798637128,-90.5052277413543.jpg",1,183,185,247,181,430,366
"WSLP_all/013404@30.07688300948,-90.5050722824354.jpg",1,95,240,295,151,390,391
"WSLP_all/013405@30.0769363210311,-90.5048916193608.jpg",1,108,232,295,168,403,400
"WSLP_all/013406@30.0769922141763,-90.5046318896821.jpg",1,87,240,298,150,385,390
"WSLP_all/013407@30.0770394182838,-90.5044291446614.jpg",1,75,213,318,156,393,369
"WSLP_all/013408@30.0770878572862,-90.5042390351725.jpg",1,102,201,309,144,411,345
"WSLP_all/013410@30.0701500513909,-90.4927887193647.jpg",3,65,209,323,216,388,425
"WSLP_all/013411@30.0700145996121,-90.4928499309287.jpg",3,21,213,419,214,440,427
"WSLP_all/013412@30.0866760050192,-90.5058509680924.jpg",1,153,213,293,173,446,386
"WSLP_all/013413@30.0798717276395,-90.4978194427986.jpg",3,136,271,322,103,458,374
"WSLP_all/013414@30.078965063327,-90.5001320151549.jpg",6,193,251,224,154,417,405
"WSLP_all/013415@30.0790628773334,-90.5003367168774.jpg",6,208,241,232,155,440,396
"WSLP_all/013416@30.0790775014615,-90.4999793075663.jpg",6,195,276,230,107,425,383
"WSLP_all/013417@30.079261456757,-90.5000125493964.jpg",6,197,274,220,96,417,370
"WSLP_all/013418@30.0790971188057,-90.4995681053605.jpg",6,206,238,217,178,423,416
"WSLP_all/013419@30.0792686396459,-90.4995919649784.jpg",6,198,253,224,125,422,378
"WSLP_all/013420@30.0860913862306,-90.5084423803074.jpg",1,149,249,384,129,533,378
"WSLP_all/013421@30.0699303437088,-90.4941310660384.jpg",6,223,263,219,129,442,392
"WSLP_all/013422@30.0703541606981,-90.4940547818027.jpg",6,197,269,229,117,426,386
"WSLP_all/013423@30.0697586867072,-90.4896431303971.jpg",1,32,229,328,133,360,362
"WSLP_all/013424@30.0680436293308,-90.488870440032.jpg",6,220,246,209,165,429,411
"WSLP_all/013425@30.0696888231627,-90.488451823782.jpg",3,166,246,315,123,481,369
"WSLP_all/013426@30.0875364046305,-90.4940080899272.jpg",3,139,246,299,133,438,379
"WSLP_all/013427@30.0877799480391,-90.4938510956362.jpg",3,149,251,269,125,418,376
"WSLP_all/013428@30.0891028548394,-90.490892827114.jpg",1,95,236,462,152,557,388
"WSLP_all/013429@30.0880203978742,-90.4921699861819.jpg",1,73,208,510,163,583,371
"WSLP_all/013430@30.0620615193207,-90.4964038985322.jpg",6,215,271,200,98,415,369
"WSLP_all/013431@30.0884416141099,-90.4906327981171.jpg",1,144,259,403,115,547,374
"WSLP_all/013432@30.0886339935159,-90.4905426315846.jpg",3,129,216,468,156,597,372
"WSLP_all/013433@30.0890361016112,-90.4904348799537.jpg",3,84,243,477,157,561,400
"WSLP_all/013434@30.0876217748393,-90.491148829893.jpg",3,99,218,471,172,570,390
"WSLP_all/013435@30.0880394816314,-90.4911927312117.jpg",1,141,220,394,166,535,386
"WSLP_all/013436@30.0902734388274,-90.4900765723731.jpg",1,0,240,492,154,492,394
"WSLP_all/013437@30.0880094715889,-90.4907439654152.jpg",1,216,207,368,172,584,379
"WSLP_all/013438@30.0892406995088,-90.4899335288792.jpg",3,37,220,492,167,529,387
"WSLP_all/013439@30.0894445208364,-90.4898780471124.jpg",3,3,205,485,190,488,395
"WSLP_all/013440@30.0909166681613,-90.4899066944698.jpg",2,0,233,448,159,448,392
"WSLP_all/013441@30.0915272224877,-90.4897402532229.jpg",3,63,218,503,169,566,387
"WSLP_all/013442@30.0913158835718,-90.4898369088514.jpg",3,83,246,495,150,578,396
"WSLP_all/013443@30.0875855201169,-90.4903902324271.jpg",1,181,245,283,117,464,362
"WSLP_all/013444@30.090053713867,-90.4897179440225.jpg",3,88,197,377,181,465,378
"WSLP_all/013445@30.0641836168888,-90.5575139805003.jpg",3,0,112,641,283,641,395
"WSLP_all/013446@30.064845732393,-90.5575246335216.jpg",1,45,250,382,133,427,383
"WSLP_all/013447@30.0881742496261,-90.4926651403106.jpg",1,99,241,370,164,469,405
"WSLP_all/013448@30.088163265924,-90.4916596788958.jpg",1,106,247,451,140,557,387
"WSLP_all/013449@30.0659509272302,-90.4975883829841.jpg",2,156,222,485,162,641,384
"WSLP_all/013450@30.0661883041261,-90.4973081880169.jpg",3,259,187,382,179,641,366
"WSLP_all/013451@30.0707163035326,-90.5576528210932.jpg",1,162,267,284,117,446,384
"WSLP_all/013452@30.068388961691,-90.4973434737457.jpg",1,24,229,434,154,458,383
"WSLP_all/013453@30.0682886379595,-90.4975023893235.jpg",1,222,230,406,157,628,387
"WSLP_all/013454@30.0658651022033,-90.5575577970756.jpg",3,111,236,386,142,497,378
"WSLP_all/013455@30.0704562781751,-90.55762006791.jpg",3,16,261,529,113,545,374
"WSLP_all/013456@30.0682597684926,-90.5575423193191.jpg",1,18,272,411,107,429,379
"WSLP_all/013457@30.0658599627481,-90.5568907821245.jpg",4,168,230,330,237,498,467
"WSLP_all/013458@30.0689302252614,-90.5565001296592.jpg",1,222,234,267,165,489,399
"WSLP_all/013459@30.0667884324893,-90.5051182327009.jpg",1,219,269,206,106,425,375
"WSLP_all/013460@30.07540270742,-90.4885836009029.jpg",3,272,222,354,176,626,398
"WSLP_all/013461@30.0756794496752,-90.4882872153748.jpg",1,244,222,373,169,617,391
"WSLP_all/013462@30.0773013367644,-90.4883683157179.jpg",1,136,243,344,153,480,396
"WSLP_all/013463@30.0777062940613,-90.4883490733.jpg",1,139,278,316,153,455,431
"WSLP_all/013464@30.0842134342248,-90.4876773075497.jpg",3,22,238,457,141,479,379
"WSLP_all/013465@30.0792450128948,-90.4910393969565.jpg",3,194,258,283,132,477,390
"WSLP_all/013466@30.0796142774496,-90.490925611437.jpg",3,181,246,352,149,533,395
"WSLP_all/013467@30.0794811451062,-90.4905409915522.jpg",1,42,203,508,205,550,408
"WSLP_all/013468@30.0807542701261,-90.4905839764777.jpg",1,106,213,381,170,487,383
"WSLP_all/013469@30.0796696878494,-90.4904571890901.jpg",3,149,197,390,179,539,376
"WSLP_all/013470@30.0791701383585,-90.490334941078.jpg",1,116,237,365,161,481,398
"WSLP_all/013471@30.079123390162,-90.4900855511715.jpg",1,62,225,355,161,417,386
"WSLP_all/013472@30.0803934779074,-90.4900621566163.jpg",1,102,210,402,176,504,386
"WSLP_all/013473@30.0796202800212,-90.4902046585371.jpg",3,135,236,303,155,438,391
"WSLP_all/013474@30.079566158895,-90.4899806257241.jpg",1,74,261,365,126,439,387
"WSLP_all/013475@30.0791178987981,-90.4899022116913.jpg",1,146,232,391,155,537,387
"WSLP_all/013476@30.0806612059858,-90.4896330368658.jpg",1,88,213,434,186,522,399
"WSLP_all/013477@30.0802905015391,-90.4896077185565.jpg",1,149,234,359,169,508,403
"WSLP_all/013478@30.0794757380915,-90.4895545417507.jpg",1,62,265,372,127,434,392
"WSLP_all/013479@30.0793926380938,-90.4891252346871.jpg",1,41,249,397,141,438,390
"WSLP_all/013480@30.0797899043513,-90.4892704772356.jpg",2,173,183,468,193,641,376
"WSLP_all/013481@30.0809519940785,-90.4890393014448.jpg",1,1,214,428,184,429,398
"WSLP_all/013482@30.0805181960971,-90.4890334910541.jpg",1,123,229,408,166,531,395
"WSLP_all/013483@30.0797369788347,-90.4890401096756.jpg",1,179,199,457,191,636,390
"WSLP_all/013484@30.0800633950905,-90.4887369678245.jpg",3,4,213,497,148,501,361
"WSLP_all/013485@30.0791058799664,-90.4885711813749.jpg",3,0,237,463,174,463,411
"WSLP_all/013486@30.0793129113948,-90.4885061897498.jpg",1,80,222,339,179,419,401
"WSLP_all/013487@30.0801061084072,-90.4883951240875.jpg",3,165,245,269,127,434,372
"WSLP_all/013488@30.0796618792965,-90.4883451391717.jpg",1,135,218,433,165,568,383
"WSLP_all/013489@30.0792557604403,-90.4881746809132.jpg",1,90,233,418,147,508,380
"WSLP_all/013490@30.0842484646634,-90.4881354988046.jpg",3,168,274,292,114,460,388
"WSLP_all/013491@30.0842438489476,-90.4882904764836.jpg",1,143,254,152,153,295,407
"WSLP_all/013492@30.0842282229126,-90.4879807330166.jpg",5,189,240,180,148,369,388
"WSLP_all/013493@30.0842681125048,-90.4884420462665.jpg",5,170,245,251,153,421,398
"WSLP_all/013494@30.0842628987878,-90.4885938660004.jpg",5,179,269,232,139,411,408
"WSLP_all/013495@30.0815191189355,-90.4903656608327.jpg",1,123,207,406,176,529,383
"WSLP_all/013496@30.0811474075079,-90.4904794713023.jpg",1,66,237,477,155,543,392
"WSLP_all/013497@30.081902551582,-90.4902960171591.jpg",1,145,247,381,164,526,411
"WSLP_all/013498@30.0813323985218,-90.4904336401266.jpg",1,141,240,342,144,483,384
"WSLP_all/013499@30.0820888114279,-90.490224878156.jpg",1,148,259,337,136,485,395
"WSLP_all/013500@30.0816767480913,-90.4899501164896.jpg",2,0,205,561,199,561,404
"WSLP_all/013501@30.0826443259485,-90.4900557574311.jpg",1,138,230,426,175,564,405
"WSLP_all/013502@30.0818645715935,-90.489904260113.jpg",1,35,169,543,240,578,409
"WSLP_all/013503@30.082828314621,-90.4900036093725.jpg",1,75,223,542,180,617,403
"WSLP_all/013504@30.0822395410837,-90.4897840952439.jpg",3,52,166,547,243,599,409
"WSLP_all/013505@30.0826109194231,-90.4896955782105.jpg",1,46,185,452,218,498,403
"WSLP_all/013506@30.0815848599461,-90.4894924168937.jpg",1,66,224,400,177,466,401
"WSLP_all/013507@30.0823254742151,-90.4892774582302.jpg",1,61,199,459,202,520,401
"WSLP_all/013508@30.0821346483384,-90.4893138556634.jpg",1,108,209,384,189,492,398
"WSLP_all/013509@30.0825089413201,-90.489212664542.jpg",1,102,228,384,176,486,404
"WSLP_all/013510@30.0816114819174,-90.4890937902835.jpg",1,120,199,471,215,591,414
"WSLP_all/013511@30.0819768334148,-90.4889831899098.jpg",1,57,225,528,185,585,410
"WSLP_all/013512@30.081266769466,-90.4890050156344.jpg",2,272,216,366,195,638,411
"WSLP_all/013513@30.0823516717331,-90.4888598606146.jpg",1,90,210,523,195,613,405
"WSLP_all/013514@30.0827237223774,-90.4887776592541.jpg",3,96,224,426,182,522,406
"WSLP_all/013515@30.0813135859629,-90.4885524667306.jpg",1,143,225,457,175,600,400
"WSLP_all/013516@30.0821100074226,-90.4884382099449.jpg",1,154,222,394,162,548,384
"WSLP_all/013517@30.0825007139174,-90.4883495251516.jpg",1,158,197,424,199,582,396
"WSLP_all/013518@30.0814197813365,-90.4883460429951.jpg",1,207,207,287,190,494,397
"WSLP_all/013519@30.0739254432049,-90.490461507232.jpg",1,131,197,287,189,418,386
"WSLP_all/013520@30.0740791936712,-90.4904538835738.jpg",1,167,218,268,155,435,373
"WSLP_all/013521@30.0742152227992,-90.4904400864288.jpg",2,68,230,404,151,472,381
"WSLP_all/013522@30.0835772886998,-90.4897885810664.jpg",1,142,223,415,178,557,401
"WSLP_all/013523@30.0875015707625,-90.4895529859439.jpg",1,130,225,467,174,597,399
"WSLP_all/013524@30.088799540374,-90.489289024332.jpg",1,150,238,433,178,583,416
"WSLP_all/013525@30.087288163355,-90.4894725787632.jpg",1,104,264,464,138,568,402
"WSLP_all/013526@30.0846122384425,-90.4896280430951.jpg",1,126,216,439,174,565,390
"WSLP_all/013527@30.0848808230099,-90.4896162830499.jpg",1,232,229,342,165,574,394
"WSLP_all/013528@30.0851088859957,-90.4895289776306.jpg",1,112,246,483,154,595,400
"WSLP_all/013529@30.0890152186255,-90.4892302789097.jpg",1,82,231,498,177,580,408
"WSLP_all/013530@30.0870716194185,-90.4893447673032.jpg",1,67,241,465,146,532,387
"WSLP_all/013531@30.0860732495071,-90.4892615237353.jpg",1,121,217,480,160,601,377
"WSLP_all/013532@30.0891969725982,-90.4891813070664.jpg",1,157,222,423,182,580,404
"WSLP_all/013533@30.0896129681184,-90.4890481333441.jpg",1,103,245,441,157,544,402
"WSLP_all/013534@30.0879480289907,-90.4890495915369.jpg",3,58,237,447,159,505,396
"WSLP_all/013535@30.0839181619505,-90.4889604169679.jpg",3,190,206,377,191,567,397
"WSLP_all/013536@30.0842786334413,-90.4889036087387.jpg",1,170,263,298,126,468,389
"WSLP_all/013537@30.0842855390706,-90.4887454506786.jpg",1,155,255,303,132,458,387
"WSLP_all/013538@30.0888197519866,-90.4888556396429.jpg",1,15,191,584,218,599,409
"WSLP_all/013539@30.0870250476542,-90.4886684760779.jpg",1,114,232,434,122,548,354
"WSLP_all/013540@30.0901994683833,-90.4888913793907.jpg",1,147,220,489,180,636,400
"WSLP_all/013541@30.0906221166197,-90.4887707965327.jpg",3,160,243,414,154,574,397
"WSLP_all/013542@30.08387611619,-90.488565524962.jpg",1,99,206,399,183,498,389
"WSLP_all/013543@30.0904005096454,-90.4888485672553.jpg",1,178,241,458,155,636,396
"WSLP_all/013544@30.0908180581523,-90.488721702802.jpg",1,152,244,458,150,610,394
"WSLP_all/013545@30.0912283180907,-90.4886075468809.jpg",1,109,233,443,168,552,401
"WSLP_all/013546@30.0898269066059,-90.4885119134518.jpg",1,12,239,426,139,438,378
"WSLP_all/013547@30.0829874306158,-90.4895627508025.jpg",1,51,190,503,205,554,395
"WSLP_all/013548@30.0831587480636,-90.4895201948134.jpg",1,20,212,406,175,426,387
"WSLP_all/013549@30.0828884535988,-90.4891019436415.jpg",1,114,192,434,208,548,400
"WSLP_all/013550@30.0838884715329,-90.4883567296532.jpg",3,102,214,442,179,544,393
"WSLP_all/013551@30.0834314810079,-90.488332146939.jpg",3,123,235,438,177,561,412
"WSLP_all/013552@30.0910295864762,-90.4882044693844.jpg",1,33,218,489,182,522,400
"WSLP_all/013553@30.0838219293144,-90.488164412298.jpg",1,182,275,411,111,593,386
"WSLP_all/013554@30.0830593667051,-90.4881898524934.jpg",1,32,237,306,179,338,416
"WSLP_all/013555@30.0796194286056,-90.4881146835442.jpg",1,129,201,440,188,569,389
"WSLP_all/013556@30.081747808133,-90.488011259934.jpg",1,103,240,346,147,449,387
"WSLP_all/013557@30.0759715069266,-90.4880507700681.jpg",1,235,201,397,182,632,383
"WSLP_all/013558@30.0838600421261,-90.4879459126051.jpg",1,287,225,311,149,598,374
"WSLP_all/013559@30.0825084541412,-90.4879099495724.jpg",3,99,223,346,172,445,395
"WSLP_all/013560@30.0807053305461,-90.4880011315197.jpg",1,184,240,333,152,517,392
"WSLP_all/013561@30.0842323632905,-90.4878289224044.jpg",1,178,258,289,122,467,380
"WSLP_all/013562@30.0805111273712,-90.4879268939603.jpg",1,124,225,458,169,582,394
"WSLP_all/013563@30.0830639831786,-90.487769272653.jpg",3,90,238,367,158,457,396
"WSLP_all/013564@30.0761038752846,-90.4879421484857.jpg",2,290,205,351,187,641,392
"WSLP_all/013565@30.0792662776715,-90.4879279688422.jpg",1,126,254,386,134,512,388
"WSLP_all/013566@30.0832486444748,-90.4876507122786.jpg",1,60,247,334,142,394,389
"WSLP_all/013567@30.0799342951845,-90.4877389143753.jpg",1,102,215,442,175,544,390
"WSLP_all/013568@30.0810452225963,-90.4877200021653.jpg",1,43,213,436,181,479,394
"WSLP_all/013569@30.0764221837627,-90.4877813612433.jpg",2,299,231,342,161,641,392
"WSLP_all/013570@30.0819161900315,-90.4875798100141.jpg",1,43,218,402,166,445,384
"WSLP_all/013571@30.0769664014669,-90.4876091695632.jpg",3,224,289,343,99,567,388
"WSLP_all/013572@30.0836338067449,-90.4875936901391.jpg",1,48,243,370,151,418,394
"WSLP_all/013573@30.0838118169106,-90.4875099679903.jpg",1,47,245,331,133,378,378
"WSLP_all/013574@30.0805098349597,-90.4874684325512.jpg",1,81,218,378,181,459,399
"WSLP_all/013575@30.0824737251146,-90.4874517627944.jpg",1,69,236,409,151,478,387
"WSLP_all/013576@30.0767493947126,-90.4876110111312.jpg",2,231,272,410,139,641,411
"WSLP_all/013577@30.0803198142214,-90.487428941188.jpg",1,105,223,383,166,488,389
"WSLP_all/013578@30.0773168880116,-90.4875777393087.jpg",1,262,223,291,148,553,371
"WSLP_all/013579@30.0832115312151,-90.4872368108613.jpg",1,150,241,370,149,520,390
"WSLP_all/013580@30.0813909286786,-90.4873850682113.jpg",1,73,243,401,156,474,399
"WSLP_all/013581@30.0811822860847,-90.4872761731042.jpg",1,18,225,450,170,468,395
"WSLP_all/013582@30.0834119406991,-90.487194003752.jpg",1,85,228,371,159,456,387
"WSLP_all/013583@30.081934415006,-90.4871591204385.jpg",1,44,267,541,150,585,417
"WSLP_all/013584@30.0796183148628,-90.4871914337955.jpg",1,88,236,435,163,523,399
"WSLP_all/013585@30.0770127614398,-90.4870649523141.jpg",1,80,248,362,116,442,364
"WSLP_all/013586@30.0772045112314,-90.4870696475608.jpg",1,98,261,271,113,369,374
"WSLP_all/013587@30.0789141201304,-90.4870266734752.jpg",1,131,255,287,125,418,380
"WSLP_all/013588@30.0792725622242,-90.4871121607821.jpg",1,198,190,314,206,512,396
"WSLP_all/013589@30.0825562763775,-90.4869894183354.jpg",1,134,208,443,195,577,403
"WSLP_all/013590@30.0773791339394,-90.4870365469976.jpg",1,45,222,331,160,376,382
"WSLP_all/013591@30.0785301162026,-90.4869730219675.jpg",1,109,269,366,111,475,380
"WSLP_all/013592@30.0775851674264,-90.486987370673.jpg",1,168,246,222,120,390,366
"WSLP_all/013593@30.0803564148263,-90.4869322164286.jpg",1,87,225,409,178,496,403
"WSLP_all/013594@30.0827497988659,-90.4869276978485.jpg",1,111,215,446,179,557,394
"WSLP_all/013595@30.077963199013,-90.4869588658888.jpg",1,130,230,296,145,426,375
"WSLP_all/013596@30.0805581522593,-90.4870063879537.jpg",1,43,243,397,143,440,386
"WSLP_all/013597@30.0811598319704,-90.48682421214.jpg",1,157,216,447,188,604,404
"WSLP_all/013598@30.0781424286118,-90.4869794762893.jpg",1,98,245,306,136,404,381
"WSLP_all/013599@30.0796652457752,-90.4869760288499.jpg",1,76,214,430,187,506,401
"WSLP_all/013600@30.0796882486274,-90.4867513424682.jpg",1,109,188,521,257,630,445
"WSLP_all/013601@30.0806150150678,-90.4865948602786.jpg",1,152,197,464,199,616,396
"WSLP_all/013602@30.0766885612614,-90.4867578537982.jpg",1,47,229,323,159,370,388
"WSLP_all/013603@30.077467640412,-90.4866152782935.jpg",1,95,235,313,130,408,365
"WSLP_all/013604@30.0769049483176,-90.4866896187384.jpg",1,72,231,302,149,374,380
"WSLP_all/013605@30.0751552030059,-90.4920920323452.jpg",1,265,232,197,111,462,343
"WSLP_all/013606@30.083527307067,-90.4866776224915.jpg",1,100,227,530,161,630,388
"WSLP_all/013607@30.0753082421073,-90.4922140470331.jpg",1,240,256,197,87,437,343
"WSLP_all/013608@30.0784497277923,-90.4865563452427.jpg",1,66,228,373,166,439,394
"WSLP_all/013609@30.0754983558796,-90.4921650168198.jpg",1,229,229,255,118,484,347
"WSLP_all/013610@30.0789701161118,-90.4866214836114.jpg",3,130,248,322,135,452,383
"WSLP_all/013611@30.0746823791388,-90.4920422748273.jpg",1,212,217,392,163,604,380
"WSLP_all/013612@30.0788197794152,-90.4865911427405.jpg",1,136,240,269,156,405,396
"WSLP_all/013613@30.0750976745655,-90.4918806841353.jpg",1,230,225,279,118,509,343
"WSLP_all/013614@30.0769754552635,-90.4916940933344.jpg",1,134,276,414,108,548,384
"WSLP_all/013615@30.0778607283635,-90.4865676734784.jpg",3,144,232,334,164,478,396
"WSLP_all/013616@30.0764496952509,-90.4918250031527.jpg",1,168,232,304,161,472,393
"WSLP_all/013617@30.0782609901952,-90.4865453017303.jpg",3,152,221,293,143,445,364
"WSLP_all/013618@30.074645691886,-90.4916284028317.jpg",2,254,200,374,182,628,382
"WSLP_all/013619@30.0797856941116,-90.4863647681005.jpg",1,88,202,490,191,578,393
"WSLP_all/013620@30.0775737046036,-90.4915594080663.jpg",1,89,232,384,149,473,381
"WSLP_all/013621@30.0777465934298,-90.4914441235491.jpg",1,112,239,331,167,443,406
"WSLP_all/013622@30.0767298403145,-90.4913199182531.jpg",1,116,231,364,173,480,404
"WSLP_all/013623@30.0779249496933,-90.4914141607268.jpg",1,161,239,306,154,467,393
"WSLP_all/013624@30.0750311039066,-90.4912141261312.jpg",1,170,228,382,138,552,366
"WSLP_all/013625@30.0788764773163,-90.4911468518337.jpg",1,104,232,365,151,469,383
"WSLP_all/013626@30.0782986659569,-90.4912782068525.jpg",1,106,230,386,149,492,379
"WSLP_all/013627@30.078490927975,-90.4912512878716.jpg",1,153,232,369,136,522,368
"WSLP_all/013628@30.0746367114005,-90.491182680169.jpg",1,210,206,394,162,604,368
"WSLP_all/013629@30.0770289322588,-90.4910043769678.jpg",1,172,231,373,141,545,372
"WSLP_all/013630@30.0750348493766,-90.4910085841846.jpg",1,152,204,393,160,545,364
"WSLP_all/013631@30.0781441605697,-90.4909570092058.jpg",2,74,197,560,199,634,396
"WSLP_all/013632@30.0774082848019,-90.4909158027502.jpg",1,95,218,508,182,603,400
"WSLP_all/013633@30.0778290372334,-90.4910229085673.jpg",1,110,193,449,191,559,384
"WSLP_all/013634@30.076261277599,-90.4910077035358.jpg",1,142,237,342,140,484,377
"WSLP_all/013635@30.0777787162456,-90.4908209797087.jpg",1,160,247,313,143,473,390
"WSLP_all/013636@30.0781231132033,-90.4907358604324.jpg",1,95,238,452,155,547,393
"WSLP_all/013637@30.0769854248157,-90.4907929058225.jpg",1,189,244,356,144,545,388
"WSLP_all/013639@30.0746082060679,-90.4905822001609.jpg",2,125,174,513,239,638,413
"WSLP_all/013640@30.0780648000063,-90.490505542571.jpg",1,64,229,381,154,445,383
"WSLP_all/013641@30.077309101212,-90.4904992865969.jpg",1,170,243,363,149,533,392
"WSLP_all/013642@30.076530746479,-90.4904805753463.jpg",3,89,224,340,155,429,379
"WSLP_all/013643@30.0788346511627,-90.490419986239.jpg",1,90,228,410,160,500,388
"WSLP_all/013644@30.0746366820727,-90.4903954199833.jpg",1,150,219,409,175,559,394
"WSLP_all/013645@30.0784046741614,-90.490306636308.jpg",1,155,233,418,164,573,397
"WSLP_all/013646@30.076903110832,-90.4903699263891.jpg",1,189,251,370,144,559,395
"WSLP_all/013647@30.0750531261758,-90.4903792508593.jpg",1,220,222,342,156,562,378
"WSLP_all/013648@30.0776313466747,-90.4901582498354.jpg",1,91,226,377,145,468,371
"WSLP_all/013649@30.0783517249419,-90.4901110514411.jpg",1,165,239,388,155,553,394
"WSLP_all/013650@30.075086389115,-90.4901671346622.jpg",1,174,222,382,159,556,381
"WSLP_all/013651@30.076816976332,-90.4899216849085.jpg",1,202,241,379,148,581,389
"WSLP_all/013652@30.0776146765253,-90.4899339045714.jpg",1,121,239,346,149,467,388
"WSLP_all/013653@30.0772147112419,-90.4900542748043.jpg",1,171,213,362,160,533,373
"WSLP_all/013654@30.0783125841559,-90.4898774093397.jpg",1,163,225,371,157,534,382
"WSLP_all/013655@30.0787532997199,-90.489984342812.jpg",1,157,216,384,180,541,396
"WSLP_all/013656@30.0763942761861,-90.4898367334875.jpg",1,47,206,417,174,464,380
"WSLP_all/013657@30.0747136404639,-90.4899900721038.jpg",1,123,229,441,175,564,404
"WSLP_all/013658@30.075201633303,-90.4897330053795.jpg",1,223,221,357,152,580,373
"WSLP_all/013659@30.0771838972381,-90.4898585060953.jpg",1,111,224,368,172,479,396
"WSLP_all/013660@30.0774946874931,-90.4895238882196.jpg",1,96,207,392,160,488,367
"WSLP_all/013661@30.0767054912349,-90.4895084380987.jpg",1,194,235,353,151,547,386
"WSLP_all/013662@30.0762857711224,-90.489562579712.jpg",1,77,223,349,156,426,379
"WSLP_all/013663@30.0789796420292,-90.4894607256512.jpg",1,38,194,436,164,474,358
"WSLP_all/013664@30.0748292032238,-90.4895970435168.jpg",1,194,237,371,149,565,386
"WSLP_all/013665@30.0778674419132,-90.4894227166684.jpg",1,40,236,379,153,419,389
"WSLP_all/013666@30.0752889814047,-90.4895330785658.jpg",1,184,246,359,141,543,387
"WSLP_all/013667@30.0786517846086,-90.4895520326202.jpg",1,181,269,328,142,509,411
"WSLP_all/013668@30.0761853812794,-90.4894306368539.jpg",5,218,231,293,139,511,370
"WSLP_all/013669@30.0786068091159,-90.4893563811688.jpg",3,120,237,390,158,510,395
"WSLP_all/013670@30.0789295117134,-90.4892587936149.jpg",1,26,213,524,177,550,390
"WSLP_all/013671@30.0778068662457,-90.4891829329179.jpg",1,134,290,395,97,529,387
"WSLP_all/013672@30.0774491299345,-90.4893061115647.jpg",1,109,225,374,133,483,358
"WSLP_all/013673@30.076461702384,-90.4891627095792.jpg",1,201,257,222,105,423,362
"WSLP_all/013674@30.0770437609359,-90.4892052055744.jpg",1,103,240,481,159,584,399
"WSLP_all/013675@30.07598378541,-90.489150949171.jpg",1,179,216,403,130,582,346
"WSLP_all/013676@30.0758552245674,-90.4893132870936.jpg",1,79,242,357,148,436,390
"WSLP_all/013677@30.0754995792253,-90.4891360804376.jpg",1,190,241,341,136,531,377
"WSLP_all/013678@30.0750159149272,-90.4892445134285.jpg",1,225,215,416,149,641,364
"WSLP_all/013679@30.0773584876101,-90.4891203337113.jpg",1,112,195,364,177,476,372
"WSLP_all/013680@30.0751843056178,-90.4888952999886.jpg",4,334,260,254,134,588,394
"WSLP_all/013681@30.0777845798921,-90.4890092235456.jpg",1,135,231,336,150,471,381
"WSLP_all/013682@30.0781332678447,-90.489018916541.jpg",1,134,220,399,159,533,379
"WSLP_all/013683@30.078100460596,-90.4888041924581.jpg",1,109,227,402,155,511,382
"WSLP_all/013684@30.0768686018893,-90.4888114697735.jpg",1,268,241,335,154,603,395
"WSLP_all/013685@30.0777448075622,-90.4888103681587.jpg",1,124,239,336,147,460,386
"WSLP_all/013686@30.0780681685314,-90.488592624903.jpg",1,162,237,367,149,529,386
"WSLP_all/013687@30.0772560109177,-90.4887101709507.jpg",1,94,229,364,155,458,384
"WSLP_all/013688@30.0789032106864,-90.488591870274.jpg",3,63,254,351,152,414,406
"WSLP_all/013689@30.0777458401193,-90.4886111660181.jpg",1,107,231,366,178,473,409
"WSLP_all/013690@30.0784800955478,-90.4886397221088.jpg",1,221,235,259,108,480,343
"WSLP_all/013691@30.0747210769368,-90.4924656152128.jpg",1,167,224,460,174,627,398
"WSLP_all/013692@30.0742810317309,-90.4859783991083.jpg",3,231,201,261,127,492,328
"WSLP_all/013693@30.076236486217,-90.4883899910623.jpg",1,154,231,365,150,519,381
"WSLP_all/013694@30.0751346004778,-90.4883139672085.jpg",1,93,232,288,126,381,358
"WSLP_all/013695@30.0728579972418,-90.4904989895588.jpg",1,161,261,181,126,342,387
"WSLP_all/013696@30.0729901826528,-90.4904947100477.jpg",1,147,270,192,109,339,379
"WSLP_all/013697@30.073145675073,-90.4904712635954.jpg",1,146,266,197,120,343,386
"WSLP_all/013698@30.0732770698298,-90.4904638290805.jpg",1,134,263,178,106,312,369
"WSLP_all/013699@30.0737951416116,-90.49045944758.jpg",1,62,202,285,156,347,358
"WSLP_all/013700@30.0863372735823,-90.5073620830095.jpg",3,165,255,301,137,466,392
"WSLP_all/013701@30.0857109084978,-90.5071680657289.jpg",1,177,244,329,152,506,396
"WSLP_all/013702@30.0813556738344,-90.5061639068555.jpg",2,4,88,564,314,568,402
"WSLP_all/013703@30.0809013683608,-90.5060538500867.jpg",1,92,236,292,139,384,375
"WSLP_all/013704@30.085071687583,-90.5065030176764.jpg",3,196,262,334,144,530,406
"WSLP_all/013705@30.0807377900703,-90.5059635136582.jpg",1,94,248,312,149,406,397
"WSLP_all/013706@30.0808057889805,-90.5056562459962.jpg",1,221,243,356,147,577,390
"WSLP_all/013707@30.0811144771333,-90.5057422150187.jpg",1,175,220,387,173,562,393
"WSLP_all/013708@30.0793849096393,-90.505200094725.jpg",1,220,220,311,179,531,399
"WSLP_all/013709@30.0852274398785,-90.5049839539138.jpg",5,50,222,328,159,378,381
"WSLP_all/013710@30.0862507346147,-90.5049438270921.jpg",1,179,217,328,175,507,392
"WSLP_all/013711@30.0868947615095,-90.5071139816421.jpg",1,259,254,172,97,431,351
"WSLP_all/013712@30.0875566708542,-90.5060744876213.jpg",1,197,198,295,179,492,377
"WSLP_all/013713@30.0765606489027,-90.4881943751552.jpg",3,158,243,283,140,441,383
"WSLP_all/013714@30.0869683965361,-90.5058991332221.jpg",1,175,215,304,160,479,375
"WSLP_all/013715@30.075243751081,-90.4881739257005.jpg",4,46,229,321,143,367,372
"WSLP_all/013716@30.0767495812773,-90.4881200526488.jpg",1,114,215,419,165,533,380
"WSLP_all/013717@30.0870572827434,-90.5055157829886.jpg",1,156,256,354,140,510,396
"WSLP_all/013718@30.0769514741399,-90.4880298111395.jpg",1,109,221,388,156,497,377
"WSLP_all/013719@30.0771155905612,-90.4879620220642.jpg",1,151,236,288,138,439,374
"WSLP_all/013720@30.0877127332749,-90.5052921532126.jpg",1,182,223,337,159,519,382
"WSLP_all/013721@30.07537609441,-90.4880400116215.jpg",4,41,230,328,129,369,359
"WSLP_all/013722@30.0871313867716,-90.5051736619328.jpg",1,260,245,265,147,525,392
"WSLP_all/013723@30.0866843089219,-90.5050761914761.jpg",1,177,256,335,139,512,395
"WSLP_all/013724@30.0776717297768,-90.4879035541869.jpg",1,31,205,428,178,459,383
"WSLP_all/013725@30.0755405657871,-90.4878647223622.jpg",1,188,235,267,127,455,362
"WSLP_all/013726@30.0865482887187,-90.5050172429179.jpg",1,190,242,308,158,498,400
"WSLP_all/013727@30.077488029285,-90.4879019508042.jpg",1,60,232,354,146,414,378
"WSLP_all/013728@30.0757729827477,-90.4876888549442.jpg",4,75,254,266,111,341,365
"WSLP_all/013729@30.0882374387255,-90.5054553850227.jpg",1,206,266,328,116,534,382
"WSLP_all/013730@30.075929144998,-90.4875515756357.jpg",4,111,238,266,126,377,364
"WSLP_all/013731@30.0755597677077,-90.487317581858.jpg",3,162,268,319,116,481,384
"WSLP_all/013732@30.076254191401,-90.4873053633485.jpg",1,175,176,393,191,568,367
"WSLP_all/013733@30.0768303101668,-90.4871550307647.jpg",4,91,247,289,120,380,367
"WSLP_all/013734@30.0757257371569,-90.4872086744672.jpg",1,156,233,285,133,441,366
"WSLP_all/013735@30.0750300671424,-90.487236712654.jpg",3,201,218,341,143,542,361
"WSLP_all/013736@30.0759048564127,-90.4870964922917.jpg",1,139,248,329,150,468,398
"WSLP_all/013737@30.0760964337627,-90.4870442778465.jpg",1,162,229,359,157,521,386
"WSLP_all/013738@30.0756607793064,-90.4867539375994.jpg",4,18,218,385,181,403,399
"WSLP_all/013739@30.0754892866142,-90.4916750271038.jpg",1,193,237,431,148,624,385
"WSLP_all/013740@30.0759666585075,-90.4865806049213.jpg",1,225,268,295,124,520,392
"WSLP_all/013741@30.0760087587464,-90.4915283622285.jpg",1,73,204,478,201,551,405
"WSLP_all/013742@30.0758324960065,-90.4915804386414.jpg",1,108,207,422,190,530,397
"WSLP_all/013743@30.0756459915402,-90.4916262779365.jpg",1,63,211,387,155,450,366
"WSLP_all/013744@30.0754410418754,-90.4913244837321.jpg",1,98,227,307,144,405,371
"WSLP_all/013745@30.0759309520136,-90.4863817195463.jpg",1,170,243,412,151,582,394
"WSLP_all/013746@30.0862471032078,-90.5084853599745.jpg",1,241,160,342,219,583,379
"WSLP_all/013747@30.0753980920943,-90.4911098504368.jpg",1,137,264,310,138,447,402
"WSLP_all/013748@30.0850493486756,-90.5077774956998.jpg",1,269,237,295,129,564,366
"WSLP_all/013749@30.0859293347777,-90.5083804809793.jpg",1,186,228,296,146,482,374
"WSLP_all/013750@30.0852760940498,-90.5081803566098.jpg",1,194,246,344,138,538,384
"WSLP_all/013751@30.0773177134545,-90.4861739042719.jpg",1,167,256,433,138,600,394
"WSLP_all/013752@30.077038402741,-90.486211057971.jpg",4,421,206,214,176,635,382
"WSLP_all/013753@30.0860012562271,-90.5080794906028.jpg",1,252,224,364,154,616,378
"WSLP_all/013754@30.0758422907662,-90.4908025701053.jpg",1,72,229,346,138,418,367
"WSLP_all/013755@30.0758626163312,-90.4859965689111.jpg",1,158,218,385,175,543,393
"WSLP_all/013756@30.0863153265678,-90.5081559408758.jpg",1,234,238,356,131,590,369
"WSLP_all/013757@30.0855309621994,-90.50791895999.jpg",1,222,225,381,168,603,393
"WSLP_all/013758@30.0757733043165,-90.4905628625727.jpg",1,119,237,315,141,434,378
"WSLP_all/013759@30.084197295588,-90.5078762530908.jpg",1,224,205,283,182,507,387
"WSLP_all/013760@30.0754355910794,-90.4903602073025.jpg",1,96,244,353,137,449,381
"WSLP_all/013761@30.075745195823,-90.4903386181836.jpg",1,64,230,401,152,465,382
"WSLP_all/013762@30.077322483776,-90.4859493769788.jpg",1,191,238,342,143,533,381
"WSLP_all/013763@30.0760548984582,-90.4901431319464.jpg",1,174,231,354,153,528,384
"WSLP_all/013764@30.0772730437577,-90.4855008251296.jpg",1,153,240,377,148,530,388
"WSLP_all/013765@30.0765292792146,-90.485639946949.jpg",1,137,224,372,159,509,383
"WSLP_all/013766@30.0883289262465,-90.5063400194083.jpg",1,172,237,262,142,434,379
"WSLP_all/013767@30.0757131231814,-90.4854476997184.jpg",3,182,216,303,153,485,369
"WSLP_all/013768@30.0883741721489,-90.5054921944304.jpg",3,202,247,357,134,559,381
"WSLP_all/013769@30.0885233185802,-90.5054783068678.jpg",1,197,179,341,210,538,389
"WSLP_all/013770@30.0768885838399,-90.4853807873639.jpg",1,129,249,387,151,516,400
"WSLP_all/013771@30.0750185557508,-90.4852923623595.jpg",1,173,239,238,122,411,361
"WSLP_all/013772@30.0775632604524,-90.4851031328023.jpg",1,123,253,309,132,432,385
"WSLP_all/013773@30.0764378130816,-90.4852075651887.jpg",1,102,215,480,167,582,382
"WSLP_all/013774@30.0775192136081,-90.4848948304257.jpg",1,140,270,287,107,427,377
"WSLP_all/013775@30.0771245236033,-90.4848728965012.jpg",1,145,228,390,149,535,377
"WSLP_all/013776@30.0758198646549,-90.4886401376495.jpg",1,270,256,278,106,548,362
"WSLP_all/013777@30.0767483303678,-90.484964628361.jpg",1,124,242,324,143,448,385
"WSLP_all/013778@30.0767152021138,-90.4845602051458.jpg",1,260,249,197,110,457,359
"WSLP_all/013779@30.0765548995382,-90.4844129683275.jpg",1,119,246,214,106,333,352
"WSLP_all/013780@30.077419687787,-90.4844878078762.jpg",1,151,239,316,133,467,372
"WSLP_all/013781@30.073799774215,-90.4900230985752.jpg",1,177,269,224,83,401,352
"WSLP_all/013782@30.0769776278019,-90.484450470273.jpg",1,256,237,248,126,504,363
"WSLP_all/013783@30.0769794256888,-90.4842386170415.jpg",1,137,237,312,147,449,384
"WSLP_all/013784@30.0720554696665,-90.4885266089538.jpg",1,175,242,332,140,507,382
"WSLP_all/013785@30.0720903227302,-90.4883271324643.jpg",1,143,231,317,158,460,389
"WSLP_all/013786@30.0720642418196,-90.4881408179661.jpg",1,118,242,330,155,448,397
"WSLP_all/013787@30.0720882573706,-90.4875209388657.jpg",1,121,223,377,157,498,380
"WSLP_all/013788@30.0770224764794,-90.4839979553443.jpg",1,172,245,313,121,485,366
"WSLP_all/013789@30.0773529559925,-90.48381491783.jpg",1,109,229,332,148,441,377
"WSLP_all/013790@30.0771940296257,-90.4839237726452.jpg",1,109,224,370,157,479,381
"WSLP_all/013791@30.0775390329682,-90.4836647280834.jpg",4,10,298,315,103,325,401
"WSLP_all/013792@30.0548955613893,-90.637582816972.jpg",1,155,260,320,133,475,393
"WSLP_all/013793@30.0800887938054,-90.5065759788788.jpg",3,160,238,285,150,445,388
"WSLP_all/013794@30.0799228070821,-90.5065267663508.jpg",3,161,247,296,124,457,371
"WSLP_all/013795@30.080306441564,-90.5062864428359.jpg",1,259,202,270,172,529,374
"WSLP_all/013796@30.0619022998103,-90.6276043895421.jpg",1,192,273,233,82,425,355
"WSLP_all/013798@30.0625548565104,-90.6271824797544.jpg",3,99,255,429,101,528,356
"WSLP_all/013799@30.0624698512187,-90.6268732772332.jpg",1,210,246,231,107,441,353
"WSLP_all/013800@30.0623612249761,-90.626523145184.jpg",1,181,272,451,102,632,374
"WSLP_all/013802@30.0640192245025,-90.6265872594414.jpg",1,138,284,328,82,466,366
"WSLP_all/013804@30.0645055378982,-90.6215319825213.jpg",1,142,226,324,136,466,362
"WSLP_all/013805@30.0645616044475,-90.6212059640726.jpg",1,181,244,354,131,535,375
"WSLP_all/013806@30.0636475520032,-90.6206655867835.jpg",1,246,243,322,144,568,387
"WSLP_all/013807@30.0632831758061,-90.6205038034713.jpg",1,172,257,448,132,620,389
"WSLP_all/013808@30.0774889184136,-90.5057691610873.jpg",1,68,207,302,171,370,378
"WSLP_all/013809@30.0771991953578,-90.5056292876395.jpg",1,188,130,343,241,531,371
"WSLP_all/013810@30.07681707944,-90.5055028294955.jpg",1,163,208,275,174,438,382
"WSLP_all/013811@30.0573271675141,-90.6213177096481.jpg",3,56,275,413,127,469,402
"WSLP_all/013812@30.0596767883725,-90.6209911284584.jpg",1,169,231,312,200,481,431
"WSLP_all/013813@30.0593688302399,-90.6207056623017.jpg",1,183,231,224,187,407,418
"WSLP_all/013814@30.0630659823708,-90.6204610986686.jpg",1,90,249,395,139,485,388
"WSLP_all/013815@30.0788451043171,-90.4991655013532.jpg",1,139,236,364,136,503,372
"WSLP_all/013816@30.078379087041,-90.4988658681336.jpg",1,212,263,191,111,403,374
"WSLP_all/013817@30.0802611558738,-90.5105869565419.jpg",1,136,227,424,156,560,383
"WSLP_all/013818@30.0789287150331,-90.4988422949362.jpg",1,0,210,400,190,400,400
"WSLP_all/013819@30.0785582608828,-90.4986999538652.jpg",3,143,244,332,161,475,405
"WSLP_all/013820@30.0808160109629,-90.4986241307619.jpg",1,109,157,460,239,569,396
"WSLP_all/013821@30.0810490355888,-90.4986158551611.jpg",1,152,212,375,171,527,383
"WSLP_all/013822@30.07980860497,-90.4983638107302.jpg",1,127,185,406,214,533,399
"WSLP_all/013823@30.082287745477,-90.4983620101173.jpg",1,30,211,347,161,377,372
"WSLP_all/013824@30.0800631234852,-90.4984407245978.jpg",1,175,208,394,192,569,400
"WSLP_all/013825@30.0789005671938,-90.4982797259914.jpg",1,119,245,293,149,412,394
"WSLP_all/013826@30.0792033598885,-90.4981507156747.jpg",1,22,185,610,213,632,398
"WSLP_all/013827@30.080556313687,-90.4981899668126.jpg",1,108,184,425,205,533,389
"WSLP_all/013828@30.0802372369681,-90.4980882993895.jpg",3,134,184,386,200,520,384
"WSLP_all/013829@30.0795887078107,-90.4979704221196.jpg",4,24,195,261,190,285,385
"WSLP_all/013830@30.0816464940699,-90.4981081067705.jpg",1,176,173,333,229,509,402
"WSLP_all/013831@30.078503469556,-90.4980901832558.jpg",1,212,194,396,194,608,388
"WSLP_all/013832@30.0812795877606,-90.4980005145937.jpg",1,155,208,375,194,530,402
"WSLP_all/013833@30.0810285454466,-90.497860334055.jpg",1,102,258,270,110,372,368
"WSLP_all/013834@30.0805852705598,-90.4979905251966.jpg",1,155,194,352,193,507,387
"WSLP_all/013835@30.0798720280361,-90.4980186367656.jpg",1,58,185,426,213,484,398
"WSLP_all/013836@30.0792509304893,-90.4978815604781.jpg",1,292,228,301,161,593,389
"WSLP_all/013837@30.0819301811542,-90.4977674032352.jpg",3,95,195,453,192,548,387
"WSLP_all/013838@30.0618978416353,-90.6195400418953.jpg",1,199,252,265,104,464,356
"WSLP_all/013839@30.0821385842543,-90.5072293009761.jpg",1,149,235,314,143,463,378
"WSLP_all/013840@30.0820328180321,-90.5068159657603.jpg",1,245,222,352,155,597,377
"WSLP_all/013841@30.0583740861657,-90.6161322662364.jpg",1,24,73,603,411,627,484
"WSLP_all/013842@30.0570651415209,-90.6160120789918.jpg",1,61,229,402,164,463,393
"WSLP_all/013843@30.0532807339082,-90.6158464906991.jpg",1,29,243,602,176,631,419
"WSLP_all/013844@30.0514731989427,-90.6152494407493.jpg",1,14,210,610,204,624,414
"WSLP_all/013845@30.0559459849037,-90.6150433605956.jpg",4,20,283,297,130,317,413
"WSLP_all/013846@30.0513928505264,-90.6141057630426.jpg",1,142,169,475,315,617,484
"WSLP_all/013847@30.0539808644671,-90.6141914031794.jpg",1,227,252,382,132,609,384
"WSLP_all/013848@30.0511395813052,-90.6137567276754.jpg",4,26,213,306,250,332,463
"WSLP_all/013849@30.0494181960695,-90.6131559451292.jpg",3,17,135,620,447,637,582
"WSLP_all/013850@30.0576095245413,-90.616956498653.jpg",1,154,233,391,191,545,424
"WSLP_all/013851@30.0580273733581,-90.6171052310721.jpg",1,68,215,476,172,544,387
"WSLP_all/013852@30.0582980224242,-90.6175521695903.jpg",1,207,249,277,143,484,392
"WSLP_all/013853@30.0479673318584,-90.6118862942163.jpg",1,102,213,506,179,608,392
"WSLP_all/013854@30.0445886904325,-90.6115820299871.jpg",2,34,201,304,202,338,403
"WSLP_all/013855@30.0580449960093,-90.6155435008964.jpg",1,254,270,274,183,528,453
"WSLP_all/013858@30.0543112502337,-90.6165913971861.jpg",1,193,196,158,177,351,373
"WSLP_all/013859@30.0424312458515,-90.6165725055615.jpg",1,197,264,285,99,482,363
"WSLP_all/013864@30.0552815580433,-90.5901579967912.jpg",2,24,239,605,139,629,378
"WSLP_all/013866@30.0635140815278,-90.5545728366372.jpg",1,189,184,307,319,496,503
"WSLP_all/013867@30.0597460953247,-90.5544410544252.jpg",1,111,230,490,170,601,400
"WSLP_all/013868@30.0599133409172,-90.5544271027067.jpg",1,186,255,332,142,518,397
"WSLP_all/013869@30.0635569292996,-90.5538390744678.jpg",1,94,229,389,158,483,387
"WSLP_all/013870@30.065917543189,-90.555100979831.jpg",1,38,226,430,156,468,382
"WSLP_all/013871@30.0406934497672,-90.6169105406437.jpg",2,208,286,422,107,630,393
"WSLP_all/013872@30.0727250860095,-90.5540455893033.jpg",2,25,243,591,165,616,408
"WSLP_all/013873@30.0418123996987,-90.6165232242645.jpg",1,156,263,248,109,404,372
"WSLP_all/013874@30.0577620971508,-90.5507232474783.jpg",5,84,214,447,161,531,375
"WSLP_all/013875@30.055159739312,-90.5503422240312.jpg",2,28,266,613,153,641,419
"WSLP_all/013877@30.0550377637535,-90.5481399252804.jpg",1,136,197,315,277,451,474
"WSLP_all/013878@30.0584621095437,-90.5626226979368.jpg",4,19,152,346,259,365,411
"WSLP_all/013879@30.0568771778013,-90.5628056522946.jpg",2,0,273,542,121,542,394
"WSLP_all/013880@30.0581174194117,-90.5623977595096.jpg",1,153,213,339,158,492,371
"WSLP_all/013881@30.0569299717519,-90.5624385545406.jpg",1,182,241,271,125,453,366
"WSLP_all/013882@30.0581814186627,-90.5619578638402.jpg",1,40,134,474,267,514,401
"WSLP_all/013883@30.0573510762174,-90.5619769340454.jpg",2,59,228,582,198,641,426
"WSLP_all/013884@30.0580234470411,-90.5619590863331.jpg",1,171,240,299,144,470,384
"WSLP_all/013885@30.058549478802,-90.5602353411595.jpg",1,172,285,169,92,341,377
"WSLP_all/013886@30.057644437195,-90.5591422846141.jpg",2,26,111,550,423,576,534
"WSLP_all/013887@30.0587166936816,-90.5587040367839.jpg",3,107,284,422,95,529,379
"WSLP_all/013888@30.0563307057387,-90.5587415453123.jpg",2,38,199,436,242,474,441
"WSLP_all/013889@30.0646906301939,-90.5577376516285.jpg",1,187,262,129,96,316,358
"WSLP_all/013890@30.0653122068745,-90.5574577750937.jpg",1,185,263,305,116,490,379
"WSLP_all/013891@30.0562141825231,-90.5574780139631.jpg",2,31,240,579,262,610,502
"WSLP_all/013892@30.0601463981331,-90.5572798611353.jpg",1,168,271,207,88,375,359
"WSLP_all/013893@30.0579537075217,-90.5573095771494.jpg",1,99,237,287,155,386,392
"WSLP_all/013894@30.0506749650681,-90.5356064686906.jpg",1,158,260,391,112,549,372
"WSLP_all/013896@30.0645144753112,-90.5563796396712.jpg",3,155,286,311,103,466,389
"WSLP_all/013897@30.0555203802464,-90.5552422137058.jpg",1,222,254,358,139,580,393
"WSLP_all/013898@30.0562357622625,-90.5555464171604.jpg",1,176,274,177,123,353,397
"WSLP_all/013899@30.0707287781482,-90.5585063438359.jpg",1,53,300,485,124,538,424
"WSLP_all/013900@30.0694204873091,-90.5584785767079.jpg",1,236,269,385,127,621,396
"WSLP_all/013901@30.0702519994725,-90.5581211809662.jpg",1,59,245,478,197,537,442
"WSLP_all/013902@30.069212099952,-90.5575760059809.jpg",1,81,242,374,132,455,374
"WSLP_all/013904@30.0683778924522,-90.5561598330935.jpg",1,97,218,522,192,619,410
"WSLP_all/013905@30.0686905596557,-90.5005467051793.jpg",1,131,253,369,140,500,393
"WSLP_all/013906@30.0665523879197,-90.5000429344226.jpg",1,246,266,190,84,436,350
"WSLP_all/013907@30.0623197336875,-90.4799882579131.jpg",5,151,278,401,127,552,405
"WSLP_all/013909@30.0617138231021,-90.4791557059828.jpg",3,204,245,265,111,469,356
"WSLP_all/013910@30.0668610982049,-90.4947923587345.jpg",1,162,266,273,87,435,353
"WSLP_all/013913@30.0521659794675,-90.5296740409662.jpg",1,198,268,358,144,556,412
"WSLP_all/013914@30.0678160330083,-90.4972660812124.jpg",1,71,251,322,123,393,374
"WSLP_all/013915@30.068320794205,-90.4968065924262.jpg",1,218,247,407,139,625,386
"WSLP_all/013916@30.0681031539046,-90.4967736428884.jpg",4,293,243,337,131,630,374
"WSLP_all/013917@30.061485048047,-90.5347486038784.jpg",1,106,259,212,121,318,380
"WSLP_all/013918@30.0680127686777,-90.4943179316463.jpg",1,189,251,376,128,565,379
"WSLP_all/013919@30.0677116052685,-90.4914688209653.jpg",1,98,252,339,136,437,388
"WSLP_all/013920@30.0675371681927,-90.4971356392505.jpg",1,74,233,374,130,448,363
"WSLP_all/013921@30.0677489740309,-90.4966438341794.jpg",1,202,240,346,145,548,385
"WSLP_all/013922@30.0671964744207,-90.4961679312662.jpg",1,216,263,305,122,521,385
"WSLP_all/013923@30.0673361579134,-90.495932809529.jpg",1,89,245,302,137,391,382
"WSLP_all/013924@30.067172129668,-90.4937338166106.jpg",1,176,233,396,140,572,373
"WSLP_all/013925@30.0671452295187,-90.4927539928241.jpg",1,103,246,278,140,381,386
"WSLP_all/013926@30.0655612540006,-90.4908420570409.jpg",4,417,303,222,223,639,526
"WSLP_all/013927@30.0644610728312,-90.5050142788767.jpg",1,167,215,413,177,580,392
"WSLP_all/013928@30.0649214172972,-90.4878504753792.jpg",1,158,209,275,179,433,388
"WSLP_all/013929@30.0666311263256,-90.4877411280785.jpg",4,317,244,298,177,615,421
"WSLP_all/013930@30.0650141741475,-90.4869518546116.jpg",1,257,227,306,137,563,364
"WSLP_all/013931@30.0703423596009,-90.4978266140755.jpg",4,15,210,349,184,364,394
"WSLP_all/013932@30.0592696295028,-90.484104969762.jpg",1,111,251,387,131,498,382
"WSLP_all/013933@30.0600845491266,-90.4838830634571.jpg",1,20,210,578,198,598,408
"WSLP_all/013934@30.0885333143992,-90.4932154839374.jpg",1,123,216,347,136,470,352
"WSLP_all/013936@30.0596151475904,-90.4826130932602.jpg",4,12,226,246,156,258,382
"WSLP_all/013937@30.05943200563,-90.4826810426642.jpg",4,392,233,242,160,634,393
"WSLP_all/013938@30.0594904181566,-90.4825414500797.jpg",4,334,237,254,147,588,384
"WSLP_all/013939@30.0703624449313,-90.4973775049353.jpg",2,79,126,509,314,588,440
"WSLP_all/013940@30.0705302066968,-90.4978187162173.jpg",4,358,228,271,165,629,393
"WSLP_all/013941@30.0897594251697,-90.4906848966651.jpg",1,98,247,407,143,505,390
"WSLP_all/013942@30.09015116483,-90.4905898807902.jpg",3,112,251,345,138,457,389
"WSLP_all/013943@30.0905471791691,-90.4904537195504.jpg",1,104,237,363,145,467,382
"WSLP_all/013944@30.0909477257119,-90.4903554653066.jpg",1,93,260,405,133,498,393
"WSLP_all/013945@30.0911710275932,-90.4903061430569.jpg",1,109,245,473,157,582,402
"WSLP_all/013946@30.0919927079706,-90.4900525358699.jpg",1,106,243,406,144,512,387
"WSLP_all/013947@30.0600480407862,-90.4781046464736.jpg",1,241,256,209,94,450,350
"WSLP_all/013948@30.0706735362418,-90.4978111915348.jpg",4,11,237,211,158,222,395
"WSLP_all/013949@30.070017527353,-90.497879921765.jpg",1,93,214,282,151,375,365
"WSLP_all/013950@30.0767452471438,-90.4863147259363.jpg",1,98,259,375,147,473,406
"WSLP_all/013951@30.0615896369645,-90.5080445117271.jpg",2,130,253,477,181,607,434
"WSLP_all/013952@30.0766159865914,-90.4858415612995.jpg",1,120,225,428,162,548,387
"WSLP_all/013953@30.0761982834059,-90.485721805751.jpg",1,94,240,260,156,354,396
"WSLP_all/013954@30.0761321548108,-90.4855516335727.jpg",1,96,220,351,159,447,379
"WSLP_all/013955@30.0756565991142,-90.4847620868073.jpg",4,410,194,227,153,637,347
"WSLP_all/013957@30.0733647094276,-90.4840923603622.jpg",1,127,231,345,140,472,371
"WSLP_all/013958@30.0643025594768,-90.5029638733999.jpg",1,161,248,167,122,328,370
"WSLP_all/013959@30.0639758488933,-90.5028591095589.jpg",1,156,259,216,111,372,370
"WSLP_all/013960@30.0636528049787,-90.5027732828128.jpg",1,191,280,173,82,364,362
"WSLP_all/013961@30.0938197639981,-90.4947805215166.jpg",4,300,225,311,168,611,393
"WSLP_all/013962@30.0652577995582,-90.5024311242842.jpg",1,163,242,386,145,549,387
"WSLP_all/013963@30.0634688118071,-90.5024112633297.jpg",5,213,278,230,83,443,361
"WSLP_all/013964@30.060514881367,-90.4392488861391.jpg",1,233,227,219,124,452,351
"WSLP_all/013965@30.0611002835585,-90.4391329907395.jpg",1,127,224,295,142,422,366
"WSLP_all/013966@30.063481824224,-90.5017061765844.jpg",1,130,245,236,98,366,343
"WSLP_all/013967@30.0654152960979,-90.5017532718755.jpg",1,205,263,274,95,479,358
"WSLP_all/013968@30.0631380917193,-90.4372621648368.jpg",1,189,247,225,122,414,369
"WSLP_all/013969@30.0627169866575,-90.4366937511321.jpg",1,162,185,310,176,472,361
"WSLP_all/013970@30.0649071946024,-90.5013813076621.jpg",1,145,253,315,131,460,384
"WSLP_all/013971@30.0967698646108,-90.492336464031.jpg",1,165,233,342,145,507,378
"WSLP_all/013972@30.0643372968938,-90.5012216730572.jpg",1,160,247,337,130,497,377
"WSLP_all/013973@30.063383075181,-90.4360902649958.jpg",1,192,235,299,128,491,363
"WSLP_all/013974@30.0594826480098,-90.4359104114771.jpg",1,194,214,339,150,533,364
"WSLP_all/013975@30.0793081169596,-90.5240895302719.jpg",1,253,214,303,145,556,359
"WSLP_all/013976@30.0588379441798,-90.4359794398706.jpg",1,212,224,333,132,545,356
"WSLP_all/013977@30.096606659534,-90.4919741666907.jpg",1,158,238,441,135,599,373
"WSLP_all/013978@30.0792811952948,-90.5238968765193.jpg",1,278,208,268,140,546,348
"WSLP_all/013979@30.0955938378004,-90.4917803286654.jpg",1,61,269,417,124,478,393
"WSLP_all/013980@30.079258599721,-90.5236788941643.jpg",4,308,214,284,137,592,351
"WSLP_all/013981@30.0942569830285,-90.4906500237149.jpg",1,98,180,443,185,541,365
"WSLP_all/013983@30.0958328344971,-90.4898935412439.jpg",1,46,236,380,145,426,381
"WSLP_all/013984@30.099542401359,-90.4888121950128.jpg",1,131,226,395,160,526,386
"WSLP_all/013985@30.063385241419,-90.6267498199133.jpg",1,178,213,270,132,448,345
"WSLP_all/013986@30.0934633101581,-90.4887751750807.jpg",2,168,210,424,175,592,385
"WSLP_all/013987@30.0978041501898,-90.4884569242229.jpg",4,122,235,232,121,354,356
"WSLP_all/013988@30.0991835249782,-90.4892421705059.jpg",1,140,278,362,119,502,397
"WSLP_all/013989@30.0995427389773,-90.4903681329063.jpg",1,145,272,370,118,515,390
"WSLP_all/013990@30.0885712563051,-90.4757095906689.jpg",1,221,267,244,128,465,395
"WSLP_all/013991@30.0789846940126,-90.4974095182588.jpg",1,93,286,309,93,402,379
"WSLP_all/013992@30.0792483179264,-90.4974262779321.jpg",4,270,200,337,165,607,365
"WSLP_all/013993@30.064982032839,-90.5030878290091.jpg",4,326,159,311,231,637,390
"WSLP_all/013994@30.0619729407547,-90.4407974891007.jpg",1,259,228,303,133,562,361
"WSLP_all/013995@30.0624760802925,-90.4388550969457.jpg",1,253,200,319,164,572,364
"WSLP_all/013996@30.094892290198,-90.4838677688681.jpg",4,36,253,273,110,309,363
"WSLP_all/013997@30.0617729267911,-90.4396675373782.jpg",1,176,236,251,119,427,355
"WSLP_all/013998@30.0590781746832,-90.4334483109408.jpg",1,170,190,336,172,506,362
"WSLP_all/013999@30.0595136029888,-90.4334665083575.jpg",1,192,193,334,162,526,355
"WSLP_all/014000@30.0588673765796,-90.4371804322972.jpg",1,283,195,312,152,595,347
"WSLP_all/014001@30.0984450536921,-90.4849980982312.jpg",1,127,272,427,128,554,400
"WSLP_all/014002@30.094561841214,-90.4861442976874.jpg",1,171,237,380,154,551,391
"WSLP_all/014003@30.0787004604169,-90.4861115597593.jpg",3,240,218,336,176,576,394
"WSLP_all/014004@30.0612905769986,-90.4322649851146.jpg",1,7,215,315,149,322,364
"WSLP_all/014005@30.0622796285268,-90.4347819312196.jpg",1,148,216,305,174,453,390
"WSLP_all/014006@30.0592922545627,-90.434657123522.jpg",1,155,206,383,164,538,370
"WSLP_all/014007@30.0635955861743,-90.4342674126744.jpg",1,121,175,351,197,472,372
"WSLP_all/014008@30.0616314203319,-90.4347403555228.jpg",1,121,178,316,185,437,363
"WSLP_all/014009@30.0595182241499,-90.4813083400966.jpg",3,165,264,231,152,396,416
"WSLP_all/014010@30.0602495666083,-90.4330141281893.jpg",1,7,102,474,286,481,388
"WSLP_all/014011@30.0613090058424,-90.4315061117322.jpg",2,2,150,199,208,201,358
"WSLP_all/014012@30.0844598779447,-90.4640487115936.jpg",1,86,249,448,152,534,401
"WSLP_all/014013@30.0857952414902,-90.4669935795707.jpg",1,111,267,391,146,502,413
"WSLP_all/014014@30.0861115923675,-90.4667062434036.jpg",1,141,272,363,129,504,401
"WSLP_all/014015@30.0609629101851,-90.4840494467123.jpg",1,144,176,452,262,596,438
"WSLP_all/014016@30.0610493516581,-90.4838938086993.jpg",1,64,161,401,239,465,400
"WSLP_all/014017@30.0615062495539,-90.4838993987408.jpg",1,13,199,454,251,467,450
"WSLP_all/014018@30.0595383185745,-90.476199646033.jpg",2,166,203,469,185,635,388
"WSLP_all/014019@30.0811827236595,-90.4642670121987.jpg",1,58,255,316,132,374,387
"WSLP_all/014020@30.0800851401387,-90.4778884245359.jpg",4,188,261,147,127,335,388
"WSLP_all/014021@30.0825816197782,-90.4623291866388.jpg",2,7,165,342,205,349,370
"WSLP_all/014022@30.0813605507972,-90.4772071512426.jpg",1,145,237,421,179,566,416
"WSLP_all/014023@30.0823974361302,-90.4750639339665.jpg",4,207,270,101,105,308,375
"WSLP_all/014024@30.0824150050585,-90.4762084049084.jpg",4,197,222,126,166,323,388
"WSLP_all/014026@30.0847705640377,-90.4964218656744.jpg",1,74,217,408,173,482,390
"WSLP_all/014027@30.0928049990263,-90.4945961635556.jpg",3,124,212,382,175,506,387
"WSLP_all/014028@30.0846143702054,-90.4977037904203.jpg",3,65,179,289,217,354,396
"WSLP_all/014029@30.0846437181834,-90.4971501931992.jpg",2,50,67,585,314,635,381
"WSLP_all/014030@30.0851013540848,-90.4980443674096.jpg",3,120,212,345,164,465,376
"WSLP_all/014031@30.0837345978129,-90.4963325449975.jpg",2,7,224,316,134,323,358
"WSLP_all/014032@30.0843354944882,-90.4977883407108.jpg",3,397,249,244,129,641,378
"WSLP_all/014033@30.083834412062,-90.4991110886463.jpg",3,290,196,259,173,549,369
"WSLP_all/014034@30.082724859448,-90.4990824337932.jpg",3,80,173,433,182,513,355
"WSLP_all/014035@30.0828701433359,-90.4986670018426.jpg",1,123,201,261,150,384,351
"WSLP_all/014036@30.0831146176046,-90.4996419992956.jpg",1,98,224,469,174,567,398
"WSLP_all/014037@30.0820268484016,-90.4991578394009.jpg",1,143,144,361,224,504,368
"WSLP_all/014038@30.0845607625176,-90.4996204146449.jpg",3,10,155,358,247,368,402
"WSLP_all/014039@30.0832351433039,-90.5005073677494.jpg",1,69,137,519,267,588,404
"WSLP_all/014040@30.085800831736,-90.5007989674943.jpg",5,203,274,112,115,315,389
"WSLP_all/014041@30.0847137540416,-90.5017250321724.jpg",1,6,79,405,296,411,375
"WSLP_all/014042@30.0844875162419,-90.5010312792658.jpg",1,181,218,439,186,620,404
"WSLP_all/014043@30.0849154914086,-90.5011383760471.jpg",3,255,226,368,165,623,391
"WSLP_all/014044@30.0949261662049,-90.4859388099148.jpg",1,94,213,399,176,493,389
"WSLP_all/014045@30.0947681406594,-90.4850041048552.jpg",1,142,191,349,205,491,396
"WSLP_all/014046@30.0929667801762,-90.4853767774144.jpg",1,139,209,318,175,457,384
"WSLP_all/014047@30.0928519692963,-90.4847737611009.jpg",3,187,215,342,177,529,392
"WSLP_all/014048@30.0928394907647,-90.4841129533257.jpg",1,1,164,481,209,482,373
"WSLP_all/014049@30.0929905410222,-90.4833242591277.jpg",1,193,166,297,202,490,368
"WSLP_all/014050@30.0930176434593,-90.481793486509.jpg",1,107,180,399,215,506,395
"WSLP_all/014051@30.0931370549205,-90.4805623396292.jpg",2,85,255,416,165,501,420
"WSLP_all/014052@30.093602165139,-90.4813236337852.jpg",1,111,201,324,191,435,392
"WSLP_all/014053@30.0935741632386,-90.4820796619059.jpg",1,69,205,417,200,486,405
"WSLP_all/014054@30.0935962968852,-90.4823261312518.jpg",1,18,190,416,194,434,384
"WSLP_all/014055@30.0936316710615,-90.4833504127304.jpg",1,98,242,352,162,450,404
"WSLP_all/014056@30.0910854874132,-90.4809973098649.jpg",2,102,166,529,222,631,388
"WSLP_all/014057@30.0913272251695,-90.4808908889526.jpg",3,207,177,372,194,579,371
"WSLP_all/014058@30.0916228321354,-90.4808567378.jpg",1,125,190,470,193,595,383
"WSLP_all/014059@30.0918447190536,-90.4808611639553.jpg",1,206,213,416,163,622,376
"WSLP_all/014060@30.0925115365969,-90.4810451943312.jpg",1,172,253,461,139,633,392
"WSLP_all/014061@30.092758373979,-90.4810936791911.jpg",1,167,203,456,200,623,403
"WSLP_all/014062@30.0928037473173,-90.4804861356175.jpg",3,158,187,321,210,479,397
"WSLP_all/014063@30.0906239964528,-90.4807957137371.jpg",1,80,219,315,154,395,373
"WSLP_all/014064@30.0893281505495,-90.4799150725306.jpg",5,188,268,187,112,375,380
"WSLP_all/014065@30.0872862880315,-90.4789870933834.jpg",1,53,233,413,179,466,412
"WSLP_all/014066@30.0866898757433,-90.4993496350901.jpg",5,239,294,207,156,446,450
"WSLP_all/014067@30.0880083872642,-90.5012137333781.jpg",6,228,273,218,107,446,380
"WSLP_all/014068@30.0912851292623,-90.5008353630841.jpg",1,44,164,458,228,502,392
"WSLP_all/014069@30.0906923506155,-90.5006663950225.jpg",1,219,236,416,157,635,393
"WSLP_all/014070@30.0898491670053,-90.5011888748575.jpg",1,47,224,383,161,430,385
"WSLP_all/014071@30.0909216118788,-90.501834494897.jpg",1,117,156,398,246,515,402
"WSLP_all/014072@30.0887571578891,-90.5026589014231.jpg",1,127,212,449,187,576,399
"WSLP_all/014073@30.0875063105047,-90.502397387838.jpg",1,203,184,361,199,564,383
"WSLP_all/014074@30.0875932304917,-90.5018432956993.jpg",1,113,212,368,167,481,379
"WSLP_all/014075@30.0841141007977,-90.511314022064.jpg",3,167,226,287,180,454,406
"WSLP_all/014076@30.0828695182949,-90.5121116139304.jpg",1,22,225,400,181,422,406
"WSLP_all/014077@30.0897293315049,-90.5053449630453.jpg",1,202,238,272,145,474,383
"WSLP_all/014078@30.0767822212849,-90.5091581082321.jpg",3,303,252,217,122,520,374
"WSLP_all/014079@30.0901210971433,-90.5060184136938.jpg",1,118,217,430,179,548,396
"WSLP_all/014080@30.0897696368308,-90.5058821966249.jpg",1,107,188,494,209,601,397
"WSLP_all/014081@30.0855350225013,-90.5052090630561.jpg",1,179,130,406,256,585,386
"WSLP_all/014082@30.0903429895953,-90.5161418880283.jpg",3,3,219,506,183,509,402
"WSLP_all/014083@30.0882827914097,-90.5134962785245.jpg",1,129,147,316,248,445,395
"WSLP_all/014084@30.0853441638549,-90.5123157235985.jpg",1,46,205,410,221,456,426
"WSLP_all/014085@30.0757566974643,-90.4888240538546.jpg",1,148,227,271,133,419,360
"WSLP_all/014086@30.0760722451465,-90.4874270536905.jpg",4,175,267,133,118,308,385
"WSLP_all/014087@30.0766067635471,-90.4877228837252.jpg",4,221,291,196,159,417,450
"WSLP_all/014088@30.078693061661,-90.490746850574.jpg",2,9,161,496,267,505,428
"WSLP_all/014089@30.0778991641047,-90.489618478902.jpg",1,115,227,396,173,511,400
"WSLP_all/014090@30.0776822355441,-90.498065447294.jpg",2,134,206,483,216,617,422
"WSLP_all/014091@30.0833083302615,-90.4939140609132.jpg",3,10,228,468,195,478,423
"WSLP_all/014092@30.0839119824088,-90.4945065908674.jpg",1,121,206,436,171,557,377
"WSLP_all/014093@30.0834349419232,-90.4944378812542.jpg",2,23,174,583,223,606,397
"WSLP_all/014094@30.0853811002609,-90.4942191270297.jpg",1,76,205,360,174,436,379
"WSLP_all/014095@30.0844586794217,-90.495184980935.jpg",3,124,213,378,153,502,366
"WSLP_all/014096@30.0735722878616,-90.470808460153.jpg",6,222,282,193,86,415,368
"WSLP_all/014097@30.0927712900585,-90.4690137003763.jpg",4,324,282,129,134,453,416
"WSLP_all/014098@30.0738641104238,-90.5443177571056.jpg",2,220,237,400,167,620,404
"WSLP_all/014099@30.0927072590853,-90.4689067388818.jpg",4,369,263,126,141,495,404
"WSLP_all/014100@30.0926466895406,-90.4686985541241.jpg",1,91,211,310,200,401,411
"WSLP_all/014101@30.092602048596,-90.4685376662863.jpg",1,137,222,286,186,423,408
"WSLP_all/014102@30.0724703581836,-90.5391152932343.jpg",2,24,252,331,164,355,416
"WSLP_all/014103@30.0925426530453,-90.4683326340333.jpg",1,127,217,333,175,460,392
"WSLP_all/014104@30.0531767233787,-90.5391963109224.jpg",1,6,175,543,259,549,434
"WSLP_all/014105@30.0528174343808,-90.534799076377.jpg",3,72,228,300,177,372,405
"WSLP_all/014106@30.0598073633969,-90.5566629043357.jpg",1,155,213,333,174,488,387
"WSLP_all/014107@30.0702271000465,-90.4932022328606.jpg",6,215,284,223,98,438,382
"WSLP_all/014108@30.0925844891595,-90.4683132973009.jpg",1,93,212,328,178,421,390
"WSLP_all/014109@30.0926439325561,-90.4685214914738.jpg",1,124,230,303,167,427,397
"WSLP_all/014110@30.0926885527715,-90.4686792172904.jpg",1,85,197,292,212,377,409
"WSLP_all/014111@30.0927491160193,-90.4688905634047.jpg",1,136,219,319,210,455,429
"WSLP_all/014112@30.0927943753799,-90.4690577718376.jpg",2,7,182,511,271,518,453
"WSLP_all/014113@30.078649450094,-90.5000429614274.jpg",3,136,257,182,121,318,378
"WSLP_all/014114@30.0784797188322,-90.4999368793037.jpg",2,72,199,332,235,404,434
"WSLP_all/014115@30.0782439940363,-90.4997617899588.jpg",1,98,218,417,193,515,411
"WSLP_all/014116@30.0780777867378,-90.4996651646391.jpg",4,250,258,226,170,476,428
"WSLP_all/014117@30.0788324180044,-90.4997853244538.jpg",1,127,204,484,225,611,429
"WSLP_all/014118@30.0786141937378,-90.4996511919509.jpg",2,115,162,365,267,480,429
"WSLP_all/014119@30.0789137507459,-90.4995538304009.jpg",1,219,206,361,216,580,422
"WSLP_all/014120@30.0786973183724,-90.4994291687333.jpg",2,45,173,332,276,377,449
"WSLP_all/014121@30.0790086464331,-90.4992842816417.jpg",1,161,218,439,171,600,389
"WSLP_all/014122@30.0783488763558,-90.4994320844096.jpg",3,173,245,310,163,483,408
"WSLP_all/014123@30.0781741746068,-90.4993576631872.jpg",3,237,244,297,166,534,410
"WSLP_all/014124@30.0784200502064,-90.4992291334781.jpg",4,216,288,171,96,387,384
"WSLP_all/014125@30.0782349218976,-90.4991453144425.jpg",1,214,231,416,166,630,397
"WSLP_all/014126@30.0781999632617,-90.4988009702965.jpg",6,217,268,227,100,444,368
"WSLP_all/014127@30.0786900975747,-90.4655028907872.jpg",1,238,203,244,165,482,368
"WSLP_all/014128@30.0783748566375,-90.4654740178863.jpg",3,174,179,289,203,463,382
"WSLP_all/014129@30.0781798830269,-90.4651595345731.jpg",1,128,215,337,144,465,359
"WSLP_all/014130@30.078364214293,-90.4648354233029.jpg",4,171,261,154,120,325,381
"WSLP_all/014131@30.0785043659977,-90.4646381695255.jpg",5,181,265,157,123,338,388
"WSLP_all/014132@30.0776435754612,-90.4647626589216.jpg",2,13,246,433,110,446,356
"WSLP_all/014133@30.077610732984,-90.4636816129086.jpg",2,6,189,566,187,572,376
"WSLP_all/014134@30.0778701290397,-90.4630406661732.jpg",1,86,165,441,202,527,367
"WSLP_all/014135@30.0769526400459,-90.4643197093567.jpg",1,92,180,391,187,483,367
"WSLP_all/014136@30.0779174329704,-90.4624173785813.jpg",1,50,213,409,182,459,395
"WSLP_all/014137@30.0781631921046,-90.4626302333958.jpg",1,78,226,446,162,524,388
"WSLP_all/014138@30.078421875357,-90.4628556246442.jpg",1,7,204,405,187,412,391
"WSLP_all/014139@30.0796503366902,-90.4638788208983.jpg",1,106,221,268,155,374,376
"WSLP_all/014140@30.0798507816061,-90.4640509741313.jpg",1,19,224,358,150,377,374
"WSLP_all/014142@30.0809082384368,-90.4644970629626.jpg",6,233,289,171,81,404,370
"WSLP_all/014143@30.0796768444026,-90.4630248880917.jpg",4,325,286,129,148,454,434
"WSLP_all/014144@30.0702020950185,-90.5562783936179.jpg",1,65,156,379,263,444,419
"WSLP_all/014145@30.0773181248447,-90.4622170995451.jpg",1,194,244,293,136,487,380
"WSLP_all/014146@30.0774363297504,-90.4605782615643.jpg",3,144,248,333,171,477,419
"WSLP_all/014147@30.0768203832322,-90.4617819657442.jpg",1,87,215,341,140,428,355
"WSLP_all/014148@30.0764623038359,-90.461130613308.jpg",1,137,232,284,157,421,389
"WSLP_all/014149@30.0706424139926,-90.4929742613835.jpg",2,63,236,538,220,601,456
"WSLP_all/014150@30.0713940525708,-90.469881995161.jpg",2,35,152,274,298,309,450
"WSLP_all/014151@30.0721727702322,-90.4687686828071.jpg",3,95,272,276,158,371,430
"WSLP_all/014152@30.0731414322765,-90.4665502880418.jpg",2,85,263,286,113,371,376
"WSLP_all/014153@30.0738220209182,-90.4655768976438.jpg",1,190,178,310,190,500,368
"WSLP_all/014154@30.0741377261169,-90.4656595139633.jpg",5,315,318,113,100,428,418
"WSLP_all/014155@30.0743722330481,-90.4658598198723.jpg",2,20,209,605,244,625,453
"WSLP_all/014156@30.073668964037,-90.467219134263.jpg",5,208,208,195,137,403,345
"WSLP_all/014157@30.0738122861148,-90.4669681162947.jpg",1,205,195,383,177,588,372
"WSLP_all/014158@30.0740991504903,-90.4665040184058.jpg",2,32,176,532,255,564,431
"WSLP_all/014159@30.0744937777528,-90.4670886604107.jpg",1,202,238,250,119,452,357
"WSLP_all/014160@30.0749885377898,-90.4656521065212.jpg",2,34,182,601,257,635,439
"WSLP_all/014161@30.074159414542,-90.4651281628001.jpg",2,336,235,285,145,621,380
"WSLP_all/014162@30.075588375197,-90.4667692965891.jpg",2,18,154,598,267,616,421
"WSLP_all/014163@30.0642642088459,-90.4986837112292.jpg",3,66,222,440,146,506,368
"WSLP_all/014164@30.0668430819359,-90.4938978217411.jpg",2,88,275,523,120,611,395
"WSLP_all/014165@30.065584894275,-90.5063422110409.jpg",5,201,272,256,170,457,442
"WSLP_all/014166@30.0946823527569,-90.5003895521077.jpg",2,26,208,360,197,386,405
"WSLP_all/014167@30.0967210352965,-90.5006255010588.jpg",1,6,87,613,302,619,389
"WSLP_all/014168@30.0971905446859,-90.5007955090915.jpg",3,180,199,332,167,512,366
"WSLP_all/014169@30.0976602934982,-90.501003465678.jpg",3,176,196,435,162,611,358
"WSLP_all/014170@30.0982384047857,-90.5011188097606.jpg",3,260,225,341,152,601,377
"WSLP_all/014171@30.0984873595663,-90.5008637341979.jpg",5,348,217,169,154,517,371
"WSLP_all/014172@30.0988971887843,-90.5002056813904.jpg",1,155,170,375,229,530,399
"WSLP_all/014173@30.0998721112447,-90.4993310067925.jpg",4,196,288,348,165,544,453
"WSLP_all/014174@30.0991839538659,-90.4990426581018.jpg",1,233,169,396,216,629,385
"WSLP_all/014175@30.0994005580311,-90.4988384453616.jpg",1,123,197,431,171,554,368
"WSLP_all/014176@30.0996936639986,-90.4986778665601.jpg",3,34,176,516,208,550,384
"WSLP_all/014177@30.0969569004273,-90.5000226745952.jpg",1,14,199,412,193,426,392
"WSLP_all/014178@30.0971861476683,-90.5000998172571.jpg",3,40,256,347,134,387,390
"WSLP_all/014179@30.0976557376583,-90.500282472589.jpg",2,163,172,333,233,496,405
"WSLP_all/014180@30.0974371993028,-90.5001767779478.jpg",1,77,141,392,276,469,417
"WSLP_all/014181@30.0969739364709,-90.4992730432983.jpg",1,235,190,330,197,565,387
"WSLP_all/014182@30.0978572544267,-90.4994142827692.jpg",1,81,148,428,234,509,382
"WSLP_all/014183@30.0981299237408,-90.4994657629529.jpg",1,48,209,344,176,392,385
"WSLP_all/014184@30.0970567699746,-90.4985924341384.jpg",1,163,198,390,168,553,366
"WSLP_all/014185@30.0977874891075,-90.4987191338402.jpg",3,56,219,414,168,470,387
"WSLP_all/014186@30.0985730737762,-90.4989117871682.jpg",1,33,205,472,173,505,378
"WSLP_all/014187@30.0763527993463,-90.5567489599272.jpg",1,159,201,436,217,595,418
"WSLP_all/014188@30.072290338909,-90.5519243908525.jpg",1,176,256,391,138,567,394
"WSLP_all/014189@30.0585159521045,-90.5358471893153.jpg",1,227,188,347,222,574,410
"WSLP_all/014190@30.0582456453586,-90.5566308168513.jpg",1,209,234,271,139,480,373
"WSLP_all/014191@30.0626379677884,-90.5578895607394.jpg",2,62,249,377,171,439,420
"WSLP_all/014192@30.0624147297781,-90.5582390386872.jpg",2,201,200,413,212,614,412
"WSLP_all/014193@30.0630666183909,-90.5582782276018.jpg",3,253,200,358,212,611,412
"WSLP_all/014194@30.0928378513233,-90.469145938192.jpg",2,179,187,400,272,579,459
"WSLP_all/014195@30.0928157556654,-90.4691018581076.jpg",4,108,233,157,128,265,361
"WSLP_all/014196@30.0927896459234,-90.4688775627291.jpg",1,136,214,326,194,462,408
"WSLP_all/014197@30.0928314812135,-90.4688582261853.jpg",1,225,207,282,212,507,419
"WSLP_all/014198@30.0927290546892,-90.4686662167794.jpg",1,84,213,299,200,383,413
"WSLP_all/014199@30.0927709116004,-90.4686500422351.jpg",1,83,221,302,178,385,399
"WSLP_all/014200@30.0926844344586,-90.4685084909045.jpg",1,106,232,314,176,420,408
"WSLP_all/014201@30.0927262705975,-90.4684891542184.jpg",1,96,218,313,198,409,416
"WSLP_all/014202@30.0926249910418,-90.4683002966548.jpg",1,111,206,285,209,396,415
"WSLP_all/014203@30.0926668758748,-90.4682841217309.jpg",1,93,206,322,200,415,406
"WSLP_all/014204@30.072245041423,-90.4723343621447.jpg",1,118,214,463,184,581,398
"WSLP_all/014205@30.0723680103607,-90.4715555401376.jpg",1,162,272,200,108,362,380
"WSLP_all/014206@30.0727002459475,-90.4710215129546.jpg",2,30,198,513,209,543,407
"WSLP_all/014207@30.0589813340155,-90.4340940710031.jpg",1,3,162,334,208,337,370
"WSLP_all/014208@30.0693318374042,-90.4759130840009.jpg",2,38,203,284,207,322,410
"WSLP_all/014209@30.0756519235695,-90.4664557335912.jpg",1,102,225,236,154,338,379
"WSLP_all/014210@30.0774725784664,-90.4620165572992.jpg",1,132,235,329,145,461,380
"WSLP_all/014211@30.0687240004551,-90.4759752201491.jpg",3,104,249,459,160,563,409
"WSLP_all/014212@30.069624790568,-90.4745637494751.jpg",3,0,228,366,154,366,382
"WSLP_all/014213@30.0741394283776,-90.467452171149.jpg",4,207,271,156,103,363,374
"WSLP_all/014214@30.0743549349139,-90.4672890530777.jpg",3,197,210,301,150,498,360
"WSLP_all/014215@30.0799050281018,-90.4631082654617.jpg",1,111,246,482,158,593,404
"WSLP_all/014216@30.078081359201,-90.4640632465479.jpg",1,92,216,542,188,634,404
"WSLP_all/014217@30.0794727847493,-90.4657110802365.jpg",1,32,198,452,154,484,352
"WSLP_all/014218@30.0800355026133,-90.4652666813806.jpg",4,262,224,141,140,403,364
"WSLP_all/014219@30.0799708608308,-90.4649131162656.jpg",2,273,186,305,176,578,362
"WSLP_all/014220@30.0793764666724,-90.4647317463384.jpg",1,52,198,352,183,404,381
"WSLP_all/014221@30.078581665822,-90.4637838035986.jpg",3,132,170,429,215,561,385
"WSLP_all/014222@30.0780156279708,-90.4633618999021.jpg",1,173,203,332,177,505,380
"WSLP_all/014223@30.0776158492611,-90.4641653223083.jpg",1,82,188,385,191,467,379
"WSLP_all/014224@30.0773392803021,-90.463658687503.jpg",1,179,122,392,292,571,414
"WSLP_all/014225@30.0756311545858,-90.4676004592376.jpg",1,9,211,306,173,315,384
"WSLP_all/014226@30.0764527343278,-90.4686145684193.jpg",1,51,177,510,207,561,384
"WSLP_all/014227@30.0760191961905,-90.4682926706145.jpg",1,232,232,297,156,529,388
"WSLP_all/014228@30.0759239869505,-90.4691250340149.jpg",2,6,180,372,203,378,383
"WSLP_all/014229@30.0770677478955,-90.46883371742.jpg",4,105,301,210,118,315,419
"WSLP_all/014230@30.0769629655494,-90.467475065264.jpg",2,308,232,333,127,641,359
"WSLP_all/014231@30.0767897086913,-90.4673722325705.jpg",1,25,200,401,168,426,368
"WSLP_all/014232@30.0765827605624,-90.4672475607651.jpg",1,26,193,388,175,414,368
"WSLP_all/014233@30.0764190994726,-90.4671446454557.jpg",1,99,213,411,159,510,372
"WSLP_all/014234@30.0684181688815,-90.4756933158363.jpg",3,171,173,358,213,529,386
"WSLP_all/014235@30.0689594871975,-90.4739814405722.jpg",4,280,251,109,107,389,358
"WSLP_all/014236@30.0685508800403,-90.4745413877825.jpg",2,249,128,392,261,641,389
"WSLP_all/014237@30.0736271918508,-90.4659232146892.jpg",2,210,177,409,198,619,375
"WSLP_all/014238@30.0728408866396,-90.4669955304674.jpg",4,235,278,139,121,374,399
"WSLP_all/014239@30.072678993175,-90.4671613434072.jpg",6,207,278,250,81,457,359
"WSLP_all/014240@30.0770746414093,-90.460246281648.jpg",1,41,169,448,191,489,360
"WSLP_all/014241@30.0565266234888,-90.4610869362179.jpg",4,183,270,253,146,436,416
"WSLP_all/014242@30.0564167685045,-90.4609709363445.jpg",1,163,207,326,126,489,333
"WSLP_all/014243@30.0602385231261,-90.4404494764482.jpg",3,233,146,280,208,513,354
"WSLP_all/014244@30.0685567377581,-90.4903108963173.jpg",3,237,213,192,172,429,385
"WSLP_all/014246@30.0521039653126,-90.5342200129219.jpg",1,150,180,339,230,489,410
"WSLP_all/014247@30.0555759271308,-90.5547676189929.jpg",1,140,209,270,198,410,407
"WSLP_all/014248@30.0567698835245,-90.556598060568.jpg",1,180,230,345,145,525,375
"WSLP_all/014249@30.057364797855,-90.5566187137428.jpg",1,287,229,233,142,520,371
"WSLP_all/014250@30.0696474297229,-90.5585811422651.jpg",4,188,315,188,100,376,415
"WSLP_all/014251@30.0640434123653,-90.552516989599.jpg",1,94,244,304,184,398,428
"WSLP_all/014252@30.0745959144981,-90.5506732597473.jpg",1,186,177,331,193,517,370
"WSLP_all/014253@30.0775488995224,-90.5058097660584.jpg",1,104,168,350,242,454,410
"WSLP_all/014254@30.077440892531,-90.5057758834374.jpg",2,0,176,429,198,429,374
"WSLP_all/014255@30.0773929333467,-90.5057667963833.jpg",2,65,169,299,192,364,361
"WSLP_all/014256@30.0772204830159,-90.5056385961261.jpg",1,59,155,523,223,582,378
"WSLP_all/014257@30.0772566000091,-90.5056667520419.jpg",2,175,164,421,216,596,380
"WSLP_all/014258@30.0771364925685,-90.5056108378494.jpg",1,126,101,406,287,532,388
"WSLP_all/014259@30.0767084751251,-90.50546579067.jpg",2,21,165,360,213,381,378
"WSLP_all/014260@30.0768685796583,-90.5055371809736.jpg",3,141,194,305,198,446,392
"WSLP_all/014261@30.0767565336642,-90.5054906854348.jpg",2,44,147,529,241,573,388
"WSLP_all/014262@30.0774629007675,-90.5041853266915.jpg",2,0,181,386,226,386,407
"WSLP_all/014263@30.0776100503291,-90.5041904259647.jpg",4,246,271,151,152,397,423
"WSLP_all/014264@30.0776941082836,-90.5041897266094.jpg",1,136,196,376,201,512,397
"WSLP_all/014265@30.077720706677,-90.5042432555636.jpg",1,218,195,382,199,600,394
"WSLP_all/014266@30.0777627098458,-90.5042365825611.jpg",2,315,190,309,238,624,428
"WSLP_all/014267@30.0778415951676,-90.5042485734105.jpg",1,108,193,384,210,492,403
"WSLP_all/014268@30.0778784384307,-90.5042609140363.jpg",1,194,210,395,194,589,404
"WSLP_all/014269@30.0779385838568,-90.5042793843908.jpg",2,345,206,275,216,620,422
"WSLP_all/014270@30.078002926239,-90.5043136298329.jpg",1,118,201,381,195,499,396
"WSLP_all/014271@30.0780326095052,-90.5043418390104.jpg",1,203,209,408,197,611,406
"WSLP_all/014272@30.0806238657971,-90.5112574414145.jpg",5,220,301,166,149,386,450
"WSLP_all/014273@30.0913482806241,-90.5032001754629.jpg",1,54,199,372,215,426,414
"WSLP_all/014274@30.0908290156025,-90.4882219815133.jpg",1,9,210,461,185,470,395
"WSLP_all/014275@30.0842833933529,-90.4888782724776.jpg",3,165,277,399,93,564,370
"WSLP_all/014276@30.0842824003218,-90.4887233433456.jpg",3,89,205,494,235,583,440
"WSLP_all/014277@30.0842758324155,-90.4885652984468.jpg",3,179,226,307,157,486,383
"WSLP_all/014278@30.0842859749098,-90.4884102749103.jpg",5,121,252,392,162,513,414
"WSLP_all/014279@30.084257194783,-90.4882619053998.jpg",5,252,302,188,115,440,417
"WSLP_all/014280@30.084256180738,-90.4881038134594.jpg",5,150,294,200,98,350,392
"WSLP_all/014281@30.0842356782573,-90.4879427258985.jpg",5,230,329,154,129,384,458
"WSLP_all/014282@30.0842541723822,-90.4877907934807.jpg",5,167,319,218,127,385,446
"WSLP_all/014283@30.0842170603805,-90.4876424938619.jpg",1,84,243,320,149,404,392
"WSLP_all/014284@30.0890553205647,-90.4913549027158.jpg",1,124,161,512,246,636,407
"WSLP_all/014285@30.083444563579,-90.4989847107322.jpg",1,167,227,362,138,529,365
"WSLP_all/014286@30.0851671739689,-90.4967378995208.jpg",1,44,161,524,223,568,384
"WSLP_all/014287@30.0846686097632,-90.4952812372883.jpg",1,35,234,435,147,470,381
"WSLP_all/014288@30.0855514827773,-90.4944959519662.jpg",1,160,189,355,179,515,368
"WSLP_all/014291@30.0826055939556,-90.4929113205299.jpg",1,219,237,264,146,483,383
"WSLP_all/014292@30.0851841073314,-90.4932879883405.jpg",6,232,284,197,90,429,374
"WSLP_all/014294@30.0852029022314,-90.49318664529.jpg",6,232,276,172,96,404,372
"WSLP_all/014295@30.0790255984921,-90.5012476351597.jpg",3,215,266,230,95,445,361
"WSLP_all/014296@30.0790464656918,-90.5012948882593.jpg",3,257,261,256,107,513,368
"WSLP_all/014298@30.0747300889383,-90.4946818857167.jpg",2,13,203,404,202,417,405
"WSLP_all/014299@30.0747016120805,-90.4946188916396.jpg",1,96,203,474,185,570,388
"WSLP_all/014300@30.0746966554564,-90.4945746697568.jpg",2,193,223,431,178,624,401
"WSLP_all/014301@30.0745736920112,-90.4947274653485.jpg",2,39,196,371,202,410,398
"WSLP_all/014302@30.0745661976496,-90.4946516480595.jpg",1,133,216,490,176,623,392
"WSLP_all/014303@30.0745354638604,-90.4946013198102.jpg",2,196,215,428,182,624,397
"WSLP_all/014307@30.0746047322136,-90.4940917049223.jpg",2,49,200,308,197,357,397
"WSLP_all/014308@30.0741115891757,-90.4904156695776.jpg",1,218,213,282,165,500,378
"WSLP_all/014309@30.074073352467,-90.4903274663142.jpg",1,176,225,276,149,452,374
"WSLP_all/014310@30.0739242146415,-90.4905532058139.jpg",1,99,174,334,210,433,384
"WSLP_all/014311@30.0739522988629,-90.4904170168264.jpg",1,167,184,309,189,476,373
"WSLP_all/014312@30.0739577777298,-90.4903663838814.jpg",1,170,178,314,191,484,369
"WSLP_all/014313@30.0739370999149,-90.4903064861613.jpg",1,140,183,321,205,461,388
"WSLP_all/014314@30.0737997009793,-90.4905574204125.jpg",1,80,180,327,196,407,376
"WSLP_all/014315@30.0738305381744,-90.4903959150418.jpg",1,218,157,334,233,552,390
"WSLP_all/014316@30.0738273401912,-90.4903516788681.jpg",1,224,187,329,191,553,378
"WSLP_all/014317@30.0737837941821,-90.490336238913.jpg",1,12,198,337,178,349,376
"WSLP_all/014318@30.075481199437,-90.4879379453688.jpg",4,281,274,92,86,373,360
"WSLP_all/014319@30.0852089206363,-90.493117030125.jpg",6,232,284,185,87,417,371
"WSLP_all/014320@30.0994260571537,-90.5003435702267.jpg",1,103,196,421,186,524,382
"WSLP_all/014321@30.100740069955,-90.5000005208113.jpg",1,71,237,351,137,422,374
"WSLP_all/014323@30.0987094901413,-90.4991762912698.jpg",2,42,187,414,205,456,392
"WSLP_all/014324@30.0980520077709,-90.4987991411519.jpg",1,104,205,408,216,512,421
"WSLP_all/014325@30.0968185536963,-90.4985754555301.jpg",3,246,225,280,173,526,398
"WSLP_all/014326@30.0812188184533,-90.4939379853725.jpg",3,255,218,239,157,494,375
"WSLP_all/014327@30.0812260753876,-90.4939980002085.jpg",3,270,214,226,143,496,357
"WSLP_all/014330@30.0812684137083,-90.4941778715749.jpg",6,212,282,211,83,423,365
"WSLP_all/014331@30.0818450588259,-90.4936386515615.jpg",3,75,206,323,179,398,385
"WSLP_all/014332@30.0817540987868,-90.4936394180046.jpg",3,87,167,383,225,470,392
"WSLP_all/014333@30.0814902481173,-90.4937080411668.jpg",2,131,182,464,228,595,410
"WSLP_all/014334@30.0814045712531,-90.4937308963199.jpg",3,91,214,382,180,473,394
"WSLP_all/014335@30.0817871236922,-90.4931648520971.jpg",1,124,251,255,127,379,378
"WSLP_all/014336@30.0796803671056,-90.5005908265056.jpg",6,221,279,189,102,410,381
"WSLP_all/014337@30.0797094516487,-90.5006285255884.jpg",6,228,271,185,92,413,363
"WSLP_all/014338@30.079750654068,-90.5006345049969.jpg",6,239,283,167,89,406,372
"WSLP_all/014344@30.0788322085977,-90.5006263701728.jpg",2,259,225,297,148,556,373
"WSLP_all/014345@30.0786906153319,-90.5003777702261.jpg",1,99,208,448,172,547,380
"WSLP_all/014346@30.0787073254015,-90.5004155722973.jpg",2,186,221,417,153,603,374
"WSLP_all/014347@30.0786992841581,-90.5004440958064.jpg",2,210,221,404,148,614,369
"WSLP_all/014348@30.0746041078677,-90.4939936980183.jpg",1,122,224,454,172,576,396
"WSLP_all/014349@30.0745571134749,-90.493959315311.jpg",1,193,213,441,174,634,387
"WSLP_all/014350@30.0742521108384,-90.4941768777902.jpg",6,231,275,187,90,418,365
"WSLP_all/014352@30.0742303508472,-90.4940632408643.jpg",6,236,288,162,85,398,373
"WSLP_all/014353@30.0744441776528,-90.4931224198369.jpg",1,7,225,391,151,398,376
"WSLP_all/014354@30.0744460513241,-90.493049685451.jpg",1,54,220,469,166,523,386
"WSLP_all/014355@30.0744199381723,-90.4929866720823.jpg",1,211,228,428,152,639,380
"WSLP_all/014356@30.0742164170603,-90.4905064714204.jpg",3,89,219,315,157,404,376
"WSLP_all/014357@30.0742186575437,-90.4904052789967.jpg",1,10,214,555,177,565,391
"WSLP_all/014358@30.0742097659321,-90.4903737374928.jpg",1,47,213,541,184,588,397
"WSLP_all/014359@30.074212296363,-90.4903136433045.jpg",2,263,233,367,160,630,393
"WSLP_all/014360@30.0740921663239,-90.4905517855385.jpg",1,159,217,282,152,441,369
"WSLP_all/014361@30.074120939127,-90.4905230872101.jpg",1,226,226,291,130,517,356
"WSLP_all/014362@30.0819991712723,-90.4940547271029.jpg",2,109,209,512,205,621,414
"WSLP_all/014363@30.0820254371547,-90.4941462015157.jpg",2,136,244,480,153,616,397
"WSLP_all/014364@30.0820350888944,-90.494193549013.jpg",3,65,214,475,175,540,389
"WSLP_all/014365@30.0820377406594,-90.4942472792969.jpg",3,0,221,413,153,413,374
"WSLP_all/014366@30.0822355403219,-90.4946408554278.jpg",1,27,262,545,131,572,393
"WSLP_all/014367@30.081769361197,-90.4930701445467.jpg",1,107,246,258,139,365,385
"WSLP_all/014368@30.081751880045,-90.4930197013916.jpg",1,93,244,242,136,335,380
"WSLP_all/014369@30.0789544720784,-90.5010711661203.jpg",3,156,215,249,148,405,363
"WSLP_all/014370@30.078996653898,-90.5012320677316.jpg",3,204,266,232,108,436,374
"WSLP_all/014371@30.0935398478447,-90.4831235114538.jpg",1,157,183,369,205,526,388
"WSLP_all/014372@30.0925552888159,-90.4804250170948.jpg",1,131,223,447,178,578,401
"WSLP_all/014373@30.0921072109661,-90.4803244985418.jpg",1,120,153,427,232,547,385
"WSLP_all/014374@30.0936002256334,-90.4805773493535.jpg",1,44,182,450,212,494,394
"WSLP_all/014375@30.0620042943966,-90.435416673445.jpg",4,245,282,235,135,480,417
"WSLP_all/014376@30.0620702850825,-90.4334813617618.jpg",1,170,182,338,186,508,368
"WSLP_all/014377@30.0608272020348,-90.431614792501.jpg",2,373,124,251,257,624,381
"WSLP_all/014378@30.0785038641586,-90.5022226675385.jpg",1,100,235,307,128,407,363
"WSLP_all/014379@30.0784607765411,-90.5022230268775.jpg",1,128,252,253,109,381,361
"WSLP_all/014380@30.078398151475,-90.5021950919035.jpg",1,258,262,265,99,523,361
"WSLP_all/014381@30.0783278514643,-90.5021798692096.jpg",4,263,290,109,121,372,411
"WSLP_all/014382@30.0782891004911,-90.5021833541962.jpg",1,154,270,256,103,410,373
"WSLP_all/014383@30.078239677689,-90.5021995753692.jpg",1,219,264,266,106,485,370
"WSLP_all/014384@30.0782221578184,-90.502155456343.jpg",1,258,259,281,112,539,371
"WSLP_all/014385@30.0781703441871,-90.5021369177234.jpg",1,24,258,301,113,325,371
"WSLP_all/014386@30.0781294089548,-90.5021340973534.jpg",1,124,264,282,119,406,383
"WSLP_all/014387@30.0780733047806,-90.5021155945486.jpg",1,230,269,273,117,503,386
"WSLP_all/014388@30.0780389113029,-90.5021253667866.jpg",1,285,264,285,120,570,384
"WSLP_all/014389@30.0779695036873,-90.5021164603288.jpg",1,85,261,292,115,377,376
"WSLP_all/014390@30.0779249160196,-90.5021231557961.jpg",1,178,257,280,117,458,374
"WSLP_all/014391@30.077857002929,-90.5021332075898.jpg",1,299,254,266,118,565,372
"WSLP_all/014392@30.077784728436,-90.5021274868363.jpg",1,124,258,268,119,392,377
"WSLP_all/014393@30.0776762309444,-90.5021030975446.jpg",1,312,261,268,106,580,367
"WSLP_all/014394@30.0776102157396,-90.5020783539569.jpg",1,122,250,273,120,395,370
"WSLP_all/014395@30.0775783740921,-90.5020786195514.jpg",1,174,258,304,114,478,372
"WSLP_all/014396@30.0775081770015,-90.5020665579792.jpg",1,10,260,282,101,292,361
"WSLP_all/014397@30.0774316080503,-90.5020513878032.jpg",1,132,253,281,117,413,370
"WSLP_all/014398@30.0773912222091,-90.5020485629065.jpg",1,200,245,287,124,487,369
"WSLP_all/014399@30.0773421605526,-90.5020173544695.jpg",1,280,260,299,106,579,366
"WSLP_all/014400@30.0771463199835,-90.5019525911131.jpg",1,328,243,308,117,636,360
"WSLP_all/014401@30.0770675667449,-90.5019311157834.jpg",1,156,245,295,135,451,380
"WSLP_all/014402@30.0769909578694,-90.5019096225979.jpg",1,285,255,298,115,583,370
"WSLP_all/014403@30.0769506318762,-90.5019162825381.jpg",1,337,258,285,106,622,364
"WSLP_all/014404@30.0768868018014,-90.5018978445305.jpg",1,151,251,297,123,448,374
"WSLP_all/014405@30.0767995713209,-90.5018796017769.jpg",1,287,245,324,129,611,374
"WSLP_all/014406@30.0767613497916,-90.5018799206602.jpg",1,33,181,307,200,340,381
"WSLP_all/014407@30.0868046634515,-90.5059068169216.jpg",1,205,261,313,151,518,412
"WSLP_all/014408@30.0769350422333,-90.505125599815.jpg",1,15,224,348,196,363,420
"WSLP_all/014409@30.0769446198372,-90.5050875791647.jpg",1,142,235,324,177,466,412
"WSLP_all/014410@30.0768987254673,-90.5050658283133.jpg",1,121,210,360,202,481,412
"WSLP_all/014411@30.0769895918021,-90.5049670586773.jpg",2,308,213,312,185,620,398
"WSLP_all/014412@30.076995739195,-90.5049037724534.jpg",1,117,207,344,207,461,414
"WSLP_all/014413@30.0769203114605,-90.504860134906.jpg",1,126,213,341,194,467,407
"WSLP_all/014414@30.0770468654694,-90.5047168026987.jpg",2,51,229,236,178,287,407
"WSLP_all/014415@30.0770660132518,-90.5046439230451.jpg",1,158,225,334,191,492,416
"WSLP_all/014416@30.0769775171859,-90.5046035560916.jpg",1,168,201,348,203,516,404
"WSLP_all/014417@30.0771076214094,-90.5045044596228.jpg",2,37,179,298,222,335,401
"WSLP_all/014418@30.0771301007797,-90.5044410374548.jpg",1,86,154,436,226,522,380
"WSLP_all/014419@30.0770907910553,-90.5044255556104.jpg",1,100,151,446,207,546,358
"WSLP_all/014420@30.0771553955144,-90.5043048713252.jpg",1,62,190,353,177,415,367
"WSLP_all/014421@30.0771712312375,-90.5042256945044.jpg",1,236,189,364,189,600,378
"WSLP_all/014422@30.0770534720805,-90.5042108654113.jpg",1,65,178,362,191,427,369
"WSLP_all/014423@30.0771997778834,-90.5040863394403.jpg",1,174,270,229,81,403,351
"WSLP_all/014425@30.0771828596096,-90.5039979508678.jpg",1,207,261,234,87,441,348
"WSLP_all/014426@30.0776277500066,-90.5052557994298.jpg",1,143,177,280,203,423,380
"WSLP_all/014427@30.0776363135494,-90.5052051398481.jpg",1,281,202,254,160,535,362
"WSLP_all/014428@30.0775755078893,-90.5051866744785.jpg",1,286,180,254,203,540,383
"WSLP_all/014429@30.07760661243,-90.5054235502115.jpg",1,212,184,256,200,468,384
"WSLP_all/014430@30.0776018795552,-90.5053793246737.jpg",1,294,179,267,188,561,367
"WSLP_all/014431@30.0775351902136,-90.505360908087.jpg",1,287,173,265,209,552,382
"WSLP_all/014432@30.0901682614898,-90.5155962631295.jpg",3,62,168,322,239,384,407
"WSLP_all/014433@30.0905005308007,-90.4959942774832.jpg",4,242,260,191,119,433,379
"WSLP_all/014434@30.0858034386384,-90.4930740728497.jpg",4,57,300,201,85,258,385
"WSLP_all/014435@30.085716377625,-90.4930653208556.jpg",5,265,286,82,82,347,368
"WSLP_all/014438@30.0855525087854,-90.4930255962431.jpg",6,225,281,201,100,426,381
"WSLP_all/014439@30.0855037435065,-90.4930196834052.jpg",6,182,289,235,81,417,370
"WSLP_all/014440@30.0852427272196,-90.4930282085083.jpg",6,237,284,157,95,394,379
"WSLP_all/014446@30.0854244011061,-90.4925871538501.jpg",1,80,229,389,153,469,382
"WSLP_all/014447@30.0854831104789,-90.4925139318715.jpg",1,90,215,390,180,480,395
"WSLP_all/014448@30.0855245755387,-90.4924661515578.jpg",1,92,217,380,169,472,386
"WSLP_all/014449@30.0855522086468,-90.4924311360495.jpg",1,94,224,397,171,491,395
"WSLP_all/014450@30.0855829821385,-90.4923455015194.jpg",1,179,225,396,170,575,395
"WSLP_all/014451@30.0857276289137,-90.4926478362202.jpg",3,71,221,531,185,602,406
"WSLP_all/014452@30.0845268418283,-90.4988491692403.jpg",1,184,167,273,195,457,362
"WSLP_all/014453@30.0836167961696,-90.4969564431892.jpg",1,189,154,434,192,623,346
"WSLP_all/014454@30.0828035357606,-90.4955119352381.jpg",1,161,132,421,225,582,357
"WSLP_all/014455@30.0828478298035,-90.4929029537344.jpg",1,88,249,254,132,342,381
"WSLP_all/014456@30.078987083118,-90.5002614667283.jpg",6,236,277,215,91,451,368
"WSLP_all/014457@30.074792695675,-90.495095541099.jpg",2,108,237,288,135,396,372
"WSLP_all/014458@30.0747695861669,-90.4949945614658.jpg",1,152,223,466,164,618,387
"WSLP_all/014459@30.0747580663808,-90.4949472320224.jpg",2,264,242,357,145,621,387
"WSLP_all/014460@30.0746221202669,-90.4951254309417.jpg",2,54,240,306,146,360,386
"WSLP_all/014461@30.0746080557323,-90.4950370221218.jpg",1,148,225,461,178,609,403
"WSLP_all/014462@30.0745987221879,-90.4949833509952.jpg",2,320,244,309,152,629,396
"WSLP_all/014466@30.0747005549217,-90.4943880964505.jpg",1,28,192,489,205,517,397
"WSLP_all/014467@30.0746288106472,-90.4944139938618.jpg",1,59,194,493,198,552,392
"WSLP_all/014468@30.0746371982236,-90.4943190727488.jpg",2,243,201,378,197,621,398
"WSLP_all/014469@30.0745239191354,-90.4945286983295.jpg",2,24,199,339,177,363,376
"WSLP_all/014470@30.0931837653332,-90.4870699137383.jpg",1,13,188,542,189,555,377
"WSLP_all/014471@30.0629414432675,-90.4347664809469.jpg",1,149,221,340,156,489,377
"WSLP_all/014472@30.0587866034657,-90.432414069649.jpg",1,116,121,455,250,571,371
"WSLP_all/014473@30.0593076212162,-90.4324662622271.jpg",1,67,233,379,157,446,390
"WSLP_all/014474@30.0592681470514,-90.4321346909976.jpg",1,241,182,350,193,591,375
"WSLP_all/014477@30.0828808831951,-90.4931746022811.jpg",1,225,261,237,115,462,376
"WSLP_all/014478@30.0828801976776,-90.4930671019174.jpg",1,165,261,246,115,411,376
"WSLP_all/014479@30.0828764502968,-90.4930228662812.jpg",1,141,255,247,113,388,368
"WSLP_all/014480@30.0826053080327,-90.4930820675226.jpg",1,223,242,250,142,473,384
"WSLP_all/014481@30.0825841558513,-90.4930379787696.jpg",1,180,239,268,139,448,378
"WSLP_all/014482@30.082622128975,-90.4929902295123.jpg",1,239,250,271,131,510,381
"WSLP_all/014483@30.0851740243167,-90.4936042761879.jpg",2,231,132,392,232,623,364
"WSLP_all/014484@30.0851944911681,-90.4935408633434.jpg",2,280,111,342,284,622,395
"WSLP_all/014485@30.0851975601013,-90.4934744350846.jpg",2,256,154,355,227,611,381
"WSLP_all/014486@30.0851693633041,-90.4934209184245.jpg",3,65,112,428,295,493,407
"WSLP_all/014487@30.0852214796275,-90.493404669057.jpg",3,276,99,304,289,580,388
"WSLP_all/014488@30.0851897370858,-90.4933385331799.jpg",3,61,123,404,277,465,400
"WSLP_all/014489@30.0956974882358,-90.4998118418198.jpg",4,125,232,220,121,345,353
"WSLP_all/014490@30.1001275617726,-90.4986173068827.jpg",1,41,160,547,220,588,380
"WSLP_all/014491@30.1009762872562,-90.4986544716614.jpg",1,120,166,487,188,607,354
"WSLP_all/014492@30.1012962001503,-90.4991577972174.jpg",2,73,186,562,206,635,392
"WSLP_all/014493@30.0817844791909,-90.4941608782789.jpg",2,77,201,522,200,599,401
"WSLP_all/014496@30.0816445857058,-90.494181027744.jpg",6,233,276,186,83,419,359
"WSLP_all/014501@30.079235127909,-90.5009328636548.jpg",6,179,253,271,162,450,415
"WSLP_all/014502@30.079313406537,-90.5010618448694.jpg",6,179,228,253,180,432,408
"WSLP_all/014503@30.0793508922505,-90.5010931501273.jpg",6,181,252,257,159,438,411
"WSLP_all/014504@30.0792995320214,-90.5011378446659.jpg",6,193,244,256,153,449,397
"WSLP_all/014505@30.0793491345098,-90.5008149236101.jpg",6,203,241,233,147,436,388
"WSLP_all/014506@30.0794444181813,-90.5009153063303.jpg",6,187,252,259,137,446,389
"WSLP_all/014507@30.0795276644295,-90.5009209346544.jpg",6,166,251,294,137,460,388
"WSLP_all/014508@30.0794906700572,-90.5009718330442.jpg",6,177,241,252,148,429,389
"WSLP_all/014509@30.079656138007,-90.5003728618977.jpg",6,170,242,259,131,429,373
"WSLP_all/014510@30.0797680759467,-90.5003845736561.jpg",6,176,249,265,135,441,384
"WSLP_all/014511@30.0798575005247,-90.5004628724196.jpg",6,193,253,256,139,449,392
"WSLP_all/014512@30.079777221929,-90.5004698670389.jpg",6,165,249,290,157,455,406
"WSLP_all/014513@30.0793332103535,-90.4996578242665.jpg",6,195,249,273,159,468,408
"WSLP_all/014514@30.0791695734135,-90.4996370603914.jpg",6,202,258,264,160,466,418
"WSLP_all/014515@30.0791323074217,-90.4996405339739.jpg",6,209,270,231,149,440,419
"WSLP_all/014516@30.0790634949511,-90.4996474332837.jpg",6,193,255,229,155,422,410
"WSLP_all/014517@30.0791173340287,-90.4999947835976.jpg",6,192,244,256,138,448,382
"WSLP_all/014518@30.0790515492409,-90.5000237901017.jpg",6,185,244,252,145,437,389
"WSLP_all/014519@30.0791492213634,-90.5000451061611.jpg",6,175,235,279,164,454,399
"WSLP_all/014520@30.0793069716906,-90.5000437871077.jpg",6,193,249,259,145,452,394
"WSLP_all/014521@30.0789694306284,-90.5001920542562.jpg",6,199,241,241,169,440,410
"WSLP_all/014522@30.0790094955123,-90.500179072023.jpg",6,176,252,292,150,468,402
"WSLP_all/014523@30.0744917782761,-90.4944214707235.jpg",1,154,214,450,169,604,383
"WSLP_all/014524@30.074491476301,-90.4943740480807.jpg",2,212,211,429,174,641,385
"WSLP_all/014525@30.0743667778355,-90.4945521526476.jpg",6,193,260,258,122,451,382
"WSLP_all/014526@30.0743324823161,-90.4944607517096.jpg",6,223,275,209,108,432,383
"WSLP_all/014527@30.074334434783,-90.4944133101652.jpg",6,207,270,240,117,447,387
"WSLP_all/014528@30.0742929274116,-90.4931900901124.jpg",4,223,244,169,138,392,382
"WSLP_all/014529@30.0742742184816,-90.4930764276243.jpg",1,79,229,405,149,484,378
"WSLP_all/014530@30.0742627172746,-90.4930322611847.jpg",1,136,229,406,152,542,381
"WSLP_all/014531@30.0728723399761,-90.4905873938591.jpg",1,162,255,187,125,349,380
"WSLP_all/014532@30.0728803339413,-90.4904829925164.jpg",1,190,255,184,124,374,379
"WSLP_all/014533@30.0728754508929,-90.490394508214.jpg",1,190,254,182,127,372,381
"WSLP_all/014534@30.0730023057686,-90.4905799716014.jpg",1,140,261,192,124,332,385
"WSLP_all/014535@30.0730015170028,-90.4904566746036.jpg",1,181,263,188,123,369,386
"WSLP_all/014536@30.0729923490519,-90.4903777113341.jpg",1,185,263,186,121,371,384
"WSLP_all/014537@30.0728759565626,-90.4904735446506.jpg",1,184,257,184,120,368,377
"WSLP_all/014538@30.0729974016579,-90.4904883257322.jpg",1,168,263,187,122,355,385
"WSLP_all/014539@30.0731625598844,-90.4905659699256.jpg",2,166,253,191,126,357,379
"WSLP_all/014540@30.0731704797646,-90.4904457607142.jpg",2,190,255,187,123,377,378
"WSLP_all/014541@30.0731270438216,-90.4904303198889.jpg",2,126,251,196,130,322,381
"WSLP_all/014542@30.0731656505414,-90.4903699222515.jpg",2,184,258,189,120,373,378
"WSLP_all/014543@30.0732872163256,-90.4905712390821.jpg",1,137,248,187,122,324,370
"WSLP_all/014544@30.0732919248318,-90.4905206129986.jpg",1,156,246,182,125,338,371
"WSLP_all/014545@30.0732811256728,-90.4904100468755.jpg",1,145,248,184,123,329,371
"WSLP_all/014546@30.0732814971873,-90.4903562958293.jpg",1,149,248,184,123,333,371
"WSLP_all/014547@30.0801512505917,-90.4907250359632.jpg",1,179,222,244,181,423,403
"WSLP_all/014548@30.0835783049964,-90.4893933253942.jpg",1,53,201,494,203,547,404
"WSLP_all/014549@30.0724873217341,-90.503477417733.jpg",1,155,248,266,120,421,368
"WSLP_all/014550@30.0662095129897,-90.5069408594358.jpg",3,0,155,286,307,286,462
"WSLP_all/014551@30.0651914885964,-90.4849175737356.jpg",6,200,270,240,124,440,394
"WSLP_all/014552@30.0532092662977,-90.5326527779166.jpg",1,111,288,362,113,473,401
"WSLP_all/014553@30.0611271020026,-90.5356429454516.jpg",3,290,271,261,90,551,361
"WSLP_all/014554@30.0694493747799,-90.5553547771007.jpg",1,141,180,332,298,473,478
"WSLP_all/014555@30.0731546266172,-90.5505739214499.jpg",2,0,248,394,120,394,368
"WSLP_all/014556@30.0759903907719,-90.5496979831055.jpg",6,193,260,236,121,429,381
"WSLP_all/014557@30.0796574748157,-90.4786793963576.jpg",4,195,212,212,160,407,372
"WSLP_all/014558@30.0935761012361,-90.4707238455406.jpg",4,249,234,108,189,357,423
"WSLP_all/014559@30.0936198042093,-90.4708720948631.jpg",4,268,279,89,152,357,431
"WSLP_all/014560@30.0889149282431,-90.5007002204009.jpg",1,152,188,319,198,471,386
"WSLP_all/014561@30.0964353147468,-90.4815808601554.jpg",1,179,241,255,118,434,359
"WSLP_all/014562@30.0943793328999,-90.4817628754721.jpg",1,106,243,289,138,395,381
"WSLP_all/014563@30.0961837557298,-90.4808999376331.jpg",1,179,238,292,134,471,372
"WSLP_all/014564@30.0921212100215,-90.4796539814692.jpg",1,214,146,402,235,616,381
"WSLP_all/014565@30.092439050088,-90.4787183921146.jpg",1,157,233,327,164,484,397
"WSLP_all/014566@30.091786352875,-90.4779650536589.jpg",1,89,224,465,168,554,392
"WSLP_all/014567@30.0913121327122,-90.4780102333043.jpg",1,240,253,236,123,476,376
"WSLP_all/014568@30.0922027925547,-90.478236594046.jpg",1,73,175,406,218,479,393
"WSLP_all/014569@30.0922448688179,-90.4780464982264.jpg",2,192,202,449,186,641,388
"WSLP_all/014570@30.0922905010409,-90.4777646665479.jpg",2,175,204,434,177,609,381
"WSLP_all/014571@30.0922490180831,-90.4774108501627.jpg",2,193,216,448,170,641,386
"WSLP_all/014572@30.0922345014806,-90.4770852625389.jpg",1,195,223,367,157,562,380
"WSLP_all/014574@30.09090248559,-90.4769133008575.jpg",2,0,242,357,146,357,388
"WSLP_all/014575@30.0904155202544,-90.4769902165237.jpg",1,216,220,349,160,565,380
"WSLP_all/014576@30.0897557424587,-90.4764772901934.jpg",1,242,190,326,202,568,392
"WSLP_all/014577@30.0903464049765,-90.4798620809784.jpg",1,85,246,372,152,457,398
"WSLP_all/014578@30.0671320128739,-90.6271879877861.jpg",1,57,251,330,142,387,393
"WSLP_all/014579@30.067713517979,-90.6270953475458.jpg",1,147,240,296,141,443,381
"WSLP_all/014580@30.0443262541962,-90.4679734591031.jpg",1,139,238,302,129,441,367
"WSLP_all/014581@30.0538300607324,-90.4641419661923.jpg",3,35,199,309,178,344,377
"WSLP_all/014582@30.0737689897387,-90.4831751951141.jpg",1,151,233,245,159,396,392
"WSLP_all/014583@30.0968357114065,-90.4821371815406.jpg",1,279,263,225,105,504,368
"WSLP_all/014584@30.0909676245755,-90.4801255475033.jpg",1,29,180,440,194,469,374
"WSLP_all/014585@30.0890709786283,-90.4771756893121.jpg",1,153,213,445,167,598,380
"WSLP_all/014586@30.0889735901902,-90.4769362032793.jpg",2,101,188,443,183,544,371
"WSLP_all/014587@30.0888336082073,-90.476697082841.jpg",1,117,205,301,171,418,376
"WSLP_all/014588@30.084947002823,-90.467266563377.jpg",1,144,196,329,177,473,373
"WSLP_all/014589@30.0847789513633,-90.4677549746391.jpg",2,240,225,401,165,641,390
"WSLP_all/014590@30.0926510942235,-90.4786596527966.jpg",2,207,214,434,174,641,388
"WSLP_all/014591@30.0548910567352,-90.6339697825375.jpg",1,280,282,99,84,379,366
"WSLP_all/014592@30.0655189100021,-90.6266145618668.jpg",1,164,199,289,159,453,358
"WSLP_all/014593@30.0632649051195,-90.6264313818554.jpg",2,235,255,263,107,498,362
"WSLP_all/014594@30.0665537071867,-90.6227819197172.jpg",6,228,285,210,95,438,380
"WSLP_all/014595@30.0462010073981,-90.6214193013158.jpg",6,222,280,210,106,432,386
"WSLP_all/014596@30.074808555769,-90.7022106716047.jpg",1,179,263,455,144,634,407
"WSLP_all/014597@30.0742624231052,-90.7025916612246.jpg",2,143,237,498,202,641,439
"WSLP_all/014598@30.0629990113952,-90.7006067749473.jpg",1,115,276,432,85,547,361
"WSLP_all/014599@30.0638867982866,-90.6992926405768.jpg",6,221,281,205,87,426,368
"WSLP_all/014600@30.0523787309532,-90.7221407693823.jpg",6,201,263,240,132,441,395
"WSLP_all/014601@30.0542659786029,-90.5512533000981.jpg",1,133,263,368,106,501,369
"WSLP_all/014602@30.0547986716074,-90.5513724013708.jpg",1,195,232,222,161,417,393
"WSLP_all/014603@30.0507784477962,-90.5378625416126.jpg",3,0,197,641,405,641,602
"WSLP_all/014604@30.0756337974167,-90.4713123032175.jpg",6,229,274,186,101,415,375
"WSLP_all/014605@30.0518035561412,-90.5278025138022.jpg",6,215,280,233,92,448,372
"WSLP_all/014606@30.0721844141112,-90.496887980779.jpg",1,128,244,328,181,456,425
"WSLP_all/014607@30.0721668924849,-90.4966446842663.jpg",1,184,247,328,182,512,429
"WSLP_all/014608@30.0704634078261,-90.4969814632248.jpg",2,0,180,523,242,523,422
"WSLP_all/014609@30.0732394968642,-90.4971510276356.jpg",2,260,255,381,118,641,373
"WSLP_all/014610@30.0729153085552,-90.4952757360753.jpg",3,0,54,641,482,641,536
"WSLP_all/014611@30.071861404791,-90.4948356506327.jpg",6,211,272,234,129,445,401
"WSLP_all/014612@30.0705329480653,-90.4916441671086.jpg",6,205,274,251,90,456,364
"WSLP_all/014613@30.0704356219793,-90.4886952555719.jpg",4,166,263,338,201,504,464
"WSLP_all/014614@30.0708051260911,-90.4863746939461.jpg",1,136,278,160,111,296,389
"WSLP_all/014615@30.0807517496104,-90.4932336568287.jpg",1,234,293,114,116,348,409
"WSLP_all/014616@30.0761227111473,-90.5105768577051.jpg",1,199,288,271,84,470,372
"WSLP_all/014617@30.0746995714516,-90.5054698316328.jpg",1,263,268,193,103,456,371
"WSLP_all/014619@30.0749216960578,-90.5011996945111.jpg",1,187,204,267,196,454,400
"WSLP_all/014620@30.0844465848533,-90.4479858213469.jpg",6,208,284,218,116,426,400
"WSLP_all/014621@30.0866116719207,-90.4461894968047.jpg",6,206,274,206,104,412,378
"WSLP_all/014622@30.0852254655113,-90.4460785174939.jpg",6,212,276,191,113,403,389
"WSLP_all/014623@30.0856499331823,-90.4453885737306.jpg",6,209,289,270,103,479,392
"WSLP_all/014625@30.0625110869044,-90.4735122595419.jpg",1,239,270,227,89,466,359
"WSLP_all/014626@30.0613863490652,-90.4962831171885.jpg",2,62,284,353,113,415,397
"WSLP_all/014627@30.0652229136055,-90.4778073309323.jpg",4,224,276,172,110,396,386
"WSLP_all/014628@30.0649906668566,-90.4773003410483.jpg",1,121,257,475,110,596,367
"WSLP_all/014631@30.0644692208838,-90.4758600727517.jpg",6,218,280,225,122,443,402
"WSLP_all/014632@30.0626876639188,-90.561040988392.jpg",6,230,261,165,132,395,393
"WSLP_all/014633@30.0550765590103,-90.5580084429719.jpg",3,0,0,641,538,641,538
"WSLP_all/014634@30.0631055362659,-90.5545633834518.jpg",1,114,252,487,227,601,479
"WSLP_all/014635@30.0640046651757,-90.4834481619579.jpg",3,0,122,641,353,641,475
"WSLP_all/014636@30.0676800706932,-90.4832650707629.jpg",3,0,202,641,251,641,453
"WSLP_all/014637@30.065635619366,-90.5078181649818.jpg",1,276,270,206,161,482,431
"WSLP_all/014638@30.0539490637446,-90.5520049484282.jpg",1,131,269,218,115,349,384
"WSLP_all/014639@30.0587242118433,-90.6217787434277.jpg",1,163,279,350,118,513,397
"WSLP_all/014640@30.0535928182054,-90.6148232414375.jpg",3,0,272,641,369,641,641
"WSLP_all/014641@30.0472656169102,-90.6119798747304.jpg",1,118,249,430,196,548,445
"WSLP_all/014642@30.0448875045862,-90.6111184007294.jpg",2,105,219,536,268,641,487
"WSLP_all/014643@30.0638742411138,-90.5622647148281.jpg",6,210,287,227,109,437,396
"WSLP_all/014644@30.047459929234,-90.6069527862559.jpg",2,0,205,508,436,508,641
"WSLP_all/014645@30.0547598518589,-90.559091984325.jpg",3,0,164,641,477,641,641
"WSLP_all/014646@30.0544460705984,-90.5574570044539.jpg",1,109,296,420,139,529,435
"WSLP_all/014647@30.0604476399759,-90.5516979488353.jpg",1,194,329,142,122,336,451
"WSLP_all/014648@30.0682090920039,-90.482141391973.jpg",1,140,252,494,138,634,390
"WSLP_all/014649@30.06647223803,-90.4812836690699.jpg",2,0,253,348,207,348,460
"WSLP_all/014650@30.0655682521445,-90.4810289998718.jpg",3,0,265,641,184,641,449
"WSLP_all/014651@30.0505667647845,-90.5346590598737.jpg",1,96,296,456,110,552,406
"WSLP_all/014652@30.068746642352,-90.5015674016593.jpg",1,17,305,492,117,509,422
"WSLP_all/014653@30.064263703605,-90.4804869167113.jpg",2,0,179,357,267,357,446
"WSLP_all/014654@30.0593725440451,-90.5079838386657.jpg",4,269,305,107,134,376,439
"WSLP_all/014655@30.0601168939687,-90.506049327556.jpg",4,265,257,219,144,484,401
"WSLP_all/014656@30.0718131442754,-90.4987026938627.jpg",6,216,279,190,104,406,383
"WSLP_all/014657@30.0798644637984,-90.5690338085863.jpg",6,195,272,238,114,433,386
"WSLP_all/014658@30.058740497261,-90.6199546361479.jpg",1,110,72,458,418,568,490
"WSLP_all/014659@30.0626667566278,-90.4819800755239.jpg",1,315,285,175,165,490,450
"WSLP_all/014661@30.0769204130591,-90.5544649141235.jpg",3,25,274,616,215,641,489
"WSLP_all/014662@30.0601530877859,-90.5516212272896.jpg",1,251,276,192,117,443,393
"WSLP_all/014663@30.0619688692416,-90.4748699703947.jpg",1,173,289,417,132,590,421
"WSLP_all/014664@30.0719466240379,-90.4951858720878.jpg",6,197,274,265,92,462,366
"WSLP_all/014667@30.0664083270779,-90.4811640812717.jpg",3,0,249,248,239,248,488
"WSLP_all/014669@30.0548373769267,-90.559584505918.jpg",3,0,0,641,624,641,624
"WSLP_all/014670@30.0620978948187,-90.5600876902447.jpg",6,206,285,300,126,506,411
"WSLP_all/014671@30.0794039264619,-90.5740045701652.jpg",6,226,283,160,85,386,368
"WSLP_all/014672@30.0758659452947,-90.5105220654955.jpg",4,283,289,83,84,366,373
"WSLP_all/014673@30.0886337930949,-90.5030678440724.jpg",2,0,237,451,110,451,347
"WSLP_all/014674@30.0886898904208,-90.5031116464511.jpg",2,0,259,516,88,516,347
"WSLP_all/014676@30.0726657401142,-90.4912878603126.jpg",4,231,258,206,154,437,412
"WSLP_all/014677@30.0732244367626,-90.496632644276.jpg",3,0,254,641,261,641,515
"WSLP_all/014678@30.0731928665102,-90.4964115936675.jpg",2,209,249,432,215,641,464
"WSLP_all/014679@30.0742696806737,-90.5018532831332.jpg",6,226,280,216,118,442,398
"WSLP_all/014680@30.0746309041879,-90.5012874889787.jpg",2,0,238,437,130,437,368
"WSLP_all/014682@30.0839522237584,-90.5030436100414.jpg",2,78,259,308,83,386,342
"WSLP_all/014683@30.0839025195644,-90.5030282142953.jpg",1,124,258,336,85,460,343
"WSLP_all/014684@30.0749363204034,-90.4996503402671.jpg",3,47,116,594,309,641,425
"WSLP_all/014685@30.0752099175572,-90.4996006260438.jpg",6,173,268,229,96,402,364
"WSLP_all/014686@30.0747057694827,-90.4967087349353.jpg",2,133,127,508,296,641,423
"WSLP_all/014687@30.0746844499766,-90.4966425185294.jpg",5,290,291,150,135,440,426
"WSLP_all/014688@30.074666281223,-90.4965225260306.jpg",5,205,281,246,180,451,461
"WSLP_all/014689@30.0732907497523,-90.4916271995589.jpg",5,314,300,92,107,406,407
"WSLP_all/014690@30.0733452491214,-90.4918290844409.jpg",3,0,79,641,358,641,437
"WSLP_all/014691@30.073405942485,-90.493001545359.jpg",3,0,0,641,450,641,450
"WSLP_all/014692@30.0734682704003,-90.4932413049761.jpg",3,0,0,641,448,641,448
"WSLP_all/014693@30.0740384696298,-90.4952473213604.jpg",3,0,95,641,339,641,434
"WSLP_all/014694@30.0740638424681,-90.4954146762486.jpg",3,0,145,641,254,641,399
"WSLP_all/014695@30.077018619136,-90.4941282887742.jpg",1,145,282,277,112,422,394
"WSLP_all/014697@30.0732057413816,-90.5021024439537.jpg",3,0,207,641,240,641,447
"WSLP_all/014698@30.0732865759696,-90.5020701533612.jpg",3,0,209,641,229,641,438
"WSLP_all/014699@30.0656250475522,-90.5078688348634.jpg",1,161,270,209,156,370,426
"WSLP_all/014701@30.0686622548822,-90.4846540769972.jpg",1,200,282,172,85,372,367
"WSLP_all/014702@30.0670442049734,-90.4818446791664.jpg",2,0,152,599,248,599,400
"WSLP_all/014703@30.0686768272927,-90.4803448242646.jpg",3,0,0,598,481,598,481
"WSLP_all/014704@30.0700635218779,-90.4858024332276.jpg",1,126,278,329,108,455,386
"WSLP_all/014705@30.0706918038899,-90.4874189738331.jpg",1,100,271,304,116,404,387
"WSLP_all/014707@30.0791176074938,-90.5737696149418.jpg",6,242,288,163,81,405,369
"WSLP_all/014709@30.0688874752952,-90.4801975922597.jpg",6,243,280,123,127,366,407
"WSLP_all/014710@30.0698043337257,-90.4852703373375.jpg",1,203,239,234,108,437,347
"WSLP_all/014711@30.0712769474567,-90.4863706843437.jpg",3,0,203,641,174,641,377
"WSLP_all/014712@30.071377984761,-90.4865942980194.jpg",6,200,285,231,96,431,381
"WSLP_all/014713@30.0727081501502,-90.485650315677.jpg",6,240,275,217,128,457,403
"WSLP_all/014714@30.0714841329671,-90.4862740760842.jpg",2,0,221,419,152,419,373
"WSLP_all/014716@30.0857791384385,-90.4448119287613.jpg",6,220,273,201,100,421,373
"WSLP_all/014718@30.0753622469879,-90.6256025768534.jpg",1,187,284,170,91,357,375
"WSLP_all/014719@30.0582364935966,-90.620185846335.jpg",2,0,109,610,496,610,605
"WSLP_all/014720@30.074796537463,-90.7037392196302.jpg",1,178,288,262,108,440,396
"WSLP_all/014722@30.0311968037241,-90.4674353755316.jpg",1,140,280,271,92,411,372
"WSLP_all/014723@30.029654424776,-90.4647211418834.jpg",6,199,252,222,138,421,390
"WSLP_all/014724@30.055349558826,-90.5511562887707.jpg",2,106,272,535,181,641,453
"WSLP_all/014726@30.041372453733,-90.4684005000368.jpg",1,7,272,467,143,474,415
"WSLP_all/014727@30.0526760685478,-90.54702689637.jpg",2,0,247,569,199,569,446
"WSLP_all/014728@30.0528726530004,-90.546690280459.jpg",1,222,281,404,259,626,540
"WSLP_all/014729@30.0527376885149,-90.5464321442225.jpg",3,0,266,641,254,641,520
"WSLP_all/014730@30.0524046257641,-90.5447721009106.jpg",1,71,257,463,138,534,395
"WSLP_all/014731@30.0841230670361,-90.4793240877068.jpg",1,184,284,243,83,427,367
"WSLP_all/014732@30.0754224970843,-90.4954981042235.jpg",1,312,287,125,96,437,383
"WSLP_all/014733@30.0732111149181,-90.4965094512013.jpg",3,0,241,641,256,641,497
"WSLP_all/014734@30.0717483092649,-90.4906474840429.jpg",4,238,288,122,106,360,394
"WSLP_all/014735@30.0737035245117,-90.4937293793486.jpg",3,0,0,641,443,641,443
"WSLP_all/014737@30.0750713272194,-90.5075692748017.jpg",3,0,213,461,182,461,395
"WSLP_all/014740@30.0767580860122,-90.5526197238655.jpg",1,24,238,329,184,353,422
"WSLP_all/014741@30.0869856047054,-90.445582207359.jpg",6,231,280,209,88,440,368
"WSLP_all/014742@30.0871871919923,-90.4448594534199.jpg",6,198,283,202,95,400,378
"WSLP_all/014744@30.0861294277227,-90.4441289617551.jpg",6,217,285,177,90,394,375
"WSLP_all/014745@30.0863262667568,-90.4442600120072.jpg",6,179,259,195,86,374,345
"WSLP_all/014747@30.0545984962179,-90.46301941137.jpg",1,250,246,314,118,564,364
"WSLP_all/014748@30.0634117580065,-90.5521109657265.jpg",1,222,273,213,137,435,410
"WSLP_all/014749@30.0549755937471,-90.5599185040578.jpg",1,191,272,430,168,621,440
"WSLP_all/014750@30.0547138658993,-90.5550588468031.jpg",1,42,247,293,146,335,393
"WSLP_all/014752@30.061021830533,-90.4880669060809.jpg",1,81,272,405,159,486,431
"WSLP_all/014753@30.0660669617178,-90.4870124655435.jpg",4,239,289,107,139,346,428
"WSLP_all/014754@30.0581805175736,-90.6198069092008.jpg",3,0,212,641,384,641,596
"WSLP_all/014755@30.0440758498686,-90.6130649499286.jpg",1,274,266,313,122,587,388
"WSLP_all/014757@30.0605982138912,-90.5735756504151.jpg",1,28,259,481,128,509,387
"WSLP_all/014758@30.0662516852074,-90.4808777302694.jpg",3,0,234,641,318,641,552
"WSLP_all/014760@30.0641194442392,-90.4829666566709.jpg",3,0,194,641,272,641,466
"WSLP_all/014762@30.0942808928803,-90.469272564355.jpg",1,173,274,257,84,430,358
"WSLP_all/014763@30.0586886450846,-90.6200530030299.jpg",1,85,227,334,289,419,516
"WSLP_all/014764@30.0718447597226,-90.4980290074553.jpg",6,223,288,200,128,423,416
"WSLP_all/014765@30.086388966551,-90.5036367463451.jpg",1,207,279,192,85,399,364
"WSLP_all/014768@30.068239282902,-90.5008950781911.jpg",4,259,278,92,147,351,425
"WSLP_all/014769@30.0732181096152,-90.5075498518903.jpg",6,208,277,229,121,437,398
"WSLP_all/014770@30.0721611992423,-90.4960471877424.jpg",2,225,278,416,84,641,362
"WSLP_all/014771@30.0719779234495,-90.4953468504192.jpg",6,220,283,231,114,451,397
"WSLP_all/014773@30.0548219407089,-90.5596952622235.jpg",3,0,0,641,615,641,615
"WSLP_all/014774@30.0762957120694,-90.5155203884219.jpg",1,166,316,143,84,309,400
"WSLP_all/014775@30.0755760259369,-90.502572740516.jpg",6,202,266,237,111,439,377
"WSLP_all/014776@30.0767900527268,-90.5230507903412.jpg",1,278,267,317,83,595,350
"WSLP_all/014778@30.068504755917,-90.4851043508867.jpg",6,198,272,233,92,431,364
"WSLP_all/014779@30.0311638052448,-90.4673892694149.jpg",1,26,280,280,95,306,375
"WSLP_all/014780@30.0694941322483,-90.4850327001268.jpg",2,320,222,321,198,641,420
"WSLP_all/014782@30.0713206329064,-90.4864461910174.jpg",2,313,201,328,178,641,379
"WSLP_all/014784@30.0725635950106,-90.7037320792883.jpg",1,162,303,364,103,526,406
"WSLP_all/014785@30.0725049108052,-90.7035069344179.jpg",1,221,289,166,139,387,428
"WSLP_all/014786@30.0724697622076,-90.7033735166015.jpg",1,260,296,168,132,428,428
"WSLP_all/014789@30.0723469534696,-90.7030281627374.jpg",1,123,263,272,149,395,412
"WSLP_all/014790@30.0722938487883,-90.7029119633207.jpg",1,312,308,123,91,435,399
"WSLP_all/014791@30.0722627040758,-90.7027994183576.jpg",1,275,281,163,164,438,445
"WSLP_all/014792@30.0722276778612,-90.70267437829.jpg",1,298,305,152,124,450,429
"WSLP_all/014793@30.072193102198,-90.702574501466.jpg",1,274,306,140,118,414,424
"WSLP_all/014794@30.0721469074374,-90.7024371390817.jpg",1,253,310,143,115,396,425
"WSLP_all/014795@30.0721159876757,-90.7023371760007.jpg",1,185,271,216,166,401,437
"WSLP_all/014796@30.0720809611706,-90.7022121673963.jpg",1,263,270,203,174,466,444
"WSLP_all/014797@30.0720463099837,-90.7021080873462.jpg",1,288,283,164,115,452,398
"WSLP_all/014798@30.0720040722869,-90.7019874240254.jpg",4,273,281,97,100,370,381
"WSLP_all/014799@30.0719691204854,-90.7018665891349.jpg",1,295,299,157,109,452,408
"WSLP_all/014800@30.0719306618129,-90.7017542177541.jpg",1,290,293,155,115,445,408
"WSLP_all/014801@30.0718665367707,-90.7016340419677.jpg",1,238,308,138,84,376,392
"WSLP_all/014802@30.071552433522,-90.7014064097734.jpg",1,266,298,95,98,361,396
"WSLP_all/014803@30.0714599348376,-90.701333047409.jpg",1,283,292,168,136,451,428
"WSLP_all/014804@30.0713570190921,-90.7012892797244.jpg",1,278,296,183,127,461,423
"WSLP_all/014805@30.0712610897208,-90.7012285855306.jpg",1,190,313,181,111,371,424
"WSLP_all/014806@30.0711762045253,-90.7011718054774.jpg",1,204,297,174,123,378,420
"WSLP_all/014807@30.0710734120742,-90.7011364473137.jpg",1,257,313,157,100,414,413
"WSLP_all/014808@30.0709920816996,-90.7010754087746.jpg",1,262,305,130,100,392,405
"WSLP_all/014809@30.0708958785916,-90.7009979289049.jpg",4,215,291,145,145,360,436
"WSLP_all/014810@30.0708074596674,-90.7009496439023.jpg",1,205,293,146,124,351,417
"WSLP_all/014811@30.0707040184841,-90.7008765106459.jpg",1,213,295,144,121,357,416
"WSLP_all/014812@30.0706155524149,-90.7008240533105.jpg",1,195,299,151,125,346,424
"WSLP_all/014813@30.0705310157623,-90.7007882323637.jpg",1,179,280,175,139,354,419
"WSLP_all/014816@30.0701547762206,-90.7007633989209.jpg",1,158,296,207,115,365,411
"WSLP_all/014818@30.0700456899561,-90.7009924153656.jpg",1,374,303,167,114,541,417
"WSLP_all/014820@30.0699438151447,-90.7012170862222.jpg",1,315,291,219,121,534,412
"WSLP_all/014821@30.0698951050325,-90.7013524547464.jpg",2,0,287,529,166,529,453
"WSLP_all/014822@30.0698383572601,-90.7014460475595.jpg",2,0,288,543,162,543,450
"WSLP_all/014823@30.0695988552925,-90.701728432187.jpg",1,249,296,151,126,400,422
"WSLP_all/014824@30.069691277697,-90.7017975890829.jpg",1,294,312,213,105,507,417
"WSLP_all/014825@30.0697724575431,-90.7018502516558.jpg",1,320,285,206,119,526,404
"WSLP_all/014826@30.0699160140801,-90.7019224361469.jpg",4,270,299,111,115,381,414
"WSLP_all/014827@30.0699864010885,-90.7019837338525.jpg",1,317,296,171,121,488,417
"WSLP_all/014828@30.0700825555172,-90.7020570093073.jpg",4,265,318,114,134,379,452
"WSLP_all/014829@30.0701783352279,-90.7021093267445.jpg",4,248,324,112,101,360,425
"WSLP_all/014830@30.0702703077284,-90.7021533528376.jpg",1,263,316,127,104,390,420
"WSLP_all/014831@30.0703659370486,-90.702197261466.jpg",1,284,314,135,106,419,420
"WSLP_all/014832@30.0704545529207,-90.7022581288963.jpg",1,292,303,145,111,437,414
"WSLP_all/014833@30.0705358827599,-90.7023191691086.jpg",1,317,302,136,121,453,423
"WSLP_all/014834@30.0706209438162,-90.7023843264767.jpg",3,311,299,171,124,482,423
"WSLP_all/014835@30.0707239343733,-90.7024322984469.jpg",1,293,306,175,111,468,417
"WSLP_all/014836@30.0708051889627,-90.7024891344475.jpg",1,292,299,198,117,490,416
"WSLP_all/014837@30.0709045503109,-90.7025371617388.jpg",1,216,293,180,123,396,416
"WSLP_all/014838@30.0709929678986,-90.7025854793191.jpg",1,267,307,134,108,401,415
"WSLP_all/014839@30.0711628380737,-90.7027031838567.jpg",1,273,294,159,132,432,426
"WSLP_all/014840@30.0712548853681,-90.702751384354.jpg",1,295,294,169,129,464,423
"WSLP_all/014841@30.0713472331054,-90.7028163699166.jpg",1,332,302,143,126,475,428
"WSLP_all/014842@30.0714465935766,-90.702864429955.jpg",3,328,297,200,139,528,436
"WSLP_all/014843@30.0715422977873,-90.7029125432968.jpg",1,306,295,247,125,553,420
"WSLP_all/014844@30.0716309133109,-90.7029734120815.jpg",1,290,295,162,132,452,427
"WSLP_all/014845@30.0717267677801,-90.7030299357703.jpg",1,317,296,169,109,486,405
"WSLP_all/014847@30.0719077299053,-90.7031557910204.jpg",2,294,303,167,121,461,424
"WSLP_all/014848@30.0720249107569,-90.7033879633604.jpg",1,144,302,432,126,576,428
"WSLP_all/014849@30.071754213063,-90.702513352016.jpg",1,174,289,219,122,393,411
"WSLP_all/014850@30.0716545791806,-90.7024485391349.jpg",2,189,309,163,99,352,408
"WSLP_all/014851@30.0715623814451,-90.7023919296227.jpg",1,174,292,164,125,338,417
"WSLP_all/014852@30.0714701086674,-90.7023311478225.jpg",1,190,299,135,112,325,411
"WSLP_all/014853@30.0713634611025,-90.7022832620251.jpg",1,181,310,116,97,297,407
"WSLP_all/014854@30.0712677575561,-90.702235148331.jpg",1,169,296,144,120,313,416
"WSLP_all/014855@30.0711792918874,-90.7021826583764.jpg",1,225,312,110,102,335,414
"WSLP_all/014856@30.0710939294306,-90.7021007459688.jpg",1,151,297,198,113,349,410
"WSLP_all/014857@30.070998224911,-90.7020526325858.jpg",1,154,309,195,101,349,410
"WSLP_all/014858@30.0709131155741,-90.7019832695226.jpg",1,148,296,193,119,341,415
"WSLP_all/014859@30.0708284300859,-90.7019391027485.jpg",1,195,289,157,108,352,397
"WSLP_all/014860@30.0707217823616,-90.7018912166417.jpg",1,205,306,127,102,332,408
"WSLP_all/014861@30.0706367953471,-90.7018302641454.jpg",1,234,303,112,102,346,405
"WSLP_all/014862@30.0705551657339,-90.7017524695039.jpg",1,256,301,131,109,387,410
"WSLP_all/014863@30.0704560564252,-90.7017169932321.jpg",1,258,299,127,101,385,400
"WSLP_all/014864@30.0703671878165,-90.701643545108.jpg",1,192,296,176,108,368,404
"WSLP_all/014865@30.0702677789107,-90.7015913153311.jpg",1,176,299,165,112,341,411
"WSLP_all/014866@30.0701758062174,-90.7015472887205.jpg",3,0,266,641,182,641,448
"WSLP_all/014867@30.0703420631811,-90.7012498431819.jpg",2,0,298,479,135,479,433
"WSLP_all/014868@30.0704380685087,-90.7013147091797.jpg",1,264,291,183,117,447,408
"WSLP_all/014869@30.070519473981,-90.7013799520806.jpg",1,270,287,169,138,439,425
"WSLP_all/014870@30.0706080151837,-90.7014366465221.jpg",1,259,290,135,124,394,414
"WSLP_all/014871@30.0707036447372,-90.7014805546115.jpg",1,280,308,131,108,411,416
"WSLP_all/014872@30.0708031559396,-90.7015369888528.jpg",1,197,313,162,97,359,410
"WSLP_all/014873@30.0708880399318,-90.7015937378937.jpg",1,181,293,187,117,368,410
"WSLP_all/014874@30.0709766841904,-90.7016546360456.jpg",1,186,291,183,125,369,416
"WSLP_all/014875@30.0710866131803,-90.7016814450769.jpg",1,234,319,127,99,361,418
"WSLP_all/014876@30.0711717977084,-90.701754980383.jpg",1,205,308,155,109,360,417
"WSLP_all/014877@30.0712569340718,-90.701824311106.jpg",1,178,300,165,122,343,422
"WSLP_all/014878@30.0713457755018,-90.7018977602184.jpg",1,234,296,142,121,376,417
"WSLP_all/014880@30.0715548127637,-90.7019600454197.jpg",1,259,303,142,114,401,417
"WSLP_all/014881@30.0716571705375,-90.7021800106857.jpg",1,207,321,278,106,485,427
"WSLP_all/014885@30.0734987238121,-90.6994763268542.jpg",6,212,298,145,83,357,381
"WSLP_all/014886@30.0734124709604,-90.6994324542042.jpg",6,228,283,135,84,363,367
"WSLP_all/014887@30.0687102213457,-90.7028361825444.jpg",1,204,293,297,84,501,377
"WSLP_all/014888@30.0683479489409,-90.7032362482244.jpg",1,237,316,128,104,365,420
"WSLP_all/014889@30.0682825830961,-90.7021384679305.jpg",1,197,256,256,152,453,408
"WSLP_all/014890@30.07319029048,-90.6993305780217.jpg",6,231,285,151,90,382,375
"WSLP_all/014892@30.0725280451123,-90.6985071507087.jpg",6,257,286,108,103,365,389
"WSLP_all/014893@30.0732730105794,-90.6996060604485.jpg",6,238,274,147,102,385,376
"WSLP_all/014894@30.0731713899374,-90.6995516306684.jpg",6,222,274,179,87,401,361
"WSLP_all/014895@30.073115035496,-90.699480853064.jpg",6,244,291,120,95,364,386
"WSLP_all/014896@30.0730516135663,-90.6994386070213.jpg",6,270,293,133,88,403,381
"WSLP_all/014898@30.0728268516282,-90.6992974797985.jpg",6,275,270,113,121,388,391
"WSLP_all/014899@30.0727708668479,-90.6992463657638.jpg",6,264,277,126,83,390,360
"WSLP_all/014903@30.0723160548339,-90.6988768243582.jpg",6,248,279,120,82,368,361
"WSLP_all/014904@30.0723161728274,-90.6989925695669.jpg",6,237,277,150,94,387,371
"WSLP_all/014906@30.0723296285694,-90.6992172409317.jpg",6,245,269,146,103,391,372
"WSLP_all/014908@30.0721741340086,-90.7055866533374.jpg",1,293,325,120,97,413,422
"WSLP_all/014909@30.069582834619,-90.7039658910828.jpg",3,281,314,136,104,417,418
"WSLP_all/014910@30.0694093771636,-90.7038511173191.jpg",2,290,316,119,90,409,406
"WSLP_all/014913@30.0491092151281,-90.7546444010815.jpg",3,165,274,278,91,443,365
"WSLP_all/014914@30.0491094592535,-90.7542120286633.jpg",6,204,275,187,81,391,356
"WSLP_all/014915@30.0655597055144,-90.7014782626592.jpg",1,300,306,198,118,498,424
"WSLP_all/014917@30.0661949808481,-90.7018991255329.jpg",1,378,316,113,83,491,399
"WSLP_all/014920@30.0613796584772,-90.7502970988877.jpg",1,91,270,454,108,545,378
"WSLP_all/014921@30.0614001470736,-90.7523454536121.jpg",1,251,285,229,132,480,417
"WSLP_all/014924@30.0591056069505,-90.7527987343259.jpg",3,121,261,437,155,558,416
"WSLP_all/014925@30.0591147033665,-90.752267512176.jpg",4,306,285,83,121,389,406
"WSLP_all/014926@30.0587939282075,-90.7528643095452.jpg",2,0,291,514,119,514,410
"WSLP_all/014927@30.0584805171511,-90.7538915749972.jpg",3,101,310,475,124,576,434
"WSLP_all/014931@30.0593982453327,-90.7550248587487.jpg",6,209,279,239,95,448,374
"WSLP_all/014932@30.0594839594112,-90.7555706735195.jpg",6,216,277,185,90,401,367
"WSLP_all/014933@30.0599022397173,-90.7542943258246.jpg",3,0,273,641,234,641,507
"WSLP_all/014934@30.0598942794445,-90.75467918248.jpg",3,0,273,641,216,641,489
"WSLP_all/014935@30.0598725241073,-90.755110335665.jpg",3,0,241,641,281,641,522
"WSLP_all/014937@30.0537628464854,-90.753886439456.jpg",1,174,300,172,89,346,389
"WSLP_all/014944@30.0504098172097,-90.7532356341852.jpg",6,223,260,170,140,393,400
"WSLP_all/014945@30.0503717947375,-90.7529127819889.jpg",6,206,265,233,118,439,383
"WSLP_all/014946@30.0502940424532,-90.752292059956.jpg",6,217,279,215,87,432,366
"WSLP_all/014947@30.0502428204197,-90.7519570848081.jpg",6,219,274,256,97,475,371
"WSLP_all/014948@30.0501268996834,-90.7515115099591.jpg",6,205,270,260,120,465,390
"WSLP_all/014949@30.051718710427,-90.7552255915676.jpg",6,220,277,179,93,399,370
"WSLP_all/014952@30.0510501869483,-90.7549156546999.jpg",5,269,291,298,124,567,415
"WSLP_all/014953@30.0462285620629,-90.7456536310175.jpg",6,227,283,212,90,439,373
"WSLP_all/014957@30.0447944900401,-90.7468298689344.jpg",1,86,307,412,86,498,393
"WSLP_all/014960@30.0424966997553,-90.7462665725096.jpg",1,158,304,279,90,437,394
"WSLP_all/014964@30.0451991438901,-90.7488129532953.jpg",2,121,298,410,99,531,397
"WSLP_all/014965@30.0438047470798,-90.749361476692.jpg",6,215,288,257,86,472,374
"WSLP_all/014970@30.04251092307,-90.752389003808.jpg",6,237,288,176,88,413,376
"WSLP_all/014971@30.0318801203561,-90.4675481755274.jpg",1,168,251,221,102,389,353
"WSLP_all/014972@30.0319456073336,-90.4668728420744.jpg",6,153,253,309,120,462,373
"WSLP_all/014973@30.0313637647458,-90.4663970864793.jpg",1,143,286,461,83,604,369
"WSLP_all/014974@30.0314392418263,-90.4662205897306.jpg",1,353,289,135,118,488,407
"WSLP_all/014975@30.0314798679941,-90.4660550463973.jpg",1,323,291,164,98,487,389
"WSLP_all/014976@30.0315296434772,-90.4659094283341.jpg",1,343,284,117,112,460,396
"WSLP_all/014977@30.0315547549012,-90.4656972774218.jpg",1,123,296,486,98,609,394
"WSLP_all/014979@30.0317698557919,-90.4653392992092.jpg",1,309,291,126,102,435,393
"WSLP_all/014980@30.0318029551599,-90.4652377228523.jpg",1,284,291,122,103,406,394
"WSLP_all/014981@30.0318367089764,-90.4650186703016.jpg",1,348,296,125,107,473,403
"WSLP_all/014982@30.0318509497631,-90.4648470660772.jpg",1,317,309,121,94,438,403
"WSLP_all/014983@30.0319036382871,-90.4647013571936.jpg",4,223,359,225,114,448,473
"WSLP_all/014984@30.0318833302821,-90.4645575180725.jpg",1,24,279,538,122,562,401
"WSLP_all/014985@30.0319261777353,-90.4642039129527.jpg",3,159,255,482,156,641,411
"WSLP_all/014994@30.0306221915,-90.466570398576.jpg",4,259,284,94,129,353,413
"WSLP_all/014995@30.030765122104,-90.4667111175056.jpg",3,153,275,174,133,327,408
"WSLP_all/014996@30.0308664263967,-90.466510473381.jpg",1,141,278,212,116,353,394
"WSLP_all/014998@30.0310141083581,-90.4661407608014.jpg",2,0,277,364,125,364,402
"WSLP_all/014999@30.0310625902261,-90.4659280292822.jpg",1,137,267,159,146,296,413
"WSLP_all/015000@30.0311385237896,-90.4657750413171.jpg",1,85,276,232,118,317,394
"WSLP_all/015001@30.031205559178,-90.4656155247988.jpg",1,185,283,172,149,357,432
"WSLP_all/015002@30.0312736308701,-90.4653586628087.jpg",2,0,270,357,132,357,402
"WSLP_all/015003@30.031349437092,-90.4651989118206.jpg",1,71,254,262,156,333,410
"WSLP_all/015004@30.0314272427499,-90.4649921500132.jpg",5,122,256,211,183,333,439
"WSLP_all/015005@30.0319928332111,-90.4666069944614.jpg",6,173,270,300,140,473,410
"WSLP_all/015006@30.0320599923014,-90.4661443686371.jpg",6,180,238,233,147,413,385
"WSLP_all/015007@30.032063959629,-90.4657447398991.jpg",6,176,223,309,281,485,504
"WSLP_all/015008@30.0321398686563,-90.4648330133222.jpg",2,30,290,231,126,261,416
"WSLP_all/015009@30.0319082166246,-90.4672124933889.jpg",6,184,199,320,177,504,376
"WSLP_all/015014@30.0318370825475,-90.4665529160921.jpg",6,223,265,234,106,457,371
"WSLP_all/015016@30.031832909266,-90.465881570517.jpg",6,134,256,391,118,525,374
"WSLP_all/015017@30.0311129296595,-90.4671756314427.jpg",1,101,273,273,129,374,402
"WSLP_all/015018@30.0311544173758,-90.4669026621166.jpg",1,237,278,231,127,468,405
"WSLP_all/015019@30.0313675558006,-90.467048301783.jpg",1,247,271,252,81,499,352
"WSLP_all/015020@30.0283836917225,-90.4675165631719.jpg",4,235,280,325,128,560,408
"WSLP_all/015021@30.0282782150994,-90.4670245159969.jpg",6,197,288,249,84,446,372
"WSLP_all/015023@30.0276651904014,-90.4678156277463.jpg",1,149,269,174,133,323,402
"WSLP_all/015025@30.0215128195308,-90.4582114006903.jpg",1,154,297,383,83,537,380
"WSLP_all/015026@30.004925600623,-90.4573731181197.jpg",1,229,323,301,175,530,498
"WSLP_all/015027@30.0039432117452,-90.4573580506746.jpg",2,0,283,544,149,544,432
"WSLP_all/015028@30.0041446740165,-90.4572926805269.jpg",3,3,276,610,163,613,439
"WSLP_all/015029@30.0042946571401,-90.4572767982564.jpg",1,167,259,318,180,485,439
"WSLP_all/015030@30.0044437691863,-90.4572167853932.jpg",1,60,265,430,196,490,461
"WSLP_all/015031@30.0047285163273,-90.4571211737744.jpg",1,30,280,407,179,437,459
"WSLP_all/015032@30.0049231851151,-90.4570680275692.jpg",2,0,251,478,223,478,474
"WSLP_all/015033@30.004758479267,-90.4568634132293.jpg",1,39,284,602,268,641,552
"WSLP_all/015035@30.0027913130529,-90.4572508903003.jpg",1,8,283,624,119,632,402
"WSLP_all/015036@30.0030285355856,-90.4572287750418.jpg",1,127,278,234,231,361,509
"WSLP_all/015037@30.0040449241835,-90.4570141347854.jpg",4,348,298,150,239,498,537
"WSLP_all/015038@30.0052447807242,-90.4583367417087.jpg",1,47,286,537,125,584,411
"WSLP_all/015039@30.0049987050929,-90.4580820029425.jpg",2,0,293,641,181,641,474
"WSLP_all/015040@30.0059431385126,-90.4570379599794.jpg",1,149,265,206,138,355,403
"WSLP_all/015041@30.0061489357272,-90.4570166576342.jpg",1,149,290,423,137,572,427
"WSLP_all/015042@30.0053889605359,-90.4569356593805.jpg",2,0,241,463,241,463,482
"WSLP_all/015043@30.0051595641548,-90.457001749202.jpg",1,0,243,475,236,475,479
"WSLP_all/015044@30.0063119416612,-90.4549645626637.jpg",6,139,218,408,243,547,461
"WSLP_all/015045@30.0062991266773,-90.4546636986091.jpg",6,175,244,211,116,386,360
"WSLP_all/015046@30.0069140067772,-90.454652025323.jpg",6,184,239,279,96,463,335
"WSLP_all/015047@30.0314827408673,-90.4646885910341.jpg",1,241,231,239,238,480,469
"WSLP_all/015048@30.0314974105867,-90.4645404963.jpg",1,195,273,446,181,641,454
"WSLP_all/015049@30.0312463069046,-90.4645468877167.jpg",1,375,270,260,122,635,392
"WSLP_all/015050@30.0314872319325,-90.4641647586905.jpg",1,24,253,476,152,500,405
"WSLP_all/015051@30.031182106802,-90.4639442371227.jpg",3,62,286,294,93,356,379
"WSLP_all/015052@30.0312563225616,-90.4640061326895.jpg",3,214,288,274,91,488,379
"WSLP_all/015053@30.0315481555736,-90.4639919578188.jpg",1,221,263,249,142,470,405
"WSLP_all/015054@30.0315377364872,-90.4639049500336.jpg",1,279,271,181,146,460,417
"WSLP_all/015055@30.0315406440585,-90.4637537983926.jpg",1,62,238,302,164,364,402
"WSLP_all/015056@30.0315546016422,-90.4635687966827.jpg",1,318,273,140,117,458,390
"WSLP_all/015057@30.0315694244196,-90.4634274004671.jpg",1,258,244,189,180,447,424
"WSLP_all/015058@30.0315749412071,-90.4632594124004.jpg",1,131,251,268,137,399,388
"WSLP_all/015059@30.031583450235,-90.463094685017.jpg",1,205,258,275,149,480,407
"WSLP_all/015060@30.0316150384253,-90.4627648820918.jpg",1,242,288,157,126,399,414
"WSLP_all/015061@30.0316214209771,-90.4626404984289.jpg",3,207,261,199,154,406,415
"WSLP_all/015062@30.0316328436158,-90.4624756822126.jpg",1,275,268,180,148,455,416
"WSLP_all/015063@30.0316527048842,-90.4622939164209.jpg",1,117,243,321,180,438,423
"WSLP_all/015064@30.0316616605126,-90.4620016012068.jpg",1,232,279,144,120,376,399
"WSLP_all/015065@30.0317010618409,-90.4617722906363.jpg",1,184,243,195,171,379,414
"WSLP_all/015066@30.0317210494847,-90.4615972236141.jpg",1,278,261,173,151,451,412
"WSLP_all/015067@30.0317298867526,-90.4614492744346.jpg",1,178,261,191,158,369,419
"WSLP_all/015068@30.0317832240187,-90.4611860256205.jpg",2,0,244,641,184,641,428
"WSLP_all/015069@30.0319344835787,-90.4640291366105.jpg",1,178,298,187,114,365,412
"WSLP_all/015070@30.0319461116361,-90.4638743996073.jpg",1,237,275,179,116,416,391
"WSLP_all/015071@30.031955917179,-90.4637767864062.jpg",1,215,278,152,121,367,399
"WSLP_all/015072@30.0319171292866,-90.4635830481701.jpg",1,261,276,155,138,416,414
"WSLP_all/015073@30.0319545559657,-90.4634041616364.jpg",1,234,273,160,135,394,408
"WSLP_all/015074@30.0319553360025,-90.4632933533069.jpg",1,266,298,187,101,453,399
"WSLP_all/015075@30.0320010946584,-90.462939690839.jpg",3,197,291,159,115,356,406
"WSLP_all/015076@30.0320183728155,-90.4627747285514.jpg",2,0,306,143,98,143,404
"WSLP_all/015077@30.0320419884269,-90.4626364783537.jpg",1,253,308,123,82,376,390
"WSLP_all/015078@30.0320444139975,-90.462458498328.jpg",1,230,263,166,137,396,400
"WSLP_all/015079@30.0320586729085,-90.4622902743837.jpg",1,232,303,117,87,349,390
"WSLP_all/015080@30.0320707564702,-90.4621590146899.jpg",1,242,278,152,129,394,407
"WSLP_all/015082@30.0320937262832,-90.4618361429432.jpg",1,224,296,135,108,359,404
"WSLP_all/015083@30.0321108003088,-90.4616611307865.jpg",1,213,283,150,108,363,391
"WSLP_all/015084@30.0321343637126,-90.4615195315925.jpg",1,225,276,151,123,376,399
"WSLP_all/015085@30.0321342931647,-90.4612140210164.jpg",1,237,293,137,120,374,413
"WSLP_all/015086@30.0321600094171,-90.4610320752855.jpg",1,199,293,169,106,368,399
"WSLP_all/015087@30.0321690235908,-90.4608941741176.jpg",1,234,303,132,110,366,413
"WSLP_all/015088@30.0321419164766,-90.4607001445736.jpg",1,232,305,128,94,360,399
"WSLP_all/015089@30.0321545561234,-90.4605991238093.jpg",1,343,293,145,120,488,413
"WSLP_all/015090@30.0321873979301,-90.4604841473514.jpg",1,294,293,309,120,603,413
"WSLP_all/015091@30.0322124504435,-90.4602686450591.jpg",1,274,266,194,100,468,366
"WSLP_all/015093@30.0322412723467,-90.4599455935804.jpg",1,210,263,170,141,380,404
"WSLP_all/015094@30.0322470386671,-90.459791002331.jpg",1,296,308,117,91,413,399
"WSLP_all/015095@30.0322353691755,-90.4596402291476.jpg",1,285,300,119,107,404,407
"WSLP_all/015096@30.0322448896131,-90.4595292173511.jpg",1,348,300,125,103,473,403
"WSLP_all/015097@30.0322758467984,-90.4593169176212.jpg",1,246,284,172,83,418,367
"WSLP_all/015098@30.032281640347,-90.4591623260366.jpg",1,271,279,130,123,401,402
"WSLP_all/015099@30.03229610001,-90.4590041818467.jpg",1,295,293,133,101,428,394
"WSLP_all/015100@30.0323256170057,-90.4588691332805.jpg",1,254,290,194,92,448,382
"WSLP_all/015101@30.0323305570465,-90.4585198392004.jpg",2,0,259,301,153,301,412
"WSLP_all/015102@30.0323435264191,-90.458435565537.jpg",3,412,293,159,83,571,376
"WSLP_all/015105@30.0319132850332,-90.4585439160808.jpg",1,139,261,203,141,342,402
"WSLP_all/015106@30.0318931748651,-90.4587122860396.jpg",1,167,289,222,89,389,378
"WSLP_all/015107@30.031884467462,-90.4588669658572.jpg",1,203,280,168,129,371,409
"WSLP_all/015108@30.0318817431906,-90.4590281678795.jpg",1,242,291,156,108,398,399
"WSLP_all/015109@30.0318729357069,-90.4591761172616.jpg",2,0,285,490,124,490,409
"WSLP_all/015110@30.0318601417205,-90.4592704391258.jpg",2,129,284,440,125,569,409
"WSLP_all/015111@30.0316345331668,-90.4592359155716.jpg",1,262,303,124,94,386,397
"WSLP_all/015112@30.0314967243362,-90.4592092179099.jpg",1,239,303,140,87,379,390
"WSLP_all/015114@30.0315581738108,-90.4596675908865.jpg",1,266,288,152,121,418,409
"WSLP_all/015115@30.0317095374138,-90.4596402229376.jpg",1,194,211,262,185,456,396
"WSLP_all/015117@30.031859944818,-90.4600157436918.jpg",1,0,264,641,154,641,418
"WSLP_all/015118@30.0316877933937,-90.4600268590635.jpg",1,260,318,208,98,468,416
"WSLP_all/015120@30.0314080757876,-90.4600642312533.jpg",1,327,290,245,100,572,390
"WSLP_all/015121@30.0312738442998,-90.4600710007286.jpg",1,332,294,141,129,473,423
"WSLP_all/015122@30.0311960353842,-90.4601267025642.jpg",1,152,288,157,135,309,423
"WSLP_all/015123@30.0310759355426,-90.4607139305869.jpg",2,199,270,291,89,490,359
"WSLP_all/015124@30.0312870603787,-90.4606044734327.jpg",1,318,243,206,185,524,428
"WSLP_all/015125@30.0314290971943,-90.4605471344739.jpg",1,360,278,257,116,617,394
"WSLP_all/015126@30.0315780053373,-90.4605433342298.jpg",1,370,233,191,180,561,413
"WSLP_all/015127@30.0317088912671,-90.4605131130363.jpg",2,352,256,289,130,641,386
"WSLP_all/015128@30.0318495371931,-90.4605364065353.jpg",1,32,280,336,179,368,459
"WSLP_all/015129@30.0318184618286,-90.4608930703684.jpg",2,1,251,640,148,641,399
"WSLP_all/015130@30.0297684806035,-90.467684737569.jpg",1,174,303,106,82,280,385
"WSLP_all/015131@30.0298695593199,-90.4671525541953.jpg",1,18,321,311,106,329,427
"WSLP_all/015132@30.0294869511629,-90.4677186889855.jpg",2,1,229,640,263,641,492
"WSLP_all/015133@30.0296721436968,-90.4671188738447.jpg",1,189,315,289,125,478,440
"WSLP_all/015134@30.0135891105031,-90.4658989935947.jpg",3,1,278,221,129,222,407
"WSLP_all/015135@30.0157244510892,-90.4645144885774.jpg",1,228,278,187,133,415,411
"WSLP_all/015137@30.021604084226,-90.4573548363521.jpg",2,455,261,186,99,641,360
"WSLP_all/015138@30.0145426446584,-90.4642411622038.jpg",6,197,280,281,105,478,385
"WSLP_all/015139@30.0136854527974,-90.4650792404424.jpg",6,195,254,265,89,460,343
"WSLP_all/015141@30.0032864603676,-90.45900106988.jpg",1,134,283,311,110,445,393
"WSLP_all/015142@30.0034593364046,-90.4589042975772.jpg",2,0,221,393,283,393,504
"WSLP_all/015143@30.0036221982907,-90.4588318765828.jpg",1,171,313,171,124,342,437
"WSLP_all/015144@30.003785523173,-90.4587835265101.jpg",1,161,301,206,134,367,435
"WSLP_all/015145@30.0039279791289,-90.4587397512127.jpg",1,226,285,175,133,401,418
"WSLP_all/015146@30.0040986144512,-90.4587072915607.jpg",4,239,261,219,132,458,393
"WSLP_all/015148@30.0600875201302,-90.5513783282635.jpg",1,80,268,201,123,281,391
"WSLP_all/015149@30.0606315560242,-90.5514025113367.jpg",1,16,298,265,142,281,440
"WSLP_all/015150@30.0606350301525,-90.5513392595159.jpg",1,9,295,272,147,281,442
"WSLP_all/015151@30.0563803096058,-90.5509427284358.jpg",4,225,293,250,101,475,394
"WSLP_all/015152@30.0567627404367,-90.550680516036.jpg",3,147,266,432,164,579,430
"WSLP_all/015153@30.0556727852431,-90.5506068850862.jpg",1,159,290,157,120,316,410
"WSLP_all/015154@30.0558100601339,-90.5506026460748.jpg",1,309,278,171,164,480,442
"WSLP_all/015155@30.055661663959,-90.5503319592551.jpg",1,144,286,155,134,299,420
"WSLP_all/015156@30.0532095074651,-90.5480816234795.jpg",5,180,311,347,126,527,437
"WSLP_all/015158@30.0557618021181,-90.5477991470042.jpg",1,251,308,247,117,498,425
"WSLP_all/015159@30.0452418060396,-90.4713759740772.jpg",1,52,256,333,152,385,408
"WSLP_all/015160@30.0441660508359,-90.4698175540393.jpg",2,0,295,636,156,636,451
"WSLP_all/015161@30.0443573242984,-90.4696989502999.jpg",1,142,306,499,128,641,434
"WSLP_all/015162@30.0441740632446,-90.4695045731029.jpg",1,251,288,390,140,641,428
"WSLP_all/015163@30.0556169432196,-90.5467950662432.jpg",5,330,313,81,95,411,408
"WSLP_all/015164@30.0542651226844,-90.5467361901949.jpg",1,162,293,341,118,503,411
"WSLP_all/015165@30.0536401106174,-90.5467411221949.jpg",1,263,315,190,141,453,456
"WSLP_all/015166@30.0550279463709,-90.5465499907011.jpg",1,254,300,172,151,426,451
"WSLP_all/015167@30.0551445795135,-90.5464921711188.jpg",1,259,246,291,210,550,456
"WSLP_all/015168@30.0549124066059,-90.5465192921806.jpg",1,211,286,165,146,376,432
"WSLP_all/015169@30.0552495688421,-90.5465197918988.jpg",1,271,274,301,168,572,442
"WSLP_all/015170@30.0548036261071,-90.5465106676866.jpg",1,121,256,277,219,398,475
"WSLP_all/015171@30.058402398537,-90.5463336846042.jpg",6,173,263,193,98,366,361
"WSLP_all/015172@30.0553947220529,-90.5462278273093.jpg",2,0,286,415,302,415,588
"WSLP_all/015173@30.0555561561723,-90.5462170693721.jpg",1,0,300,466,171,466,471
"WSLP_all/015174@30.056696563139,-90.5462428362964.jpg",1,111,298,530,153,641,451
"WSLP_all/015175@30.0554782245523,-90.5460880810539.jpg",2,1,283,640,249,641,532
"WSLP_all/015176@30.0584785454624,-90.5459569052354.jpg",3,43,280,362,110,405,390
"WSLP_all/015177@30.0541567043871,-90.5458171857139.jpg",1,153,288,292,216,445,504
"WSLP_all/015178@30.0597794330739,-90.5456147017814.jpg",1,0,298,567,142,567,440
"WSLP_all/015179@30.0600042702407,-90.5455244110714.jpg",3,253,311,168,98,421,409
"WSLP_all/015180@30.0564185853548,-90.5451765788489.jpg",2,3,283,638,145,641,428
"WSLP_all/015181@30.0569776587915,-90.545273313909.jpg",2,1,285,640,139,641,424
"WSLP_all/015182@30.0573566375557,-90.545286123322.jpg",1,0,308,442,110,442,418
"WSLP_all/015183@30.0527750989346,-90.539518770667.jpg",2,171,303,470,106,641,409
"WSLP_all/015184@30.0544639441346,-90.5391165131809.jpg",2,0,244,641,193,641,437
"WSLP_all/015185@30.0599867074918,-90.5444781876313.jpg",1,256,262,318,232,574,494
"WSLP_all/015186@30.0591474143377,-90.5444532180943.jpg",1,85,306,321,188,406,494
"WSLP_all/015187@30.0536226770703,-90.5384594031743.jpg",2,0,278,641,203,641,481
"WSLP_all/015188@30.0603199905238,-90.5441341371855.jpg",1,20,275,580,164,600,439
"WSLP_all/015190@30.053967358393,-90.5439031004667.jpg",1,149,270,220,187,369,457
"WSLP_all/015191@30.056062152831,-90.5439876661482.jpg",1,43,218,360,319,403,537
"WSLP_all/015192@30.0542006953352,-90.536893243583.jpg",3,119,283,247,205,366,488
"WSLP_all/015193@30.0527575500387,-90.5366803442408.jpg",2,0,275,611,132,611,407
"WSLP_all/015194@30.0513344490941,-90.5365399913216.jpg",1,185,278,302,174,487,452
"WSLP_all/015195@30.0523790338453,-90.5432455527392.jpg",4,185,298,352,114,537,412
"WSLP_all/015196@30.0559173344324,-90.5426516728754.jpg",2,0,298,641,173,641,471
"WSLP_all/015197@30.0554752195538,-90.542579314214.jpg",2,3,256,638,304,641,560
"WSLP_all/015198@30.0513183088985,-90.5351050523427.jpg",1,246,315,103,83,349,398
"WSLP_all/015199@30.0535548392803,-90.5345276435523.jpg",1,384,303,166,144,550,447
"WSLP_all/015200@30.0534829028568,-90.5344776439398.jpg",1,119,293,225,123,344,416
"WSLP_all/015201@30.0569782968453,-90.5414135815312.jpg",2,365,283,276,120,641,403
"WSLP_all/015202@30.0533078561634,-90.534447436772.jpg",1,214,283,206,184,420,467
"WSLP_all/015203@30.0531921851956,-90.5412160673368.jpg",2,0,261,641,214,641,475
"WSLP_all/015204@30.0607810303976,-90.5362558346033.jpg",1,77,261,423,173,500,434
"WSLP_all/015205@30.0600745679767,-90.5354838233801.jpg",1,243,308,257,141,500,449
"WSLP_all/015206@30.0599576164926,-90.5344131072511.jpg",1,340,288,199,105,539,393
"WSLP_all/015207@30.0610729021162,-90.5341639132653.jpg",1,161,300,155,108,316,408
"WSLP_all/015208@30.056970044121,-90.5365929371628.jpg",1,141,289,189,172,330,461
"WSLP_all/015209@30.0570436162131,-90.5351508774861.jpg",1,201,294,180,157,381,451
"WSLP_all/015210@30.0569019554969,-90.535098272918.jpg",1,180,303,188,96,368,399
"WSLP_all/015211@30.0550593704119,-90.5376039431909.jpg",1,151,265,297,186,448,451
"WSLP_all/015212@30.0508969186019,-90.5331107202936.jpg",1,33,303,245,182,278,485
"WSLP_all/015214@30.0538386474419,-90.5304697779233.jpg",2,0,270,147,150,147,420
"WSLP_all/015215@30.0530693095887,-90.52991331662.jpg",1,104,280,406,118,510,398
"WSLP_all/015216@30.056591365134,-90.5337888991444.jpg",2,0,268,140,123,140,391
"WSLP_all/015217@30.0569444032009,-90.5334193770118.jpg",2,172,288,300,117,472,405
"WSLP_all/015218@30.0567317218607,-90.53335470049.jpg",2,384,289,257,99,641,388
"WSLP_all/015219@30.0563041357583,-90.5332759436316.jpg",1,188,295,213,110,401,405
"WSLP_all/015220@30.0558724408389,-90.5349263346338.jpg",1,181,293,415,116,596,409
"WSLP_all/015221@30.0557082201795,-90.5348992003141.jpg",1,156,305,196,129,352,434
"WSLP_all/015222@30.0555809903898,-90.5346188840797.jpg",3,294,265,327,209,621,474
"WSLP_all/015223@30.0554158680682,-90.5342345560682.jpg",1,294,308,172,134,466,442
"WSLP_all/015224@30.0550379281703,-90.5341712037175.jpg",2,0,241,493,206,493,447
"WSLP_all/015225@30.0557647530272,-90.5331854405357.jpg",1,219,321,134,107,353,428
"WSLP_all/015226@30.0558561094907,-90.5331594185595.jpg",1,210,303,151,96,361,399
"WSLP_all/015231@30.0753521047928,-90.5481379595473.jpg",6,196,265,262,120,458,385
"WSLP_all/015232@30.075212820794,-90.548132733544.jpg",6,200,281,261,97,461,378
"WSLP_all/015233@30.0750636144962,-90.5481465558509.jpg",6,169,253,292,125,461,378
"WSLP_all/015234@30.0748550995732,-90.5481197435373.jpg",6,196,261,262,119,458,380
"WSLP_all/015235@30.0745457174255,-90.5481063727612.jpg",6,185,261,224,110,409,371
"WSLP_all/015236@30.0765468285574,-90.5481380317288.jpg",6,166,236,287,143,453,379
"WSLP_all/015237@30.0754936490463,-90.5481305209562.jpg",6,190,273,194,98,384,371
"WSLP_all/015238@30.0763800046547,-90.5401654496386.jpg",1,322,261,239,161,561,422
"WSLP_all/015239@30.0762896784779,-90.5401345512566.jpg",1,112,263,304,174,416,437
"WSLP_all/015240@30.073101760392,-90.539609799492.jpg",1,354,288,279,125,633,413
"WSLP_all/015241@30.0751631529292,-90.5394226495937.jpg",4,166,284,290,115,456,399
"WSLP_all/015242@30.0732889906273,-90.5392162649609.jpg",3,361,283,171,97,532,380
"WSLP_all/015243@30.0728460614482,-90.5391186224674.jpg",1,67,303,170,120,237,423
"WSLP_all/015244@30.0768933534497,-90.6275867597994.jpg",6,164,265,375,119,539,384
"WSLP_all/015245@30.079636576617,-90.5510921388144.jpg",1,112,223,440,165,552,388
"WSLP_all/015246@30.0804286874701,-90.5515633624753.jpg",4,194,273,351,119,545,392
"WSLP_all/015247@30.0777776814208,-90.5495922377567.jpg",6,197,265,236,121,433,386
"WSLP_all/015248@30.0784526822304,-90.5492359691294.jpg",6,191,265,292,95,483,360
"WSLP_all/015249@30.0783697479849,-90.5492176509043.jpg",6,156,261,439,173,595,434
"WSLP_all/015251@30.0781358849746,-90.5492194909665.jpg",6,211,243,255,125,466,368
"WSLP_all/015252@30.0780637280047,-90.5491916026699.jpg",6,185,247,263,100,448,347
"WSLP_all/015253@30.0781984379421,-90.5492000280778.jpg",6,208,256,233,114,441,370
"WSLP_all/015254@30.0782613949346,-90.5491837237736.jpg",6,187,258,331,108,518,366
"WSLP_all/015255@30.0777585069115,-90.549175033625.jpg",6,198,265,265,96,463,361
"WSLP_all/015257@30.0779125454713,-90.5491738215681.jpg",6,173,231,413,124,586,355
"WSLP_all/015258@30.0524858244231,-90.4697201952336.jpg",2,254,295,387,95,641,390
"WSLP_all/015259@30.0521894236534,-90.4696247728423.jpg",1,224,293,331,120,555,413
"WSLP_all/015260@30.0513962965681,-90.4698244639334.jpg",6,199,276,231,90,430,366
"WSLP_all/015261@30.0515607779636,-90.46962073685.jpg",4,286,318,256,103,542,421
"WSLP_all/015264@30.0515751274247,-90.4699303873622.jpg",6,210,274,243,93,453,367
"WSLP_all/015265@30.0517353606766,-90.469745662667.jpg",2,489,288,152,124,641,412
"WSLP_all/015266@30.0516603151967,-90.4700055125531.jpg",6,187,259,241,121,428,380
"WSLP_all/015267@30.0517506660725,-90.470058466421.jpg",1,309,305,169,101,478,406
"WSLP_all/015268@30.0519002715231,-90.4698675127678.jpg",1,375,303,180,131,555,434
"WSLP_all/015269@30.0518254530306,-90.4701368428827.jpg",1,202,303,161,107,363,410
"WSLP_all/015270@30.0519057603565,-90.4701930448898.jpg",5,0,313,178,134,178,447
"WSLP_all/015271@30.0519813764494,-90.4699237076928.jpg",3,165,306,166,126,331,432
"WSLP_all/015272@30.0519874279998,-90.4702555571497.jpg",3,228,305,302,174,530,479
"WSLP_all/015273@30.0521465199338,-90.4700392333851.jpg",3,80,294,408,177,488,471
"WSLP_all/015274@30.0520610162537,-90.4699830763708.jpg",5,0,318,150,91,150,409
"WSLP_all/015275@30.0522282530316,-90.4695327680435.jpg",1,265,303,125,104,390,407
"WSLP_all/015276@30.0522492372342,-90.4694409178254.jpg",1,251,291,116,98,367,389
"WSLP_all/015277@30.0522720499654,-90.4693553736785.jpg",1,243,300,115,102,358,402
"WSLP_all/015278@30.0522947797015,-90.4692571862908.jpg",1,220,295,140,102,360,397
"WSLP_all/015279@30.0523194073998,-90.4691716252906.jpg",1,211,303,158,88,369,391
"WSLP_all/015280@30.0523427359665,-90.4690892375297.jpg",1,260,283,113,115,373,398
"WSLP_all/015281@30.0512034756388,-90.469677568759.jpg",6,185,241,330,164,515,405
"WSLP_all/015282@30.0512829336883,-90.4694240045027.jpg",4,199,313,241,109,440,422
"WSLP_all/015283@30.0513748174318,-90.469492749116.jpg",4,214,315,238,94,452,409
"WSLP_all/015284@30.0514679317127,-90.4695520003315.jpg",4,178,310,238,151,416,461
"WSLP_all/015285@30.0512987677177,-90.4697209964353.jpg",6,213,254,314,186,527,440
"WSLP_all/015286@30.0520389304029,-90.468649334356.jpg",1,216,298,178,117,394,415
"WSLP_all/015287@30.052070339894,-90.4685036571356.jpg",1,275,308,176,98,451,406
"WSLP_all/015288@30.0513954262535,-90.468405201073.jpg",1,293,300,155,108,448,408
"WSLP_all/015289@30.0508154239788,-90.4693269062723.jpg",6,204,280,269,136,473,416
"WSLP_all/015290@30.0510962575645,-90.4692960236932.jpg",4,204,308,177,96,381,404
"WSLP_all/015291@30.0511896877177,-90.4693489499323.jpg",4,258,322,209,91,467,413
"WSLP_all/015292@30.0511199582215,-90.4696308782032.jpg",6,196,270,270,139,466,409
"WSLP_all/015293@30.052479128133,-90.4683894760588.jpg",1,185,299,171,118,356,417
"WSLP_all/015294@30.0521374166408,-90.4682660020444.jpg",1,269,293,134,127,403,420
"WSLP_all/015295@30.0527510450861,-90.4681816509465.jpg",1,278,308,133,93,411,401
"WSLP_all/015296@30.0525360261386,-90.4682182890071.jpg",1,154,285,237,149,391,434
"WSLP_all/015297@30.0521526909695,-90.4681046586861.jpg",1,176,269,195,134,371,403
"WSLP_all/015298@30.0526190253959,-90.468056357124.jpg",1,59,306,488,119,547,425
"WSLP_all/015299@30.0521640668986,-90.4679275452759.jpg",5,0,294,325,182,325,476
"WSLP_all/015300@30.0520298019252,-90.4678623304893.jpg",1,212,300,191,161,403,461
"WSLP_all/015301@30.0518525052136,-90.4678101333808.jpg",3,85,288,556,138,641,426
"WSLP_all/015302@30.051531377634,-90.4677560244121.jpg",1,124,283,262,143,386,426
"WSLP_all/015303@30.0519458103576,-90.4678314500255.jpg",1,287,305,186,165,473,470
"WSLP_all/015304@30.0522687556012,-90.4675093860674.jpg",1,37,287,456,87,493,374
"WSLP_all/015305@30.0520294140004,-90.467501982007.jpg",3,19,278,252,121,271,399
"WSLP_all/015306@30.0523316285467,-90.4673729177563.jpg",1,399,285,166,136,565,421
"WSLP_all/015307@30.0530279609597,-90.4674332496675.jpg",1,325,313,121,89,446,402
"WSLP_all/015308@30.0530460653335,-90.4673761943243.jpg",1,305,300,118,109,423,409
"WSLP_all/015309@30.0514248605845,-90.4669256166217.jpg",1,282,313,169,115,451,428
"WSLP_all/015310@30.0521929217483,-90.4668999750788.jpg",3,299,311,99,83,398,394
"WSLP_all/015311@30.0522196589603,-90.4668175572483.jpg",1,332,281,198,156,530,437
"WSLP_all/015312@30.0524403800451,-90.4668535704083.jpg",1,336,270,266,191,602,461
"WSLP_all/015313@30.0514311589385,-90.4668338942353.jpg",1,289,324,146,118,435,442
"WSLP_all/015314@30.052239657713,-90.4665929528653.jpg",1,269,275,296,125,565,400
"WSLP_all/015315@30.0528528477671,-90.4668183750992.jpg",1,221,294,139,112,360,406
"WSLP_all/015316@30.05293370939,-90.4666785881499.jpg",1,270,283,243,99,513,382
"WSLP_all/015317@30.0514649354633,-90.4667514158218.jpg",1,286,318,142,112,428,430
"WSLP_all/015318@30.0514782450736,-90.4666596313921.jpg",1,291,316,129,106,420,422
"WSLP_all/015319@30.0525569928259,-90.4665680667238.jpg",2,0,284,463,145,463,429
"WSLP_all/015320@30.0514959281718,-90.4665678099464.jpg",1,275,305,134,123,409,428
"WSLP_all/015321@30.0532253096779,-90.4665622555242.jpg",2,399,280,242,128,641,408
"WSLP_all/015322@30.0515160298268,-90.4664759674357.jpg",1,214,280,190,159,404,439
"WSLP_all/015323@30.052564974738,-90.4663435670801.jpg",1,221,280,175,152,396,432
"WSLP_all/015324@30.0523231735216,-90.4663677970053.jpg",1,303,283,175,151,478,434
"WSLP_all/015325@30.0523125618916,-90.4662762208389.jpg",1,36,279,282,145,318,424
"WSLP_all/015326@30.0523019405156,-90.4661498739852.jpg",1,123,293,340,102,463,395
"WSLP_all/015327@30.0515389786617,-90.4663904220391.jpg",1,280,290,290,155,570,445
"WSLP_all/015328@30.051560840256,-90.4662985641442.jpg",1,29,295,224,165,253,460
"WSLP_all/015329@30.0515730715665,-90.4662099509378.jpg",1,277,320,124,103,401,423
"WSLP_all/015330@30.0526327646094,-90.4661438350162.jpg",1,294,280,183,141,477,421
"WSLP_all/015331@30.0527637263091,-90.4655863583969.jpg",1,284,318,97,91,381,409
"WSLP_all/015332@30.0664612968682,-90.5003187408427.jpg",1,261,300,200,99,461,399
"WSLP_all/015333@30.0576920177238,-90.4804293429155.jpg",2,354,247,287,207,641,454
"WSLP_all/015334@30.0579826990019,-90.4796175981062.jpg",1,225,313,128,97,353,410
"WSLP_all/015335@30.0607915944339,-90.4789296758089.jpg",6,199,228,262,130,461,358
"WSLP_all/015336@30.0580459172006,-90.4794052578729.jpg",1,86,310,258,94,344,404
"WSLP_all/015337@30.0578707904563,-90.4791949607888.jpg",1,54,280,270,160,324,440
"WSLP_all/015338@30.0631479287564,-90.4790833507738.jpg",1,267,305,218,122,485,427
"WSLP_all/015339@30.0525269399645,-90.465449336153.jpg",1,337,274,181,149,518,423
"WSLP_all/015340@30.0528386352545,-90.4653739194306.jpg",1,311,283,177,171,488,454
"WSLP_all/015342@30.0544398734786,-90.4649553615575.jpg",6,205,258,284,155,489,413
"WSLP_all/015344@30.053269151522,-90.4644850853981.jpg",6,197,261,212,95,409,356
"WSLP_all/015345@30.053292556788,-90.4642730935367.jpg",6,202,265,165,97,367,362
"WSLP_all/015346@30.0528675482812,-90.4643621458569.jpg",4,199,325,244,99,443,424
"WSLP_all/015347@30.0529347915685,-90.4644469067104.jpg",4,191,291,306,137,497,428
"WSLP_all/015348@30.0531174040893,-90.4647045185868.jpg",4,209,300,256,139,465,439
"WSLP_all/015349@30.0532960276325,-90.4636282155899.jpg",6,169,258,272,141,441,399
"WSLP_all/015350@30.053442497993,-90.4630263432545.jpg",6,179,284,299,116,478,400
"WSLP_all/015351@30.052696247639,-90.464177140506.jpg",4,149,321,297,103,446,424
"WSLP_all/015352@30.0527652702261,-90.4640564197929.jpg",6,185,233,280,140,465,373
"WSLP_all/015353@30.0528096155268,-90.4639548811608.jpg",6,159,249,368,183,527,432
"WSLP_all/015354@30.0528982096002,-90.4637581264663.jpg",6,166,242,361,135,527,377
"WSLP_all/015355@30.0529969548752,-90.4634411636722.jpg",6,183,249,302,132,485,381
"WSLP_all/015356@30.0529653617583,-90.4635457534963.jpg",6,183,254,396,200,579,454
"WSLP_all/015357@30.05293744667,-90.463653471129.jpg",6,181,239,348,215,529,454
"WSLP_all/015358@30.0523692271939,-90.461733385205.jpg",6,222,246,355,198,577,444
"WSLP_all/015359@30.0524488381298,-90.461808552788.jpg",6,193,246,232,163,425,409
"WSLP_all/015360@30.0525260217938,-90.4618742587434.jpg",6,159,236,324,154,483,390
"WSLP_all/015361@30.0525684720314,-90.4619687173407.jpg",6,168,253,267,136,435,389
"WSLP_all/015362@30.052219084312,-90.4615671661037.jpg",6,169,265,388,169,557,434
"WSLP_all/015363@30.0522761730631,-90.461683623144.jpg",6,185,228,255,266,440,494
"WSLP_all/015364@30.0499458381843,-90.4573292939899.jpg",6,202,221,239,203,441,424
"WSLP_all/015365@30.0499721935033,-90.4570540633039.jpg",6,178,206,297,165,475,371
"WSLP_all/015366@30.0500271740774,-90.456791223366.jpg",6,201,263,260,222,461,485
"WSLP_all/015367@30.0504391066736,-90.4568824299512.jpg",6,237,248,208,189,445,437
"WSLP_all/015368@30.0501082050524,-90.4564017184995.jpg",6,242,232,228,282,470,514
"WSLP_all/015369@30.0501188357211,-90.4562182909414.jpg",5,28,303,160,88,188,391
"WSLP_all/015371@30.0627162430271,-90.5531185493816.jpg",1,251,301,182,160,433,461
"WSLP_all/015373@30.0657237900289,-90.5527725446361.jpg",1,13,285,299,179,312,464
"WSLP_all/015375@30.0605423982749,-90.556075510597.jpg",1,253,295,148,100,401,395
"WSLP_all/015376@30.0604149496412,-90.5772820007931.jpg",2,410,268,231,131,641,399
"WSLP_all/015377@30.0582900279592,-90.5771179327506.jpg",1,283,253,237,173,520,426
"WSLP_all/015378@30.0597832347177,-90.5766893252095.jpg",1,272,281,245,124,517,405
"WSLP_all/015379@30.0585114493456,-90.576208998971.jpg",1,370,285,184,139,554,424
"WSLP_all/015381@30.0627539538006,-90.5541330320022.jpg",6,199,268,293,141,492,409
"WSLP_all/015382@30.062541583097,-90.5541283696443.jpg",6,169,261,235,98,404,359
"WSLP_all/015383@30.0623684529704,-90.5541423682348.jpg",6,183,232,264,134,447,366
"WSLP_all/015384@30.0622231377015,-90.5541308591142.jpg",6,175,243,305,156,480,399
"WSLP_all/015386@30.0570158235251,-90.5761255259269.jpg",1,337,299,176,81,513,380
"WSLP_all/015387@30.0593905937016,-90.5757913661535.jpg",3,0,305,127,112,127,417
"WSLP_all/015388@30.0694058125542,-90.5558198595226.jpg",1,132,303,225,112,357,415
"WSLP_all/015389@30.0679789185827,-90.5558151835062.jpg",1,100,296,289,116,389,412
"WSLP_all/015390@30.0708642278874,-90.5553974792063.jpg",2,0,246,641,203,641,449
"WSLP_all/015391@30.0701247623741,-90.5552894360518.jpg",4,189,288,330,201,519,489
"WSLP_all/015392@30.0693910545548,-90.5551971570721.jpg",1,284,288,194,134,478,422
"WSLP_all/015393@30.0690107277598,-90.5551653489682.jpg",1,268,308,150,121,418,429
"WSLP_all/015394@30.0593278911476,-90.5749636108181.jpg",3,181,259,460,311,641,570
"WSLP_all/015395@30.0590723776435,-90.5749687160124.jpg",2,0,283,325,278,325,561
"WSLP_all/015396@30.0588092491082,-90.574935945124.jpg",2,0,276,487,251,487,527
"WSLP_all/015397@30.0668589499441,-90.5550493692045.jpg",2,408,289,233,116,641,405
"WSLP_all/015398@30.063202932195,-90.5533960972624.jpg",1,265,306,134,113,399,419
"WSLP_all/015399@30.0706291881733,-90.5546974498602.jpg",1,289,298,149,90,438,388
"WSLP_all/015400@30.0688305715665,-90.5547115013551.jpg",1,248,300,148,119,396,419
"WSLP_all/015401@30.06325422142,-90.5531554352463.jpg",1,24,300,153,86,177,386
"WSLP_all/015402@30.0628542336059,-90.55253895057.jpg",3,300,237,335,188,635,425
"WSLP_all/015403@30.0589572080542,-90.4828716047754.jpg",6,178,256,307,179,485,435
"WSLP_all/015405@30.0593521767197,-90.482119028045.jpg",3,0,311,468,118,468,429
"WSLP_all/015406@30.0593911314735,-90.4820238593034.jpg",3,0,295,391,137,391,432
"WSLP_all/015407@30.0594357782501,-90.4819412866829.jpg",1,340,274,220,175,560,449
"WSLP_all/015408@30.0594780809151,-90.4818618952178.jpg",2,484,268,157,207,641,475
"WSLP_all/015409@30.0595020517515,-90.4817415646178.jpg",1,161,299,113,93,274,392
"WSLP_all/015410@30.0597966297561,-90.4810973190291.jpg",2,0,293,363,124,363,417
"WSLP_all/015411@30.0597967523216,-90.4809929978663.jpg",1,412,222,229,182,641,404
"WSLP_all/015412@30.0602823675203,-90.4799677655594.jpg",2,198,284,443,133,641,417
"WSLP_all/015413@30.0603773476054,-90.4804221711502.jpg",6,148,248,309,144,457,392
"WSLP_all/015414@30.0603711235888,-90.4797583642289.jpg",1,128,265,285,159,413,424
"WSLP_all/015415@30.0604649999502,-90.4795584023752.jpg",1,184,278,455,124,639,402
"WSLP_all/015416@30.0443254664489,-90.4705779105408.jpg",2,0,273,579,295,579,568
"WSLP_all/015417@30.0443031521627,-90.4700723863744.jpg",1,10,295,572,137,582,432
"WSLP_all/015418@30.0443173568746,-90.4699237092003.jpg",1,238,305,188,186,426,491
"WSLP_all/015419@30.0528573361781,-90.6387571196762.jpg",1,194,309,166,94,360,403
"WSLP_all/015420@30.0530042253115,-90.6386201744309.jpg",2,449,274,192,114,641,388
"WSLP_all/015421@30.0439415976917,-90.4700217850264.jpg",1,223,298,323,151,546,449
"WSLP_all/015422@30.0522218505375,-90.6381736105945.jpg",1,226,291,135,111,361,402
"WSLP_all/015423@30.052515652747,-90.6378681099955.jpg",1,294,300,134,110,428,410
"WSLP_all/015424@30.054133739548,-90.6380085491996.jpg",2,403,275,238,109,641,384
"WSLP_all/015425@30.0540361862955,-90.6380471617183.jpg",1,187,303,213,85,400,388
"WSLP_all/015426@30.0529283842612,-90.6376091909785.jpg",1,266,256,157,167,423,423
"WSLP_all/015427@30.044027239099,-90.4696164704623.jpg",1,0,279,304,161,304,440
"WSLP_all/015428@30.0535280842793,-90.6373363214886.jpg",2,0,303,178,116,178,419
"WSLP_all/015429@30.0529530246364,-90.6371411944911.jpg",2,0,275,641,222,641,497
"WSLP_all/015430@30.055805941337,-90.637029598286.jpg",1,164,308,203,131,367,439
"WSLP_all/015431@30.0566055017024,-90.6365909432889.jpg",1,257,320,101,87,358,407
"WSLP_all/015432@30.0547761218609,-90.6358798537733.jpg",2,2,300,639,195,641,495
"WSLP_all/015433@30.055163178873,-90.6356495496899.jpg",2,1,310,640,172,641,482
"WSLP_all/015434@30.0554873379687,-90.6336811044692.jpg",4,238,286,301,151,539,437
"WSLP_all/015435@30.0558016055249,-90.6336219995514.jpg",3,321,289,194,136,515,425
"WSLP_all/015436@30.0606179678607,-90.6314606874498.jpg",1,89,279,420,87,509,366
"WSLP_all/015437@30.0603701228948,-90.6315066905817.jpg",1,184,285,187,100,371,385
"WSLP_all/015438@30.0599408536414,-90.6311777868943.jpg",1,226,308,142,111,368,419
"WSLP_all/015439@30.0601095002553,-90.6310849241576.jpg",1,293,313,102,93,395,406
"WSLP_all/015440@30.0624180933474,-90.6302593716346.jpg",3,211,256,165,166,376,422
"WSLP_all/015441@30.0627120522638,-90.6301308469069.jpg",4,167,273,289,132,456,405
"WSLP_all/015442@30.0644772329964,-90.6187723315483.jpg",1,213,347,223,179,436,526
"WSLP_all/015443@30.0644165369594,-90.6187506373347.jpg",1,161,338,218,199,379,537
"WSLP_all/015444@30.0595953532718,-90.6203025715257.jpg",4,234,300,236,120,470,420
"WSLP_all/015445@30.0560353312315,-90.6214976350207.jpg",1,0,313,641,146,641,459
"WSLP_all/015446@30.0578745644008,-90.621411794489.jpg",5,70,276,260,169,330,445
"WSLP_all/015447@30.05771695462,-90.6213781478123.jpg",3,119,276,190,140,309,416
"WSLP_all/015448@30.0592076094936,-90.6210924777401.jpg",5,333,298,120,82,453,380
"WSLP_all/015449@30.0562686522492,-90.621176700017.jpg",1,248,298,175,144,423,442
"WSLP_all/015450@30.0600281645545,-90.6208337186887.jpg",2,0,303,239,146,239,449
"WSLP_all/015451@30.0618608881134,-90.617842709429.jpg",2,0,310,160,94,160,404
"WSLP_all/015452@30.0617804106902,-90.6178243196033.jpg",2,0,305,285,200,285,505
"WSLP_all/015453@30.0616626944057,-90.6177745846423.jpg",2,0,318,319,201,319,519
"WSLP_all/015454@30.0611625851943,-90.6173450849131.jpg",1,219,321,422,135,641,456
"WSLP_all/015455@30.0604876783689,-90.6170843911057.jpg",2,0,295,304,235,304,530
"WSLP_all/015456@30.0602231809005,-90.6169851332177.jpg",2,268,288,373,151,641,439
"WSLP_all/015457@30.060153792143,-90.6169476964469.jpg",2,133,278,508,304,641,582
"WSLP_all/015458@30.0601049485607,-90.6166382499187.jpg",1,252,320,275,139,527,459
"WSLP_all/015459@30.057991954801,-90.6164479678869.jpg",2,373,278,268,169,641,447
"WSLP_all/015460@30.0579004946677,-90.6163063748228.jpg",2,2,310,397,90,399,400
"WSLP_all/015461@30.0540833389741,-90.6161662987005.jpg",1,203,276,220,195,423,471
"WSLP_all/015463@30.0518893417428,-90.6163464520081.jpg",1,0,293,227,97,227,390
"WSLP_all/015464@30.0564572759321,-90.6161713464802.jpg",1,0,300,493,142,493,442
"WSLP_all/015465@30.0516063385976,-90.6162473377543.jpg",1,269,283,204,110,473,393
"WSLP_all/015466@30.0517077379834,-90.616224481797.jpg",1,144,278,214,107,358,385
"WSLP_all/015467@30.0517471557085,-90.61628741693.jpg",1,81,300,372,95,453,395
"WSLP_all/015468@30.0548842797104,-90.6159835183278.jpg",1,259,313,112,101,371,414
"WSLP_all/015469@30.0513055816936,-90.6161704782381.jpg",2,0,214,394,205,394,419
"WSLP_all/015470@30.0560284710598,-90.6159752841295.jpg",1,97,286,454,194,551,480
"WSLP_all/015471@30.0542835503387,-90.6157412811841.jpg",2,496,293,145,85,641,378
"WSLP_all/015472@30.0579749715824,-90.6159296632972.jpg",1,189,293,216,182,405,475
"WSLP_all/015473@30.057850129624,-90.6158894671404.jpg",1,290,318,180,166,470,484
"WSLP_all/015474@30.0541967270141,-90.6157292621592.jpg",2,0,294,259,88,259,382
"WSLP_all/015475@30.0578777600134,-90.6154846437179.jpg",1,321,308,136,94,457,402
"WSLP_all/015476@30.0576969193735,-90.6153816279528.jpg",1,188,290,213,123,401,413
"WSLP_all/015477@30.0571866290844,-90.6152398924509.jpg",3,9,303,311,88,320,391
"WSLP_all/015478@30.0543209971951,-90.6153616885901.jpg",1,284,305,172,146,456,451
"WSLP_all/015480@30.0501419968078,-90.6151831687869.jpg",1,104,313,168,93,272,406
"WSLP_all/015481@30.0541607142701,-90.6152869787721.jpg",2,232,296,409,249,641,545
"WSLP_all/015482@30.0557651021042,-90.6151394958974.jpg",1,234,265,351,159,585,424
"WSLP_all/015483@30.0489506709867,-90.6152518072168.jpg",1,307,310,196,95,503,405
"WSLP_all/015484@30.0488275762775,-90.6152495330668.jpg",2,0,271,252,125,252,396
"WSLP_all/015485@30.0526029309845,-90.6150453229208.jpg",1,289,269,167,131,456,400
"WSLP_all/015486@30.052907491851,-90.6148566299711.jpg",1,0,296,330,204,330,500
"WSLP_all/015487@30.0522576961798,-90.6150920638813.jpg",5,513,318,128,92,641,410
"WSLP_all/015488@30.0549233858372,-90.6148136505983.jpg",1,59,300,211,171,270,471
"WSLP_all/015489@30.0559832889582,-90.6148850372801.jpg",1,109,310,143,96,252,406
"WSLP_all/015490@30.0520728016143,-90.614593965675.jpg",2,0,279,641,147,641,426
"WSLP_all/015491@30.0504392267182,-90.6144571818368.jpg",2,0,298,246,82,246,380
"WSLP_all/015492@30.0513311211134,-90.6143179901921.jpg",2,0,295,641,157,641,452
"WSLP_all/015494@30.0494270055764,-90.6140535682774.jpg",2,234,300,407,97,641,397
"WSLP_all/015495@30.0515623818126,-90.6143732188578.jpg",2,0,286,338,153,338,439
"WSLP_all/015496@30.0482375592182,-90.6136354382371.jpg",1,194,329,116,90,310,419
"WSLP_all/015497@30.0531680413385,-90.6136883482659.jpg",1,335,293,187,86,522,379
"WSLP_all/015498@30.0516227906597,-90.6135667446639.jpg",1,203,286,183,153,386,439
"WSLP_all/015499@30.0483318355033,-90.6135620585882.jpg",1,301,303,271,151,572,454
"WSLP_all/015500@30.0526467671986,-90.6135498681305.jpg",1,298,310,117,108,415,418
"WSLP_all/015501@30.0490236036265,-90.6134495949523.jpg",1,16,313,555,99,571,412
"WSLP_all/015502@30.0494357357057,-90.6133865613429.jpg",2,129,283,463,139,592,422
"WSLP_all/015503@30.050755319732,-90.6132537558101.jpg",4,250,320,200,107,450,427
"WSLP_all/015504@30.051577557043,-90.6131845977142.jpg",4,300,298,179,123,479,421
"WSLP_all/015505@30.0477543171461,-90.6130446939179.jpg",2,0,299,402,98,402,397
"WSLP_all/015506@30.0500347648032,-90.6130250555188.jpg",3,286,302,186,126,472,428
"WSLP_all/015507@30.0504331467391,-90.6128009132981.jpg",1,284,312,180,81,464,393
"WSLP_all/015508@30.050166604891,-90.6130272637578.jpg",2,256,297,201,117,457,414
"WSLP_all/015509@30.0482500022355,-90.6127376721911.jpg",4,15,273,626,270,641,543
"WSLP_all/015510@30.0492867593976,-90.6125436873135.jpg",2,147,287,197,126,344,413
"WSLP_all/015512@30.0478660512715,-90.6121967868075.jpg",2,228,292,130,133,358,425
"WSLP_all/015513@30.0476276466846,-90.6121479385226.jpg",2,184,314,167,125,351,439
"WSLP_all/015514@30.0477097404989,-90.612159987854.jpg",5,256,309,181,143,437,452
"WSLP_all/015515@30.0466808419055,-90.6118355487044.jpg",5,166,303,419,98,585,401
"WSLP_all/015516@30.0455087180495,-90.6109621848963.jpg",5,287,279,174,105,461,384
"WSLP_all/015517@30.0552379350187,-90.6216202879926.jpg",5,92,277,244,142,336,419
"WSLP_all/015518@30.0540561203227,-90.6215307347284.jpg",5,278,252,303,150,581,402
"WSLP_all/015519@30.054310543214,-90.6215320789744.jpg",5,339,294,302,117,641,411
"WSLP_all/015520@30.0540960562917,-90.6214356193051.jpg",2,0,286,288,117,288,403
"WSLP_all/015521@30.0543549731475,-90.6211492776651.jpg",4,71,263,561,220,632,483
"WSLP_all/015522@30.0508971563997,-90.6191478368307.jpg",5,86,301,422,127,508,428
"WSLP_all/015523@30.0507200189962,-90.6190732432335.jpg",5,380,276,210,189,590,465
"WSLP_all/015524@30.0509183602722,-90.6188695239734.jpg",5,333,293,165,113,498,406
"WSLP_all/015525@30.0552390048695,-90.6189934469225.jpg",5,221,311,172,104,393,415
"WSLP_all/015526@30.0552781432041,-90.6188224699463.jpg",5,276,318,156,107,432,425
"WSLP_all/015527@30.051544921955,-90.6175342794373.jpg",5,162,250,281,158,443,408
"WSLP_all/015528@30.0500041244521,-90.6165370216103.jpg",5,231,306,278,122,509,428
"WSLP_all/015531@30.0497935494444,-90.6164626737683.jpg",5,295,292,234,85,529,377
"WSLP_all/015532@30.0583319116253,-90.6166035811215.jpg",5,77,217,301,167,378,384
"WSLP_all/015533@30.0593148025692,-90.6164700666134.jpg",5,214,226,311,190,525,416
"WSLP_all/015534@30.0523926262015,-90.6164439826446.jpg",4,224,284,336,135,560,419
"WSLP_all/015535@30.0526293997402,-90.6165876851735.jpg",3,281,300,136,101,417,401
"WSLP_all/015537@30.0520953724047,-90.6163639357883.jpg",2,405,298,236,103,641,401
"WSLP_all/015538@30.0560096657047,-90.6163800364204.jpg",5,134,279,454,97,588,376
"WSLP_all/015540@30.0578419294204,-90.6163478907717.jpg",5,66,317,444,86,510,403
"WSLP_all/015541@30.0437137509557,-90.6163862866393.jpg",6,208,277,284,105,492,382
"WSLP_all/015542@30.0649966728991,-90.564108595252.jpg",2,0,302,347,85,347,387
"WSLP_all/015543@30.0650100030147,-90.563966229924.jpg",2,313,298,133,92,446,390
"WSLP_all/015544@30.0633623055891,-90.5639631418703.jpg",2,170,307,403,98,573,405
"WSLP_all/015545@30.0633409646303,-90.5638684672461.jpg",2,12,291,596,113,608,404
"WSLP_all/015546@30.0633652179794,-90.5636754399416.jpg",6,126,246,309,167,435,413
"WSLP_all/015547@30.063419411367,-90.5635896659788.jpg",6,175,228,317,139,492,367
"WSLP_all/015548@30.0425003603144,-90.6156554215431.jpg",6,190,250,146,192,336,442
"WSLP_all/015549@30.0650378287119,-90.5635044547083.jpg",2,193,263,270,207,463,470
"WSLP_all/015550@30.0642458990125,-90.5630901129992.jpg",2,491,289,150,170,641,459
"WSLP_all/015551@30.0650362594237,-90.5632642030361.jpg",2,103,281,218,165,321,446
"WSLP_all/015552@30.0650435278039,-90.5630681421897.jpg",5,448,290,193,147,641,437
"WSLP_all/015553@30.064597598128,-90.5630937178265.jpg",5,280,340,178,84,458,424
"WSLP_all/015554@30.0647160593042,-90.5631686749142.jpg",5,486,333,155,100,641,433
"WSLP_all/015555@30.0650525649666,-90.5628783893349.jpg",5,240,275,139,128,379,403
"WSLP_all/015556@30.0642315715272,-90.5626950551491.jpg",5,84,289,174,121,258,410
"WSLP_all/015557@30.0645644980834,-90.5626861583237.jpg",5,0,223,315,358,315,581
"WSLP_all/015558@30.0647934582636,-90.5626875493814.jpg",5,133,234,285,170,418,404
"WSLP_all/015559@30.0643968011397,-90.562665325518.jpg",5,341,240,228,230,569,470
"WSLP_all/015560@30.0402538406594,-90.624249396374.jpg",5,241,297,400,114,641,411
"WSLP_all/015561@30.0578750591661,-90.590521157462.jpg",5,5,259,362,164,367,423
"WSLP_all/015563@30.0413140406987,-90.6205249793441.jpg",6,107,92,382,380,489,472
"WSLP_all/015564@30.0574545974542,-90.5774340608078.jpg",5,293,329,142,109,435,438
"WSLP_all/015565@30.0620980576963,-90.576757107204.jpg",1,271,285,162,102,433,387
"WSLP_all/015566@30.0604283695616,-90.5767887481053.jpg",4,283,304,193,95,476,399
"WSLP_all/015567@30.0632300926765,-90.5544264739238.jpg",2,13,249,346,158,359,407
"WSLP_all/015569@30.0427792781177,-90.6190700828149.jpg",6,168,219,351,184,519,403
"WSLP_all/015570@30.0620539565511,-90.5541290204207.jpg",6,163,222,323,175,486,397
"WSLP_all/015571@30.0587546852804,-90.5751449981579.jpg",4,12,312,629,231,641,543
"WSLP_all/015572@30.0577272060776,-90.5749157276195.jpg",4,16,303,625,229,641,532
"WSLP_all/015573@30.0600130360416,-90.5748382722279.jpg",2,103,238,538,257,641,495
"WSLP_all/015574@30.0607878034539,-90.5746901211999.jpg",2,0,306,406,115,406,421
"WSLP_all/015575@30.0675925446869,-90.5551922288111.jpg",1,129,297,276,103,405,400
"WSLP_all/015576@30.0568551369341,-90.5742933020742.jpg",6,136,267,325,204,461,471
"WSLP_all/015577@30.0708841509801,-90.5546922963971.jpg",2,390,293,251,118,641,411
"WSLP_all/015578@30.0702998230741,-90.5547411229727.jpg",3,247,300,169,126,416,426
"WSLP_all/015579@30.0631582590161,-90.573594072052.jpg",2,268,285,181,159,449,444
"WSLP_all/015580@30.0633557722191,-90.5735925665354.jpg",5,273,299,154,129,427,428
"WSLP_all/015581@30.061677176699,-90.5735958774303.jpg",5,182,287,165,98,347,385
"WSLP_all/015582@30.0616198757427,-90.5737828282612.jpg",5,349,309,163,91,512,400
"WSLP_all/015583@30.0610688441068,-90.5746911433853.jpg",4,4,288,637,177,641,465
"WSLP_all/015584@30.0605854741609,-90.5738412902227.jpg",5,258,288,92,90,350,378
"WSLP_all/015585@30.0627155411024,-90.5731137681392.jpg",5,281,276,193,120,474,396
"WSLP_all/015587@30.0627352260805,-90.5728796824694.jpg",5,326,289,212,111,538,400
"WSLP_all/015588@30.0620031554735,-90.5525898752932.jpg",3,191,230,351,204,542,434
"WSLP_all/015589@30.0629857691958,-90.5717523453902.jpg",1,348,285,219,122,567,407
"WSLP_all/015590@30.0623164332897,-90.5716721051202.jpg",5,105,247,268,153,373,400
"WSLP_all/015591@30.0629044777729,-90.5717561278184.jpg",1,138,284,201,130,339,414
"WSLP_all/015592@30.0562820702723,-90.552293288173.jpg",2,0,274,236,118,236,392
"WSLP_all/015593@30.0544834396264,-90.5517541992653.jpg",2,391,278,250,168,641,446
"WSLP_all/015595@30.0480811408658,-90.6081493734755.jpg",3,38,275,276,192,314,467
"WSLP_all/015596@30.0561770419145,-90.5509569682422.jpg",5,275,304,366,153,641,457
"WSLP_all/015597@30.0554942313548,-90.5505735154362.jpg",2,413,272,228,168,641,440
"WSLP_all/015599@30.0629843691994,-90.5640387690575.jpg",5,177,314,464,84,641,398
"WSLP_all/015600@30.0624311511832,-90.5640145873345.jpg",5,260,316,381,85,641,401
"WSLP_all/015601@30.0627809361329,-90.5640529843676.jpg",5,53,310,516,91,569,401
"WSLP_all/015602@30.0630184804046,-90.5639468280343.jpg",5,279,300,362,81,641,381
"WSLP_all/015603@30.0627832047847,-90.5639423215637.jpg",5,152,300,489,93,641,393
"WSLP_all/015604@30.0541489908798,-90.5487917759212.jpg",5,116,296,199,114,315,410
"WSLP_all/015605@30.0539469147227,-90.5487427900836.jpg",5,351,288,274,125,625,413
"WSLP_all/015606@30.0540836966743,-90.5487480355216.jpg",5,159,315,155,112,314,427
"WSLP_all/015607@30.0627967661885,-90.5638442167494.jpg",5,180,310,461,85,641,395
"WSLP_all/015608@30.0627724178401,-90.5637527272012.jpg",5,19,298,547,93,566,391
"WSLP_all/015609@30.062440973261,-90.5637141896109.jpg",5,265,314,376,100,641,414
"WSLP_all/015610@30.0629887431673,-90.5636435727145.jpg",6,165,195,415,211,580,406
"WSLP_all/015611@30.0552078946687,-90.5485779730772.jpg",1,11,291,297,188,308,479
"WSLP_all/015612@30.0565194898596,-90.5486561579038.jpg",5,105,298,371,82,476,380
"WSLP_all/015613@30.0629971810227,-90.5635581524294.jpg",6,157,135,306,286,463,421
"WSLP_all/015614@30.0627793120026,-90.5635724802095.jpg",6,175,219,282,204,457,423
"WSLP_all/015615@30.0633954102016,-90.563491849574.jpg",6,93,241,345,172,438,413
"WSLP_all/015616@30.0624253748813,-90.5635246320446.jpg",6,173,230,321,187,494,417
"WSLP_all/015617@30.0624642048502,-90.5634263323412.jpg",6,147,276,414,189,561,465
"WSLP_all/015618@30.0633756724715,-90.5633940013191.jpg",6,222,234,253,148,475,382
"WSLP_all/015619@30.0630229282169,-90.5633809196438.jpg",6,130,188,334,216,464,404
"WSLP_all/015620@30.0633182648245,-90.5633343798627.jpg",6,163,241,356,194,519,435
"WSLP_all/015621@30.062796617119,-90.5633763452593.jpg",6,185,178,456,281,641,459
"WSLP_all/015622@30.0624558918085,-90.5632177518184.jpg",6,172,116,365,324,537,440
"WSLP_all/015623@30.0633684585958,-90.5631948943368.jpg",6,197,197,391,286,588,483
"WSLP_all/015624@30.0627890997567,-90.5631487901295.jpg",6,176,185,324,211,500,396
"WSLP_all/015625@30.0630496796414,-90.5631025183554.jpg",6,188,210,367,236,555,446
"WSLP_all/015626@30.0548452548761,-90.5481920184102.jpg",3,138,275,437,95,575,370
"WSLP_all/015627@30.0633804846969,-90.5630177678738.jpg",6,171,206,345,209,516,415
"WSLP_all/015628@30.0536383971323,-90.5481730750925.jpg",5,213,258,293,139,506,397
"WSLP_all/015629@30.0624402372118,-90.5630376796178.jpg",6,202,257,227,200,429,457
"WSLP_all/015630@30.0630427593909,-90.5629160539454.jpg",6,177,173,388,226,565,399
"WSLP_all/015631@30.062808585167,-90.5629494769348.jpg",6,172,189,388,211,560,400
"WSLP_all/015632@30.0633570299597,-90.562825108042.jpg",6,95,158,471,227,566,385
"WSLP_all/015633@30.0550153307753,-90.5477765801102.jpg",5,262,264,248,191,510,455
"WSLP_all/015634@30.0627907261748,-90.5628579374266.jpg",6,135,175,413,226,548,401
"WSLP_all/015635@30.0624577933259,-90.5627530273429.jpg",6,184,251,288,160,472,411
"WSLP_all/015636@30.0628595319127,-90.5626519212653.jpg",6,157,202,341,208,498,410
"WSLP_all/015637@30.063059114952,-90.5626282489433.jpg",6,187,199,390,246,577,445
"WSLP_all/015638@30.0628460900326,-90.5625635089008.jpg",6,184,203,296,240,480,443
"WSLP_all/015639@30.0558664355969,-90.5467994197457.jpg",5,212,292,385,82,597,374
"WSLP_all/015640@30.0543781157438,-90.5467226544315.jpg",5,269,319,138,104,407,423
"WSLP_all/015641@30.053899635976,-90.5465652184151.jpg",5,102,278,177,118,279,396
"WSLP_all/015642@30.0550439023487,-90.5460725448718.jpg",4,5,334,636,197,641,531
"WSLP_all/015643@30.0592379411485,-90.5444398568873.jpg",5,219,318,145,137,364,455
"WSLP_all/015644@30.0599086584863,-90.5441279103519.jpg",5,170,308,233,114,403,422
"WSLP_all/015645@30.0594727368438,-90.5441345230351.jpg",5,185,313,217,154,402,467
"WSLP_all/015646@30.0518961123627,-90.5379832218361.jpg",5,124,303,206,136,330,439
"WSLP_all/015647@30.0525243985844,-90.5380287844653.jpg",5,246,298,196,118,442,416
"WSLP_all/015648@30.0579597212542,-90.5440485068409.jpg",5,302,327,134,94,436,421
"WSLP_all/015649@30.0536952401865,-90.5439684767304.jpg",5,9,309,441,133,450,442
"WSLP_all/015650@30.0537017058442,-90.5438957212657.jpg",5,0,306,575,116,575,422
"WSLP_all/015653@30.0513461097117,-90.5368812803029.jpg",2,296,286,345,125,641,411
"WSLP_all/015654@30.0560049013338,-90.5436941377617.jpg",5,112,313,482,88,594,401
"WSLP_all/015655@30.0543976768623,-90.5432738071697.jpg",5,104,298,515,82,619,380
"WSLP_all/015656@30.0512674560257,-90.5365025955976.jpg",2,1,270,202,177,203,447
"WSLP_all/015657@30.0563647542436,-90.5569394553399.jpg",2,128,250,513,178,641,428
"WSLP_all/015658@30.0704518745082,-90.5642372145624.jpg",3,65,303,502,98,567,401
"WSLP_all/015659@30.0701013811128,-90.5636771665292.jpg",6,143,194,313,202,456,396
"WSLP_all/015660@30.070112085156,-90.563866775466.jpg",6,165,193,312,200,477,393
"WSLP_all/015661@30.0701182571418,-90.564170235423.jpg",3,41,209,558,217,599,426
"WSLP_all/015662@30.0700742445532,-90.5639650749012.jpg",3,121,226,340,170,461,396
"WSLP_all/015664@30.0704717652184,-90.5640410457158.jpg",3,174,284,373,102,547,386
"WSLP_all/015665@30.0704615224798,-90.5639399545344.jpg",3,166,299,324,83,490,382
"WSLP_all/015666@30.0704478158313,-90.5638483757664.jpg",6,177,261,302,147,479,408
"WSLP_all/015667@30.0704867754184,-90.5637532288159.jpg",6,188,196,365,243,553,439
"WSLP_all/015668@30.0704801355979,-90.5636521108602.jpg",6,192,210,303,186,495,396
"WSLP_all/015669@30.0704938889227,-90.563553996946.jpg",6,174,236,332,164,506,400
"WSLP_all/015670@30.0704970921534,-90.5634528019236.jpg",6,147,157,199,203,346,360
"WSLP_all/015671@30.0704904187838,-90.5632473534574.jpg",6,109,197,290,191,399,388
"WSLP_all/015672@30.0701018442271,-90.563572832584.jpg",6,196,295,209,87,405,382
"WSLP_all/015673@30.0704457499076,-90.5633488677952.jpg",6,143,277,203,103,346,380
"WSLP_all/015674@30.070135455333,-90.5633955264179.jpg",6,146,268,364,153,510,421
"WSLP_all/015675@30.0701139850471,-90.5632882003704.jpg",6,168,278,381,135,549,413
"WSLP_all/015676@30.0704429817242,-90.5631433892621.jpg",6,202,266,305,127,507,393
"WSLP_all/015677@30.0701094883455,-90.5631870662607.jpg",6,184,248,345,174,529,422
"WSLP_all/015678@30.0701017384828,-90.5630796342481.jpg",6,148,233,343,212,491,445
"WSLP_all/015679@30.0700718166942,-90.5629850197305.jpg",6,202,264,402,202,604,466
"WSLP_all/015680@30.0704395119693,-90.5628462305456.jpg",6,189,238,331,229,520,467
"WSLP_all/015681@30.0704893098744,-90.5630576697032.jpg",6,181,202,283,173,464,375
"WSLP_all/015682@30.0704824493927,-90.5629565524555.jpg",6,208,267,192,96,400,363
"WSLP_all/015683@30.0701300980217,-90.5629118530883.jpg",6,174,228,310,174,484,402
"WSLP_all/015685@30.0571195545982,-90.5543256502915.jpg",4,2,181,639,294,641,475
"WSLP_all/015686@30.0570108941334,-90.5543233383794.jpg",2,3,265,308,119,311,384
"WSLP_all/015687@30.0574887129588,-90.5371419914367.jpg",5,256,283,126,122,382,405
"WSLP_all/015689@30.0581336930688,-90.5539573525633.jpg",2,389,277,252,122,641,399
"WSLP_all/015693@30.0558149610361,-90.5368645402576.jpg",5,287,310,105,99,392,409
"WSLP_all/015694@30.0554465139274,-90.5368200682358.jpg",5,307,275,132,105,439,380
"WSLP_all/015695@30.0590564348126,-90.562115474498.jpg",5,446,250,195,137,641,387
"WSLP_all/015696@30.0629107994007,-90.4812856621754.jpg",5,339,301,185,162,524,463
"WSLP_all/015697@30.0627912623958,-90.4803762245009.jpg",5,359,271,282,158,641,429
"WSLP_all/015698@30.0639856489366,-90.4801447089101.jpg",5,176,264,321,229,497,493
"WSLP_all/015699@30.0630396836918,-90.4799599648314.jpg",5,131,275,423,143,554,418
"WSLP_all/015700@30.0628324858615,-90.479977545371.jpg",4,11,213,630,362,641,575
"WSLP_all/015701@30.0620916097633,-90.4800186625743.jpg",3,143,263,301,142,444,405
"WSLP_all/015702@30.0630779117873,-90.4794727932232.jpg",5,239,316,137,104,376,420
"WSLP_all/015703@30.0632713407929,-90.4796133968887.jpg",5,149,276,160,149,309,425
"WSLP_all/015704@30.0519946327257,-90.5394269961149.jpg",5,74,314,558,111,632,425
"WSLP_all/015705@30.0628306483901,-90.4793927173269.jpg",5,0,318,439,102,439,420
"WSLP_all/015706@30.0633498063893,-90.4793945920975.jpg",5,359,286,225,125,584,411
"WSLP_all/015707@30.0630847308917,-90.4791502801421.jpg",5,453,312,188,117,641,429
"WSLP_all/015708@30.0545847586356,-90.5386445547578.jpg",5,0,316,623,116,623,432
"WSLP_all/015712@30.0533794926403,-90.53731389697.jpg",5,229,284,412,159,641,443
"WSLP_all/015713@30.0546477846503,-90.5373100909102.jpg",5,247,304,198,119,445,423
"WSLP_all/015714@30.0547180013004,-90.5373032080944.jpg",5,244,322,196,131,440,453
"WSLP_all/015715@30.0517507601743,-90.5368464377494.jpg",4,216,238,298,142,514,380
"WSLP_all/015716@30.0544559225473,-90.5351463097498.jpg",5,250,304,148,115,398,419
"WSLP_all/015717@30.0561111555474,-90.5423466711329.jpg",5,88,282,429,118,517,400
"WSLP_all/015718@30.055767303129,-90.54234939969.jpg",2,0,283,309,127,309,410
"WSLP_all/015719@30.0546197237266,-90.5412173675533.jpg",5,83,295,401,87,484,382
"WSLP_all/015720@30.0550448747197,-90.5412898543513.jpg",5,219,338,140,81,359,419
"WSLP_all/015722@30.0530978827147,-90.5335103026712.jpg",5,0,248,530,226,530,474
"WSLP_all/015724@30.05445281,-90.5311033616267.jpg",5,284,281,222,95,506,376
"WSLP_all/015725@30.0532717143221,-90.5303036491444.jpg",5,0,289,247,122,247,411
"WSLP_all/015726@30.0522675707584,-90.5299419051685.jpg",4,155,314,345,136,500,450
"WSLP_all/015728@30.0595565825591,-90.5353710052556.jpg",5,179,317,462,94,641,411
"WSLP_all/015729@30.0580227973262,-90.5353074162913.jpg",3,168,241,316,147,484,388
"WSLP_all/015731@30.0611675581038,-90.5346183751505.jpg",5,297,319,106,89,403,408
"WSLP_all/015733@30.0607125063921,-90.5341004169135.jpg",5,195,301,132,86,327,387
"WSLP_all/015734@30.0571196681199,-90.5345686213777.jpg",5,133,267,208,183,341,450
"WSLP_all/015735@30.057452925886,-90.5333457512607.jpg",3,125,304,340,81,465,385
"WSLP_all/015736@30.0549723275327,-90.5376204432913.jpg",2,463,286,178,99,641,385
"WSLP_all/015737@30.0552440424762,-90.5374159664507.jpg",2,65,309,491,107,556,416
"WSLP_all/015738@30.0552706554935,-90.5345486652639.jpg",1,254,313,279,151,533,464
"WSLP_all/015739@30.0559897560451,-90.5331962787332.jpg",5,232,302,123,100,355,402
"WSLP_all/015741@30.0588843833215,-90.4835265927166.jpg",5,222,283,355,129,577,412
"WSLP_all/015742@30.0586445367442,-90.4834875422352.jpg",6,205,246,298,207,503,453
"WSLP_all/015743@30.0587469876526,-90.483243257736.jpg",6,113,207,315,162,428,369
"WSLP_all/015744@30.0588708342519,-90.4830462069559.jpg",6,221,230,203,138,424,368
"WSLP_all/015747@30.0591416777078,-90.4830818308646.jpg",1,0,288,313,122,313,410
"WSLP_all/015748@30.0592019782087,-90.482897967106.jpg",2,399,282,242,127,641,409
"WSLP_all/015749@30.0476768037422,-90.4724801794578.jpg",5,191,275,154,92,345,367
"WSLP_all/015750@30.0478108656646,-90.4724727000931.jpg",5,248,279,111,101,359,380
"WSLP_all/015751@30.0477000635455,-90.4722523975279.jpg",6,155,228,321,174,476,402
"WSLP_all/015752@30.0478582539021,-90.4722131010488.jpg",6,147,229,304,171,451,400
"WSLP_all/015753@30.0486040866261,-90.4718115495154.jpg",6,197,196,148,146,345,342
"WSLP_all/015754@30.0478838331903,-90.4717387530977.jpg",6,158,231,261,143,419,374
"WSLP_all/015755@30.0485056813909,-90.4714267751002.jpg",6,211,253,329,178,540,431
"WSLP_all/015756@30.0478119300149,-90.4714707033638.jpg",6,180,271,304,152,484,423
"WSLP_all/015757@30.0612103903373,-90.4821821915177.jpg",6,215,256,241,132,456,388
"WSLP_all/015758@30.0478657891106,-90.4710656492538.jpg",6,169,215,237,155,406,370
"WSLP_all/015759@30.0479107607174,-90.4707902660789.jpg",6,190,208,247,192,437,400
"WSLP_all/015760@30.0479390893073,-90.4705055452112.jpg",6,169,205,258,176,427,381
"WSLP_all/015761@30.0480206717323,-90.4701729493924.jpg",6,206,197,222,191,428,388
"WSLP_all/015762@30.0595802642776,-90.4816745110202.jpg",5,254,281,291,107,545,388
"WSLP_all/015763@30.0597269083974,-90.4812781053508.jpg",3,240,295,401,113,641,408
"WSLP_all/015764@30.0437079235687,-90.4701407547795.jpg",2,72,188,569,295,641,483
"WSLP_all/015765@30.0454341901292,-90.4710866812966.jpg",1,120,283,345,103,465,386
"WSLP_all/015766@30.0454839408443,-90.4705457593336.jpg",2,0,171,337,361,337,532
"WSLP_all/015767@30.0449194372032,-90.4710942942499.jpg",2,280,292,361,192,641,484
"WSLP_all/015768@30.0449561019631,-90.4699118556104.jpg",3,131,295,351,85,482,380
"WSLP_all/015771@30.0455090153544,-90.469534095508.jpg",5,326,301,203,108,529,409
"WSLP_all/015772@30.0480587472771,-90.4699071086745.jpg",6,163,200,259,188,422,388
"WSLP_all/015773@30.0437536180382,-90.4699254309067.jpg",4,216,271,304,167,520,438
"WSLP_all/015774@30.0437467717185,-90.4697200430801.jpg",5,303,294,338,103,641,397
"WSLP_all/015775@30.0598969649757,-90.4808751758378.jpg",2,129,223,512,200,641,423
"WSLP_all/015776@30.0599772720691,-90.4807069442918.jpg",2,329,273,312,111,641,384
"WSLP_all/015777@30.0600394843739,-90.4805641560368.jpg",2,0,277,600,117,600,394
"WSLP_all/015778@30.0480904982214,-90.4696539648952.jpg",6,128,202,438,231,566,433
"WSLP_all/015779@30.0436266675455,-90.4696294230684.jpg",5,45,312,368,110,413,422
"WSLP_all/015780@30.0436630976312,-90.4693225178902.jpg",5,1,319,262,108,263,427
"WSLP_all/015782@30.0481369128081,-90.4692300080621.jpg",6,124,170,283,241,407,411
"WSLP_all/015784@30.0436690520951,-90.468968467138.jpg",5,90,193,400,205,490,398
"WSLP_all/015785@30.0517566264467,-90.4685190226812.jpg",5,333,275,192,162,525,437
"WSLP_all/015786@30.0482198300684,-90.4686698176628.jpg",6,48,255,442,233,490,488
"WSLP_all/015787@30.043651296592,-90.4686304244873.jpg",6,112,226,492,273,604,499
"WSLP_all/015788@30.042485760334,-90.468801728057.jpg",6,197,199,379,241,576,440
"WSLP_all/015789@30.0421242422717,-90.468631026923.jpg",5,275,306,222,108,497,414
"WSLP_all/015790@30.0418170416877,-90.4687506354268.jpg",5,191,298,197,108,388,406
"WSLP_all/015791@30.0601053271638,-90.4803960477694.jpg",2,0,264,255,125,255,389
"WSLP_all/015792@30.0605961507723,-90.4799587566245.jpg",6,174,173,462,276,636,449
"WSLP_all/015793@30.060555976795,-90.480107679889.jpg",6,188,246,250,143,438,389
"WSLP_all/015794@30.051200762818,-90.4689663785041.jpg",5,67,303,420,126,487,429
"WSLP_all/015795@30.0510802668385,-90.4685438560996.jpg",3,235,291,328,146,563,437
"WSLP_all/015797@30.0467118288349,-90.4684142292099.jpg",4,15,270,626,180,641,450
"WSLP_all/015798@30.057893257613,-90.47947927227.jpg",5,0,320,260,114,260,434
"WSLP_all/015799@30.0436650952933,-90.4683616447339.jpg",6,153,202,314,189,467,391
"WSLP_all/015800@30.0606251021017,-90.4798731552185.jpg",6,94,250,399,173,493,423
"WSLP_all/015801@30.0455008869317,-90.469233892257.jpg",5,50,297,450,92,500,389
"WSLP_all/015802@30.0482710221681,-90.4683374841014.jpg",6,246,82,341,359,587,441
"WSLP_all/015803@30.0436706023991,-90.4682162033979.jpg",6,131,238,389,157,520,395
"WSLP_all/015804@30.0422884261243,-90.4681144137416.jpg",6,109,230,383,183,492,413
"WSLP_all/015805@30.0437108659683,-90.4680831042506.jpg",6,117,233,338,177,455,410
"WSLP_all/015806@30.0467682664148,-90.4679427785467.jpg",5,68,286,573,227,641,513
"WSLP_all/015807@30.0437033770334,-90.4678555982732.jpg",6,138,259,304,159,442,418
"WSLP_all/015808@30.0606605833844,-90.4797938203308.jpg",6,132,239,410,152,542,391
"WSLP_all/015809@30.0608110394892,-90.4794985348305.jpg",6,158,214,353,164,511,378
"WSLP_all/015810@30.0605699218593,-90.479412085559.jpg",2,369,270,272,151,641,421
"WSLP_all/015811@30.0437079095261,-90.4676248261897.jpg",6,131,228,340,154,471,382
"WSLP_all/015812@30.0468055031063,-90.4674746549136.jpg",5,87,232,256,134,343,366
"WSLP_all/015813@30.0521001256763,-90.4672864215633.jpg",5,281,277,145,98,426,375
"WSLP_all/015814@30.0319269733313,-90.4672088217326.jpg",6,93,167,402,212,495,379
"WSLP_all/015815@30.0320000233728,-90.4666298444025.jpg",6,128,161,322,179,450,340
"WSLP_all/015816@30.0318378698087,-90.4665806886505.jpg",6,219,236,326,189,545,425
"WSLP_all/015820@30.0320476695737,-90.466152218024.jpg",6,212,185,334,282,546,467
"WSLP_all/015821@30.0320492280139,-90.4657792834339.jpg",6,202,212,356,192,558,404
"WSLP_all/015822@30.0623651408535,-90.4933380487564.jpg",6,191,255,257,139,448,394
"WSLP_all/015823@30.0626705144498,-90.4930667643501.jpg",6,158,198,326,180,484,378
"WSLP_all/015824@30.0437198166066,-90.4672233117578.jpg",6,166,188,317,215,483,403
"WSLP_all/015825@30.0335807973004,-90.4674504471895.jpg",5,176,291,117,87,293,378
"WSLP_all/015827@30.0328395506458,-90.4672135355903.jpg",6,176,224,319,192,495,416
"WSLP_all/015828@30.0328647194231,-90.466729780127.jpg",6,162,148,279,237,441,385
"WSLP_all/015829@30.0328986897261,-90.4663091562133.jpg",6,104,208,447,250,551,458
"WSLP_all/015830@30.0328982107551,-90.4661195373919.jpg",6,158,232,259,139,417,371
"WSLP_all/015831@30.0329322084042,-90.465841129389.jpg",6,177,280,261,126,438,406
"WSLP_all/015832@30.0332723770263,-90.466448123584.jpg",6,214,273,214,106,428,379
"WSLP_all/015833@30.0337570392161,-90.467003300154.jpg",6,205,259,287,138,492,397
"WSLP_all/015834@30.0350175710041,-90.4667300300547.jpg",6,192,239,336,198,528,437
"WSLP_all/015835@30.0438516097237,-90.4668081133671.jpg",6,239,204,328,202,567,406
"WSLP_all/015836@30.0439154400184,-90.4666084324707.jpg",6,43,241,479,371,522,612
"WSLP_all/015839@30.0439302841948,-90.4664154997697.jpg",6,135,214,408,273,543,487
"WSLP_all/015840@30.0440441465432,-90.4656622563798.jpg",6,160,244,332,177,492,421
"WSLP_all/015841@30.0439677939852,-90.4661149044585.jpg",6,226,240,359,204,585,444
"WSLP_all/015842@30.0413354298935,-90.466115678355.jpg",5,38,255,248,146,286,401
"WSLP_all/015843@30.0535774189114,-90.4637111081002.jpg",6,214,268,226,146,440,414
"WSLP_all/015844@30.0536265342207,-90.4635115340993.jpg",6,202,230,359,214,561,444
"WSLP_all/015845@30.0536308077566,-90.4634008609788.jpg",6,190,189,307,231,497,420
"WSLP_all/015846@30.0536642637961,-90.4632994162115.jpg",6,180,241,281,154,461,395
"WSLP_all/015847@30.0536719059826,-90.4631950356829.jpg",6,238,259,224,130,462,389
"WSLP_all/015848@30.0537399357867,-90.4631280602679.jpg",6,140,207,366,215,506,422
"WSLP_all/015849@30.0537268938601,-90.463027021263.jpg",6,176,233,302,168,478,401
"WSLP_all/015850@30.0537683052259,-90.462960277078.jpg",6,148,261,315,149,463,410
"WSLP_all/015851@30.0534576654874,-90.4628997690597.jpg",6,152,249,313,194,465,443
"WSLP_all/015852@30.0534807261973,-90.4627857710045.jpg",6,224,263,258,150,482,413
"WSLP_all/015853@30.0534254549374,-90.4625238892603.jpg",6,163,294,360,156,523,450
"WSLP_all/015854@30.0534408512409,-90.4624194401327.jpg",6,120,148,511,326,631,474
"WSLP_all/015855@30.0534392957861,-90.4623214621688.jpg",6,186,241,304,218,490,459
"WSLP_all/015856@30.0535204557181,-90.462036261158.jpg",6,135,254,378,167,513,421
"WSLP_all/015857@30.053539991144,-90.4618717162668.jpg",6,229,241,296,176,525,417
"WSLP_all/015858@30.053646037509,-90.4622975285058.jpg",6,231,197,245,202,476,399
"WSLP_all/015859@30.0536617183337,-90.4621488233118.jpg",6,64,185,453,282,517,467
"WSLP_all/015860@30.0536969620722,-90.4620600065632.jpg",6,189,262,190,209,379,471
"WSLP_all/015861@30.0534455352828,-90.462217094052.jpg",6,199,238,334,241,533,479
"WSLP_all/015862@30.0537255522582,-90.461983892021.jpg",6,198,188,298,218,496,406
"WSLP_all/015863@30.053786259422,-90.46184111402.jpg",6,85,155,365,211,450,366
"WSLP_all/015864@30.0538284615297,-90.4617775244511.jpg",5,213,267,313,109,526,376
"WSLP_all/015865@30.0535907005383,-90.4617764422604.jpg",6,123,116,371,352,494,468
"WSLP_all/015868@30.0535087152058,-90.4616001419571.jpg",6,92,201,448,257,540,458
"WSLP_all/015871@30.0555738250128,-90.4609087685556.jpg",3,152,219,414,186,566,405
"WSLP_all/015872@30.0614022419629,-90.5102652736317.jpg",3,423,282,218,122,641,404
"WSLP_all/015873@30.0612686255327,-90.5102474094409.jpg",3,80,280,297,112,377,392
"WSLP_all/015874@30.062587458249,-90.5103534867343.jpg",6,183,174,283,214,466,388
"WSLP_all/015875@30.0607953921574,-90.5100521580212.jpg",1,237,299,179,96,416,395
"WSLP_all/015876@30.0619509296828,-90.5096727440098.jpg",6,205,253,325,145,530,398
"WSLP_all/015877@30.0609897177452,-90.5092286275222.jpg",6,179,209,348,215,527,424
"WSLP_all/015878@30.0609961835728,-90.5091368978721.jpg",6,179,198,293,190,472,388
"WSLP_all/015880@30.0495637131021,-90.4571840898512.jpg",6,172,170,297,184,469,354
"WSLP_all/015881@30.0494539028822,-90.4579025796549.jpg",6,113,220,317,196,430,416
"WSLP_all/015882@30.0494122517556,-90.4583012177041.jpg",6,164,253,245,147,409,400
"WSLP_all/015883@30.0492877490828,-90.4577649587212.jpg",6,101,210,330,193,431,403
"WSLP_all/015884@30.0493747136457,-90.4586113154462.jpg",6,148,240,250,151,398,391
"WSLP_all/015885@30.0493702114392,-90.4587946865492.jpg",6,51,210,336,216,387,426
"WSLP_all/015886@30.0493638117971,-90.458978075313.jpg",6,135,303,339,169,474,472
"WSLP_all/015887@30.0493534554706,-90.4590666710413.jpg",6,157,238,333,179,490,417
"WSLP_all/015888@30.0493365200512,-90.4591584853332.jpg",6,176,198,306,280,482,478
"WSLP_all/015889@30.0493292521718,-90.4595757873425.jpg",6,171,210,270,188,441,398
"WSLP_all/015890@30.0609320759304,-90.5089730421429.jpg",6,172,228,245,149,417,377
"WSLP_all/015891@30.0496206061312,-90.4569275570835.jpg",6,155,188,297,227,452,415
"WSLP_all/015892@30.0495901860951,-90.4570795475794.jpg",6,172,179,317,227,489,406
"WSLP_all/015893@30.0493603818564,-90.4571005329245.jpg",6,204,207,289,245,493,452
"WSLP_all/015895@30.061043572121,-90.5077550368308.jpg",5,0,273,308,110,308,383
"WSLP_all/015896@30.0457868127511,-90.451233921958.jpg",6,155,240,313,175,468,415
"WSLP_all/015897@30.0457305250994,-90.4514683174219.jpg",6,199,227,344,234,543,461
"WSLP_all/015898@30.0457852659714,-90.4515531741706.jpg",6,145,207,269,199,414,406
"WSLP_all/015899@30.0457395047128,-90.4511584819343.jpg",6,138,196,332,211,470,407
"WSLP_all/015900@30.0456235355792,-90.451317546786.jpg",6,114,177,294,220,408,397
"WSLP_all/015901@30.0456531587831,-90.4510106886405.jpg",6,159,222,432,255,591,477
"WSLP_all/015902@30.0453202163082,-90.4508524364893.jpg",6,151,217,332,212,483,429
"WSLP_all/015903@30.0454701198311,-90.450787894155.jpg",6,102,236,353,209,455,445
"WSLP_all/015904@30.0453952231155,-90.4509371131726.jpg",6,119,247,308,200,427,447
"WSLP_all/015905@30.0456872156916,-90.4505489130988.jpg",6,98,257,341,189,439,446
"WSLP_all/015906@30.0452638729019,-90.4504135884214.jpg",6,78,277,360,169,438,446
"WSLP_all/015907@30.0452160871531,-90.4506321040557.jpg",6,77,232,339,186,416,418
"WSLP_all/015908@30.0450747153543,-90.4505006041046.jpg",6,141,212,240,183,381,395
"WSLP_all/015909@30.0452113460075,-90.4503350346444.jpg",6,157,228,281,138,438,366
"WSLP_all/015910@30.0456842176671,-90.4502739522665.jpg",6,159,230,247,136,406,366
"WSLP_all/015911@30.0456134747926,-90.4502018811483.jpg",6,192,263,224,104,416,367
"WSLP_all/015912@30.0455744134854,-90.4501137245568.jpg",6,212,261,264,152,476,413
"WSLP_all/015913@30.0455072406954,-90.4500574258434.jpg",6,187,269,202,140,389,409
"WSLP_all/015914@30.0453166185161,-90.4500243464022.jpg",6,202,257,283,109,485,366
"WSLP_all/015917@30.0457578472603,-90.4498908450092.jpg",6,127,187,396,236,523,423
"WSLP_all/015918@30.0457808466552,-90.4499949468531.jpg",6,175,187,296,215,471,402
"WSLP_all/015919@30.0454665107942,-90.4499787675273.jpg",6,134,204,273,209,407,413
"WSLP_all/015923@30.0458670996134,-90.4500384335014.jpg",6,204,242,284,192,488,434
"WSLP_all/015924@30.0454203355663,-90.4499001575303.jpg",6,160,168,409,309,569,477
"WSLP_all/015925@30.0453784711386,-90.4498246701659.jpg",6,233,224,253,197,486,421
"WSLP_all/015926@30.0451987114973,-90.4498041379757.jpg",6,184,270,129,188,313,458
"WSLP_all/015927@30.0447838701297,-90.4500385490495.jpg",6,155,169,318,234,473,403
"WSLP_all/015928@30.0449276752956,-90.4499708991222.jpg",6,140,195,321,231,461,426
"WSLP_all/015929@30.044898384532,-90.4501671261838.jpg",6,112,209,332,203,444,412
"WSLP_all/015930@30.0449564447762,-90.4502424698592.jpg",6,224,257,270,142,494,399
"WSLP_all/015931@30.0449085974542,-90.4498857279215.jpg",6,195,238,273,160,468,398
"WSLP_all/015932@30.0448509704823,-90.4498135413964.jpg",6,194,230,353,192,547,422
"WSLP_all/015933@30.0446751766276,-90.449900439436.jpg",6,135,199,464,248,599,447
"WSLP_all/015934@30.044747483987,-90.449959852821.jpg",6,162,196,305,213,467,409
"WSLP_all/015935@30.0447483805833,-90.449675377831.jpg",6,147,95,340,306,487,401
"WSLP_all/015936@30.0451810346368,-90.4495261468388.jpg",6,170,181,227,231,397,412
"WSLP_all/015937@30.0451112287041,-90.4494667113302.jpg",6,81,205,345,173,426,378
"WSLP_all/015938@30.0449717292749,-90.4488484396836.jpg",6,137,258,279,142,416,400
"WSLP_all/015939@30.0448817609888,-90.448931417392.jpg",6,101,271,314,102,415,373
"WSLP_all/015940@30.0447566544257,-90.4490684393195.jpg",6,203,286,213,88,416,374
"WSLP_all/015941@30.0450053771518,-90.4493096121613.jpg",6,188,249,276,124,464,373
"WSLP_all/015942@30.0453186982244,-90.4492278146445.jpg",6,227,265,231,129,458,394
"WSLP_all/015943@30.0453713484408,-90.4493000453053.jpg",6,212,258,390,205,602,463
"WSLP_all/015944@30.0454260387806,-90.4493690971856.jpg",6,142,269,307,165,449,434
"WSLP_all/015945@30.045293441693,-90.4491521803359.jpg",6,148,261,303,148,451,409
"WSLP_all/015947@30.049138219824,-90.6161671054362.jpg",5,303,293,115,85,418,378
"WSLP_all/015948@30.0545362376484,-90.5477234570497.jpg",5,181,289,159,124,340,413
"WSLP_all/015949@30.056194828609,-90.6152470373775.jpg",5,239,290,191,163,430,453
"WSLP_all/015950@30.0470704132799,-90.6128252184407.jpg",5,0,256,513,181,513,437
"WSLP_all/015952@30.0531507863079,-90.6154143708053.jpg",2,419,299,222,116,641,415
"WSLP_all/015953@30.0565566621721,-90.6359306170967.jpg",3,173,309,266,82,439,391
"WSLP_all/015954@30.0480466901792,-90.6122523748062.jpg",5,278,298,162,142,440,440
"WSLP_all/015955@30.0450130306252,-90.6115189041011.jpg",5,144,253,226,251,370,504
"WSLP_all/015956@30.0482155232709,-90.612336495807.jpg",2,472,309,169,141,641,450
"WSLP_all/015958@30.0592026482287,-90.6320997280118.jpg",5,364,298,277,145,641,443
"WSLP_all/015959@30.0580547419632,-90.5757667459361.jpg",5,178,299,130,85,308,384
"WSLP_all/015960@30.0493608154956,-90.6162571689552.jpg",5,296,298,120,96,416,394
"WSLP_all/015961@30.0578345169225,-90.6166482522665.jpg",5,57,286,584,127,641,413
"WSLP_all/015962@30.059609962899,-90.4814023922062.jpg",3,202,309,168,82,370,391
"WSLP_all/015963@30.0600553688714,-90.4811235588321.jpg",6,171,286,385,168,556,454
"WSLP_all/015964@30.062669586889,-90.4806617843992.jpg",2,423,301,218,172,641,473
"WSLP_all/015966@30.0622318162529,-90.4797455910455.jpg",1,20,226,474,182,494,408
"WSLP_all/015967@30.0577137292395,-90.4792943022924.jpg",6,162,208,303,195,465,403
"WSLP_all/015968@30.0626044337528,-90.4796285930108.jpg",5,276,298,192,133,468,431
"WSLP_all/015969@30.0625808283605,-90.4797710538804.jpg",5,225,301,133,121,358,422
"WSLP_all/015970@30.0620893040028,-90.4794591331989.jpg",1,298,260,297,137,595,397
"WSLP_all/015971@30.0583154957541,-90.47896986722.jpg",5,187,276,137,109,324,385
"WSLP_all/015972@30.0626712833997,-90.4790052408612.jpg",5,9,282,285,110,294,392
"WSLP_all/015973@30.0625877509432,-90.4787309233477.jpg",5,322,282,319,157,641,439
"WSLP_all/015975@30.0533511117843,-90.4582603194919.jpg",5,282,298,141,153,423,451
"WSLP_all/015977@30.0533383475686,-90.4583299738856.jpg",5,541,390,100,131,641,521
"WSLP_all/015978@30.0533142301431,-90.4584250170659.jpg",6,179,264,288,166,467,430
"WSLP_all/015979@30.0535144837463,-90.4584801578202.jpg",4,83,288,319,119,402,407
"WSLP_all/015980@30.0534879228505,-90.4585467723549.jpg",4,101,292,347,140,448,432
"WSLP_all/015981@30.0534545618192,-90.4586039634682.jpg",4,262,321,271,118,533,439
"WSLP_all/015985@30.0521791738347,-90.4598637437086.jpg",6,219,220,204,224,423,444
"WSLP_all/015990@30.0632375260872,-90.4779445026711.jpg",6,145,186,316,267,461,453
"WSLP_all/015991@30.0633736217313,-90.477750493582.jpg",6,109,188,375,212,484,400
"WSLP_all/015993@30.0766807552508,-90.5401883499291.jpg",5,358,279,208,132,566,411
"WSLP_all/015994@30.0721529230559,-90.5394814064138.jpg",2,432,287,209,128,641,415
"WSLP_all/015995@30.0713260071826,-90.5393520455212.jpg",6,145,209,401,308,546,517
"WSLP_all/015996@30.0715467119225,-90.53940719564.jpg",6,178,227,312,201,490,428
"WSLP_all/015997@30.0716831737889,-90.5394187549035.jpg",6,180,198,274,192,454,390
"WSLP_all/015999@30.0765075128341,-90.5401834052272.jpg",5,368,278,175,93,543,371
"WSLP_all/016000@30.0726992103798,-90.5391261159528.jpg",2,505,241,136,164,641,405
"WSLP_all/016001@30.0549487920578,-90.5592928237693.jpg",4,215,271,261,207,476,478
"WSLP_all/016003@30.0614362122672,-90.4932131040938.jpg",1,143,304,201,86,344,390
"WSLP_all/016004@30.0578122624055,-90.5440465133312.jpg",1,168,288,241,161,409,449
"WSLP_all/016005@30.0543617928171,-90.543691348697.jpg",1,257,311,148,113,405,424
"WSLP_all/016006@30.0533410006828,-90.5360782503058.jpg",5,272,276,286,131,558,407
"WSLP_all/016007@30.0537835516058,-90.5361537371782.jpg",1,95,313,463,92,558,405
"WSLP_all/016009@30.0546293172252,-90.5351354381863.jpg",1,285,283,157,130,442,413
"WSLP_all/016011@30.0552320675213,-90.5412504342449.jpg",3,164,266,284,162,448,428
"WSLP_all/016012@30.0553907028848,-90.5345603485672.jpg",1,232,304,204,150,436,454
"WSLP_all/016013@30.0569646177968,-90.5501225741746.jpg",3,176,258,237,149,413,407
"WSLP_all/016014@30.0534930540069,-90.5360896782088.jpg",3,198,259,240,207,438,466
"WSLP_all/016016@30.0573977955907,-90.5356316950984.jpg",3,198,236,213,202,411,438
"WSLP_all/016017@30.0558304434417,-90.5346484960566.jpg",1,241,251,275,222,516,473
"WSLP_all/016018@30.0552721720117,-90.5348078611876.jpg",1,257,282,191,126,448,408
"WSLP_all/016019@30.0617509991461,-90.553119782462.jpg",4,241,280,145,157,386,437
"WSLP_all/016020@30.0709964291421,-90.5546787729857.jpg",4,215,271,188,157,403,428
"WSLP_all/016021@30.0577909762597,-90.5740901854377.jpg",6,223,245,198,141,421,386
"WSLP_all/016022@30.0623414519368,-90.5530835477531.jpg",4,187,271,228,163,415,434
"WSLP_all/016023@30.0541853140141,-90.5366278392067.jpg",4,169,272,241,157,410,429
"WSLP_all/016024@30.0653788472258,-90.5058823570483.jpg",3,152,287,225,114,377,401
"WSLP_all/016025@30.0649200161804,-90.5527503870275.jpg",1,34,295,232,118,266,413
"WSLP_all/016026@30.0557422437422,-90.5346555249081.jpg",1,290,267,267,261,557,528
"WSLP_all/016027@30.0611501006608,-90.5717221137499.jpg",3,260,269,165,136,425,405
"WSLP_all/016028@30.0561224078022,-90.5332141804584.jpg",2,5,299,449,158,454,457
"WSLP_all/016029@30.0544815342841,-90.5520355461512.jpg",1,305,317,133,100,438,417
"WSLP_all/016030@30.0732114120758,-90.539662673913.jpg",1,33,286,232,126,265,412
"WSLP_all/016031@30.0744906135699,-90.5394027137575.jpg",3,201,272,283,140,484,412
"WSLP_all/016032@30.0612834473994,-90.5346427365185.jpg",1,268,313,151,108,419,421
"WSLP_all/016033@30.0597748434969,-90.5353945475861.jpg",1,42,315,458,125,500,440
"WSLP_all/016034@30.0536777861421,-90.5412122085434.jpg",2,177,291,464,132,641,423
"WSLP_all/016036@30.0545105165543,-90.5436933315931.jpg",1,267,313,117,114,384,427
"WSLP_all/016037@30.0594777142503,-90.5458668204197.jpg",3,0,302,398,90,398,392
"WSLP_all/016038@30.0601955841954,-90.5455576723478.jpg",1,201,269,218,163,419,432
"WSLP_all/016039@30.0577169646476,-90.5485266070301.jpg",3,261,302,116,92,377,394
"WSLP_all/016040@30.0576993590369,-90.5510588204047.jpg",4,210,267,191,165,401,432
"WSLP_all/016041@30.0553464364639,-90.5464905777342.jpg",4,195,270,222,179,417,449
"WSLP_all/016042@30.0607028529143,-90.5720100425803.jpg",3,220,265,247,168,467,433
"WSLP_all/016043@30.0585218116632,-90.5751278025518.jpg",2,0,317,378,187,378,504
"WSLP_all/016044@30.0701480220531,-90.554758116498.jpg",4,193,265,213,163,406,428
"WSLP_all/016045@30.0617249324753,-90.555263327587.jpg",6,197,266,255,126,452,392
"WSLP_all/016046@30.0634850069428,-90.5554835254767.jpg",2,0,305,448,102,448,407
"WSLP_all/016047@30.0539229883889,-90.5374802518125.jpg",4,195,267,235,145,430,412
"WSLP_all/016048@30.0696824240519,-90.552918586373.jpg",6,176,251,284,143,460,394
"WSLP_all/016049@30.0495594675338,-90.4539062715071.jpg",3,176,255,271,148,447,403
"WSLP_all/016050@30.0728826960898,-90.5103601592763.jpg",6,223,241,199,143,422,384
"WSLP_all/016051@30.0514576718895,-90.5300211340808.jpg",1,294,305,292,87,586,392
"WSLP_all/016052@30.0513518485949,-90.5300061821727.jpg",1,166,312,116,91,282,403
"WSLP_all/016053@30.054323604152,-90.5304595498765.jpg",1,66,302,332,106,398,408
"WSLP_all/016054@30.0541891872872,-90.54847219505.jpg",2,0,282,641,171,641,453
"WSLP_all/016055@30.052430277843,-90.4670528002694.jpg",1,116,269,207,162,323,431
"WSLP_all/016056@30.0499315246543,-90.4574843052857.jpg",6,218,265,207,115,425,380
"WSLP_all/016057@30.0574376077222,-90.5810663258478.jpg",6,189,263,273,120,462,383
"WSLP_all/016058@30.0509827149987,-90.6374647248632.jpg",4,183,263,227,142,410,405
"WSLP_all/016059@30.074173940296,-90.4851730825721.jpg",1,106,221,362,134,468,355
"WSLP_all/016061@30.0744095338118,-90.4850256393236.jpg",1,141,210,417,144,558,354
"WSLP_all/016062@30.0744749715099,-90.4846741357965.jpg",1,241,250,338,99,579,349
"WSLP_all/016063@30.0782320831546,-90.4929134232245.jpg",6,211,253,220,126,431,379
"WSLP_all/016064@30.0820986332429,-90.4958308917106.jpg",6,197,262,243,118,440,380
"WSLP_all/016065@30.0819386479014,-90.4966922791762.jpg",6,212,259,218,116,430,375
"WSLP_all/016066@30.0823870950331,-90.497286119822.jpg",6,211,259,219,124,430,383
"WSLP_all/016067@30.0826448020849,-90.4970594602224.jpg",6,199,263,243,108,442,371
"WSLP_all/016068@30.0818773455486,-90.4955355316215.jpg",1,55,220,314,130,369,350
"WSLP_all/016069@30.0742052809213,-90.4938832357574.jpg",6,153,249,294,133,447,382
"WSLP_all/016070@30.0743662041503,-90.4938534252151.jpg",1,186,257,192,86,378,343
"WSLP_all/016071@30.0741457456315,-90.4935897020876.jpg",6,191,251,235,120,426,371
"WSLP_all/016072@30.0743117163525,-90.4934586750062.jpg",1,0,209,389,175,389,384
"WSLP_all/016073@30.074472491481,-90.4934098938851.jpg",1,57,204,401,166,458,370
"WSLP_all/016074@30.0741189770531,-90.4934539759435.jpg",6,156,253,342,148,498,401
"WSLP_all/016075@30.0741175068364,-90.4931631139007.jpg",6,199,269,256,109,455,378
"WSLP_all/016076@30.0732506310281,-90.5566245349842.jpg",1,110,261,225,131,335,392
"WSLP_all/016077@30.0730454838912,-90.5566229721545.jpg",1,94,253,232,134,326,387
"WSLP_all/016078@30.0728813436297,-90.5566179281322.jpg",1,94,254,240,142,334,396
"WSLP_all/016079@30.0726522363676,-90.5566102288366.jpg",1,100,251,245,137,345,388
"WSLP_all/016080@30.0725028893158,-90.5566050695636.jpg",1,83,247,243,148,326,395
"WSLP_all/016081@30.0562186880192,-90.4621580867729.jpg",1,87,142,483,312,570,454
"WSLP_all/016082@30.0560235277982,-90.4620870871311.jpg",1,28,147,474,276,502,423
"WSLP_all/016083@30.0558300384423,-90.4620192342554.jpg",6,206,253,213,127,419,380
"WSLP_all/016084@30.0561332192774,-90.4623864331892.jpg",1,129,226,509,160,638,386
"WSLP_all/016085@30.0559208336492,-90.4625589891518.jpg",4,207,269,235,160,442,429
"WSLP_all/016086@30.055725096738,-90.4624216100432.jpg",6,205,255,209,132,414,387
"WSLP_all/016087@30.0648726004527,-90.476397199052.jpg",6,216,259,207,120,423,379
"WSLP_all/016088@30.062371591371,-90.5776781263709.jpg",2,25,220,616,201,641,421
"WSLP_all/016089@30.0721844205348,-90.5021330934095.jpg",1,311,230,300,175,611,405
"WSLP_all/016090@30.0725773821979,-90.4905645950636.jpg",1,71,274,505,106,576,380
"WSLP_all/016091@30.0558743366741,-90.6167824661485.jpg",2,0,228,641,172,641,400
"WSLP_all/016092@30.0672351048185,-90.5516826563913.jpg",1,176,232,224,187,400,419
"WSLP_all/016093@30.0722760466893,-90.5566036758701.jpg",1,51,237,246,151,297,388
"WSLP_all/016094@30.0561529149019,-90.4617097838093.jpg",4,235,232,234,205,469,437
"WSLP_all/016095@30.0559609668731,-90.4616545624893.jpg",6,191,250,256,136,447,386
"WSLP_all/016096@30.0813991391073,-90.4947648848626.jpg",6,211,261,212,115,423,376
"WSLP_all/016097@30.0788187927115,-90.5732849750888.jpg",6,203,274,243,102,446,376
"WSLP_all/016098@30.0785655235238,-90.5733596279229.jpg",6,211,259,227,124,438,383
"WSLP_all/016099@30.0785137732148,-90.5739512785827.jpg",6,218,269,199,98,417,367
"WSLP_all/016100@30.0788190732389,-90.573967923009.jpg",6,224,272,190,98,414,370
"WSLP_all/016101@30.0742258657913,-90.6724096213697.jpg",5,202,276,245,131,447,407
"WSLP_all/016102@30.0737562406222,-90.6984932883594.jpg",1,235,284,261,106,496,390
"WSLP_all/016103@30.0736989962453,-90.699031255576.jpg",1,183,292,321,102,504,394
"WSLP_all/016104@30.0704404689541,-90.6859018352682.jpg",6,222,259,197,115,419,374
"WSLP_all/016106@30.0614726558145,-90.7042447722156.jpg",6,199,276,230,83,429,359
"WSLP_all/016107@30.0535371170864,-90.7214110346904.jpg",6,212,270,207,96,419,366
"WSLP_all/016108@30.0209173250172,-90.4502895268919.jpg",6,214,271,207,95,421,366
"WSLP_all/016109@30.0041342375706,-90.4618855562983.jpg",4,172,246,276,154,448,400
"WSLP_all/016110@30.0036636584363,-90.4609030043266.jpg",1,140,308,220,82,360,390
"WSLP_all/016111@30.0409460848722,-90.7482717662757.jpg",6,207,259,222,113,429,372
"WSLP_all/016112@30.0567518951298,-90.5514519119109.jpg",1,259,265,221,148,480,413
"WSLP_all/016113@30.0399926413582,-90.4667341932382.jpg",6,222,265,195,105,417,370
"WSLP_all/016114@30.0397315985472,-90.464293327841.jpg",6,214,261,222,108,436,369
"WSLP_all/016115@30.0414971824162,-90.443142687939.jpg",2,0,266,345,125,345,391
"WSLP_all/016116@30.0505502050734,-90.5341186755985.jpg",2,0,290,504,100,504,390
"WSLP_all/016118@30.0742938703067,-90.4729901000053.jpg",1,186,251,237,111,423,362
"WSLP_all/016120@30.1004343882367,-90.4807781832232.jpg",1,223,272,227,99,450,371
"WSLP_all/016121@30.0764948003994,-90.4703120650211.jpg",6,211,266,212,104,423,370
"WSLP_all/016122@30.0832224300209,-90.4674459745571.jpg",6,216,275,201,91,417,366
"WSLP_all/016124@30.0747563313489,-90.4660809578243.jpg",4,222,270,189,125,411,395
"WSLP_all/016125@30.0837839762618,-90.4631882230352.jpg",4,219,250,190,117,409,367
"WSLP_all/016126@30.0722130204851,-90.4862331034117.jpg",6,211,267,212,100,423,367
"WSLP_all/016128@30.0727614447721,-90.4936677601356.jpg",2,0,52,641,525,641,577
"WSLP_all/016129@30.0721886842993,-90.4915701133297.jpg",2,0,75,591,366,591,441
"WSLP_all/016135@30.0705553716929,-90.486860535437.jpg",3,210,208,364,168,574,376
"WSLP_all/016136@30.0716008186589,-90.484929405885.jpg",4,190,278,220,123,410,401
"WSLP_all/016137@30.0731187430134,-90.4912049919909.jpg",2,0,274,641,186,641,460
"WSLP_all/016138@30.08647904043,-90.4965340002153.jpg",6,216,269,202,103,418,372
"WSLP_all/016139@30.0780970532499,-90.5267299765923.jpg",1,148,241,395,120,543,361
"WSLP_all/016140@30.0781319143824,-90.5244279073678.jpg",6,195,282,235,81,430,363
"WSLP_all/016141@30.0857559741725,-90.4934792148006.jpg",1,88,251,289,106,377,357
"WSLP_all/016142@30.077761585283,-90.5227488448311.jpg",3,0,191,355,179,355,370
"WSLP_all/016143@30.0959378792871,-90.4717438186956.jpg",6,207,258,228,130,435,388
"WSLP_all/016144@30.0778735041544,-90.5113907916023.jpg",2,173,238,468,129,641,367
"WSLP_all/016145@30.0733679070318,-90.5519918212689.jpg",2,201,299,173,88,374,387
"WSLP_all/016146@30.0765327833938,-90.621613651977.jpg",6,205,274,231,91,436,365
"WSLP_all/016147@30.0764888309841,-90.5017999890225.jpg",1,190,249,294,105,484,354
"WSLP_all/016148@30.0766601133387,-90.5626716682014.jpg",4,212,263,222,115,434,378
"WSLP_all/016149@30.0734474173414,-90.5631928885114.jpg",6,203,272,228,87,431,359
"WSLP_all/016150@30.0758771037502,-90.5016090653534.jpg",3,197,221,340,142,537,363
"WSLP_all/016151@30.0761038110685,-90.5017020251858.jpg",1,193,241,278,112,471,353
"WSLP_all/016152@30.0763012065714,-90.5017256728826.jpg",1,172,189,313,183,485,372
"WSLP_all/016153@30.0743105070167,-90.5012332538042.jpg",2,0,269,641,89,641,358
"WSLP_all/016154@30.0815511161025,-90.6021100714574.jpg",6,214,270,217,96,431,366
"WSLP_all/016155@30.0806321592565,-90.5025969898963.jpg",4,193,214,238,162,431,376
"WSLP_all/016156@30.0803039535112,-90.5017713170267.jpg",2,0,168,641,227,641,395
"WSLP_all/016157@30.0800539106975,-90.5018018601682.jpg",3,144,207,361,210,505,417
"WSLP_all/016158@30.0786288670729,-90.5022785376023.jpg",1,94,266,484,122,578,388
"WSLP_all/016159@30.0787813374056,-90.5023120460708.jpg",1,170,269,294,122,464,391
"WSLP_all/016160@30.0796070904164,-90.5016759519895.jpg",1,191,210,450,199,641,409
"WSLP_all/016161@30.0809736386552,-90.5006938483571.jpg",1,315,177,207,190,522,367
"WSLP_all/016162@30.0839189845684,-90.4822411892718.jpg",6,223,267,196,105,419,372
"WSLP_all/016163@30.0838566847237,-90.4816472683334.jpg",1,48,282,355,113,403,395
"WSLP_all/016164@30.0521350673744,-90.4702764056845.jpg",3,4,278,637,208,641,486
"WSLP_all/016166@30.0868698351884,-90.4517050404252.jpg",6,210,274,236,98,446,372
"WSLP_all/016169@30.0857507709595,-90.4504754173601.jpg",1,201,240,406,154,607,394
"WSLP_all/016170@30.0848321495817,-90.4496582676422.jpg",1,40,269,536,106,576,375
"WSLP_all/016172@30.0664254876761,-90.5524603913047.jpg",2,104,253,537,151,641,404
"WSLP_all/016173@30.0686149392406,-90.4788784168656.jpg",4,174,234,331,231,505,465
"WSLP_all/016174@30.0646173663192,-90.4784637717286.jpg",6,223,276,196,85,419,361
"WSLP_all/016175@30.0677678653035,-90.4773903009148.jpg",1,232,288,186,88,418,376
"WSLP_all/016176@30.055053823208,-90.4639195026148.jpg",6,224,267,191,109,415,376
"WSLP_all/016177@30.0529452320571,-90.4577391549924.jpg",4,186,228,239,180,425,408
"WSLP_all/016178@30.0521151423056,-90.4578444376136.jpg",5,181,251,270,153,451,404
"WSLP_all/016179@30.0532238413464,-90.4614856757975.jpg",6,191,241,228,153,419,394
"WSLP_all/016180@30.0524638132364,-90.4602911448902.jpg",6,220,254,193,124,413,378
"WSLP_all/016181@30.0531535142201,-90.4591850709929.jpg",2,0,290,641,164,641,454
"WSLP_all/016182@30.0534049531903,-90.4592334423129.jpg",2,0,288,641,154,641,442
"WSLP_all/016184@30.0687363091785,-90.4992848842064.jpg",6,220,269,199,93,419,362
"WSLP_all/016185@30.0621461392495,-90.5530850766703.jpg",1,165,262,249,188,414,450
"WSLP_all/016187@30.0720035825831,-90.4904461447707.jpg",1,106,267,282,98,388,365
"WSLP_all/016188@30.0629550977247,-90.552149320328.jpg",1,67,271,359,116,426,387
"WSLP_all/016189@30.0632652911318,-90.4765722466652.jpg",2,0,266,624,104,624,370
"WSLP_all/016191@30.072275777665,-90.5523671296976.jpg",3,145,185,398,232,543,417
"WSLP_all/016192@30.0567988414237,-90.5636534359151.jpg",1,113,294,267,96,380,390
"WSLP_all/016193@30.0564413163252,-90.5599134536738.jpg",2,38,164,603,306,641,470
"WSLP_all/016194@30.0677986886399,-90.4836086591771.jpg",6,189,257,222,123,411,380
"WSLP_all/016195@30.0646307341168,-90.4833258528842.jpg",2,179,0,462,465,641,465
"WSLP_all/016196@30.0645065568778,-90.4832415550431.jpg",1,28,144,548,290,576,434
"WSLP_all/016197@30.0644914056119,-90.482530375267.jpg",1,153,279,372,119,525,398
"WSLP_all/016198@30.065934311145,-90.4813135589566.jpg",1,1,176,545,207,546,383
"WSLP_all/016199@30.0792207654662,-90.5002310568162.jpg",6,207,259,232,120,439,379
"WSLP_all/016200@30.0660892030274,-90.4881124507776.jpg",1,222,243,378,176,600,419
"WSLP_all/016201@30.0701426968078,-90.4878061820813.jpg",1,99,228,460,143,559,371
"WSLP_all/016202@30.0662570250558,-90.5066464538744.jpg",2,0,152,641,371,641,523
"WSLP_all/016203@30.0665759073048,-90.5061221727166.jpg",2,0,266,641,155,641,421
"WSLP_all/016205@30.0516140186044,-90.6383232530367.jpg",1,11,246,601,154,612,400
"WSLP_all/016207@30.0565725630167,-90.6249962897383.jpg",2,0,288,595,121,595,409
"WSLP_all/016208@30.0566620688709,-90.625077842014.jpg",3,197,258,444,138,641,396
"WSLP_all/016209@30.0582526879442,-90.619951805043.jpg",1,32,11,333,451,365,462
"WSLP_all/016210@30.0536164879929,-90.6151549762631.jpg",1,0,240,641,348,641,588
"WSLP_all/016211@30.0537643164095,-90.6143731423781.jpg",1,32,243,474,184,506,427
"WSLP_all/016212@30.054693674286,-90.6143316679962.jpg",1,235,299,341,116,576,415
"WSLP_all/016213@30.0450893763913,-90.6108988482669.jpg",1,139,253,308,138,447,391
"WSLP_all/016214@30.0560890141409,-90.5841806886808.jpg",6,211,261,227,110,438,371
"WSLP_all/016216@30.0542253223733,-90.552947931559.jpg",2,0,1,640,493,640,494
"WSLP_all/016217@30.0569579272399,-90.5717256946882.jpg",6,218,259,205,125,423,384
"WSLP_all/016221@30.0552381831554,-90.5518778847892.jpg",1,91,253,382,179,473,432
"WSLP_all/016222@30.0551300608582,-90.5618423903718.jpg",1,21,174,536,260,557,434
"WSLP_all/016223@30.0549351783799,-90.560121125616.jpg",1,36,118,345,293,381,411
"WSLP_all/016224@30.0575590714155,-90.5586213602544.jpg",2,5,241,635,182,640,423
"WSLP_all/016225@30.0546538690335,-90.5574743532645.jpg",1,53,279,567,149,620,428
"WSLP_all/016226@30.0673633301869,-90.4805868528708.jpg",3,168,216,330,151,498,367
"WSLP_all/016227@30.0650480768386,-90.4794432695947.jpg",4,215,278,253,149,468,427
"WSLP_all/016228@30.0621075914095,-90.5028493844791.jpg",6,194,253,258,119,452,372
"WSLP_all/016229@30.0643271429473,-90.4836572232609.jpg",1,40,251,472,164,512,415
"WSLP_all/016230@30.0597559704366,-90.481439078847.jpg",6,202,286,217,96,419,382
"WSLP_all/016231@30.0707533552513,-90.4985471668185.jpg",4,248,253,196,141,444,394
"WSLP_all/016232@30.0697163068852,-90.4978666391294.jpg",5,146,214,334,224,480,438
"WSLP_all/016233@30.0696543473634,-90.4976142354901.jpg",2,144,162,497,242,641,404
"WSLP_all/016235@30.0696633218243,-90.4961693410906.jpg",4,205,258,221,136,426,394
"WSLP_all/016236@30.0495223006862,-90.4559200938012.jpg",6,198,267,248,96,446,363
"WSLP_all/016237@30.0499463793868,-90.4558531429737.jpg",4,191,274,260,133,451,407
"WSLP_all/016238@30.0497594830962,-90.4558136963877.jpg",6,201,258,257,141,458,399
"WSLP_all/016239@30.059735766648,-90.5083254037913.jpg",4,198,267,213,158,411,425
"WSLP_all/016240@30.0713734847877,-90.4921935077674.jpg",4,235,291,170,136,405,427
"WSLP_all/016241@30.0593363420266,-90.5080694907091.jpg",4,203,284,210,129,413,413
"WSLP_all/016242@30.0546052174268,-90.5512885709413.jpg",4,182,282,212,150,394,432
"WSLP_all/016243@30.0638646815512,-90.4852291963668.jpg",2,0,236,575,158,575,394
"WSLP_all/016245@30.0719668446888,-90.5145283896405.jpg",6,215,269,203,98,418,367
"WSLP_all/016246@30.0744679506351,-90.5000652773397.jpg",4,210,286,217,148,427,434
"WSLP_all/016247@30.073977238293,-90.5001041584601.jpg",2,1,174,640,247,641,421
"WSLP_all/016248@30.0753275062055,-90.4958466914209.jpg",1,37,171,476,267,513,438
"WSLP_all/016249@30.0857059462709,-90.5801667665269.jpg",4,207,229,237,176,444,405
"WSLP_all/016250@30.0704269508017,-90.492713668418.jpg",3,120,258,521,202,641,460
"WSLP_all/016251@30.0543167257126,-90.5517649895128.jpg",1,296,280,181,148,477,428
"WSLP_all/016252@30.0620172088399,-90.474932779803.jpg",2,223,282,418,134,641,416
"WSLP_all/016253@30.0719192964383,-90.4960776743746.jpg",4,239,269,190,154,429,423
"WSLP_all/016254@30.0655146956849,-90.4874344602341.jpg",2,92,242,549,228,641,470
"WSLP_all/016255@30.0699736854411,-90.4875483688423.jpg",1,66,276,248,83,314,359
"WSLP_all/016256@30.0699585413703,-90.487485266627.jpg",1,143,275,239,82,382,357
"WSLP_all/016260@30.0690496661556,-90.4857193710035.jpg",4,170,280,236,91,406,371
"WSLP_all/016262@30.0687799228207,-90.485222147058.jpg",6,197,272,268,106,465,378
"WSLP_all/016263@30.0685163303168,-90.4845446673683.jpg",4,251,274,179,126,430,400
"WSLP_all/016264@30.0683929734949,-90.4842675070005.jpg",1,199,261,218,92,417,353
"WSLP_all/016265@30.0684472271153,-90.4842417528975.jpg",1,189,266,222,88,411,354
"WSLP_all/016266@30.0682161254565,-90.4844460565613.jpg",6,222,270,197,100,419,370
"WSLP_all/016268@30.0680817096705,-90.4845736605155.jpg",6,226,279,195,86,421,365
"WSLP_all/016269@30.0677205618485,-90.4833311162083.jpg",2,0,201,641,249,641,450
"WSLP_all/016270@30.0655074442943,-90.4811212013982.jpg",2,29,253,612,184,641,437
"WSLP_all/016272@30.0664647831611,-90.5522609144154.jpg",2,18,254,623,161,641,415
"WSLP_all/016274@30.0888905922851,-90.5031668937153.jpg",3,165,258,476,88,641,346
"WSLP_all/016276@30.0781110763458,-90.487839752932.jpg",1,111,158,244,220,355,378
"WSLP_all/016277@30.0818080682237,-90.49618746871.jpg",6,216,272,191,85,407,357
"WSLP_all/016278@30.0714093110254,-90.4896512883575.jpg",6,75,303,257,81,332,384
"WSLP_all/016279@30.0902570350926,-90.5035191599325.jpg",1,98,226,361,132,459,358
"WSLP_all/016280@30.0909449811315,-90.5035482150605.jpg",1,173,255,344,86,517,341
"WSLP_all/016282@30.047702183393,-90.4521051701579.jpg",4,181,270,265,211,446,481
"WSLP_all/016283@30.0480137510691,-90.4518432263925.jpg",4,226,295,205,154,431,449
"WSLP_all/016284@30.0512138429673,-90.4563477388271.jpg",4,197,292,226,165,423,457
"WSLP_all/016286@30.0746983348508,-90.50128376433.jpg",4,220,241,206,171,426,412
"WSLP_all/016287@30.0745790570775,-90.5012942451998.jpg",2,0,240,516,121,516,361
"WSLP_all/016288@30.0745236131113,-90.5012757380136.jpg",2,0,224,599,135,599,359
"WSLP_all/016289@30.074449214137,-90.5012731974862.jpg",2,0,224,641,141,641,365
"WSLP_all/016290@30.0741721917173,-90.5012249236366.jpg",2,0,220,641,142,641,362
"WSLP_all/016291@30.0740752270871,-90.5012067622061.jpg",2,0,240,641,130,641,370
"WSLP_all/016292@30.0739885889253,-90.5011821923018.jpg",2,11,212,630,168,641,380
"WSLP_all/016293@30.0765555430685,-90.5018089176186.jpg",1,62,243,307,119,369,362
"WSLP_all/016297@30.0826829271734,-90.5028043925961.jpg",1,301,204,245,133,546,337
"WSLP_all/016298@30.0821319489371,-90.50271412697.jpg",6,208,270,231,89,439,359
"WSLP_all/016299@30.0810993422,-90.5025203719667.jpg",1,46,233,284,96,330,329
"WSLP_all/016300@30.0804996410287,-90.50257912338.jpg",2,0,207,422,135,422,342
"WSLP_all/016301@30.0804363813224,-90.5025638414034.jpg",2,0,195,401,151,401,346
"WSLP_all/016302@30.0803592334864,-90.5024917616831.jpg",2,0,201,496,149,496,350
"WSLP_all/016303@30.080102240397,-90.5025191991206.jpg",2,252,196,389,179,641,375
"WSLP_all/016304@30.0772271515235,-90.5019677256106.jpg",1,187,257,267,101,454,358
"WSLP_all/016307@30.0892397092724,-90.5031576598344.jpg",1,234,257,196,90,430,347
"WSLP_all/016308@30.0816103234694,-90.5009351571167.jpg",1,80,267,396,95,476,362
"WSLP_all/016309@30.0822824066135,-90.5015176622718.jpg",3,230,230,259,120,489,350
"WSLP_all/016310@30.0830217167049,-90.5017201807253.jpg",3,186,254,268,145,454,399
"WSLP_all/016311@30.0836194374358,-90.5018574811395.jpg",4,201,276,235,139,436,415
"WSLP_all/016312@30.0841874788092,-90.5019412770528.jpg",1,241,254,219,89,460,343
"WSLP_all/016313@30.0741068339961,-90.4955850458215.jpg",2,0,44,641,392,641,436
"WSLP_all/016314@30.0741247264638,-90.4956354820918.jpg",2,3,81,638,343,641,424
"WSLP_all/016315@30.0741304575234,-90.4956891822633.jpg",2,0,49,641,363,641,412
"WSLP_all/016316@30.0741445207194,-90.4957775907591.jpg",2,1,67,640,364,641,431
"WSLP_all/016317@30.0741805466361,-90.4959164014245.jpg",2,1,51,640,397,641,448
"WSLP_all/016318@30.0845969016984,-90.4501220080905.jpg",6,216,270,215,100,431,370
"WSLP_all/016319@30.077383227495,-90.4925980799842.jpg",6,226,275,188,86,414,361
"WSLP_all/016320@30.0772754055622,-90.4939522292079.jpg",5,136,148,299,252,435,400
"WSLP_all/016321@30.0727698231044,-90.5019479985671.jpg",2,100,229,541,166,641,395
"WSLP_all/016322@30.0728456274309,-90.5019726592089.jpg",2,1,238,640,165,641,403
"WSLP_all/016323@30.0729214507988,-90.502000481357.jpg",2,0,188,641,249,641,437
"WSLP_all/016324@30.0730756662819,-90.5020402961916.jpg",2,0,184,641,260,641,444
"WSLP_all/016325@30.0713664100609,-90.501978675143.jpg",1,172,286,272,142,444,428
"WSLP_all/016326@30.0746549227365,-90.5169819051582.jpg",2,82,187,556,229,638,416
"WSLP_all/016327@30.0735109568872,-90.5165201897153.jpg",1,91,246,429,148,520,394
"WSLP_all/016328@30.0726946830013,-90.516150646179.jpg",5,148,296,271,127,419,423
"WSLP_all/016330@30.0724048266829,-90.5146986797779.jpg",6,212,274,201,91,413,365
"WSLP_all/016331@30.0752219536198,-90.5123769803199.jpg",1,245,263,127,103,372,366
"WSLP_all/016332@30.0736310450413,-90.5076887045708.jpg",6,211,275,225,84,436,359
"WSLP_all/016338@30.0707740601428,-90.499024390019.jpg",5,224,291,199,105,423,396
"WSLP_all/016340@30.0715913615053,-90.4961879232371.jpg",6,216,221,260,157,476,378
"WSLP_all/016341@30.0637152379192,-90.4850344639211.jpg",2,1,284,442,355,443,639
"WSLP_all/016342@30.0636495886617,-90.4849559892322.jpg",4,177,220,252,253,429,473
"WSLP_all/016343@30.0676837967093,-90.4837360983431.jpg",6,218,258,207,118,425,376
"WSLP_all/016344@30.0608262393868,-90.5637993657743.jpg",1,161,274,440,130,601,404
"WSLP_all/016345@30.0764095796809,-90.5641027090496.jpg",4,238,274,197,138,435,412
"WSLP_all/016347@30.0778958571599,-90.5418164833224.jpg",6,220,261,199,117,419,378
"WSLP_all/016349@30.0534474694078,-90.4611296847911.jpg",1,70,282,388,88,458,370
"WSLP_all/016350@30.0528839865065,-90.4696124327492.jpg",1,28,270,465,147,493,417
"WSLP_all/016351@30.0599262261695,-90.4709518339044.jpg",4,219,257,198,139,417,396
"WSLP_all/016352@30.0595445063251,-90.4721311085202.jpg",6,226,275,184,87,410,362
"WSLP_all/016356@30.0592839643454,-90.4716781455899.jpg",6,224,278,177,93,401,371
"WSLP_all/016357@30.0710255449725,-90.4772137291977.jpg",1,98,257,312,85,410,342
"WSLP_all/016358@30.0686087352279,-90.4803865064623.jpg",2,0,80,590,394,590,474
"WSLP_all/016359@30.0765077087537,-90.5669222192542.jpg",2,1,263,640,84,641,347
"WSLP_all/016365@30.0745601080178,-90.472703249946.jpg",1,96,271,313,90,409,361
"WSLP_all/016366@30.0744754732969,-90.4728051546706.jpg",1,104,259,285,92,389,351
"WSLP_all/016367@30.0844288202476,-90.4595115017692.jpg",6,219,279,208,86,427,365
"WSLP_all/016368@30.0860230640344,-90.4635829008355.jpg",2,0,270,250,108,250,378
"WSLP_all/016369@30.0859476379641,-90.4506855306348.jpg",3,234,269,214,134,448,403
"WSLP_all/016370@30.0864565499398,-90.4498683704359.jpg",1,193,271,345,88,538,359
"WSLP_all/016374@30.0704340456313,-90.4866718717357.jpg",3,267,243,374,140,641,383
"WSLP_all/016376@30.0715694966868,-90.4864251067837.jpg",6,226,271,181,91,407,362
"WSLP_all/016383@30.076407242651,-90.4705594393349.jpg",4,206,261,200,133,406,394
"WSLP_all/016385@30.0848688699566,-90.4455567964368.jpg",6,191,274,239,89,430,363
"WSLP_all/016386@30.0871026046727,-90.4467290064877.jpg",6,202,280,225,85,427,365
"WSLP_all/016388@30.0696083195929,-90.5960959768998.jpg",6,199,269,226,97,425,366
"WSLP_all/016389@30.0733383721517,-90.6843376119848.jpg",6,220,267,183,103,403,370
"WSLP_all/016390@30.0729959831778,-90.6848105098907.jpg",6,202,276,219,83,421,359
"WSLP_all/016392@30.0661572821818,-90.7010796485178.jpg",1,96,129,263,243,359,372
"WSLP_all/016393@30.0621619037506,-90.7029227156031.jpg",6,218,271,195,91,413,362
"WSLP_all/016395@30.0418988736803,-90.7443051107851.jpg",1,78,207,439,176,517,383
"WSLP_all/016396@30.0416719438846,-90.7441913739498.jpg",1,82,253,398,125,480,378
"WSLP_all/016397@30.0139697324355,-90.4676889172516.jpg",1,158,232,232,133,390,365
"WSLP_all/016398@30.003851695885,-90.4584084242769.jpg",2,0,238,634,273,634,511
"WSLP_all/016399@30.0529120606521,-90.5480871275982.jpg",2,75,216,566,312,641,528
"WSLP_all/016401@30.0523905183301,-90.5457647585522.jpg",2,3,27,638,442,641,469
"WSLP_all/016402@30.0610147094005,-90.5445237928301.jpg",2,0,238,641,186,641,424
"WSLP_all/016403@30.0523745323823,-90.5384661948856.jpg",2,79,1,559,634,638,635
"WSLP_all/016404@30.0514256654613,-90.5407338361945.jpg",1,91,213,335,185,426,398
"WSLP_all/016408@30.0867069526105,-90.4640038125874.jpg",3,152,275,349,83,501,358
"WSLP_all/016415@30.0935225596385,-90.4691747848979.jpg",2,0,255,597,153,597,408
"WSLP_all/016416@30.093129077085,-90.4691276010289.jpg",5,202,292,237,117,439,409
"WSLP_all/016419@30.0732472296738,-90.4852568486115.jpg",6,208,271,185,96,393,367
"WSLP_all/016421@30.0727442535988,-90.4842620529396.jpg",1,145,261,272,130,417,391
"WSLP_all/016422@30.081919078128,-90.4920728768518.jpg",6,227,279,179,88,406,367
"WSLP_all/016423@30.0816985950777,-90.4924604919606.jpg",6,219,274,194,95,413,369
"WSLP_all/016424@30.081614583399,-90.4968056665158.jpg",1,50,232,318,127,368,359
"WSLP_all/016429@30.0811722353365,-90.491959029686.jpg",6,176,282,267,85,443,367
"WSLP_all/016430@30.0724154389456,-90.484584177385.jpg",2,1,213,640,203,641,416
"WSLP_all/016434@30.0809314012863,-90.4912527989724.jpg",6,230,276,180,82,410,358
"WSLP_all/016436@30.0779907553853,-90.5248653803655.jpg",1,141,234,414,142,555,376
"WSLP_all/016437@30.0787074467048,-90.5236517539054.jpg",3,111,258,257,130,368,388
"WSLP_all/016438@30.0792359629303,-90.5234767213589.jpg",1,306,216,256,139,562,355
"WSLP_all/016439@30.0792069586549,-90.5232809230096.jpg",1,302,221,252,126,554,347
"WSLP_all/016440@30.0790795368449,-90.5229151867301.jpg",2,247,249,394,155,641,404
"WSLP_all/016441@30.0787102767328,-90.5228106881482.jpg",2,0,230,641,214,641,444
"WSLP_all/016445@30.0777293036948,-90.5188253355541.jpg",1,222,189,385,219,607,408
"WSLP_all/016446@30.0784287534021,-90.5110162803589.jpg",2,3,271,638,167,641,438
"WSLP_all/016447@30.0776543747749,-90.5111934070223.jpg",1,174,272,233,102,407,374
"WSLP_all/016448@30.0756144060262,-90.5087346104006.jpg",2,0,250,641,137,641,387
"WSLP_all/016449@30.073728508169,-90.5076594422705.jpg",6,224,269,199,89,423,358
"WSLP_all/016450@30.0732703601929,-90.5048873146724.jpg",6,220,287,189,82,409,369
"WSLP_all/016452@30.0770850940487,-90.540074469575.jpg",4,197,274,234,113,431,387
"WSLP_all/016453@30.0766675832545,-90.5018585707302.jpg",1,235,205,257,152,492,357
"WSLP_all/016458@30.072951731677,-90.5571485324258.jpg",1,362,284,195,111,557,395
"WSLP_all/016460@30.0739222882996,-90.5559964545842.jpg",1,264,237,188,128,452,365
"WSLP_all/016461@30.0798057992228,-90.5018292251956.jpg",2,0,151,641,272,641,423
"WSLP_all/016463@30.0812409100665,-90.5012923756999.jpg",1,222,81,416,327,638,408
"WSLP_all/016464@30.0871018420903,-90.4988086328995.jpg",1,0,109,459,382,459,491
"WSLP_all/016466@30.0887549927617,-90.4519223607431.jpg",1,117,226,351,145,468,371
"WSLP_all/016467@30.0696775340987,-90.4755939559374.jpg",3,48,254,330,180,378,434
"WSLP_all/016469@30.0615556320798,-90.4744752080948.jpg",1,92,75,457,312,549,387
"WSLP_all/016470@30.065187165473,-90.4790532274081.jpg",2,245,200,396,262,641,462
"WSLP_all/016473@30.0531157717558,-90.4620840524992.jpg",6,228,280,187,86,415,366
"WSLP_all/016474@30.0538935534454,-90.4579173270202.jpg",6,215,271,188,101,403,372
"WSLP_all/016476@30.0615365193997,-90.5525966916885.jpg",1,166,201,427,203,593,404
"WSLP_all/016477@30.0626057216698,-90.4875571483857.jpg",1,172,280,209,85,381,365
"WSLP_all/016478@30.0617541328863,-90.5521777003413.jpg",2,234,226,407,123,641,349
"WSLP_all/016479@30.0617129102835,-90.4762125586376.jpg",1,133,270,306,116,439,386
"WSLP_all/016480@30.0614921379656,-90.5637468059165.jpg",1,228,228,273,137,501,365
"WSLP_all/016481@30.0560873178095,-90.5635546132235.jpg",2,0,258,327,134,327,392
"WSLP_all/016483@30.0622099903156,-90.5620973966238.jpg",6,206,274,232,95,438,369
"WSLP_all/016484@30.0627609168873,-90.5607590646066.jpg",6,227,278,199,83,426,361
"WSLP_all/016485@30.0633130598912,-90.5607358170043.jpg",6,206,263,224,106,430,369
"WSLP_all/016487@30.062138474769,-90.5613898225122.jpg",6,218,276,201,90,419,366
"WSLP_all/016488@30.0629007692973,-90.561213208605.jpg",6,222,267,187,88,409,355
"WSLP_all/016491@30.0556462534048,-90.5608837505262.jpg",2,20,46,579,307,599,353
"WSLP_all/016492@30.0558789243697,-90.5603034695835.jpg",2,0,253,636,348,636,601
"WSLP_all/016493@30.0552383356926,-90.5600018150007.jpg",2,0,246,641,195,641,441
"WSLP_all/016495@30.0635035087411,-90.5532830990812.jpg",1,75,271,487,100,562,371
"WSLP_all/016497@30.057682801299,-90.5729182278672.jpg",6,218,276,199,90,417,366
"WSLP_all/016499@30.0570894457403,-90.5600569981669.jpg",1,148,263,430,124,578,387
"WSLP_all/016500@30.0613727560829,-90.486284135198.jpg",1,77,272,445,131,522,403
"WSLP_all/016502@30.064721245979,-90.483046879269.jpg",2,4,266,461,139,465,405
"WSLP_all/016503@30.0651387706277,-90.4824995581676.jpg",2,111,171,260,217,371,388
"WSLP_all/016505@30.0656520524455,-90.4880086703121.jpg",2,274,218,332,146,606,364
"WSLP_all/016506@30.0651532976379,-90.4871371948721.jpg",2,126,193,420,190,546,383
"WSLP_all/016507@30.0647471332595,-90.4864166880798.jpg",1,22,79,536,353,558,432
"WSLP_all/016508@30.060441525646,-90.5621142413018.jpg",2,68,248,536,171,604,419
"WSLP_all/016509@30.0713690674918,-90.5033160036981.jpg",1,154,301,176,82,330,383
"WSLP_all/016511@30.0660594770534,-90.4990480476408.jpg",3,58,290,345,83,403,373
"WSLP_all/016512@30.0613437467979,-90.4902580968098.jpg",1,93,270,270,99,363,369
"WSLP_all/016513@30.0619813750879,-90.489114639517.jpg",1,40,245,294,152,334,397
"WSLP_all/016514@30.0633875261664,-90.5049568127019.jpg",2,12,167,332,313,344,480
"WSLP_all/016515@30.0615665272759,-90.4914385294113.jpg",2,50,198,527,198,577,396
"WSLP_all/016516@30.0649092989305,-90.4865417651972.jpg",1,167,161,342,254,509,415
"WSLP_all/016517@30.0782329364045,-90.4880347506041.jpg",2,432,197,209,183,641,380
"WSLP_all/016518@30.0781182955171,-90.4877005726871.jpg",2,227,226,388,143,615,369
"WSLP_all/016519@30.0741084878808,-90.4916424248791.jpg",1,37,129,438,237,475,366
"WSLP_all/016520@30.0739419905324,-90.4912517838902.jpg",1,22,264,217,93,239,357
"WSLP_all/016521@30.052334940989,-90.6372656283185.jpg",2,73,213,566,330,639,543
"WSLP_all/016522@30.0495952281594,-90.6357959888848.jpg",1,85,279,244,102,329,381
"WSLP_all/016523@30.0562495883972,-90.6338148415229.jpg",2,33,93,472,418,505,511
"WSLP_all/016524@30.0546540049024,-90.6463405532308.jpg",5,167,207,332,139,499,346
"WSLP_all/016527@30.0564511387628,-90.6194304741426.jpg",1,72,213,441,193,513,406
"WSLP_all/016529@30.0589219626729,-90.618616163907.jpg",1,107,190,463,189,570,379
"WSLP_all/016530@30.0569104091593,-90.6163103357549.jpg",2,32,112,482,418,514,530
"WSLP_all/016531@30.0480381785963,-90.6141457703337.jpg",1,77,252,426,190,503,442
"WSLP_all/016532@30.0474982461098,-90.6142666152017.jpg",1,140,256,300,153,440,409
"WSLP_all/016533@30.047549586102,-90.6140702751524.jpg",3,157,282,456,107,613,389
"WSLP_all/016535@30.0473720581717,-90.6140051793052.jpg",5,206,276,166,87,372,363
"WSLP_all/016537@30.049703424739,-90.6128820486123.jpg",2,25,192,588,264,613,456
"WSLP_all/016538@30.0462373309357,-90.6116017015113.jpg",2,51,135,578,361,629,496
"WSLP_all/016539@30.0550637163788,-90.6194372496446.jpg",1,38,237,426,190,464,427
"WSLP_all/016540@30.0505635475757,-90.619782407309.jpg",6,205,273,228,107,433,380
"WSLP_all/016541@30.0558406394567,-90.6190081018061.jpg",1,24,278,580,100,604,378
"WSLP_all/016542@30.0547294261373,-90.6177105578056.jpg",2,31,99,556,337,587,436
"WSLP_all/016543@30.0546061383697,-90.617607129068.jpg",2,30,216,527,188,557,404
"WSLP_all/016544@30.0568620156992,-90.6166394389836.jpg",1,85,292,434,141,519,433
"WSLP_all/016548@30.049445291407,-90.6019441443846.jpg",5,261,258,134,83,395,341
"WSLP_all/016549@30.0565868504287,-90.5786608269954.jpg",5,179,200,228,129,407,329
"WSLP_all/016550@30.0619689067871,-90.553130721834.jpg",2,43,167,432,278,475,445
"WSLP_all/016555@30.060885450218,-90.572934891051.jpg",1,234,179,244,204,478,383
"WSLP_all/016556@30.0607480307412,-90.5728474239732.jpg",1,69,256,362,97,431,353
"WSLP_all/016558@30.0562341099249,-90.5638190119192.jpg",1,49,248,534,141,583,389
"WSLP_all/016559@30.0558185339568,-90.5611795574485.jpg",2,45,230,377,267,422,497
"WSLP_all/016560@30.0578071697444,-90.5601905202802.jpg",2,60,210,521,285,581,495
"WSLP_all/016561@30.0537628443262,-90.5448751527887.jpg",2,134,284,330,141,464,425
"WSLP_all/016562@30.054473744123,-90.5576780612811.jpg",1,76,263,426,145,502,408
"WSLP_all/016563@30.0506554241723,-90.536807775787.jpg",2,117,198,402,285,519,483
"WSLP_all/016565@30.0510516440998,-90.5360839163213.jpg",2,161,299,301,191,462,490
"WSLP_all/016567@30.0617340668461,-90.5549755803578.jpg",1,71,253,313,146,384,399
"WSLP_all/016568@30.0544806619993,-90.553935337894.jpg",1,46,248,294,153,340,401
"WSLP_all/016569@30.068154981525,-90.5033807079461.jpg",1,231,254,191,114,422,368
"WSLP_all/016580@30.0642900754283,-90.4828988123803.jpg",1,294,201,299,192,593,393
"WSLP_all/016581@30.0639635937984,-90.4810111080506.jpg",2,176,244,313,139,489,383
"WSLP_all/016583@30.059932678049,-90.5089876300186.jpg",2,212,252,200,173,412,425
"WSLP_all/016585@30.0604650181243,-90.5039315698707.jpg",2,212,284,242,145,454,429
"WSLP_all/016586@30.0580353728892,-90.5636312432457.jpg",1,71,205,470,194,541,399
"WSLP_all/016595@30.0636129702991,-90.5546479357297.jpg",2,108,272,442,233,550,505
"WSLP_all/016597@30.0720025944508,-90.5002123547517.jpg",6,223,296,127,86,350,382
"WSLP_all/016598@30.0720423869066,-90.5006040605228.jpg",2,136,241,361,212,497,453
"WSLP_all/016599@30.0722415744221,-90.4996760444946.jpg",6,217,275,181,84,398,359
"WSLP_all/016600@30.0568900133131,-90.6179858673717.jpg",2,166,239,302,173,468,412
"WSLP_all/016601@30.0640734628509,-90.501811887284.jpg",2,216,288,297,145,513,433
"WSLP_all/016602@30.0569666293085,-90.6175111514927.jpg",2,119,200,401,327,520,527
"WSLP_all/016605@30.0546075738007,-90.5517690311419.jpg",1,114,261,466,173,580,434
"WSLP_all/016606@30.0607417854553,-90.4770902543703.jpg",2,139,242,315,151,454,393
"WSLP_all/016608@30.0811956945559,-90.4932393999745.jpg",1,51,279,214,89,265,368
"WSLP_all/016609@30.0814734144332,-90.4931896302479.jpg",1,64,245,370,140,434,385
"WSLP_all/016610@30.0931551669782,-90.5027234296092.jpg",1,130,185,434,179,564,364
"WSLP_all/016612@30.0545720885516,-90.5538366309354.jpg",2,32,261,240,132,272,393
"WSLP_all/016613@30.0546262957766,-90.5541586328456.jpg",1,256,272,348,98,604,370
"WSLP_all/016614@30.05492258398,-90.559605971839.jpg",2,24,155,245,317,269,472
"WSLP_all/016616@30.063510848944,-90.561799650008.jpg",6,213,289,174,82,387,371
"WSLP_all/016617@30.0777318253629,-90.5443282384641.jpg",1,224,278,353,95,577,373
"WSLP_all/016623@30.0791399119966,-90.5703104169366.jpg",1,252,284,202,94,454,378
"WSLP_all/016624@30.0797298432799,-90.5718615237425.jpg",1,79,255,417,114,496,369
"WSLP_all/016634@30.0773333910632,-90.5720379223465.jpg",1,91,248,340,108,431,356
"WSLP_all/016635@30.083710532548,-90.47976081466.jpg",2,107,121,402,259,509,380
"WSLP_all/016636@30.086622756412,-90.5021834111443.jpg",4,175,267,214,109,389,376
"WSLP_all/016643@30.0759232888181,-90.5003186948138.jpg",6,246,291,286,121,532,412
"WSLP_all/016647@30.0839181536067,-90.5019055803191.jpg",1,225,247,253,87,478,334
"WSLP_all/016648@30.0842276917316,-90.5019820473773.jpg",1,257,249,250,96,507,345
"WSLP_all/016649@30.0740778332879,-90.4954872769284.jpg",2,136,165,408,232,544,397
"WSLP_all/016650@30.0931939116314,-90.4694242938384.jpg",1,85,220,441,172,526,392
"WSLP_all/016651@30.0930401801387,-90.4689481224973.jpg",2,232,226,361,193,593,419
"WSLP_all/016655@30.0816200410322,-90.4918287726388.jpg",6,207,286,246,85,453,371
"WSLP_all/016660@30.0634565430238,-90.5050479175794.jpg",2,161,252,173,114,334,366
"WSLP_all/016662@30.0613897908023,-90.5023906597081.jpg",6,238,283,186,82,424,365
"WSLP_all/016663@30.0523244123962,-90.5390513745061.jpg",2,138,173,396,234,534,407
"WSLP_all/016664@30.0517232412148,-90.5390561646305.jpg",1,104,261,269,187,373,448
"WSLP_all/016665@30.0518771872899,-90.540765016569.jpg",2,206,289,358,166,564,455
"WSLP_all/016666@30.057537451748,-90.559968172193.jpg",2,157,258,376,229,533,487
"WSLP_all/016669@30.0632734864026,-90.5616971641246.jpg",6,204,266,206,91,410,357
"WSLP_all/016670@30.0739797197192,-90.5564512853738.jpg",1,263,253,253,106,516,359
"WSLP_all/016671@30.0764769841403,-90.5505320177555.jpg",6,196,272,244,101,440,373
"WSLP_all/016676@30.075103503361,-90.472138933884.jpg",1,58,261,465,96,523,357
"WSLP_all/016677@30.0753168645869,-90.4719916515098.jpg",1,76,245,280,103,356,348
"WSLP_all/016684@30.0744207610802,-90.4728277588552.jpg",4,374,255,235,106,609,361
"WSLP_all/016687@30.0712372938446,-90.4861781640682.jpg",2,163,211,402,163,565,374
"WSLP_all/016690@30.0791835998193,-90.4672976796648.jpg",1,110,260,387,102,497,362
"WSLP_all/016693@30.087110883371,-90.4471052214482.jpg",6,230,280,191,85,421,365
"WSLP_all/016694@30.075043238892,-90.47606629514.jpg",6,224,283,228,87,452,370
"WSLP_all/016695@30.0762768151719,-90.5661114313889.jpg",6,206,291,210,91,416,382
"WSLP_all/016697@30.0565215278481,-90.578768798709.jpg",4,372,97,217,223,589,320
"WSLP_all/016698@30.0500946582856,-90.6032163805885.jpg",1,112,237,486,99,598,336
"WSLP_all/016700@30.0640769997357,-90.5939334393244.jpg",6,235,277,189,124,424,401
"WSLP_all/016702@30.0562983602606,-90.6340199692055.jpg",2,121,273,440,271,561,544
"WSLP_all/016704@30.0579937861745,-90.6187587478652.jpg",1,132,254,337,111,469,365
"WSLP_all/016705@30.0743571703743,-90.6995065620407.jpg",1,234,291,298,81,532,372
"WSLP_all/016707@30.0537420490561,-90.5509476307146.jpg",2,147,287,316,130,463,417
"WSLP_all/016708@30.050874440296,-90.538636202367.jpg",2,124,254,336,192,460,446
"WSLP_all/016709@30.052380291949,-90.5438682545111.jpg",2,136,128,340,339,476,467
"WSLP_all/016710@30.0524362857415,-90.5436813138383.jpg",1,138,282,280,121,418,403
"WSLP_all/016711@30.0518678980033,-90.542980923052.jpg",1,91,274,266,126,357,400
"WSLP_all/016712@30.0504845759084,-90.5349410393226.jpg",1,190,301,275,98,465,399
"WSLP_all/016713@30.0799614500337,-90.4663233892114.jpg",1,127,296,289,84,416,380
"WSLP_all/016714@30.0801372994844,-90.466084719508.jpg",3,157,256,256,100,413,356
"WSLP_all/016715@30.0708423087382,-90.4955271231534.jpg",6,201,276,226,82,427,358
"WSLP_all/016717@30.0768301230275,-90.5101916064487.jpg",2,110,233,420,178,530,411
"WSLP_all/016718@30.0761070351479,-90.5089708255749.jpg",2,143,211,391,202,534,413
"WSLP_all/016719@30.075830221504,-90.507844379687.jpg",2,138,296,325,128,463,424
"WSLP_all/016721@30.0727121964449,-90.5042754363386.jpg",6,220,277,192,85,412,362
"WSLP_all/016722@30.0733487256833,-90.5025502054723.jpg",4,9,261,292,150,301,411
"WSLP_all/016723@30.0743947431533,-90.6342597415234.jpg",6,200,276,225,90,425,366
"WSLP_all/016724@30.0755271941248,-90.5145212697821.jpg",1,214,289,181,84,395,373
"WSLP_all/016729@30.0753925289802,-90.5013917900029.jpg",1,81,242,495,150,576,392
"WSLP_all/016731@30.0737121743435,-90.5558336880201.jpg",4,20,237,169,118,189,355
"WSLP_all/016732@30.0843384205334,-90.5031890057669.jpg",1,192,222,366,134,558,356
"WSLP_all/016733@30.0525274047554,-90.4694479900786.jpg",1,121,272,480,160,601,432
"WSLP_all/016734@30.0525807705636,-90.4692578682422.jpg",4,37,272,244,144,281,416
"WSLP_all/016735@30.0613810317202,-90.4941809178268.jpg",4,61,282,370,112,431,394
"WSLP_all/016737@30.0659732021545,-90.4778988945042.jpg",2,183,261,361,166,544,427
"WSLP_all/016738@30.0512579976187,-90.4579752426242.jpg",1,294,258,281,109,575,367
"WSLP_all/016739@30.0627893313316,-90.5521158442186.jpg",1,166,236,253,152,419,388
"WSLP_all/016740@30.061296569038,-90.5629611633032.jpg",1,234,278,176,86,410,364
"WSLP_all/016741@30.063631070556,-90.4839002583824.jpg",1,137,254,427,151,564,405
"WSLP_all/016742@30.0649444722025,-90.4818025510737.jpg",1,269,301,254,98,523,399
"WSLP_all/016743@30.0650857804107,-90.4816654043328.jpg",4,310,242,283,170,593,412
"WSLP_all/016744@30.0653127241328,-90.4792355119092.jpg",1,212,242,288,141,500,383
"WSLP_all/016745@30.0630064600188,-90.4846200400875.jpg",2,179,245,325,130,504,375
"WSLP_all/016746@30.0518683236444,-90.6381982024969.jpg",1,99,275,439,155,538,430
"WSLP_all/016748@30.0470802963833,-90.6120033412279.jpg",1,109,292,416,143,525,435
"WSLP_all/016749@30.0696131058338,-90.5523627018521.jpg",1,35,228,357,175,392,403
"WSLP_all/016750@30.0561508750276,-90.5809559155423.jpg",3,87,269,392,164,479,433
"WSLP_all/016751@30.057521241864,-90.5778634694192.jpg",2,131,96,373,247,504,343
"WSLP_all/016752@30.0542530645738,-90.5535230220695.jpg",4,341,262,276,157,617,419
"WSLP_all/016753@30.0715968609991,-90.5563560430857.jpg",4,9,289,198,89,207,378
"WSLP_all/016755@30.0682781209761,-90.5776554747384.jpg",6,230,273,108,108,338,381
"WSLP_all/016756@30.0402700830064,-90.616986276114.jpg",1,81,240,357,200,438,440
"WSLP_all/016758@30.0716702422159,-90.5052578748863.jpg",6,204,266,247,101,451,367
"WSLP_all/016759@30.0554240881426,-90.5413279360679.jpg",1,84,287,359,149,443,436
"WSLP_all/016760@30.0646313129553,-90.5085725669085.jpg",1,212,277,336,117,548,394
"WSLP_all/016761@30.0653278323716,-90.4875055967144.jpg",5,184,246,300,203,484,449
"WSLP_all/016762@30.0613806711237,-90.4967225814223.jpg",1,33,286,320,110,353,396
"WSLP_all/016763@30.0535860330667,-90.4601042988885.jpg",1,188,280,428,121,616,401
"WSLP_all/016764@30.0770378566668,-90.543966968641.jpg",1,106,239,349,161,455,400
"WSLP_all/016765@30.0654732655704,-90.4919145152716.jpg",1,60,259,507,198,567,457
"WSLP_all/016766@30.0642692779512,-90.48797297747.jpg",6,214,268,200,86,414,354
"WSLP_all/016767@30.079508012876,-90.4668522012602.jpg",1,113,278,216,90,329,368
"WSLP_all/016768@30.0565995548599,-90.5600607985664.jpg",1,193,285,232,99,425,384
"WSLP_all/016769@30.0460736024911,-90.4485289052444.jpg",1,290,274,147,96,437,370
"WSLP_all/016770@30.0453383860837,-90.4485765216527.jpg",1,238,303,312,81,550,384
"WSLP_all/016771@30.0529591415001,-90.5350950740742.jpg",1,36,268,420,102,456,370
"WSLP_all/016772@30.0701859055152,-90.5789846604039.jpg",1,30,244,568,140,598,384
"WSLP_all/016774@30.0709044418352,-90.4853431770573.jpg",1,173,243,355,126,528,369
"WSLP_all/016776@30.0772809787225,-90.4695685628133.jpg",1,110,242,297,121,407,363
"WSLP_all/016777@30.0803060062645,-90.4658429482282.jpg",6,225,285,81,95,306,380
"WSLP_all/016778@30.0804849415311,-90.4657054299761.jpg",1,176,256,226,89,402,345
"WSLP_all/016782@30.0508375939974,-90.538130747852.jpg",2,136,232,353,224,489,456
"WSLP_all/016784@30.0737507763547,-90.4691628488486.jpg",4,68,304,240,104,308,408
"WSLP_all/016785@30.0706773648481,-90.4969670215411.jpg",2,108,162,384,200,492,362
"WSLP_all/016786@30.0737697773914,-90.4970295961729.jpg",2,75,118,464,311,539,429
"WSLP_all/016787@30.0719203335626,-90.4957520201218.jpg",6,181,275,286,87,467,362
"WSLP_all/016788@30.0731993456056,-90.495734947763.jpg",2,116,163,397,207,513,370
"WSLP_all/016790@30.071710466391,-90.4934458174487.jpg",1,191,284,267,97,458,381
"WSLP_all/016792@30.0747365302908,-90.4957030583583.jpg",2,142,262,350,111,492,373
"WSLP_all/016793@30.0710554268489,-90.4905869495476.jpg",1,234,279,147,88,381,367
"WSLP_all/016797@30.0820262578944,-90.4931185691175.jpg",4,38,228,319,136,357,364
"WSLP_all/016798@30.0769115400894,-90.544666716056.jpg",1,272,310,212,88,484,398
"WSLP_all/016800@30.0730112993951,-90.5019934086244.jpg",2,143,235,370,184,513,419
"WSLP_all/016801@30.0727244667499,-90.501458324566.jpg",2,167,163,334,251,501,414
"WSLP_all/016802@30.0750806574515,-90.5650298568142.jpg",1,308,242,258,113,566,355
"WSLP_all/016805@30.055843197018,-90.4633278142372.jpg",1,278,214,313,167,591,381
"WSLP_all/016806@30.0872250102419,-90.4537382891848.jpg",2,152,242,390,121,542,363
"WSLP_all/016809@30.067417535785,-90.4780003115365.jpg",1,271,243,341,139,612,382
"WSLP_all/016812@30.0495992279642,-90.4552619479453.jpg",4,312,280,315,104,627,384
"WSLP_all/016813@30.0643041233352,-90.4757129091878.jpg",6,232,279,194,86,426,365
"WSLP_all/016814@30.0557849452872,-90.5600102186223.jpg",2,129,236,340,203,469,439
"WSLP_all/016815@30.0549374749222,-90.5519592684011.jpg",1,196,293,209,91,405,384
"WSLP_all/016816@30.0565569472067,-90.5606490942417.jpg",1,141,237,334,195,475,432
"WSLP_all/016817@30.0635644592223,-90.4848587124652.jpg",2,182,143,371,325,553,468
"WSLP_all/016819@30.0672517235963,-90.4829494164793.jpg",2,154,218,304,138,458,356
"WSLP_all/016820@30.0672969453577,-90.4825981083055.jpg",1,217,243,192,124,409,367
"WSLP_all/016821@30.0699241196087,-90.4874349741921.jpg",1,198,276,223,89,421,365
"WSLP_all/016822@30.0668388118767,-90.4994430274619.jpg",4,30,287,356,119,386,406
"WSLP_all/016824@30.061273715148,-90.4934231168828.jpg",1,125,291,179,106,304,397
"WSLP_all/016825@30.0736466935981,-90.4903373985908.jpg",3,208,280,165,84,373,364
"WSLP_all/016826@30.0563721258351,-90.5518942837832.jpg",1,207,307,147,109,354,416
"WSLP_all/016827@30.0603000167144,-90.5520436791896.jpg",1,90,235,365,221,455,456
"WSLP_all/016828@30.0545553009731,-90.5585372300578.jpg",2,17,164,298,304,315,468
"WSLP_all/016829@30.0665927307273,-90.4815039391757.jpg",2,167,298,335,82,502,380
"WSLP_all/016830@30.0690201068358,-90.4807592064512.jpg",6,190,263,234,96,424,359
"WSLP_all/016831@30.0678888217994,-90.5038476600638.jpg",2,137,262,423,144,560,406
"WSLP_all/016832@30.0470000389656,-90.4725903303855.jpg",1,153,251,220,158,373,409
"WSLP_all/016833@30.0696866344476,-90.4970385659912.jpg",2,94,167,426,305,520,472
"WSLP_all/016834@30.0700983498416,-90.4970224651171.jpg",2,78,134,482,311,560,445
"WSLP_all/016835@30.0702881485468,-90.4961830619606.jpg",1,184,280,177,99,361,379
"WSLP_all/016836@30.0557765620581,-90.6145735820494.jpg",1,184,278,308,118,492,396
"WSLP_all/016838@30.049208067836,-90.6127212641699.jpg",1,171,225,357,224,528,449
"WSLP_all/016840@30.0718690796781,-90.4988855979371.jpg",6,203,282,253,91,456,373
"WSLP_all/016849@30.0718483856933,-90.4970141031534.jpg",6,216,285,260,108,476,393
"WSLP_all/016850@30.0718505041707,-90.4969666614561.jpg",2,37,285,353,99,390,384
"WSLP_all/016851@30.0717696681739,-90.496859845691.jpg",2,102,276,430,91,532,367
"WSLP_all/016852@30.0606494539072,-90.5515825609722.jpg",1,175,290,187,119,362,409
"WSLP_all/016853@30.0548345954233,-90.5595181456085.jpg",2,73,143,399,367,472,510
"WSLP_all/016855@30.0652518373047,-90.4823025868976.jpg",4,66,294,222,104,288,398
"WSLP_all/016856@30.0908535025505,-90.4536777992626.jpg",4,68,236,294,121,362,357
"WSLP_all/016857@30.0910191689835,-90.4542486981256.jpg",2,130,227,296,114,426,341
"WSLP_all/016858@30.0619205502081,-90.4748103211171.jpg",1,130,284,381,114,511,398
"WSLP_all/016860@30.0680238017855,-90.4790352366605.jpg",2,126,243,379,162,505,405
"WSLP_all/016861@30.0644431111379,-90.4767075449862.jpg",1,288,247,219,141,507,388
"WSLP_all/016863@30.0730490360262,-90.5059830808408.jpg",6,231,282,186,89,417,371
"WSLP_all/016865@30.072027289733,-90.4957542828511.jpg",6,217,280,201,82,418,362
"WSLP_all/016866@30.07201488381,-90.4955330750997.jpg",6,233,292,191,82,424,374
"WSLP_all/016868@30.0719608621732,-90.4952584691146.jpg",6,227,277,236,98,463,375
"WSLP_all/016869@30.0679330821834,-90.4919127176888.jpg",1,146,295,324,185,470,480
"WSLP_all/016870@30.0659006004256,-90.4870518150581.jpg",2,46,279,278,95,324,374
"WSLP_all/016871@30.064080461416,-90.4833431910705.jpg",1,38,222,588,222,626,444
"WSLP_all/016872@30.0708037886809,-90.489624798607.jpg",4,77,294,201,88,278,382
"WSLP_all/016879@30.0673363012473,-90.4837580292134.jpg",2,62,112,541,268,603,380
"WSLP_all/016880@30.0665469252584,-90.4813051605907.jpg",1,286,236,217,180,503,416
"WSLP_all/016881@30.0656135767063,-90.480974868487.jpg",2,124,262,428,166,552,428
"WSLP_all/016882@30.0656418738271,-90.4809366896828.jpg",2,222,269,348,147,570,416
"WSLP_all/016883@30.0652602859805,-90.4790873759689.jpg",1,54,255,327,124,381,379
"WSLP_all/016884@30.0631175265744,-90.4961800618354.jpg",1,116,272,440,162,556,434
"WSLP_all/016885@30.0567360740407,-90.5518534973386.jpg",1,201,282,347,135,548,417
"WSLP_all/016886@30.0600651418916,-90.551953845118.jpg",1,250,253,377,181,627,434
"WSLP_all/016887@30.0548292147879,-90.5596414680429.jpg",2,95,181,385,308,480,489
"WSLP_all/016888@30.0641061449048,-90.5521845576423.jpg",1,219,269,253,129,472,398
"WSLP_all/016889@30.0887425373114,-90.5031270184609.jpg",2,151,264,216,111,367,375
"WSLP_all/016890@30.0888378865311,-90.5031420347175.jpg",2,94,243,463,105,557,348
"WSLP_all/016891@30.0712432813428,-90.4889697921777.jpg",2,45,285,305,92,350,377
"WSLP_all/016892@30.0712699562751,-90.4890644135215.jpg",2,122,287,358,93,480,380
"WSLP_all/016893@30.0713234756855,-90.48927578598.jpg",2,51,279,541,114,592,393
"WSLP_all/016894@30.0713605313302,-90.4893639974512.jpg",2,162,295,460,93,622,388
"WSLP_all/016895@30.071437632662,-90.4899988237782.jpg",1,172,290,207,94,379,384
"WSLP_all/016896@30.0850971784703,-90.5023068060021.jpg",1,188,258,301,89,489,347
"WSLP_all/016897@30.086927329234,-90.5026456953247.jpg",1,194,263,193,85,387,348
"WSLP_all/016898@30.0874168551113,-90.5027807474001.jpg",2,309,225,315,121,624,346
"WSLP_all/016899@30.0915858839089,-90.5037705587579.jpg",1,189,248,233,90,422,338
"WSLP_all/016901@30.0743782465132,-90.5012611432923.jpg",2,107,255,407,98,514,353
"WSLP_all/016902@30.0742275429521,-90.5012244614881.jpg",2,113,257,398,96,511,353
"WSLP_all/016905@30.0840378590524,-90.5030270866305.jpg",2,25,257,261,94,286,351
"WSLP_all/016906@30.0784220056238,-90.5022233502162.jpg",1,215,257,234,101,449,358
"WSLP_all/016907@30.077735893331,-90.5021278941515.jpg",1,202,263,251,101,453,364
"WSLP_all/016908@30.0772633545933,-90.5019832324249.jpg",1,116,260,284,105,400,365
"WSLP_all/016908@30.0772633545933,-90.5019832324249.jpg",1,129,249,261,114,390,363
"WSLP_all/016909@30.0750031927553,-90.4996497808634.jpg",2,113,177,440,198,553,375
"WSLP_all/016910@30.0750604641394,-90.4996398166856.jpg",2,115,182,418,212,533,394
"WSLP_all/016910@30.0750604641394,-90.4996398166856.jpg",2,91,189,445,184,536,373
"WSLP_all/016912@30.0748402402361,-90.499572101775.jpg",2,69,180,420,198,489,378
"WSLP_all/016913@30.0748124452101,-90.4994427050949.jpg",2,106,222,384,147,490,369
"WSLP_all/016913@30.0748124452101,-90.4994427050949.jpg",2,112,216,344,153,456,369
"WSLP_all/016914@30.0747937216627,-90.4993258793206.jpg",2,122,227,274,122,396,349
"WSLP_all/016915@30.0744684559345,-90.4980259870951.jpg",2,138,131,376,287,514,418
"WSLP_all/016916@30.088086318199,-90.5029617318692.jpg",2,138,259,306,90,444,349
"WSLP_all/016921@30.0775925290436,-90.5007884948211.jpg",6,208,269,188,89,396,358
"WSLP_all/016922@30.0780929979583,-90.5010404190059.jpg",6,217,261,189,93,406,354
"WSLP_all/016923@30.0782516589756,-90.5010264467489.jpg",1,42,270,403,83,445,353
"WSLP_all/016923@30.0782516589756,-90.5010264467489.jpg",1,29,276,456,88,485,364
"WSLP_all/016924@30.0841315223391,-90.5019417438996.jpg",1,150,247,240,98,390,345
"WSLP_all/016925@30.0733487075182,-90.4919744918658.jpg",5,206,251,185,191,391,442
"WSLP_all/016926@30.0734630263794,-90.4924193200071.jpg",2,173,88,340,371,513,459
"WSLP_all/016927@30.0733923792799,-90.4928625463301.jpg",2,125,138,409,297,534,435
"WSLP_all/016927@30.0733923792799,-90.4928625463301.jpg",2,136,129,383,316,519,445
"WSLP_all/016928@30.0733954332204,-90.4929447243702.jpg",2,137,84,416,355,553,439
"WSLP_all/016929@30.0734393072885,-90.4930676585962.jpg",2,174,14,362,397,536,411
"WSLP_all/016930@30.0733927730344,-90.4927518854536.jpg",2,241,210,302,192,543,402
"WSLP_all/016931@30.0733674825001,-90.4926540878085.jpg",2,156,150,424,285,580,435
"WSLP_all/016932@30.0737346982535,-90.4946301904796.jpg",2,77,68,486,379,563,447
"WSLP_all/016932@30.0737346982535,-90.4946301904796.jpg",2,81,64,469,381,550,445
"WSLP_all/016933@30.0738380019046,-90.4951257024936.jpg",2,108,34,451,386,559,420
"WSLP_all/016933@30.0738380019046,-90.4951257024936.jpg",2,119,34,392,391,511,425
"WSLP_all/016934@30.0740525130133,-90.4953325682165.jpg",2,47,131,511,274,558,405
"WSLP_all/016935@30.0930929714018,-90.4690773177878.jpg",2,420,207,211,208,631,415
"WSLP_all/016936@30.0731298373464,-90.5020619757848.jpg",2,59,232,537,228,596,460
"WSLP_all/016938@30.0702313090562,-90.4973912510294.jpg",2,231,135,401,293,632,428
"WSLP_all/016938@30.0702313090562,-90.4973912510294.jpg",2,204,127,421,303,625,430
"WSLP_all/016939@30.0717396307785,-90.4949030685749.jpg",6,206,240,210,117,416,357
"WSLP_all/016940@30.0639132445482,-90.4863447400702.jpg",2,46,244,439,201,485,445
"WSLP_all/016940@30.0639132445482,-90.4863447400702.jpg",2,51,246,437,243,488,489
"WSLP_all/016941@30.0692168375484,-90.4862806997054.jpg",6,184,286,245,103,429,389
"WSLP_all/016942@30.0545804698288,-90.554342332165.jpg",1,149,263,348,148,497,411
"WSLP_all/016943@30.0690122391325,-90.4813283462115.jpg",2,65,112,541,286,606,398
"WSLP_all/016944@30.0686884276344,-90.4808157891809.jpg",2,64,122,537,343,601,465
"WSLP_all/016945@30.0711222213968,-90.4870865159154.jpg",6,137,253,269,98,406,351
"WSLP_all/016946@30.0711561117732,-90.4870799050035.jpg",6,218,280,227,90,445,370
"WSLP_all/016947@30.0711983901343,-90.4870605765596.jpg",6,210,268,224,93,434,361
"WSLP_all/016948@30.0712463532875,-90.4870443614047.jpg",6,205,282,266,101,471,383
"WSLP_all/016949@30.0764957182758,-90.5673523075798.jpg",2,107,270,358,81,465,351
"WSLP_all/016950@30.0765030390455,-90.5672257821636.jpg",2,141,263,358,95,499,358
"WSLP_all/016951@30.076503797853,-90.5670771750785.jpg",2,149,267,322,85,471,352
"WSLP_all/016953@30.07650968365,-90.5667040447646.jpg",2,190,266,372,84,562,350
"WSLP_all/016954@30.0447763256485,-90.6114289572361.jpg",2,149,226,388,278,537,504
"WSLP_all/016955@30.0700562501049,-90.4774085873965.jpg",2,263,289,378,86,641,375
"WSLP_all/016956@30.0740928069882,-90.4733111654985.jpg",1,100,239,376,131,476,370
"WSLP_all/016957@30.075419921092,-90.4718516454369.jpg",1,256,229,351,127,607,356
"WSLP_all/016958@30.0753856742405,-90.4718962054419.jpg",1,109,226,336,138,445,364
"WSLP_all/016959@30.0845419222678,-90.4593871917946.jpg",1,306,256,274,96,580,352
"WSLP_all/016960@30.0866888431558,-90.450018090571.jpg",1,190,254,273,109,463,363
"WSLP_all/016961@30.0879143716509,-90.4510444023933.jpg",1,178,272,185,98,363,370
"WSLP_all/016962@30.0694917803767,-90.482139921796.jpg",2,71,143,490,263,561,406
"WSLP_all/016963@30.0685101178957,-90.4805169716031.jpg",2,96,114,478,353,574,467
"WSLP_all/016964@30.0685631322783,-90.4806398172693.jpg",2,138,129,385,301,523,430
"WSLP_all/016965@30.0714278272834,-90.4866950452279.jpg",6,205,259,285,119,490,378
"WSLP_all/016966@30.0714629425962,-90.4867421717298.jpg",6,189,277,224,84,413,361
"WSLP_all/016967@30.071451394334,-90.4868149862602.jpg",6,209,270,224,92,433,362
"WSLP_all/016968@30.0705678467545,-90.4869489530529.jpg",3,260,242,360,144,620,386
"WSLP_all/016969@30.072820315087,-90.4855987756097.jpg",6,168,269,265,86,433,355
"WSLP_all/016970@30.0713921679909,-90.4860630306551.jpg",1,64,244,437,117,501,361
"WSLP_all/016971@30.0755639040589,-90.4715658451875.jpg",1,269,255,263,95,532,350
"WSLP_all/016972@30.0758778585672,-90.4712343107018.jpg",1,67,270,275,91,342,361
"WSLP_all/016973@30.0759133488683,-90.4711612839307.jpg",1,171,266,218,90,389,356
"WSLP_all/016974@30.0760675491737,-90.4710081856533.jpg",1,69,264,258,94,327,358
"WSLP_all/016975@30.0765236267141,-90.4704098295915.jpg",2,81,268,336,99,417,367
"WSLP_all/016976@30.0770512958501,-90.4697634212207.jpg",1,144,184,272,188,416,372
"WSLP_all/016977@30.0797282177903,-90.4666384426237.jpg",1,100,278,212,83,312,361
"WSLP_all/016978@30.0729621259882,-90.7048260993224.jpg",1,147,256,426,107,573,363
"WSLP_all/016979@30.0742330569588,-90.7061516961947.jpg",6,238,276,214,86,452,362
"WSLP_all/016983@30.073792914228,-90.7058094688399.jpg",1,90,316,422,135,512,451
"WSLP_all/016984@30.0736972111128,-90.7057613516297.jpg",1,166,314,422,149,588,463
"WSLP_all/016985@30.0744891613678,-90.698410084812.jpg",5,76,258,468,146,544,404
"WSLP_all/016986@30.0733462674817,-90.6987725092845.jpg",6,192,282,228,92,420,374
"WSLP_all/016987@30.0690328575191,-90.7018027101926.jpg",2,64,240,434,141,498,381
"WSLP_all/016988@30.0685420083998,-90.7010103963849.jpg",6,190,261,248,98,438,359
"WSLP_all/016989@30.0681315982837,-90.6949949325167.jpg",6,203,276,226,91,429,367
"WSLP_all/016990@30.0676352270471,-90.6948870820589.jpg",6,194,258,255,105,449,363
"WSLP_all/016991@30.0679142801136,-90.6953015614971.jpg",6,221,276,263,120,484,396
"WSLP_all/016992@30.070433775501,-90.7034787021251.jpg",6,229,278,211,96,440,374
"WSLP_all/016998@30.063458442458,-90.7521149476654.jpg",6,229,290,200,88,429,378
"WSLP_all/016999@30.0613797803901,-90.7551975662596.jpg",2,59,255,503,182,562,437
"WSLP_all/017000@30.0611063693353,-90.7545221781493.jpg",2,65,263,492,196,557,459
"Morganza_all/000001@29.3482756537699,-90.7286476199539.jpg",1,178,218,219,150,397,368
"Morganza_all/000002@29.3484468838523,-90.729068158045.jpg",6,233,266,183,122,416,388
"Morganza_all/000003@29.3494368094866,-90.7290446222485.jpg",6,217,263,204,131,421,394
"Morganza_all/000004@29.3498216785818,-90.7290715907964.jpg",6,216,255,207,138,423,393
"Morganza_all/000005@29.3510786935016,-90.7291167261061.jpg",6,217,251,200,144,417,395
"Morganza_all/000008@29.3542882052689,-90.7298430059736.jpg",2,4,226,362,252,366,478
"Morganza_all/000009@29.3551078231448,-90.7295921389958.jpg",2,4,138,630,278,634,416
"Morganza_all/000010@29.3552822472146,-90.7295910899698.jpg",1,206,276,127,87,333,363
"Morganza_all/000011@29.3560184218388,-90.7301605372958.jpg",6,220,257,199,127,419,384
"Morganza_all/000012@29.3561045402215,-90.7299199163133.jpg",6,215,261,203,119,418,380
"Morganza_all/000013@29.3562122255876,-90.7299134304339.jpg",6,221,272,192,115,413,387
"Morganza_all/000014@29.3487995753249,-90.7312410911946.jpg",6,218,272,206,116,424,388
"Morganza_all/000015@29.349000788339,-90.7312111644483.jpg",6,219,271,204,116,423,387
"Morganza_all/000016@29.3502445977529,-90.7307655857113.jpg",6,222,273,195,119,417,392
"Morganza_all/000017@29.3506538226785,-90.7308206017436.jpg",5,211,290,163,84,374,374
"Morganza_all/000018@29.3526030675459,-90.7305287864689.jpg",6,206,269,221,111,427,380
"Morganza_all/000019@29.3528360698905,-90.7305704846687.jpg",6,206,263,229,127,435,390
"Morganza_all/000020@29.3529811594496,-90.7306486201383.jpg",6,196,259,233,125,429,384
"Morganza_all/000021@29.3581110251761,-90.7310272200543.jpg",1,8,201,463,252,471,453
"Morganza_all/000022@29.358906435711,-90.7302251773066.jpg",6,197,259,245,132,442,391
"Morganza_all/000023@29.3603259955587,-90.7296851272986.jpg",2,138,218,500,205,638,423
"Morganza_all/000024@29.3601307542145,-90.7296503895865.jpg",3,261,274,198,99,459,373
"Morganza_all/000025@29.3597080391315,-90.7294015501203.jpg",6,225,259,197,128,422,387
"Morganza_all/000026@29.3598460030688,-90.7293001421676.jpg",1,319,250,257,110,576,360
"Morganza_all/000027@29.3599139565624,-90.7290267852299.jpg",2,307,99,331,280,638,379
"Morganza_all/000028@29.3602084493027,-90.7287592521477.jpg",1,164,191,265,184,429,375
"Morganza_all/000029@29.360617204822,-90.728706532328.jpg",6,246,266,148,113,394,379
"Morganza_all/000030@29.3609829363824,-90.7288767012807.jpg",1,161,259,256,84,417,343
"Morganza_all/000031@29.3610968065732,-90.7290125069106.jpg",5,256,247,125,104,381,351
"Morganza_all/000032@29.3611480192702,-90.7291989481975.jpg",5,243,245,162,118,405,363
"Morganza_all/000033@29.3613252646414,-90.7294277323466.jpg",1,10,140,591,244,601,384
"Morganza_all/000034@29.3607726121974,-90.7296609068431.jpg",1,178,248,319,154,497,402
"Morganza_all/000035@29.3607331653788,-90.729294803703.jpg",1,197,179,394,228,591,407
"Morganza_all/000036@29.360625592825,-90.7291589917336.jpg",1,230,251,134,98,364,349
"Morganza_all/000038@29.3605326160526,-90.7294684130189.jpg",5,300,243,114,119,414,362
"Morganza_all/000039@29.3615822346526,-90.7292106809618.jpg",1,159,182,271,231,430,413
"Morganza_all/000040@29.3618207053727,-90.7290727848323.jpg",1,10,188,572,182,582,370
"Morganza_all/000041@29.3614971401342,-90.7285001043703.jpg",1,229,196,308,213,537,409
"Morganza_all/000042@29.3629372606299,-90.7256110866783.jpg",2,227,3,402,472,629,475
"Morganza_all/000043@29.367098979918,-90.7232907948892.jpg",6,265,273,100,92,365,365
"Morganza_all/000044@29.3688754072618,-90.7228936611868.jpg",1,65,284,388,154,453,438
"Morganza_all/000045@29.368732095604,-90.722508165027.jpg",6,277,284,84,84,361,368
"Morganza_all/000046@29.3691265325728,-90.7226462539827.jpg",1,141,248,340,166,481,414
"Morganza_all/000047@29.3692802618426,-90.7226242530664.jpg",1,83,218,554,230,637,448
"Morganza_all/000048@29.3696727584248,-90.7223408846801.jpg",1,200,307,156,104,356,411
"Morganza_all/000049@29.3701880864722,-90.7220146030572.jpg",1,112,302,424,151,536,453
"Morganza_all/000050@29.3705003580903,-90.7216825230683.jpg",2,66,242,570,171,636,413
"Morganza_all/000051@29.3709583901442,-90.7209421099801.jpg",1,280,290,103,81,383,371
"Morganza_all/000059@29.3798161654862,-90.7159402984947.jpg",1,154,277,195,98,349,375
"Morganza_all/000060@29.3684656044447,-90.7212798301727.jpg",5,228,284,139,112,367,396
"Morganza_all/000061@29.3687973138154,-90.7210412210081.jpg",3,101,239,368,137,469,376
"Morganza_all/000062@29.369041411693,-90.7208676914909.jpg",1,63,234,444,137,507,371
"Morganza_all/000063@29.3705548001283,-90.7195321867871.jpg",1,217,208,193,120,410,328
"Morganza_all/000064@29.3728381385337,-90.7166791964828.jpg",3,291,287,92,88,383,375
"Morganza_all/000068@29.3733818937399,-90.7161327744235.jpg",1,192,279,242,133,434,412
"Morganza_all/000073@29.3752146021061,-90.7152719548156.jpg",3,184,248,133,107,317,355
"Morganza_all/000077@29.3732647852014,-90.7152731930663.jpg",5,288,284,117,123,405,407
"Morganza_all/000078@29.3729258515294,-90.715307554743.jpg",5,250,256,119,121,369,377
"Morganza_all/000079@29.3725370701008,-90.7147561033822.jpg",3,164,258,240,137,404,395
"Morganza_all/000080@29.3727536538721,-90.7147440313253.jpg",3,274,5,320,407,594,412
"Morganza_all/000081@29.3739254956205,-90.7145593599778.jpg",3,319,264,160,104,479,368
"Morganza_all/000082@29.3743499450347,-90.7146804116925.jpg",1,244,229,290,142,534,371
"Morganza_all/000083@29.3746463994379,-90.7146302031128.jpg",1,316,257,231,112,547,369
"Morganza_all/000084@29.3748954199983,-90.7145049988523.jpg",4,280,271,92,96,372,367
"Morganza_all/000085@29.3751737263754,-90.7145946771457.jpg",4,264,279,105,103,369,382
"Morganza_all/000086@29.3754374153846,-90.7145823140205.jpg",3,286,253,221,122,507,375
"Morganza_all/000087@29.3756963236904,-90.7145592113609.jpg",1,329,269,173,119,502,388
"Morganza_all/000089@29.3763175030114,-90.7144532173145.jpg",1,283,199,191,151,474,350
"Morganza_all/000090@29.3770027442768,-90.7149436789686.jpg",3,64,248,427,109,491,357
"Morganza_all/000097@29.3738723109066,-90.7128580373248.jpg",1,214,206,306,178,520,384
"Morganza_all/000098@29.3742544987139,-90.7132176377862.jpg",1,84,188,450,133,534,321
"Morganza_all/000099@29.3747174034018,-90.7127723448309.jpg",1,217,242,172,153,389,395
"Morganza_all/000101@29.375403040218,-90.7132346851445.jpg",1,162,221,342,164,504,385
"Morganza_all/000102@29.3756356176922,-90.7132493230975.jpg",1,197,203,299,231,496,434
"Morganza_all/000103@29.375790551525,-90.7132322909318.jpg",5,332,306,109,108,441,414
"Morganza_all/000104@29.375428060038,-90.7125668578172.jpg",1,312,259,212,85,524,344
"Morganza_all/000105@29.37541520188,-90.7128243552045.jpg",4,261,279,108,106,369,385
"Morganza_all/000106@29.3758094475586,-90.7127575552053.jpg",1,235,281,299,87,534,368
"Morganza_all/000108@29.3784125620691,-90.7134332962719.jpg",1,210,218,414,209,624,427
"Morganza_all/000109@29.3726694985998,-90.716868950257.jpg",3,162,310,307,121,469,431
"Morganza_all/000112@29.3727000131572,-90.7164876541309.jpg",1,202,261,316,151,518,412
"Morganza_all/000113@29.3730917761498,-90.7162147740206.jpg",4,291,264,102,91,393,355
"Morganza_all/000114@29.3732504039043,-90.7156052583765.jpg",1,164,244,305,107,469,351
"Morganza_all/000116@29.3727000131572,-90.7164876541309.jpg",1,222,268,306,139,528,407
"Morganza_all/000117@29.3730917761498,-90.7162147740206.jpg",4,284,281,94,81,378,362
"Morganza_all/000119@29.3727000131572,-90.7164876541309.jpg",1,233,258,293,156,526,414
"Morganza_all/000126@29.3598145090899,-90.7306578818257.jpg",1,245,269,208,115,453,384
"Morganza_all/000127@29.3599838332549,-90.7305347526839.jpg",3,207,223,303,142,510,365
"Morganza_all/000128@29.3604481164864,-90.7302446377985.jpg",2,82,272,558,141,640,413
"Morganza_all/000129@29.3606241019425,-90.7302005111965.jpg",1,250,246,308,183,558,429
"Morganza_all/000139@29.371539277903,-90.7307523661189.jpg",1,217,176,345,251,562,427
"Morganza_all/000140@29.3715074388828,-90.7305207365739.jpg",1,260,173,338,242,598,415
"Morganza_all/000141@29.371500534497,-90.7303591879756.jpg",1,206,64,423,334,629,398
"Morganza_all/000142@29.3714751135906,-90.7301837171053.jpg",1,232,126,403,291,635,417
"Morganza_all/000143@29.3714436947526,-90.7300434133623.jpg",1,217,121,337,257,554,378
"Morganza_all/000144@29.3714485584006,-90.7297623990158.jpg",2,223,114,413,290,636,404
"Morganza_all/000145@29.3714093205878,-90.729256830563.jpg",1,274,26,360,414,634,440
"Morganza_all/000146@29.3713325657545,-90.7286250610157.jpg",2,275,113,365,309,640,422
"Morganza_all/000147@29.3713257565713,-90.7284846096466.jpg",1,108,117,526,315,634,432
"Morganza_all/000148@29.3712475020061,-90.7275297022779.jpg",4,255,265,98,101,353,366
"Morganza_all/000150@29.3712090744689,-90.7272067863723.jpg",2,272,112,369,314,641,426
"Morganza_all/000151@29.3711892229045,-90.7269048244533.jpg",2,201,127,438,223,639,350
"Morganza_all/000152@29.3711323748227,-90.7265890527758.jpg",2,214,117,420,200,634,317
"Morganza_all/000153@29.3701580086448,-90.728779660572.jpg",2,0,113,419,285,419,398
"Morganza_all/000154@29.3701126774057,-90.7282952328641.jpg",1,82,165,328,200,410,365
"Morganza_all/000155@29.3700935434239,-90.7281478251517.jpg",1,32,149,376,230,408,379
"Morganza_all/000156@29.3697860506293,-90.7281848095827.jpg",2,172,71,468,336,640,407
"Morganza_all/000157@29.3700607243073,-90.7277054540151.jpg",1,184,121,340,269,524,390
"Morganza_all/000158@29.3827037680515,-90.7167199940081.jpg",1,276,262,212,116,488,378
"Morganza_all/000161@29.3885057169384,-90.7160196616244.jpg",4,275,264,116,107,391,371
"Morganza_all/000171@29.3709380066707,-90.7290839817201.jpg",2,294,99,343,293,637,392
"Morganza_all/000172@29.3708734743355,-90.7282529729519.jpg",1,109,108,460,296,569,404
"Morganza_all/000174@29.3697551164848,-90.7278763571747.jpg",2,0,0,336,390,336,390
"Morganza_all/000175@29.3697950282876,-90.7286336021873.jpg",4,283,301,94,83,377,384
"Morganza_all/000176@29.3698291656878,-90.729016754513.jpg",1,70,102,468,296,538,398
"Morganza_all/000177@29.3698953054238,-90.7293211968906.jpg",1,96,77,400,305,496,382
"Morganza_all/000179@29.3699219893191,-90.729847584994.jpg",5,313,281,89,81,402,362
"Morganza_all/000181@29.4203277080331,-90.7015903277441.jpg",3,231,272,188,115,419,387
"Morganza_all/000182@29.420482916234,-90.7015961978201.jpg",1,283,273,153,109,436,382
"Morganza_all/000183@29.4206381954768,-90.70162248424.jpg",3,219,229,212,155,431,384
"Morganza_all/000185@29.4205332634309,-90.7009005804303.jpg",6,275,276,83,87,358,363
"Morganza_all/000189@29.4214253308289,-90.7014948061828.jpg",1,116,268,191,111,307,379
"Morganza_all/000190@29.3708961415226,-90.7260706454444.jpg",3,137,155,358,266,495,421
"Morganza_all/000191@29.3707403850438,-90.7269777977868.jpg",1,117,119,451,271,568,390
"Morganza_all/000192@29.3707534256665,-90.7271392764992.jpg",1,181,64,448,329,629,393
"Morganza_all/000193@29.3707917558068,-90.7274411256027.jpg",1,46,124,411,277,457,401
"Morganza_all/000194@29.3704220378596,-90.7273309645191.jpg",1,102,120,465,261,567,381
"Morganza_all/000195@29.3708245807202,-90.7278905008839.jpg",1,45,126,388,249,433,375
"Morganza_all/000196@29.3708829199914,-90.7285294100996.jpg",1,69,4,402,427,471,431
"Morganza_all/000197@29.3705639144145,-90.7287350526118.jpg",2,197,84,443,356,640,440
"Morganza_all/000198@29.3709274391256,-90.7288382552698.jpg",2,1,3,387,417,388,420
"Morganza_all/000199@29.370590765052,-90.7292196253131.jpg",1,291,189,271,209,562,398
"Morganza_all/000200@29.3707049711069,-90.7299705910876.jpg",2,257,48,384,379,641,427
"Morganza_all/000201@29.3710815591453,-90.7302352778427.jpg",2,1,2,639,360,640,362
"Morganza_all/000202@29.3711137920014,-90.7305582316549.jpg",5,281,208,103,107,384,315
"Morganza_all/000203@29.3707264617749,-90.7306237868176.jpg",5,320,306,88,83,408,389
"Morganza_all/000204@29.370733791183,-90.7308836600223.jpg",2,0,229,520,140,520,369
"Morganza_all/000205@29.3698665583958,-90.7309590948225.jpg",2,54,107,584,265,638,372
"Morganza_all/000206@29.369975418916,-90.730551003383.jpg",1,76,124,398,306,474,430
"Morganza_all/000207@29.3703259430698,-90.7305067666884.jpg",2,134,77,505,363,639,440
"Morganza_all/000208@29.3702805808613,-90.7300082728252.jpg",1,62,69,528,341,590,410
"Morganza_all/000213@29.4226541994651,-90.701391639577.jpg",1,173,260,277,111,450,371
"Morganza_all/000214@29.4228929539897,-90.7014037679998.jpg",1,214,290,195,116,409,406
"Morganza_all/000215@29.4215603066401,-90.6997898308051.jpg",2,3,253,458,173,461,426
"Morganza_all/000216@29.421189816765,-90.6996899290499.jpg",2,98,46,540,369,638,415
"Morganza_all/000217@29.4204498543689,-90.6996946027946.jpg",3,192,257,329,147,521,404
"Morganza_all/000218@29.4201279601071,-90.6997716122173.jpg",1,189,252,271,113,460,365
"Morganza_all/000219@29.4196025205795,-90.6997135866159.jpg",1,269,277,264,137,533,414
"Morganza_all/000220@29.4184163804604,-90.7000141622371.jpg",3,217,303,170,89,387,392
"Morganza_all/000221@29.4177718990511,-90.7000250465812.jpg",1,98,230,492,179,590,409
"Morganza_all/000222@29.4172049200245,-90.7000149940634.jpg",1,214,291,387,142,601,433
"Morganza_all/000223@29.4148316109927,-90.7003980532453.jpg",1,242,265,179,122,421,387
"Morganza_all/000225@29.4144672536867,-90.7003321954642.jpg",1,236,299,244,111,480,410
"Morganza_all/000227@29.4140976872905,-90.700423130227.jpg",1,226,298,186,109,412,407
"Morganza_all/000228@29.4138653338494,-90.7005063832387.jpg",1,209,276,279,112,488,388
"Morganza_all/000229@29.4125522001957,-90.7004601418082.jpg",1,210,278,215,101,425,379
"Morganza_all/000230@29.4122840379916,-90.7005368038097.jpg",3,161,295,342,89,503,384
"Morganza_all/000231@29.4111975597299,-90.7004686867912.jpg",3,117,253,464,165,581,418
"Morganza_all/000232@29.410934969287,-90.7004635277655.jpg",2,40,220,601,214,641,434
"Morganza_all/000234@29.4101417359886,-90.7005639462278.jpg",2,59,264,582,153,641,417
"Morganza_all/000235@29.4091443046246,-90.7003998547816.jpg",1,241,262,173,117,414,379
"Morganza_all/000236@29.4089954867862,-90.7004757615603.jpg",1,263,269,160,102,423,371
"Morganza_all/000237@29.4086675590434,-90.7005391672386.jpg",1,219,223,186,141,405,364
"Morganza_all/000238@29.408273860104,-90.7005757263911.jpg",1,223,251,149,106,372,357
"Morganza_all/000239@29.4077731137083,-90.7006879273822.jpg",1,192,240,368,139,560,379
"Morganza_all/000240@29.4276598780532,-90.7008037564936.jpg",4,267,291,121,101,388,392
"Morganza_all/000241@29.4280288378606,-90.7001095644835.jpg",1,183,278,336,90,519,368
"Morganza_all/000242@29.4290849645494,-90.7013343212421.jpg",1,119,222,281,159,400,381
"Morganza_all/000243@29.4293632436167,-90.7014277812492.jpg",1,131,270,298,117,429,387
"Morganza_all/000246@29.4232271456816,-90.701401662832.jpg",1,262,248,184,151,446,399
"Morganza_all/000248@29.423436256152,-90.7014480593383.jpg",1,207,226,368,139,575,365
"Morganza_all/000250@29.4236072644694,-90.701024342462.jpg",1,197,237,250,153,447,390
"Morganza_all/000252@29.4243428346334,-90.7013401041873.jpg",1,219,289,349,98,568,387
"Morganza_all/000253@29.4241534756797,-90.7004414826896.jpg",1,272,230,179,140,451,370
"Morganza_all/000257@29.4263853731186,-90.7016612735055.jpg",1,167,273,343,131,510,404
"Morganza_all/000258@29.4261466239943,-90.7016559604489.jpg",1,130,246,248,170,378,416
"Morganza_all/000259@29.4259792787127,-90.7016024828198.jpg",1,122,232,261,160,383,392
"Morganza_all/000260@29.4257884318197,-90.7016309503152.jpg",3,79,299,296,86,375,385
"Morganza_all/000263@29.4252718993426,-90.6997118592302.jpg",1,101,230,412,110,513,340
"Morganza_all/000264@29.4242391197421,-90.6996365868072.jpg",1,157,269,309,114,466,383
"Morganza_all/000265@29.4238330903012,-90.6995914063058.jpg",1,255,286,186,112,441,398
"Morganza_all/000266@29.4236242431989,-90.6995995419357.jpg",1,248,283,256,82,504,365
"Morganza_all/000267@29.423433193238,-90.6995803000967.jpg",1,126,263,334,165,460,428
"Morganza_all/000268@29.4231526735256,-90.6995752560347.jpg",1,148,234,375,162,523,396
"Morganza_all/000269@29.422890385637,-90.6996382903801.jpg",1,251,264,204,136,455,400
"Morganza_all/000270@29.4225800903436,-90.6996402504661.jpg",1,112,237,504,192,616,429
"Morganza_all/000271@29.4219833136346,-90.6996440201755.jpg",1,85,257,513,155,598,412
"Morganza_all/000273@29.3869503558801,-90.7142698638996.jpg",1,151,214,422,183,573,397
"Morganza_all/000274@29.3879060275217,-90.7142137282444.jpg",2,1,212,637,233,638,445
"Morganza_all/000275@29.3907075473673,-90.7135070343233.jpg",1,79,290,364,150,443,440
"Morganza_all/000276@29.3920625820522,-90.7141162685211.jpg",1,127,292,300,156,427,448
"Morganza_all/000278@29.3931361774235,-90.7127379819131.jpg",1,218,284,223,92,441,376
"Morganza_all/000279@29.3930148612734,-90.7130188044541.jpg",1,121,248,283,166,404,414
"Morganza_all/000280@29.3929142017705,-90.7116836914733.jpg",1,182,246,262,149,444,395
"Morganza_all/000281@29.3933465185596,-90.7113416847581.jpg",1,279,245,225,158,504,403
"Morganza_all/000282@29.3935387113981,-90.7110927322989.jpg",1,251,256,266,151,517,407
"Morganza_all/000283@29.3939378744814,-90.7107186138871.jpg",1,297,266,218,129,515,395
"Morganza_all/000285@29.3944604315456,-90.7115017457888.jpg",3,126,243,356,125,482,368
"Morganza_all/000286@29.394906318811,-90.7110411678047.jpg",2,4,171,478,282,482,453
"Morganza_all/000287@29.3950753546284,-90.7108785227599.jpg",2,0,196,422,219,422,415
"Morganza_all/000289@29.3943179654904,-90.7103069282969.jpg",3,284,295,134,112,418,407
"Morganza_all/000290@29.3944916000726,-90.7101227124783.jpg",1,262,265,261,121,523,386
"Morganza_all/000291@29.3952276453082,-90.7091809349268.jpg",2,0,245,634,190,634,435
"Morganza_all/000292@29.3956654547454,-90.7090058743054.jpg",1,283,279,155,97,438,376
"Morganza_all/000294@29.3964498378755,-90.7092972169594.jpg",1,339,281,194,132,533,413
"Morganza_all/000296@29.3970361716125,-90.7086149198757.jpg",1,178,301,173,81,351,382
"Morganza_all/000297@29.3971673972903,-90.7084417314815.jpg",1,179,289,197,92,376,381
"Morganza_all/000298@29.3973079793845,-90.708246941818.jpg",3,213,279,167,96,380,375
"Morganza_all/000300@29.3975714095157,-90.7080998726144.jpg",3,169,265,140,101,309,366
"Morganza_all/000302@29.3964810603147,-90.7079342962078.jpg",1,110,256,527,152,637,408
"Morganza_all/000303@29.3966550521529,-90.7078254998388.jpg",3,227,287,308,114,535,401
"Morganza_all/000304@29.3968752785875,-90.7075171001647.jpg",1,285,299,199,110,484,409
"Morganza_all/000305@29.3970349278505,-90.7073706770782.jpg",2,150,147,491,277,641,424
"Morganza_all/000306@29.398109375022,-90.7061790000229.jpg",1,255,321,323,96,578,417
"Morganza_all/000307@29.3982688419907,-90.7059948586401.jpg",1,241,279,319,114,560,393
"Morganza_all/000309@29.3985979082123,-90.7057612004043.jpg",1,252,279,275,92,527,371
"Morganza_all/000310@29.3989073587126,-90.7053768318145.jpg",1,200,270,293,145,493,415
"Morganza_all/000311@29.3994343950216,-90.7051149862205.jpg",1,5,212,513,161,518,373
"Morganza_all/000314@29.3989745681754,-90.7066044816434.jpg",1,103,271,323,108,426,379
"Morganza_all/000316@29.4005116715089,-90.7055068225463.jpg",1,161,248,192,115,353,363
"Morganza_all/000317@29.4008835549886,-90.7053536611561.jpg",1,153,285,266,81,419,366
"Morganza_all/000318@29.4012221297818,-90.7051361084233.jpg",3,195,241,163,121,358,362
"Morganza_all/000325@29.4014990620006,-90.7038739266482.jpg",1,166,293,312,122,478,415
"Morganza_all/000326@29.4019275893636,-90.703725803839.jpg",2,48,209,593,222,641,431
"Morganza_all/000327@29.4028391073979,-90.702992873584.jpg",1,222,318,223,137,445,455
"Morganza_all/000328@29.4034881585793,-90.7026063454156.jpg",2,0,229,641,174,641,403
"Morganza_all/000329@29.403723130482,-90.7024271153654.jpg",1,73,260,552,160,625,420
"Morganza_all/000330@29.4044379445255,-90.7019863061855.jpg",2,1,207,640,266,641,473
"Morganza_all/000333@29.4036672932049,-90.7045497920249.jpg",1,234,269,121,92,355,361
"Morganza_all/000337@29.4042987019217,-90.7044165709317.jpg",1,132,274,142,124,274,398
"Morganza_all/000339@29.4052586220872,-90.7039006526793.jpg",1,253,301,111,89,364,390
"Morganza_all/000344@29.4047959099236,-90.7018560765015.jpg",3,272,276,260,113,532,389
"Morganza_all/000346@29.407012489271,-90.7009636015173.jpg",2,98,102,540,288,638,390
"Morganza_all/000347@29.4072352240666,-90.70084175482.jpg",2,1,69,636,352,637,421
"Morganza_all/000349@29.4090648005578,-90.7024723255467.jpg",1,93,199,345,192,438,391
"Morganza_all/000350@29.4090282415621,-90.7023158041601.jpg",1,217,187,271,204,488,391
"Morganza_all/000351@29.4089739122043,-90.7021866557514.jpg",1,216,204,228,144,444,348
"Morganza_all/000352@29.4089670572891,-90.7020026552267.jpg",1,123,286,348,164,471,450
"Morganza_all/000354@29.4093270898664,-90.702409338702.jpg",1,110,197,218,157,328,354
"Morganza_all/000356@29.4093645684959,-90.7027567144719.jpg",1,65,252,283,94,348,346
"Morganza_all/000363@29.412089352974,-90.7022420274757.jpg",1,286,271,117,87,403,358
"Morganza_all/000367@29.4122506267676,-90.7022682749895.jpg",1,187,258,222,82,409,340
"Morganza_all/000368@29.4126442604932,-90.7022180904073.jpg",1,211,295,209,85,420,380
"Morganza_all/000370@29.412857567929,-90.7019032026942.jpg",1,234,258,320,129,554,387
"Morganza_all/000372@29.41296672023,-90.7022637707453.jpg",2,4,238,462,177,466,415
"Morganza_all/000373@29.4128355400573,-90.7022850424689.jpg",1,134,219,339,149,473,368
"Morganza_all/000374@29.4138016268031,-90.7021426539423.jpg",2,183,179,456,238,639,417
"Morganza_all/000376@29.4138595562256,-90.7017810312534.jpg",2,243,252,398,123,641,375
"Morganza_all/000377@29.4138169303387,-90.7016040626318.jpg",4,304,284,82,81,386,365
"Morganza_all/000379@29.4134020916108,-90.7022065076632.jpg",1,39,257,406,107,445,364
"Morganza_all/000380@29.4141656545115,-90.7021403637166.jpg",1,206,301,360,102,566,403
"Morganza_all/000385@29.4150661673533,-90.7020119845112.jpg",1,177,267,245,88,422,355
"Morganza_all/000386@29.4154006548629,-90.7020712210184.jpg",2,3,225,350,212,353,437
"Morganza_all/000387@29.4153092393605,-90.7016764856733.jpg",2,4,198,427,170,431,368
"Morganza_all/000388@29.415662812515,-90.7019809670827.jpg",1,170,190,386,221,556,411
"Morganza_all/000389@29.4156613326422,-90.7016742688623.jpg",2,163,226,478,135,641,361
"Morganza_all/000391@29.4184068450134,-90.7017455891601.jpg",1,173,261,311,116,484,377
"Morganza_all/000395@29.4195288301281,-90.7017521575134.jpg",1,200,268,273,111,473,379
"Morganza_all/000396@29.420083315448,-90.7016464263372.jpg",1,169,257,249,108,418,365
"Morganza_all/000397@29.4167770159194,-90.7000296936223.jpg",3,105,268,372,105,477,373
"Morganza_all/000400@29.3943631272858,-90.7101814787988.jpg",1,241,270,167,148,408,418
"Morganza_all/000403@29.4167770159194,-90.7000296936223.jpg",3,117,272,356,104,473,376
"Morganza_all/000404@29.4167770159194,-90.7000296936223.jpg",3,112,273,347,93,459,366
"Morganza_all/000406@29.3085579839817,-90.6481746671488.jpg",1,142,268,221,125,363,393
"Morganza_all/000408@29.3176534746833,-90.6467870662334.jpg",1,183,295,156,101,339,396
"Morganza_all/000410@29.3230189765791,-90.6452684320646.jpg",1,215,234,146,126,361,360
"Morganza_all/000411@29.3233401176639,-90.6451642777192.jpg",1,184,262,142,125,326,387
"Morganza_all/000412@29.3298446274225,-90.6438687764733.jpg",1,98,264,294,123,392,387
"Morganza_all/000416@29.3307850940662,-90.6437195601856.jpg",3,178,269,141,123,319,392
"Morganza_all/000418@29.331339070883,-90.6437089454292.jpg",3,95,302,283,113,378,415
"Morganza_all/000419@29.3775503009184,-90.7128674493519.jpg",1,90,207,238,187,328,394
"Morganza_all/000422@29.3333613915733,-90.6428033330263.jpg",1,68,333,367,85,435,418
"Morganza_all/000423@29.3337920672155,-90.6424919983734.jpg",1,101,279,280,106,381,385
"Morganza_all/000425@29.3351263888197,-90.6416056727316.jpg",1,144,301,203,94,347,395
"Morganza_all/000427@29.3359442284959,-90.6407023611579.jpg",1,34,274,309,105,343,379
"Morganza_all/000430@29.3373818801804,-90.638924430654.jpg",5,291,261,116,104,407,365
"Morganza_all/000444@29.3373469847839,-90.6391370820404.jpg",4,261,281,86,85,347,366
"Morganza_all/000451@29.339011931677,-90.6371999131463.jpg",1,16,237,250,163,266,400
"Morganza_all/000452@29.3401597789145,-90.6373838444499.jpg",6,273,281,85,90,358,371
"Morganza_all/000454@29.3398070129578,-90.636536534491.jpg",2,6,301,184,125,190,426
"Morganza_all/000458@29.3548604453422,-90.6264937988832.jpg",1,80,252,223,124,303,376
"Morganza_all/000460@29.3555507481789,-90.6264546601873.jpg",1,140,257,204,125,344,382
"Morganza_all/000461@29.355748828454,-90.6264395478324.jpg",1,106,270,230,106,336,376
"Morganza_all/000462@29.3563250029141,-90.62639436903.jpg",1,84,174,250,206,334,380
"Morganza_all/000463@29.3569138143117,-90.6264587480787.jpg",1,86,264,239,101,325,365
"Morganza_all/000464@29.3671049110013,-90.6256192426674.jpg",1,48,289,325,138,373,427
"Morganza_all/000465@29.3813749924672,-90.6218096622329.jpg",4,259,259,112,134,371,393
"Morganza_all/000466@29.3815678799018,-90.6216943187996.jpg",3,222,279,186,84,408,363
"Morganza_all/000468@29.4277637224534,-90.701596522458.jpg",3,232,287,231,147,463,434
"Morganza_all/000470@29.4275028430308,-90.7016553048436.jpg",1,326,276,168,114,494,390
"Morganza_all/000471@29.4289704625906,-90.7017856939595.jpg",1,227,193,304,191,531,384
"Morganza_all/000472@29.4318682395181,-90.7028551256122.jpg",1,193,278,381,87,574,365
"Morganza_all/000473@29.4315291070997,-90.7027392668324.jpg",1,155,219,277,177,432,396
"Morganza_all/000474@29.4350909180447,-90.7035821993747.jpg",1,315,253,148,145,463,398
"Morganza_all/000479@29.3931039361986,-90.7138961848953.jpg",4,266,323,87,95,353,418
"Morganza_all/000481@29.393366683989,-90.7136037188955.jpg",1,192,212,387,205,579,417
"Morganza_all/000482@29.3931861207633,-90.7133247612832.jpg",2,0,209,354,225,354,434
"Morganza_all/000483@29.3934069983909,-90.7131510316515.jpg",1,224,248,291,129,515,377
"Morganza_all/000485@29.3937519476251,-90.713283551458.jpg",4,271,260,96,101,367,361
"Morganza_all/000486@29.3936655764948,-90.7129770681858.jpg",1,294,261,139,104,433,365
"Morganza_all/000487@29.3942100356667,-90.71240818129.jpg",4,294,266,119,105,413,371
"Morganza_all/000488@29.3943004971741,-90.7125853577554.jpg",2,417,243,224,119,641,362
"Morganza_all/000489@29.3943651925947,-90.7123048815036.jpg",1,274,235,312,131,586,366
"Morganza_all/000490@29.3945950131956,-90.712034153462.jpg",1,258,246,179,103,437,349
"Morganza_all/000494@29.3950661851259,-90.7129199554656.jpg",6,283,287,92,85,375,372
"Morganza_all/000498@29.3950686116275,-90.7114441218475.jpg",3,207,234,300,107,507,341
"Morganza_all/000499@29.3952000478229,-90.7113086536011.jpg",4,266,276,88,81,354,357
"Morganza_all/000501@29.395373811932,-90.711151380445.jpg",4,269,262,81,89,350,351
"Morganza_all/000503@29.4314982367825,-90.7010941306492.jpg",1,145,279,375,136,520,415
"Morganza_all/000504@29.4311994366884,-90.7010107885029.jpg",1,241,199,237,204,478,403
"Morganza_all/000505@29.4320328896944,-90.7013005433912.jpg",1,150,255,319,126,469,381
"Morganza_all/000506@29.4342569323005,-90.7019879253564.jpg",1,108,266,406,131,514,397
"Morganza_all/000507@29.4346516250635,-90.7029162932376.jpg",1,130,207,387,180,517,387
"Morganza_all/000508@29.4352206088451,-90.7031028406859.jpg",1,112,222,365,173,477,395
"Morganza_all/000509@29.4357500799324,-90.7022341836255.jpg",2,0,248,615,160,615,408
"Morganza_all/000510@29.4363593034482,-90.7024335763446.jpg",1,216,273,180,109,396,382
"Morganza_all/000511@29.4368815080753,-90.7024368575856.jpg",3,185,266,335,114,520,380
"Morganza_all/000512@29.4370826154694,-90.7024945910875.jpg",1,258,281,144,90,402,371
"Morganza_all/000513@29.4378519449253,-90.7025749522005.jpg",1,211,287,260,86,471,373
"Morganza_all/000514@29.4386666960795,-90.7025567280795.jpg",2,0,287,532,113,532,400
"Morganza_all/000515@29.438976646306,-90.7025744453896.jpg",1,142,286,413,93,555,379
"Morganza_all/000516@29.4405960080875,-90.7028133958918.jpg",1,156,284,322,81,478,365
"Morganza_all/000517@29.441065582787,-90.703800356394.jpg",2,59,242,580,143,639,385
"Morganza_all/000518@29.4411532092571,-90.702934429494.jpg",1,236,284,170,86,406,370
"Morganza_all/000519@29.4438902896582,-90.7029106911977.jpg",1,228,300,175,87,403,387
"Morganza_all/000520@29.4436092414865,-90.7029386600241.jpg",3,281,287,160,100,441,387
"Morganza_all/000524@29.4473495493388,-90.7027184687698.jpg",1,131,281,408,103,539,384
"Morganza_all/000525@29.452500873805,-90.7035580874809.jpg",1,180,278,300,82,480,360
"Morganza_all/000528@29.4614932503639,-90.7048392683296.jpg",3,112,257,177,122,289,379
"Morganza_all/000532@29.4659400838724,-90.7023785980812.jpg",4,263,292,92,87,355,379
"Morganza_all/000536@29.4313593578348,-90.7009960525855.jpg",1,200,282,186,143,386,425
"Morganza_all/000541@29.4404538288642,-90.7042696333006.jpg",3,284,281,113,81,397,362
"Morganza_all/000543@29.4417692721276,-90.7045563889539.jpg",1,235,266,182,95,417,361
"Morganza_all/000550@29.4435954524649,-90.70484651799.jpg",3,229,246,248,120,477,366
"Morganza_all/000552@29.4442615584296,-90.704940681743.jpg",3,382,264,117,112,499,376
"Morganza_all/000555@29.4459105407242,-90.7053761762413.jpg",1,275,274,132,94,407,368
"Morganza_all/000556@29.4461515708308,-90.7053812021532.jpg",1,261,271,177,105,438,376
"Morganza_all/000561@29.4476601030526,-90.7052472125697.jpg",1,265,277,217,88,482,365
"Morganza_all/000562@29.4480847382617,-90.7052445532843.jpg",1,297,276,114,84,411,360
"Morganza_all/000563@29.4484886757513,-90.7057140647062.jpg",2,0,228,420,101,420,329
"Morganza_all/000564@29.4491671554612,-90.7071980904891.jpg",3,229,274,344,108,573,382
"Morganza_all/000565@29.449032867886,-90.7067137519574.jpg",1,208,224,418,171,626,395
"Morganza_all/000566@29.4489512298803,-90.7064454700883.jpg",4,294,297,91,87,385,384
"Morganza_all/000567@29.4489958652971,-90.7061763676075.jpg",1,274,243,251,144,525,387
"Morganza_all/000568@29.4489426520706,-90.7058489030385.jpg",3,369,254,272,86,641,340
"Morganza_all/000569@29.4495601628248,-90.7053860952862.jpg",1,245,261,187,94,432,355
"Morganza_all/000599@29.4602742545398,-90.7055222790734.jpg",5,287,276,119,94,406,370
"Morganza_all/000635@29.4710176911795,-90.703402441555.jpg",3,288,257,170,106,458,363
"Morganza_all/000648@29.4754996328014,-90.7022790940218.jpg",1,106,285,254,100,360,385
"Morganza_all/000652@29.4766072112198,-90.7022917969321.jpg",6,192,286,188,89,380,375
"Morganza_all/000654@29.4773352597325,-90.702142959376.jpg",1,118,297,209,94,327,391
"Morganza_all/000668@29.4824392005101,-90.7013208393235.jpg",1,242,305,215,93,457,398
"Morganza_all/000678@29.4847249644504,-90.7001424328163.jpg",1,204,294,196,99,400,393
"Morganza_all/000699@29.4902301212986,-90.6972350390507.jpg",1,206,305,96,83,302,388
"Morganza_all/000724@29.4834714735122,-90.7470394608752.jpg",4,304,298,84,81,388,379
"Morganza_all/000727@29.485430881494,-90.7473189558474.jpg",3,221,287,190,82,411,369
"Morganza_all/000730@29.4859458257452,-90.7473225463533.jpg",4,296,262,90,86,386,348
"Morganza_all/000731@29.4863866258814,-90.7475646597468.jpg",3,131,295,283,82,414,377
"Morganza_all/000737@29.4876308882959,-90.7476367538196.jpg",1,222,259,197,116,419,375
"Morganza_all/000738@29.4878103240546,-90.747655538739.jpg",3,158,273,259,93,417,366
"Morganza_all/000743@29.4884233357187,-90.7475924260845.jpg",1,142,287,231,84,373,371
"Morganza_all/000745@29.4893156563838,-90.7478914101696.jpg",3,194,310,296,94,490,404
"Morganza_all/000748@29.489738305801,-90.7479550749421.jpg",1,222,294,189,118,411,412
"Morganza_all/000749@29.4899514674715,-90.7477488303093.jpg",2,131,281,510,126,641,407
"Morganza_all/000750@29.4899559705437,-90.7474644380569.jpg",1,34,269,542,138,576,407
"Morganza_all/000751@29.4899594941255,-90.7469552178829.jpg",2,4,229,637,183,641,412
"Morganza_all/000752@29.4897929376411,-90.7459443953022.jpg",2,165,271,476,140,641,411
"Morganza_all/000755@29.490126962561,-90.745598539283.jpg",2,4,259,476,136,480,395
"Morganza_all/000756@29.490157878839,-90.7460414568693.jpg",2,4,280,496,120,500,400
"Morganza_all/000757@29.4902523345773,-90.7464575054569.jpg",3,21,236,573,162,594,398
"Morganza_all/000758@29.490271019432,-90.7467549958741.jpg",2,2,273,627,120,629,393
"Morganza_all/000759@29.4902667568718,-90.7470989201836.jpg",2,7,285,634,138,641,423
"Morganza_all/000760@29.4903289618051,-90.7480706911488.jpg",2,172,201,469,251,641,452
"Morganza_all/000762@29.4913777361147,-90.7484150409149.jpg",1,280,288,223,102,503,390
"Morganza_all/000766@29.4928921041805,-90.748082162333.jpg",6,269,289,104,85,373,374
"Morganza_all/000771@29.4964056629684,-90.7510443674159.jpg",3,156,271,292,103,448,374
"Morganza_all/000773@29.4971356845586,-90.75127157781.jpg",1,137,281,274,87,411,368
"Morganza_all/000779@29.4979697575285,-90.7514849850501.jpg",1,194,264,272,109,466,373
"Morganza_all/000780@29.4983983543264,-90.751581705261.jpg",3,93,234,448,132,541,366
"Morganza_all/000781@29.4983320497818,-90.7509868741508.jpg",3,114,259,513,123,627,382
"Morganza_all/000782@29.4987636636349,-90.7516573549707.jpg",2,12,228,629,231,641,459
"Morganza_all/000783@29.498730296442,-90.7506588958697.jpg",1,136,292,503,115,639,407
"Morganza_all/000784@29.4982528259197,-90.7499738492325.jpg",1,134,237,241,153,375,390
"Morganza_all/000785@29.4981755540748,-90.7495113294516.jpg",1,141,294,248,103,389,397
"Morganza_all/000786@29.4981277719275,-90.7491809468524.jpg",1,93,298,400,92,493,390
"Morganza_all/000787@29.4980798392857,-90.7488108635196.jpg",1,46,281,434,115,480,396
"Morganza_all/000788@29.4980436597189,-90.7484803824314.jpg",3,129,262,386,98,515,360
"Morganza_all/000789@29.497989893361,-90.7481037325261.jpg",1,146,254,356,113,502,367
"Morganza_all/000790@29.4979310309903,-90.7478791932464.jpg",3,179,268,256,91,435,359
"Morganza_all/000791@29.4978539885231,-90.7474696109599.jpg",1,147,252,249,123,396,375
"Morganza_all/000792@29.497811589008,-90.7470465927469.jpg",1,131,274,327,106,458,380
"Morganza_all/000795@29.4977974627912,-90.7464712662715.jpg",1,151,240,301,137,452,377
"Morganza_all/000796@29.497773330814,-90.7462531576473.jpg",1,110,265,311,108,421,373
"Morganza_all/000797@29.4976903305877,-90.7458039418036.jpg",3,144,244,303,124,447,368
"Morganza_all/000798@29.4976591166108,-90.745294854584.jpg",3,73,255,484,138,557,393
"Morganza_all/000799@29.4976054301938,-90.7449380424622.jpg",1,62,268,420,118,482,386
"Morganza_all/000800@29.4975861764767,-90.7445148903654.jpg",1,46,231,482,173,528,404
"Morganza_all/000801@29.4974208790723,-90.7437817419298.jpg",5,197,232,189,121,386,353
"Morganza_all/000802@29.4973661160931,-90.7431868536253.jpg",1,217,253,247,135,464,388
"Morganza_all/000803@29.4971878414922,-90.7434259868746.jpg",2,206,276,432,124,638,400
"Morganza_all/000804@29.4972947119586,-90.7427441435494.jpg",4,239,253,114,118,353,371
"Morganza_all/000809@29.4980698340053,-90.7452792112903.jpg",2,194,282,447,104,641,386
"Morganza_all/000810@29.4980712885664,-90.7456032936789.jpg",4,266,243,89,103,355,346
"Morganza_all/000816@29.498442218626,-90.7470429044019.jpg",4,244,270,100,93,344,363
"Morganza_all/000818@29.5358278283475,-90.579688874138.jpg",1,109,264,222,97,331,361
"Morganza_all/000857@29.4984806767093,-90.7478759831137.jpg",4,252,259,106,101,358,360
"Morganza_all/000859@29.4986008218307,-90.7488673316679.jpg",1,68,270,445,92,513,362
"Morganza_all/000860@29.4989993429027,-90.7487128945684.jpg",1,2,267,528,114,530,381
"Morganza_all/000862@29.4992921901809,-90.7482151738279.jpg",2,7,190,279,202,286,392
"Morganza_all/000866@29.4996616043628,-90.7480212004612.jpg",2,7,289,304,133,311,422
"Morganza_all/000867@29.4996684407746,-90.7482526487376.jpg",2,10,279,398,119,408,398
"Morganza_all/000869@29.4998521267896,-90.7492238036373.jpg",1,241,276,311,119,552,395
"Morganza_all/000870@29.4999308431669,-90.7500103879623.jpg",1,139,281,426,101,565,382
"Morganza_all/000873@29.4993855855429,-90.7496960985863.jpg",3,87,295,412,121,499,416
"Morganza_all/000874@29.4989982298072,-90.7497644929138.jpg",1,32,275,423,101,455,376
"Morganza_all/000875@29.4986402132096,-90.7499186900866.jpg",3,241,252,397,141,638,393
"Morganza_all/000876@29.4993779851286,-90.7492927057525.jpg",1,99,251,469,132,568,383
"Morganza_all/000877@29.498955835631,-90.7493348361516.jpg",1,189,264,423,112,612,376
"Morganza_all/000878@29.4985797917906,-90.7493436596642.jpg",3,147,266,421,119,568,385
"Morganza_all/000881@29.4998316778276,-90.7511286737081.jpg",5,275,262,121,96,396,358
"Morganza_all/000882@29.5001679510333,-90.7512854687224.jpg",1,46,211,413,167,459,378
"Morganza_all/000884@29.5007795378198,-90.7522078489891.jpg",3,236,284,222,81,458,365
"Morganza_all/000886@29.5000904049693,-90.7520663303447.jpg",1,249,303,212,87,461,390
"Morganza_all/000888@29.4999165978278,-90.7520144327746.jpg",1,252,280,216,85,468,365
"Morganza_all/000891@29.4994247782284,-90.7520040507699.jpg",1,194,298,279,96,473,394
"Morganza_all/000892@29.499387492446,-90.7514288803407.jpg",1,92,272,353,129,445,401
"Morganza_all/000893@29.4991682859606,-90.7515756652376.jpg",2,2,153,639,314,641,467
"Morganza_all/000902@29.5038798004855,-90.753435763828.jpg",1,226,246,256,88,482,334
"Morganza_all/000903@29.5041966301607,-90.7535804565443.jpg",3,255,228,215,135,470,363
"Morganza_all/000905@29.5043843525541,-90.7535207729906.jpg",2,176,243,215,101,391,344
"Morganza_all/000906@29.5045811732719,-90.7535782324072.jpg",4,249,252,85,82,334,334
"Morganza_all/000913@29.5106641423078,-90.7493615300958.jpg",5,256,270,97,84,353,354
"Morganza_all/000917@29.5111790339523,-90.749847056506.jpg",2,150,232,491,172,641,404
"Morganza_all/000920@29.5111162633933,-90.7491830592207.jpg",3,238,212,284,177,522,389
"Morganza_all/000921@29.511106665424,-90.74894861388.jpg",1,123,276,329,107,452,383
"Morganza_all/000922@29.5110017680081,-90.7484216531607.jpg",5,241,257,92,81,333,338
"Morganza_all/000923@29.5111361790947,-90.7479030731829.jpg",1,186,254,208,179,394,433
"Morganza_all/000925@29.5110578950697,-90.7475909041095.jpg",1,222,270,189,150,411,420
"Morganza_all/000926@29.5110654584622,-90.7473759135765.jpg",5,273,287,99,120,372,407
"Morganza_all/000928@29.5110293539543,-90.7469462321309.jpg",5,326,301,90,81,416,382
"Morganza_all/000930@29.5109591109862,-90.7465265597185.jpg",1,218,232,369,230,587,462
"Morganza_all/000931@29.5105121310764,-90.7459429739554.jpg",5,296,278,82,88,378,366
"Morganza_all/000932@29.5105641772319,-90.746118536116.jpg",3,67,270,574,142,641,412
"Morganza_all/000933@29.5106006781491,-90.7466361151412.jpg",1,79,260,475,114,554,374
"Morganza_all/000934@29.5106625436633,-90.7470949447053.jpg",1,210,260,201,105,411,365
"Morganza_all/000936@29.5107153585479,-90.7474365618122.jpg",1,259,195,328,253,587,448
"Morganza_all/000938@29.5107510247352,-90.7477685334945.jpg",1,48,226,359,247,407,473
"Morganza_all/000946@29.5202549164396,-90.7441759846147.jpg",1,131,242,252,140,383,382
"Morganza_all/000960@29.4660525869723,-90.6995320113326.jpg",6,274,282,85,83,359,365
"Morganza_all/000991@29.4942022570226,-90.6893707641277.jpg",6,277,278,84,96,361,374
"Morganza_all/001009@29.4977761739204,-90.682209538681.jpg",1,52,295,240,103,292,398
"Morganza_all/001027@29.5036181784984,-90.6761999207054.jpg",1,70,283,267,90,337,373
"Morganza_all/001031@29.5053190134886,-90.6757366119191.jpg",1,225,274,185,90,410,364
"Morganza_all/001034@29.5046385962352,-90.6752612561565.jpg",3,274,284,158,100,432,384
"Morganza_all/001035@29.5046294263558,-90.6750398442403.jpg",1,233,276,260,102,493,378
"Morganza_all/001037@29.5040972970089,-90.6751633010536.jpg",2,241,265,400,98,641,363
"Morganza_all/001038@29.50371062852,-90.6753227080623.jpg",1,188,268,445,113,633,381
"Morganza_all/001039@29.5033156521964,-90.6754268089196.jpg",1,128,285,512,110,640,395
"Morganza_all/001042@29.5025102436795,-90.6757827335784.jpg",1,129,300,460,98,589,398
"Morganza_all/001043@29.5022445585693,-90.6759228892784.jpg",1,117,297,438,90,555,387
"Morganza_all/001044@29.5019948573577,-90.676026033619.jpg",1,327,302,148,106,475,408
"Morganza_all/001045@29.5017052508486,-90.6762217033327.jpg",1,240,251,246,125,486,376
"Morganza_all/001048@29.5011707593115,-90.6758745734025.jpg",3,76,264,518,97,594,361
"Morganza_all/001049@29.5010803910476,-90.6755614381627.jpg",2,2,283,526,96,528,379
"Morganza_all/001050@29.5010703873567,-90.6751739649415.jpg",3,62,262,357,114,419,376
"Morganza_all/001053@29.5015047576853,-90.6748758364454.jpg",1,102,251,194,144,296,395
"Morganza_all/001055@29.5019479079396,-90.6747160601057.jpg",1,139,257,194,177,333,434
"Morganza_all/001056@29.5021414041774,-90.6746686406928.jpg",1,316,266,179,154,495,420
"Morganza_all/001057@29.5024633846395,-90.6744912058257.jpg",3,14,291,443,88,457,379
"Morganza_all/001058@29.5027050740175,-90.6743973520763.jpg",2,2,276,458,114,460,390
"Morganza_all/001059@29.5029145262057,-90.6743129206416.jpg",1,228,267,152,148,380,415
"Morganza_all/001063@29.5035668682028,-90.6740225915082.jpg",1,132,261,194,144,326,405
"Morganza_all/001064@29.5038652526659,-90.6739652376923.jpg",1,111,269,149,123,260,392
"Morganza_all/001067@29.5045204546305,-90.6742377596918.jpg",1,64,301,536,112,600,413
"Morganza_all/001070@29.5034567078319,-90.6745861850792.jpg",1,327,287,196,99,523,386
"Morganza_all/001072@29.5031749097697,-90.6747264511519.jpg",1,330,292,210,131,540,423
"Morganza_all/001076@29.5024900233244,-90.6749708400858.jpg",1,176,295,417,103,593,398
"Morganza_all/001077@29.50218390578,-90.6750928104766.jpg",4,283,306,92,81,375,387
"Morganza_all/001078@29.5018616928232,-90.6752241279542.jpg",1,186,309,427,88,613,397
"Morganza_all/001081@29.5014026507599,-90.6754393646041.jpg",1,24,319,482,88,506,407
"Morganza_all/001082@29.5014606894565,-90.6757434707065.jpg",2,5,323,444,101,449,424
"Morganza_all/001087@29.5021533375254,-90.6754344376465.jpg",1,127,285,237,125,364,410
"Morganza_all/001088@29.5023948609632,-90.6753128923694.jpg",1,141,291,391,88,532,379
"Morganza_all/001091@29.5031682629624,-90.6750125339241.jpg",1,57,298,306,97,363,395
"Morganza_all/001095@29.5043048206594,-90.6747005737188.jpg",2,7,288,603,116,610,404
"Morganza_all/001096@29.5045626517603,-90.6746065812352.jpg",2,0,275,435,124,435,399
"Morganza_all/001102@29.5050969148663,-90.6749075997005.jpg",2,221,267,204,104,425,371
"Morganza_all/001103@29.504981463691,-90.6744192943482.jpg",3,61,265,345,109,406,374
"Morganza_all/001104@29.5049073265416,-90.6741244951875.jpg",1,74,257,299,141,373,398
"Morganza_all/001105@29.5047998830183,-90.6736268965098.jpg",1,186,301,270,90,456,391
"Morganza_all/001106@29.5050819864027,-90.6735420149163.jpg",3,64,273,357,100,421,373
"Morganza_all/001107@29.5051896158324,-90.6740764892343.jpg",3,191,286,445,82,636,368
"Morganza_all/001108@29.5052634470988,-90.6743159306786.jpg",1,46,277,348,94,394,371
"Morganza_all/001113@29.5053965314413,-90.6734937949016.jpg",3,27,270,404,91,431,361
"Morganza_all/001118@29.5061693693323,-90.6746883219548.jpg",1,324,278,271,85,595,363
"Morganza_all/001121@29.5059851226132,-90.6733607447591.jpg",3,214,286,180,82,394,368
"Morganza_all/001122@29.5062433712263,-90.6733498018166.jpg",2,6,285,319,92,325,377
"Morganza_all/001127@29.5066909807755,-90.6740758571191.jpg",1,30,279,273,83,303,362
"Morganza_all/001133@29.5072902296352,-90.6744594786699.jpg",1,154,281,475,97,629,378
"Morganza_all/001135@29.5074775193741,-90.6731848016073.jpg",2,3,297,441,84,444,381
"Morganza_all/001138@29.5075565819425,-90.6744577278305.jpg",2,224,290,417,85,641,375
"Morganza_all/001150@29.5083756665181,-90.6736126043302.jpg",3,133,302,504,85,637,387
"Morganza_all/001151@29.5083652110108,-90.6731420469621.jpg",3,80,255,282,107,362,362
"Morganza_all/001152@29.5086719588722,-90.6731400265323.jpg",3,2,256,432,120,434,376
"Morganza_all/001153@29.5086742368371,-90.6735921850282.jpg",1,366,286,203,106,569,392
"Morganza_all/001154@29.5086759094332,-90.673924379912.jpg",1,68,273,271,94,339,367
"Morganza_all/001160@29.5089769596154,-90.6744022397701.jpg",1,156,300,386,102,542,402
"Morganza_all/001161@29.508998864427,-90.6739407094416.jpg",2,6,237,439,153,445,390
"Morganza_all/001162@29.5089728260443,-90.6735809768567.jpg",1,180,307,391,88,571,395
"Morganza_all/001164@29.5095542346798,-90.6752289823922.jpg",1,199,227,328,188,527,415
"Morganza_all/001165@29.5093522826493,-90.6752026112679.jpg",1,153,225,308,187,461,412
"Morganza_all/001166@29.5094467953526,-90.6747313594613.jpg",3,130,267,362,83,492,350
"Morganza_all/001167@29.5095258334562,-90.6743986314201.jpg",1,133,279,370,103,503,382
"Morganza_all/001168@29.5094185769139,-90.6739379482812.jpg",5,270,277,87,85,357,362
"Morganza_all/001169@29.5094250353544,-90.6736149088353.jpg",3,12,279,319,101,331,380
"Morganza_all/001171@29.5097373025235,-90.6731145550962.jpg",3,40,287,428,87,468,374
"Morganza_all/001174@29.51001982404,-90.6731126941335.jpg",1,54,265,425,84,479,349
"Morganza_all/001176@29.509991723451,-90.6739433891577.jpg",5,291,243,95,88,386,331
"Morganza_all/001177@29.5100263749264,-90.6744137951619.jpg",3,167,280,397,94,564,374
"Morganza_all/001180@29.5102580757501,-90.6739416368997.jpg",2,1,260,390,114,391,374
"Morganza_all/001181@29.5102885937222,-90.6735907704584.jpg",1,126,281,475,115,601,396
"Morganza_all/001182@29.5102862693311,-90.6731293934884.jpg",1,151,283,317,111,468,394
"Morganza_all/001183@29.5105687444253,-90.6731183213396.jpg",1,92,259,410,109,502,368
"Morganza_all/001184@29.5105631235665,-90.6736074179153.jpg",1,153,277,465,107,618,384
"Morganza_all/001185@29.5105729272612,-90.6739488085287.jpg",1,63,279,392,108,455,387
"Morganza_all/001186@29.5105347415345,-90.6743827871376.jpg",2,228,292,376,84,604,376
"Morganza_all/001187@29.5106752076059,-90.675027834166.jpg",6,250,282,97,97,347,379
"Morganza_all/001188@29.5110543013198,-90.6749699805759.jpg",6,243,275,89,96,332,371
"Morganza_all/001189@29.5108736988841,-90.6743713157137.jpg",3,190,287,359,83,549,370
"Morganza_all/001190@29.510847290153,-90.6739377605881.jpg",3,22,273,410,109,432,382
"Morganza_all/001191@29.5108536558166,-90.6735962940493.jpg",1,137,286,465,107,602,393
"Morganza_all/001192@29.5108432932517,-90.6731441789729.jpg",1,252,277,160,85,412,362
"Morganza_all/001193@29.5111176371525,-90.6731239173507.jpg",1,189,284,229,95,418,379
"Morganza_all/001194@29.5111119973835,-90.6736038051557.jpg",2,238,292,399,84,637,376
"Morganza_all/001195@29.511129718791,-90.6739174479482.jpg",3,59,294,296,89,355,383
"Morganza_all/001196@29.5122738865663,-90.6751188510922.jpg",1,161,255,263,115,424,370
"Morganza_all/001197@29.5119753897904,-90.6751484777471.jpg",1,181,265,238,114,419,379
"Morganza_all/001199@29.5114307966536,-90.6743953507413.jpg",1,150,280,484,101,634,381
"Morganza_all/001201@29.5114266164902,-90.6735648249875.jpg",2,152,284,489,145,641,429
"Morganza_all/001203@29.5117313843701,-90.6731752386987.jpg",1,42,302,512,96,554,398
"Morganza_all/001204@29.5117012583218,-90.673609169585.jpg",1,203,290,370,107,573,397
"Morganza_all/001205@29.5117030702822,-90.6739690713443.jpg",1,36,295,413,92,449,387
"Morganza_all/001206@29.5116970096403,-90.6743659028174.jpg",2,152,265,489,128,641,393
"Morganza_all/001207@29.5119795965011,-90.6743824996601.jpg",1,263,261,352,133,615,394
"Morganza_all/001208@29.5119774606737,-90.6739580231536.jpg",2,91,284,311,103,402,387
"Morganza_all/001209@29.5119998750272,-90.6735979609446.jpg",1,150,293,376,103,526,396
"Morganza_all/001210@29.5119896056248,-90.6731643262702.jpg",1,88,270,326,123,414,393
"Morganza_all/001211@29.5123043640214,-90.6731530099508.jpg",2,159,284,293,103,452,387
"Morganza_all/001213@29.5122924514266,-90.6739928605247.jpg",1,18,279,385,108,403,387
"Morganza_all/001214@29.5122702216415,-90.674389832071.jpg",3,135,296,497,98,632,394
"Morganza_all/001215@29.512544612068,-90.6743787849697.jpg",1,146,286,466,82,612,368
"Morganza_all/001216@29.5125989396696,-90.6739447229009.jpg",1,19,284,371,109,390,393
"Morganza_all/001217@29.5125569919833,-90.6736312349636.jpg",1,81,291,517,94,598,385
"Morganza_all/001218@29.5125706698879,-90.6731420441503.jpg",1,39,286,521,92,560,378
"Morganza_all/001219@29.5128857072753,-90.6731860905937.jpg",1,106,292,331,89,437,381
"Morganza_all/001221@29.5128493360059,-90.6739799853826.jpg",1,0,285,386,105,386,390
"Morganza_all/001222@29.5131500885346,-90.6743932591825.jpg",1,26,280,557,111,583,391
"Morganza_all/001223@29.5130915358193,-90.6739876038154.jpg",2,3,280,311,103,314,383
"Morganza_all/001224@29.5131138574794,-90.6736091147072.jpg",1,145,287,496,117,641,404
"Morganza_all/001225@29.5131843705201,-90.6731841234568.jpg",1,207,275,218,116,425,391
"Morganza_all/001227@29.5135754246508,-90.6739013571605.jpg",1,324,296,241,108,565,404
"Morganza_all/001228@29.513577839308,-90.6743812351559.jpg",1,128,312,479,83,607,395
"Morganza_all/001233@29.5142559861425,-90.6744044436251.jpg",1,183,290,458,110,641,400
"Morganza_all/001234@29.5138604724974,-90.674407043874.jpg",1,252,298,362,104,614,402
"Morganza_all/001237@29.5138381983901,-90.6731890602609.jpg",5,277,301,103,89,380,390
"Morganza_all/001241@29.5144634882421,-90.6739324560619.jpg",2,3,262,558,91,561,353
"Morganza_all/001242@29.5144215405267,-90.6736189622979.jpg",3,140,254,350,115,490,369
"Morganza_all/001245@29.5147120726161,-90.6736078065983.jpg",3,33,283,571,88,604,371
"Morganza_all/001246@29.5147219226734,-90.6739584229435.jpg",2,14,281,468,94,482,375
"Morganza_all/001247@29.5146435356504,-90.6744203823899.jpg",1,206,296,425,102,631,398
"Morganza_all/001250@29.5150188859143,-90.6736242423397.jpg",3,131,287,398,94,529,381
"Morganza_all/001251@29.514984371178,-90.6731815109251.jpg",3,72,276,488,114,560,390
"Morganza_all/001253@29.5153257457539,-90.6736499212759.jpg",2,169,298,472,89,641,387
"Morganza_all/001258@29.5158052931052,-90.6743019804837.jpg",3,244,281,220,81,464,362
"Morganza_all/001259@29.5155234678553,-90.6744422648178.jpg",1,161,283,348,84,509,367
"Morganza_all/001260@29.5152085512136,-90.6744166678143.jpg",1,183,276,458,85,641,361
"Morganza_all/001274@29.5362133797412,-90.57993364977.jpg",1,178,246,164,98,342,344
"Morganza_all/001293@29.5451411298682,-90.6829735666421.jpg",2,117,218,524,149,641,367
"Morganza_all/001294@29.5453118367286,-90.683453699339.jpg",2,81,196,560,155,641,351
"Morganza_all/001297@29.5451407284098,-90.6844347434211.jpg",1,232,253,248,104,480,357
"Morganza_all/001298@29.5451192396419,-90.6847323631196.jpg",1,222,246,237,117,459,363
"Morganza_all/001316@29.5426240088835,-90.6976675998149.jpg",1,96,295,353,97,449,392
"Morganza_all/001337@29.5485977895054,-90.6835869336641.jpg",3,170,306,245,98,415,404
"Morganza_all/001339@29.5480062032013,-90.6826139213369.jpg",5,243,267,95,98,338,365
"Morganza_all/001340@29.549149995076,-90.6796249625584.jpg",1,217,271,399,122,616,393
"Morganza_all/001341@29.5484956434398,-90.679476319383.jpg",5,258,272,109,91,367,363
"Morganza_all/001344@29.5483947250763,-90.6827484278388.jpg",1,109,270,364,81,473,351
"Morganza_all/001349@29.4260854848106,-90.4532040078017.jpg",2,16,108,621,341,637,449
"Morganza_all/001350@29.4463141965334,-90.4649576913389.jpg",5,258,213,119,106,377,319
"Morganza_all/001351@29.4440399332889,-90.4638774633179.jpg",1,167,152,325,149,492,301
"Morganza_all/001354@29.5364739839464,-90.4635231679403.jpg",6,269,290,84,87,353,377
"Morganza_all/001355@29.5362544946157,-90.4636041626258.jpg",6,263,288,101,85,364,373
"Morganza_all/001373@29.5538828587536,-90.5820164399579.jpg",1,109,299,273,94,382,393
"Morganza_all/001374@29.5527433304202,-90.5380362077756.jpg",3,268,297,286,167,554,464
"Morganza_all/001375@29.5526614075982,-90.5386525956451.jpg",1,282,260,328,179,610,439
"Morganza_all/001376@29.5526471763332,-90.5383238455257.jpg",2,4,272,483,179,487,451
"Morganza_all/001378@29.5522232919505,-90.5380333535248.jpg",1,142,274,360,112,502,386
"Morganza_all/001381@29.551844117956,-90.538050359486.jpg",5,269,281,86,98,355,379
"Morganza_all/001384@29.5520928505925,-90.5377055277817.jpg",1,131,271,409,142,540,413
"Morganza_all/001385@29.5517557421091,-90.5376032501811.jpg",3,14,255,477,177,491,432
"Morganza_all/001386@29.5515603627754,-90.5376677683372.jpg",4,230,298,135,104,365,402
"Morganza_all/001387@29.551407358805,-90.5376549874353.jpg",3,181,292,350,107,531,399
"Morganza_all/001388@29.5513665972437,-90.5379981659641.jpg",4,272,312,88,88,360,400
"Morganza_all/001389@29.5511138301773,-90.5376783282386.jpg",1,129,281,273,142,402,423
"Morganza_all/001390@29.5511220431429,-90.5380210855362.jpg",3,280,309,91,95,371,404
"Morganza_all/001392@29.5509667609246,-90.5376375083587.jpg",1,120,310,426,91,546,401
"Morganza_all/001393@29.5507371192508,-90.5381011343258.jpg",3,145,295,383,117,528,412
"Morganza_all/001394@29.5506425963337,-90.5376470650609.jpg",2,1,312,561,83,562,395
"Morganza_all/001395@29.5505590196712,-90.5379905808553.jpg",1,203,268,349,136,552,404
"Morganza_all/001396@29.5512357122854,-90.5386079200567.jpg",2,27,245,614,206,641,451
"Morganza_all/001397@29.5508502363131,-90.5385969818094.jpg",2,193,293,448,102,641,395
"Morganza_all/001398@29.5505995076073,-90.5386129665582.jpg",2,149,287,492,103,641,390
"Morganza_all/001399@29.5497921337217,-90.5376328412567.jpg",6,294,281,97,90,391,371
"Morganza_all/001416@29.5507665692726,-90.562218235745.jpg",6,272,278,97,92,369,370
"Morganza_all/001425@29.5528779505005,-90.5380421529813.jpg",1,282,305,285,110,567,415
"Morganza_all/001429@29.5525407470317,-90.5368420088177.jpg",1,186,276,334,153,520,429
"Morganza_all/001430@29.5525069877351,-90.536472778585.jpg",2,4,137,291,308,295,445
"Morganza_all/001431@29.5523793727743,-90.5362214541538.jpg",1,41,252,570,173,611,425
"Morganza_all/001432@29.5523357190481,-90.5368165900708.jpg",5,293,302,96,88,389,390
"Morganza_all/001433@29.552036315709,-90.5368189703848.jpg",1,18,287,592,133,610,420
"Morganza_all/001434@29.5520656377231,-90.5364582669757.jpg",1,48,227,484,194,532,421
"Morganza_all/001435@29.5520563482613,-90.5362240241801.jpg",1,39,313,517,90,556,403
"Morganza_all/001436@29.5523692604118,-90.535852036485.jpg",2,2,246,639,162,641,408
"Morganza_all/001437@29.5518490175551,-90.5358201337086.jpg",1,137,285,409,133,546,418
"Morganza_all/001438@29.5516128600452,-90.5358580572702.jpg",1,158,267,344,137,502,404
"Morganza_all/001439@29.551592445713,-90.5363899431899.jpg",1,69,289,339,104,408,393
"Morganza_all/001440@29.5515951301188,-90.5368315045235.jpg",1,233,304,335,100,568,404
"Morganza_all/001441@29.551418026685,-90.5362110808773.jpg",1,161,290,374,122,535,412
"Morganza_all/001442@29.5513762091504,-90.5358149021204.jpg",2,4,283,446,112,450,395
"Morganza_all/001443@29.5511460251043,-90.5368350748961.jpg",3,221,279,290,130,511,409
"Morganza_all/001444@29.5511909940191,-90.5364561970124.jpg",2,2,266,519,163,521,429
"Morganza_all/001445@29.5511242400917,-90.5358439247585.jpg",1,134,262,305,147,439,409
"Morganza_all/001446@29.5508544314639,-90.5368283664526.jpg",1,286,295,325,115,611,410
"Morganza_all/001447@29.5507561113193,-90.5362073520371.jpg",1,199,203,220,182,419,385
"Morganza_all/001448@29.5506907820616,-90.5358293532993.jpg",1,170,223,188,132,358,355
"Morganza_all/001449@29.5504918920969,-90.5368132269643.jpg",5,255,273,105,97,360,370
"Morganza_all/001451@29.5499400813504,-90.5367725442677.jpg",1,211,284,424,111,635,395
"Morganza_all/001452@29.5494358692562,-90.5367855794281.jpg",2,284,234,357,178,641,412
"Morganza_all/001453@29.5487868614503,-90.5363131261821.jpg",1,51,240,304,130,355,370
"Morganza_all/001454@29.5485971790539,-90.536215502117.jpg",1,255,281,374,85,629,366
"Morganza_all/001456@29.5522046426075,-90.5346998150169.jpg",1,51,312,370,107,421,419
"Morganza_all/001462@29.551745587909,-90.5330723204701.jpg",3,236,286,134,96,370,382
"Morganza_all/001463@29.5518232704584,-90.5328914809517.jpg",1,73,305,314,109,387,414
"Morganza_all/001472@29.5418037169787,-90.5829865040901.jpg",1,90,275,163,113,253,388
"Morganza_all/001476@29.5441395655511,-90.5843266476557.jpg",1,97,302,217,86,314,388
"Morganza_all/001479@29.5447711088412,-90.5847474701566.jpg",1,127,321,234,85,361,406
"Morganza_all/001481@29.5457960431579,-90.5853432722504.jpg",1,210,291,311,106,521,397
"Morganza_all/001484@29.5502256543901,-90.5846035871696.jpg",6,270,269,85,92,355,361
"Morganza_all/001490@29.5475192083815,-90.5864386567465.jpg",5,312,299,89,83,401,382
"Morganza_all/001491@29.5506352780521,-90.5364426267647.jpg",1,97,273,352,140,449,413
"Morganza_all/001497@29.5557304311541,-90.6368062854276.jpg",1,203,217,290,145,493,362
"Morganza_all/001498@29.5315346604969,-90.6035774678769.jpg",2,66,248,575,222,641,470
"Morganza_all/001499@29.5326538389731,-90.6056138533819.jpg",2,0,257,641,301,641,558
"Morganza_all/001500@29.5318678128471,-90.6035614887578.jpg",1,208,272,219,82,427,354
"Morganza_all/001501@29.5322674169154,-90.6057729755103.jpg",2,308,285,333,176,641,461
"Morganza_all/001503@29.532475413942,-90.6063011669998.jpg",5,239,282,126,119,365,401
"Morganza_all/001504@29.5325752901122,-90.6065088642197.jpg",2,180,270,461,189,641,459
"Morganza_all/001506@29.5328070843901,-90.6072279506307.jpg",2,266,299,375,128,641,427
"Morganza_all/001507@29.5330151443414,-90.6077735370123.jpg",2,272,279,369,165,641,444
"Morganza_all/001508@29.5331458846968,-90.6080678353488.jpg",1,221,288,337,116,558,404
"Morganza_all/001509@29.5332769126629,-90.6084142381876.jpg",3,179,270,163,143,342,413
"Morganza_all/001510@29.5346311709928,-90.6129983365931.jpg",2,367,304,274,205,641,509
"Morganza_all/001511@29.5353256808698,-90.6150080591375.jpg",1,255,226,213,147,468,373
"Morganza_all/001514@29.5365012379924,-90.6175006649953.jpg",3,144,254,274,99,418,353
"Morganza_all/001515@29.5365864587684,-90.6178127012868.jpg",1,123,277,313,94,436,371
"Morganza_all/001517@29.5368624571306,-90.6182883787596.jpg",3,244,261,177,94,421,355
"Morganza_all/001522@29.5378437546417,-90.6199834924162.jpg",1,217,271,264,86,481,357
"Morganza_all/001523@29.537989410646,-90.620234317202.jpg",1,169,275,323,105,492,380
"Morganza_all/001524@29.5384109326176,-90.6209434138739.jpg",1,215,223,283,128,498,351
"Morganza_all/001525@29.5386556371199,-90.6212543256238.jpg",1,237,238,277,116,514,354
"Morganza_all/001526@29.5388702181308,-90.6216088505672.jpg",1,276,262,233,95,509,357
"Morganza_all/001527@29.5391449966156,-90.6218674430031.jpg",3,225,223,172,130,397,353
"Morganza_all/001528@29.5395357273964,-90.6224986252433.jpg",3,239,268,222,83,461,351
"Morganza_all/001530@29.5400479716649,-90.6231289825678.jpg",3,245,248,215,95,460,343
"Morganza_all/001532@29.5409350698708,-90.6242690467181.jpg",1,152,235,295,133,447,368
"Morganza_all/001533@29.5411871681423,-90.6245451716589.jpg",1,148,229,403,142,551,371
"Morganza_all/001534@29.5414092554391,-90.6248909797132.jpg",1,197,246,286,128,483,374
"Morganza_all/001535@29.5416614463775,-90.625184497871.jpg",3,186,225,301,152,487,377
"Morganza_all/001536@29.5418909614035,-90.6254955058479.jpg",3,206,221,330,163,536,384
"Morganza_all/001537@29.5420523956422,-90.6258591377614.jpg",3,281,215,224,148,505,363
"Morganza_all/001538@29.5422821434213,-90.6262135774615.jpg",3,243,259,310,93,553,352
"Morganza_all/001541@29.5427561600692,-90.6268008096471.jpg",3,287,252,198,97,485,349
"Morganza_all/001543@29.5432449321355,-90.6273097612612.jpg",1,263,272,139,97,402,369
"Morganza_all/001544@29.5435662466086,-90.6277504259349.jpg",3,189,223,294,132,483,355
"Morganza_all/001545@29.544230200201,-90.6283536964508.jpg",3,172,216,298,147,470,363
"Morganza_all/001546@29.5447263223682,-90.6288191797353.jpg",3,269,246,266,106,535,352
"Morganza_all/001547@29.5450937102456,-90.6293550757073.jpg",3,239,232,191,111,430,343
"Morganza_all/001548@29.5454976260455,-90.6296214784575.jpg",1,261,226,157,117,418,343
"Morganza_all/001549@29.545734114101,-90.6298195548724.jpg",3,231,238,229,116,460,354
"Morganza_all/001550@29.5460545622275,-90.6300952271935.jpg",3,180,252,287,105,467,357
"Morganza_all/001551@29.5466346024648,-90.6305598558724.jpg",3,241,261,286,101,527,362
"Morganza_all/001552@29.5468505907755,-90.6307712580791.jpg",1,214,267,242,92,456,359
"Morganza_all/001553@29.5472963118956,-90.6310957498035.jpg",1,189,268,285,85,474,353
"Morganza_all/001554@29.5475626050363,-90.6313396047697.jpg",1,134,270,321,106,455,376
"Morganza_all/001555@29.5478795262715,-90.6316813575469.jpg",3,200,202,234,185,434,387
"Morganza_all/001556@29.5482317515096,-90.6319246139049.jpg",3,209,294,273,108,482,402
"Morganza_all/001557@29.5491718113644,-90.6322865736344.jpg",1,186,288,223,102,409,390
"Morganza_all/001558@29.5497571764374,-90.6319384980786.jpg",1,169,254,244,114,413,368
"Morganza_all/001559@29.5500071248987,-90.6318056916035.jpg",1,266,256,232,107,498,363
"Morganza_all/001560@29.5507070754324,-90.6314568076053.jpg",1,193,255,295,101,488,356
"Morganza_all/001561@29.550992667529,-90.6312991853755.jpg",1,184,250,334,104,518,354
"Morganza_all/001562@29.5513067649002,-90.6311085900016.jpg",3,190,258,317,90,507,348
"Morganza_all/001563@29.5519210602383,-90.6308176336847.jpg",1,212,259,388,109,600,368
"Morganza_all/001564@29.5523995386869,-90.6305685453775.jpg",4,246,290,115,91,361,381
"Morganza_all/001565@29.5527281815713,-90.6304188248576.jpg",1,230,297,115,85,345,382
"Morganza_all/001566@29.5530065348649,-90.6302448607698.jpg",1,145,299,289,84,434,383
"Morganza_all/001569@29.5540491585162,-90.6296969406841.jpg",3,200,280,256,103,456,383
"Morganza_all/001571@29.5549751175671,-90.6300999823595.jpg",1,117,231,255,156,372,387
"Morganza_all/001572@29.5551503225722,-90.6307212644974.jpg",3,70,196,289,156,359,352
"Morganza_all/001574@29.5543894060497,-90.630382573762.jpg",1,120,288,312,100,432,388
"Morganza_all/001575@29.5538467621083,-90.6306812464447.jpg",1,147,241,313,132,460,373
"Morganza_all/001576@29.5535182069307,-90.630847385203.jpg",1,148,287,249,96,397,383
"Morganza_all/001577@29.5536509379178,-90.6315590363382.jpg",1,200,251,285,118,485,369
"Morganza_all/001578@29.5532608901853,-90.6309392682827.jpg",1,172,267,252,108,424,375
"Morganza_all/001579@29.5529756497159,-90.6311624386592.jpg",1,147,276,286,108,433,384
"Morganza_all/001580@29.552182617166,-90.6315119846598.jpg",1,162,234,389,152,551,386
"Morganza_all/001581@29.551611421053,-90.6318354082443.jpg",1,149,268,298,107,447,375
"Morganza_all/001582@29.5513115454614,-90.632001338742.jpg",1,173,264,218,106,391,370
"Morganza_all/001583@29.5511124277532,-90.632264817386.jpg",6,287,284,86,83,373,367
"Morganza_all/001584@29.5511715908835,-90.6326165967726.jpg",1,213,270,208,82,421,352
"Morganza_all/001585@29.5515387976896,-90.6329826094798.jpg",3,71,264,337,111,408,375
"Morganza_all/001586@29.5519012922188,-90.6324722566742.jpg",1,54,222,459,155,513,377
"Morganza_all/001587@29.5522880482931,-90.6338210036632.jpg",1,99,238,266,121,365,359
"Morganza_all/001588@29.5524201311928,-90.6330747356717.jpg",1,266,246,375,131,641,377
"Morganza_all/001589@29.5527770964062,-90.6328674569932.jpg",1,211,276,330,104,541,380
"Morganza_all/001590@29.552504309747,-90.6340897596431.jpg",1,119,262,273,114,392,376
"Morganza_all/001591@29.5530513582335,-90.6346101527656.jpg",1,78,266,295,109,373,375
"Morganza_all/001592@29.5538364291144,-90.6354483221872.jpg",1,189,275,216,83,405,358
"Morganza_all/001593@29.5542852155245,-90.6350028805339.jpg",1,139,222,241,121,380,343
"Morganza_all/001594@29.5540253205377,-90.6346115377599.jpg",1,8,174,405,249,413,423
"Morganza_all/001595@29.553579275002,-90.6342297050054.jpg",1,39,177,457,222,496,399
"Morganza_all/001596@29.5539141100483,-90.6338997297965.jpg",1,205,235,305,121,510,356
"Morganza_all/001597@29.5543829872012,-90.6345353502051.jpg",3,151,267,302,99,453,366
"Morganza_all/001598@29.5542642929544,-90.6337662228166.jpg",1,241,231,286,133,527,364
"Morganza_all/001599@29.554607195106,-90.6336082327779.jpg",1,235,255,325,117,560,372
"Morganza_all/001600@29.5547612565084,-90.6342951819127.jpg",1,110,271,323,93,433,364
"Morganza_all/001601@29.5548714445237,-90.6334753241504.jpg",2,2,256,472,128,474,384
"Morganza_all/001602@29.5551901359437,-90.6341447391213.jpg",1,68,231,332,122,400,353
"Morganza_all/001604@29.555291116807,-90.6329399918562.jpg",1,123,229,279,144,402,373
"Morganza_all/001605@29.5549865707032,-90.6322377073535.jpg",1,130,250,338,115,468,365
"Morganza_all/001606@29.5546462013447,-90.6315275003719.jpg",3,205,264,338,100,543,364
"Morganza_all/001607@29.5545523831053,-90.6327321913082.jpg",1,200,262,404,116,604,378
"Morganza_all/001608@29.5542910353433,-90.6320705612883.jpg",2,1,257,507,140,508,397
"Morganza_all/001609@29.5539985281608,-90.632277394903.jpg",1,230,250,251,129,481,379
"Morganza_all/001610@29.5541953305447,-90.6329230880524.jpg",1,111,229,330,125,441,354
"Morganza_all/001611@29.5539600139267,-90.6331131011524.jpg",1,160,235,264,128,424,363
"Morganza_all/001612@29.5536025508274,-90.6332220967066.jpg",1,136,226,275,135,411,361
"Morganza_all/001614@29.555483837421,-90.6314806811073.jpg",1,179,291,269,90,448,381
"Morganza_all/001615@29.5556290233704,-90.631848228543.jpg",3,202,287,251,89,453,376
"Morganza_all/001617@29.5559698290475,-90.6326403754767.jpg",3,216,281,194,90,410,371
"Morganza_all/001624@29.5576474676449,-90.6356756980903.jpg",1,137,270,484,127,621,397
"Morganza_all/001625@29.5579287486833,-90.6360505215967.jpg",1,5,247,478,151,483,398
"Morganza_all/001626@29.5580952951132,-90.6363933706645.jpg",3,90,288,370,93,460,381
"Morganza_all/001627@29.5582111449118,-90.6366301342008.jpg",3,134,259,313,121,447,380
"Morganza_all/001628@29.5584491382247,-90.6369479232022.jpg",1,297,222,321,160,618,382
"Morganza_all/001629@29.5586804871675,-90.6373558750178.jpg",3,159,266,388,115,547,381
"Morganza_all/001630@29.5588108517242,-90.6376334616862.jpg",1,198,267,306,104,504,371
"Morganza_all/001631@29.5589557872557,-90.6379519008892.jpg",3,206,272,299,89,505,361
"Morganza_all/001632@29.5591001732244,-90.6381720512808.jpg",1,289,248,252,128,541,376
"Morganza_all/001633@29.5592807095693,-90.6384575016492.jpg",1,164,242,407,134,571,376
"Morganza_all/001634@29.55943244553,-90.6387103776189.jpg",1,107,266,431,114,538,380
"Morganza_all/001635@29.5595843111418,-90.6389878190918.jpg",1,107,259,394,117,501,376
"Morganza_all/001637@29.5598306467192,-90.6395267144179.jpg",2,32,272,609,129,641,401
"Morganza_all/001638@29.5600691807033,-90.6399428375828.jpg",2,10,292,443,112,453,404
"Morganza_all/001639@29.5601639531241,-90.6402616311273.jpg",1,178,264,255,101,433,365
"Morganza_all/001640@29.5603012721927,-90.6404982240443.jpg",2,25,237,616,164,641,401
"Morganza_all/001641@29.5606917072197,-90.6411999772106.jpg",3,250,265,248,95,498,360
"Morganza_all/001642@29.5609080833474,-90.641493368182.jpg",3,258,229,192,142,450,371
"Morganza_all/001643@29.5610382073944,-90.6417218360218.jpg",3,228,247,257,122,485,369
"Morganza_all/001644@29.561146870253,-90.6419586307533.jpg",4,265,221,110,130,375,351
"Morganza_all/001645@29.5612846181276,-90.6422771331481.jpg",3,185,236,248,132,433,368
"Morganza_all/001647@29.5615593348976,-90.6427667177514.jpg",4,260,270,94,82,354,352
"Morganza_all/001649@29.5619059149382,-90.6433049424069.jpg",1,199,278,255,90,454,368
"Morganza_all/001650@29.5620074840354,-90.6435581777017.jpg",1,259,270,221,91,480,361
"Morganza_all/001651@29.5622305149174,-90.6437532351992.jpg",1,232,247,287,134,519,381
"Morganza_all/001652@29.562318300774,-90.644104863273.jpg",1,43,240,598,161,641,401
"Morganza_all/001653@29.562570802496,-90.6444553592858.jpg",1,11,280,444,117,455,397
"Morganza_all/001658@29.5636979515738,-90.6463562254885.jpg",2,23,274,618,108,641,382
"Morganza_all/001664@29.5611480590687,-90.6445923134846.jpg",3,217,236,153,119,370,355
"Morganza_all/001666@29.5617269682273,-90.6440196630457.jpg",1,194,271,247,94,441,365
"Morganza_all/001667@29.5614780067203,-90.6439502885457.jpg",1,288,263,281,105,569,368
"Morganza_all/001668@29.5611780916967,-90.6438554093992.jpg",1,214,266,359,96,573,362
"Morganza_all/001669@29.560894578371,-90.6436635066468.jpg",1,300,257,194,97,494,354
"Morganza_all/001672@29.5603572074366,-90.6435379602617.jpg",1,70,278,519,90,589,368
"Morganza_all/001673@29.5604238349388,-90.6433177614776.jpg",1,189,273,293,84,482,357
"Morganza_all/001674@29.560563604795,-90.6430389307493.jpg",1,197,273,300,90,497,363
"Morganza_all/001675@29.5605901097235,-90.6427091689868.jpg",1,186,243,292,119,478,362
"Morganza_all/001679@29.5598646621712,-90.6422747553583.jpg",1,269,237,271,101,540,338
"Morganza_all/001680@29.5600252119879,-90.6427195428362.jpg",1,214,276,292,88,506,364
"Morganza_all/001682@29.5597452712654,-90.6432061178491.jpg",4,240,257,95,100,335,357
"Morganza_all/001685@29.5590406777219,-90.6435146905324.jpg",3,171,272,229,96,400,368
"Morganza_all/001688@29.5584630814617,-90.6429047853048.jpg",1,80,279,276,81,356,360
"Morganza_all/001689@29.5590940997443,-90.6425730011326.jpg",3,231,221,246,139,477,360
"Morganza_all/001690@29.5582496696656,-90.6424323438035.jpg",1,128,262,415,117,543,379
"Morganza_all/001694@29.5579150934904,-90.6418401475438.jpg",1,46,231,366,135,412,366
"Morganza_all/001695@29.5585949079919,-90.64218871249.jpg",1,184,217,448,180,632,397
"Morganza_all/001696@29.559075168694,-90.6418407586269.jpg",1,186,223,279,154,465,377
"Morganza_all/001697@29.5593529854866,-90.6416665045225.jpg",1,192,270,316,97,508,367
"Morganza_all/001698@29.5595858397399,-90.6415442704641.jpg",1,180,277,342,95,522,372
"Morganza_all/001699@29.5598185850517,-90.6413962127293.jpg",3,149,275,403,96,552,371
"Morganza_all/001700@29.5601189596131,-90.6412131817877.jpg",3,112,240,382,146,494,386
"Morganza_all/001702@29.5595746927401,-90.6408550627965.jpg",1,134,280,288,91,422,371
"Morganza_all/001703@29.5593343680563,-90.640994586869.jpg",1,111,272,317,94,428,366
"Morganza_all/001704@29.5591018052503,-90.641177117069.jpg",1,116,285,330,89,446,374
"Morganza_all/001705@29.5588386489912,-90.6412737371046.jpg",3,212,278,286,86,498,364
"Morganza_all/001706@29.5586057219902,-90.6413873530507.jpg",1,164,276,269,86,433,362
"Morganza_all/001707@29.5583880460991,-90.6415353364071.jpg",3,226,267,414,104,640,371
"Morganza_all/001708@29.5596466412797,-90.6402169593957.jpg",1,98,282,363,112,461,394
"Morganza_all/001709@29.5593988282175,-90.6403651553049.jpg",2,9,236,433,147,442,383
"Morganza_all/001710@29.5590982090027,-90.6404964789151.jpg",1,11,251,411,125,422,376
"Morganza_all/001711@29.5588504411692,-90.6406532913617.jpg",1,174,227,373,157,547,384
"Morganza_all/001712@29.5586100711593,-90.6407841968901.jpg",1,62,273,525,107,587,380
"Morganza_all/001713@29.5580844234453,-90.6410979946629.jpg",2,7,237,633,177,640,414
"Morganza_all/001714@29.5577389596287,-90.6412985387697.jpg",1,32,251,541,147,573,398
"Morganza_all/001715@29.557513931184,-90.6414810447765.jpg",1,85,254,335,125,420,379
"Morganza_all/001716@29.5573110970124,-90.6415858327323.jpg",1,32,257,413,119,445,376
"Morganza_all/001717@29.5570555203819,-90.6416909843837.jpg",1,68,230,373,141,441,371
"Morganza_all/001718@29.5567156174139,-90.6415124122936.jpg",3,172,246,394,127,566,373
"Morganza_all/001719@29.5565490644145,-90.6413584670558.jpg",3,91,267,389,93,480,360
"Morganza_all/001721@29.556222564268,-90.6408696146657.jpg",1,200,275,302,86,502,361
"Morganza_all/001722@29.5558507634186,-90.640363842588.jpg",3,233,234,321,127,554,361
"Morganza_all/001723@29.5555854026473,-90.6400382855907.jpg",1,197,245,394,120,591,365
"Morganza_all/001724@29.5553194206071,-90.6396006999412.jpg",3,256,223,326,152,582,375
"Morganza_all/001725@29.5551524823654,-90.6393692317948.jpg",1,186,271,329,102,515,373
"Morganza_all/001726@29.5549779815915,-90.6391378168184.jpg",1,194,273,336,100,530,373
"Morganza_all/001727@29.5547733237489,-90.6388979936701.jpg",1,249,267,170,109,419,376
"Morganza_all/001728@29.5547106995545,-90.6384503861144.jpg",1,272,281,243,84,515,365
"Morganza_all/001729@29.5550103115307,-90.6381295354272.jpg",1,281,229,341,157,622,386
"Morganza_all/001730@29.5551900818507,-90.6379387225154.jpg",1,281,251,357,146,638,397
"Morganza_all/001731@29.5554373434921,-90.6376871453392.jpg",2,277,247,363,148,640,395
"Morganza_all/001732@29.5556323198412,-90.637522110894.jpg",1,99,288,426,119,525,407
"Morganza_all/001733@29.5559244680224,-90.6372098929773.jpg",1,111,217,437,172,548,389
"Morganza_all/001734@29.5561797388725,-90.6370530244205.jpg",1,137,246,375,154,512,400
"Morganza_all/001735@29.5563969519167,-90.6368188877656.jpg",2,198,279,442,120,640,399
"Morganza_all/001737@29.5568692331765,-90.6363848207879.jpg",1,236,271,215,124,451,395
"Morganza_all/001738@29.5570644368984,-90.6362628394194.jpg",1,126,297,395,97,521,394
"Morganza_all/001739@29.5572321410046,-90.6366321615475.jpg",2,76,204,563,204,639,408
"Morganza_all/001740@29.5573767548043,-90.6369154630962.jpg",1,83,262,386,98,469,360
"Morganza_all/001742@29.5577486604692,-90.6374384659677.jpg",1,186,255,308,102,494,357
"Morganza_all/001743@29.557938068919,-90.6376439575069.jpg",1,145,230,359,117,504,347
"Morganza_all/001744@29.558158118214,-90.6379439754637.jpg",3,174,234,305,106,479,340
"Morganza_all/001745@29.5582802900876,-90.6382533235908.jpg",1,167,255,397,99,564,354
"Morganza_all/001746@29.5584551577441,-90.6385536572429.jpg",1,125,251,366,99,491,350
"Morganza_all/001747@29.5587446779587,-90.6391720130664.jpg",3,191,208,312,143,503,351
"Morganza_all/001749@29.559003445919,-90.6396699596302.jpg",1,182,261,270,86,452,347
"Morganza_all/001750@29.5591029186617,-90.6399622327898.jpg",1,159,251,380,156,539,407
"Morganza_all/001751@29.558599940436,-90.6402931162731.jpg",5,255,262,120,109,375,371
"Morganza_all/001753@29.5582566342694,-90.6394769724564.jpg",3,155,242,254,139,409,381
"Morganza_all/001754@29.558112025842,-90.6391936332696.jpg",3,171,242,221,129,392,371
"Morganza_all/001755@29.5579598091844,-90.6389017608078.jpg",3,70,286,343,96,413,382
"Morganza_all/001757@29.5575655156021,-90.6384133482724.jpg",3,65,271,299,108,364,379
"Morganza_all/001758@29.5574580935035,-90.6380436036013.jpg",3,156,284,295,89,451,373
"Morganza_all/001759@29.5572834531921,-90.6377863318961.jpg",1,206,279,176,97,382,376
"Morganza_all/001760@29.5571315809979,-90.6375547575789.jpg",3,102,254,268,119,370,373
"Morganza_all/001761@29.5569419162467,-90.6373062101336.jpg",1,120,276,332,98,452,374
"Morganza_all/001762@29.5567905008291,-90.6371607844944.jpg",2,5,272,472,120,477,392
"Morganza_all/001763@29.5562729636773,-90.6375865750563.jpg",1,150,254,463,141,613,395
"Morganza_all/001764@29.5564247718485,-90.6378009115859.jpg",3,126,272,422,96,548,368
"Morganza_all/001765@29.5566294774115,-90.6380493542941.jpg",1,209,251,273,115,482,366
"Morganza_all/001766@29.556811514893,-90.6382807503681.jpg",3,241,261,211,101,452,362
"Morganza_all/001770@29.5574732533681,-90.639482398049.jpg",1,163,283,421,88,584,371
"Morganza_all/001772@29.557762541283,-90.6400576607646.jpg",1,196,260,304,103,500,363
"Morganza_all/001773@29.5578923794872,-90.6403928120032.jpg",1,236,277,272,85,508,362
"Morganza_all/001774@29.5579989297687,-90.6405988508773.jpg",1,202,254,312,125,514,379
"Morganza_all/001775@29.5575035756072,-90.6409469112924.jpg",1,157,265,449,137,606,402
"Morganza_all/001776@29.5573815468968,-90.6406634474725.jpg",1,110,259,256,104,366,363
"Morganza_all/001778@29.5570997960969,-90.6400881016056.jpg",1,139,271,311,89,450,360
"Morganza_all/001779@29.5570079950628,-90.6398216356489.jpg",3,212,257,170,109,382,366
"Morganza_all/001780@29.5566958740327,-90.6392034452791.jpg",3,111,280,333,91,444,371
"Morganza_all/001781@29.5565289532515,-90.6389805926447.jpg",3,197,262,250,104,447,366
"Morganza_all/001782@29.5563467163029,-90.6387061380937.jpg",1,52,269,388,102,440,371
"Morganza_all/001783@29.5561495466078,-90.6384576424849.jpg",1,122,271,269,101,391,372
"Morganza_all/001784@29.5559598835659,-90.6382090957667.jpg",3,155,268,275,97,430,365
"Morganza_all/001785@29.5558304055919,-90.6379428960553.jpg",2,2,196,365,197,367,393
"Morganza_all/001786@29.5552381684966,-90.6384811997919.jpg",2,3,259,476,142,479,401
"Morganza_all/001787@29.5554280318854,-90.6387728341496.jpg",1,123,266,406,85,529,351
"Morganza_all/001788@29.5556401332684,-90.6389953708652.jpg",1,135,274,304,87,439,361
"Morganza_all/001789@29.5559288122873,-90.6394500038742.jpg",3,114,251,215,117,329,368
"Morganza_all/001790@29.5560956593282,-90.6396642697952.jpg",1,99,270,259,96,358,366
"Morganza_all/001791@29.5562856110997,-90.6399731130775.jpg",1,130,257,203,101,333,358
"Morganza_all/001792@29.5565049717608,-90.640143926533.jpg",3,115,277,293,94,408,371
"Morganza_all/001793@29.5566423442053,-90.6404789901165.jpg",3,170,287,281,83,451,370
"Morganza_all/001795@29.5570070650366,-90.6410709660526.jpg",2,134,268,507,127,641,395
"Morganza_all/001796@29.555492289904,-90.6363935189474.jpg",3,191,253,267,110,458,363
"Morganza_all/001799@29.5553220867052,-90.6360766527568.jpg",6,222,270,260,81,482,351
"Morganza_all/001800@29.5550501272098,-90.6356448446953.jpg",2,280,248,209,102,489,350
"Morganza_all/001801@29.5547957690997,-90.6353478479133.jpg",3,230,255,220,97,450,352
"Morganza_all/001804@29.5496768751496,-90.6330127653828.jpg",1,207,286,257,86,464,372
"Morganza_all/001806@29.5503242868049,-90.632748012925.jpg",1,189,256,267,85,456,341
"Morganza_all/001807@29.5505701848204,-90.6330354249391.jpg",1,244,240,266,98,510,338
"Morganza_all/001808@29.550807461667,-90.6332843392543.jpg",1,233,232,225,108,458,340
"Morganza_all/001810@29.5506855024498,-90.6341139960336.jpg",1,215,271,220,100,435,371
"Morganza_all/001811@29.5510618005814,-90.6335716950082.jpg",1,174,240,334,110,508,350
"Morganza_all/001812@29.5512736232328,-90.6337918541616.jpg",1,168,213,320,130,488,343
"Morganza_all/001813@29.5509057149381,-90.6343244728483.jpg",3,178,259,255,114,433,373
"Morganza_all/001814@29.5511599212842,-90.6345925526965.jpg",1,140,292,334,87,474,379
"Morganza_all/001815@29.5515364784753,-90.6340984329043.jpg",1,137,237,321,110,458,347
"Morganza_all/001816@29.5518412037527,-90.6343565057655.jpg",1,220,240,194,100,414,340
"Morganza_all/001817@29.5514144113635,-90.6349088156605.jpg",1,115,258,332,107,447,365
"Morganza_all/001818@29.5520616214298,-90.6346055439274.jpg",3,188,260,289,86,477,346
"Morganza_all/001819@29.5523496707547,-90.6348926716078.jpg",1,214,247,321,94,535,341
"Morganza_all/001820@29.5517957976376,-90.6353205638631.jpg",1,206,269,252,104,458,373
"Morganza_all/001821@29.5521854945711,-90.6357129773927.jpg",1,91,270,394,101,485,371
"Morganza_all/001822@29.5525699847005,-90.6351224329216.jpg",1,139,264,332,84,471,348
"Morganza_all/001823@29.5527398822043,-90.6353814508135.jpg",1,208,226,270,112,478,338
"Morganza_all/001824@29.5523977514693,-90.6360102603878.jpg",1,201,243,176,94,377,337
"Morganza_all/001826@29.5529796677675,-90.6361026105834.jpg",1,162,189,263,138,425,327
"Morganza_all/001827@29.553111980341,-90.6356294371539.jpg",3,244,236,194,101,438,337
"Morganza_all/001829@29.5363446171937,-90.6170911826518.jpg",1,167,235,288,111,455,346
"Morganza_all/001831@29.540666654445,-90.623935331283.jpg",3,220,257,214,93,434,350
"Morganza_all/001833@29.5541071814794,-90.6305782377113.jpg",1,135,262,237,115,372,377
"Morganza_all/001834@29.5517728571177,-90.6331543033295.jpg",1,134,261,291,109,425,370
"Morganza_all/001840@29.5527616665093,-90.6320236775312.jpg",1,193,240,215,114,408,354
"Morganza_all/001842@29.5539808128575,-90.6312900098582.jpg",2,286,252,355,155,641,407
"Morganza_all/001843@29.5544190939548,-90.6310985383325.jpg",1,99,264,297,95,396,359
"Morganza_all/001844@29.5605518715891,-90.640939651751.jpg",1,32,250,497,146,529,396
"Morganza_all/001847@29.5548500917421,-90.6319707805568.jpg",1,226,222,281,133,507,355
"Morganza_all/001848@29.5536781462881,-90.6324347277627.jpg",1,157,259,285,120,442,379
"Morganza_all/001849@29.5535501476756,-90.6104351421423.jpg",2,4,259,523,180,527,439
"Morganza_all/001850@29.5533399816103,-90.6122646901668.jpg",2,5,258,629,170,634,428
"Morganza_all/001851@29.5533337107695,-90.6125744762329.jpg",1,29,304,383,157,412,461
"Morganza_all/001852@29.5533215705599,-90.6147154492225.jpg",1,120,291,425,167,545,458
"Morganza_all/001853@29.5533231187177,-90.6149978470515.jpg",1,43,207,431,147,474,354
"Morganza_all/001855@29.5533127307925,-90.6174667897447.jpg",1,70,281,299,134,369,415
"Morganza_all/001856@29.5535875173277,-90.605788179485.jpg",1,166,315,275,91,441,406
"Morganza_all/001857@29.5536794407219,-90.607189969342.jpg",5,323,263,96,93,419,356
"Morganza_all/001858@29.5537165090568,-90.6073684440696.jpg",1,195,289,209,194,404,483
"Morganza_all/001861@29.5539599659792,-90.6264294806631.jpg",3,200,268,238,91,438,359
"Morganza_all/001877@29.5565600492626,-90.6318580966319.jpg",6,283,286,95,83,378,369
"Morganza_all/001922@29.5530687880916,-90.6061196772307.jpg",1,125,305,381,94,506,399
"Morganza_all/001923@29.553130015114,-90.606449134026.jpg",2,257,281,384,116,641,397
"Morganza_all/001931@29.5520031025637,-90.6086235182638.jpg",1,43,278,416,116,459,394
"Morganza_all/001933@29.5518082286332,-90.6090542749413.jpg",1,200,270,360,99,560,369
"Morganza_all/001934@29.55182272967,-90.6093743798436.jpg",1,246,284,250,84,496,368
"Morganza_all/001941@29.5517883266197,-90.6112084818257.jpg",4,325,289,89,85,414,374
"Morganza_all/001945@29.5521337131389,-90.6126905483561.jpg",4,282,249,101,89,383,338
"Morganza_all/001947@29.5521161894171,-90.6129744952949.jpg",2,7,244,634,383,641,627
"Morganza_all/001948@29.5521179490308,-90.61329469325.jpg",2,4,254,637,326,641,580
"Morganza_all/001949@29.5518375460868,-90.6132166638895.jpg",1,255,298,343,97,598,395
"Morganza_all/001959@29.5518987581916,-90.6174224813723.jpg",1,189,286,401,83,590,369
"Morganza_all/002037@29.5397376301808,-90.7209221445789.jpg",2,250,177,391,232,641,409
"Morganza_all/002039@29.5393521064142,-90.7210263910546.jpg",1,198,267,348,117,546,384
"Morganza_all/002048@29.5398348273139,-90.7213901220863.jpg",1,297,257,144,114,441,371
"Morganza_all/002049@29.5400188723485,-90.7213822368153.jpg",1,191,274,225,121,416,395
"Morganza_all/002050@29.5401966602753,-90.7213064308849.jpg",1,132,209,344,185,476,394
"Morganza_all/002052@29.5405649044371,-90.7213177671709.jpg",1,190,265,219,110,409,375
"Morganza_all/002055@29.5400446041561,-90.7205332086139.jpg",1,193,257,195,144,388,401
"Morganza_all/002056@29.5399842539074,-90.720329827379.jpg",2,7,253,634,130,641,383
"Morganza_all/002057@29.540382073974,-90.7203206008598.jpg",2,4,161,523,207,527,368
"Morganza_all/002058@29.5403649811247,-90.7204701145139.jpg",1,318,268,151,111,469,379
"Morganza_all/002059@29.5403780714824,-90.7207348888888.jpg",1,236,259,158,124,394,383
"Morganza_all/002060@29.540438198886,-90.7208907232318.jpg",2,117,124,524,254,641,378
"Morganza_all/002067@29.5408602856643,-90.7209900036816.jpg",1,117,301,328,100,445,401
"Morganza_all/002068@29.5408178823166,-90.7208136819347.jpg",1,165,284,179,109,344,393
"Morganza_all/002069@29.5408168664176,-90.7205963820195.jpg",5,340,268,89,81,429,349
"Morganza_all/002071@29.5408157866117,-90.7203654969335.jpg",3,122,265,384,88,506,353
"Morganza_all/002072@29.5412371431651,-90.7203085768202.jpg",4,283,246,125,101,408,347
"Morganza_all/002085@29.5429467761574,-90.7176428059871.jpg",1,199,315,286,83,485,398
"Morganza_all/002086@29.5434276927979,-90.7176262649495.jpg",1,206,301,298,97,504,398
"Morganza_all/002098@29.5426176890772,-90.7070982115622.jpg",6,269,292,85,84,354,376
"Morganza_all/002116@29.5585869950162,-90.7190723451303.jpg",2,1,227,640,124,641,351
"Morganza_all/002118@29.5584935709159,-90.7185075706574.jpg",1,156,235,479,130,635,365
"Morganza_all/002120@29.5585012807242,-90.7179998933804.jpg",1,248,152,377,213,625,365
"Morganza_all/002167@29.5443888472092,-90.4027148527021.jpg",1,286,268,136,91,422,359
"Morganza_all/002179@29.5621547968376,-90.3875154994687.jpg",6,286,281,81,90,367,371
"Morganza_all/002184@29.5690285190206,-90.3836625109338.jpg",2,5,246,630,249,635,495
"Morganza_all/002185@29.5690617624932,-90.3839808294133.jpg",2,0,127,641,489,641,616
"Morganza_all/002186@29.5692546078306,-90.3838993510467.jpg",2,1,246,549,372,550,618
"Morganza_all/002187@29.5690645823781,-90.3843702473066.jpg",1,186,185,433,373,619,558
"Morganza_all/002188@29.5692646422619,-90.3842178902237.jpg",5,250,268,116,114,366,382
"Morganza_all/002189@29.5704703417483,-90.3829673352643.jpg",2,7,238,634,285,641,523
"Morganza_all/002190@29.5702775613043,-90.3830576869445.jpg",2,106,248,535,240,641,488
"Morganza_all/002191@29.5699518453904,-90.3829545752197.jpg",2,90,66,551,416,641,482
"Morganza_all/002192@29.5696277977077,-90.3830815617156.jpg",3,179,212,331,218,510,430
"Morganza_all/002193@29.5698996261193,-90.3832205747173.jpg",1,230,249,356,260,586,509
"Morganza_all/002194@29.5696528022089,-90.3833291172021.jpg",1,236,250,405,191,641,441
"Morganza_all/002195@29.569475374646,-90.383401611174.jpg",1,88,277,553,151,641,428
"Morganza_all/002198@29.570395335642,-90.3832955244882.jpg",2,4,160,424,481,428,641
"Morganza_all/002199@29.5700798118905,-90.3835286628769.jpg",1,15,223,372,180,387,403
"Morganza_all/002200@29.5697486136877,-90.3837353665582.jpg",5,245,259,104,81,349,340
"Morganza_all/002202@29.5695579478514,-90.3841177495091.jpg",1,28,264,500,182,528,446
"Morganza_all/002203@29.5697536127644,-90.3844256601203.jpg",4,281,289,81,82,362,371
"Morganza_all/002204@29.5698745625888,-90.3840350980558.jpg",2,8,299,440,105,448,404
"Morganza_all/002205@29.5701825527984,-90.3838286150982.jpg",1,114,314,366,91,480,405
"Morganza_all/002207@29.5702466945842,-90.3841377733726.jpg",2,363,285,278,144,641,429
"Morganza_all/002210@29.5707145428829,-90.3835668744048.jpg",2,2,268,639,208,641,476
"Morganza_all/002211@29.5710081411829,-90.3835109892048.jpg",1,203,301,241,103,444,404
"Morganza_all/002214@29.5761671031833,-90.5896041531794.jpg",1,144,204,361,183,505,387
"Morganza_all/002215@29.5761625744071,-90.5900711382971.jpg",2,3,283,601,151,604,434
"Morganza_all/002216@29.575998675189,-90.5902116249158.jpg",1,72,316,454,146,526,462
"Morganza_all/002217@29.5755257052819,-90.5901578152524.jpg",3,208,273,186,109,394,382
"Morganza_all/002223@29.5741429946859,-90.5913231760983.jpg",3,212,268,190,94,402,362
"Morganza_all/002224@29.5740440795323,-90.5915614849861.jpg",1,171,284,327,96,498,380
"Morganza_all/002226@29.5732389572247,-90.5922883805305.jpg",3,255,251,200,106,455,357
"Morganza_all/002227@29.5718956923655,-90.5928308080256.jpg",1,121,276,326,88,447,364
"Morganza_all/002228@29.5715237697149,-90.5929154738767.jpg",3,208,272,211,88,419,360
"Morganza_all/002229@29.5712605329986,-90.5932205472732.jpg",1,39,286,410,153,449,439
"Morganza_all/002230@29.5710384908376,-90.593213977379.jpg",1,171,281,222,94,393,375
"Morganza_all/002233@29.5696104258901,-90.5926920508214.jpg",1,192,297,321,87,513,384
"Morganza_all/002235@29.5690818887056,-90.5916719656567.jpg",1,170,246,221,147,391,393
"Morganza_all/002236@29.5687280587037,-90.5911585012329.jpg",1,131,264,270,189,401,453
"Morganza_all/002237@29.5685613749813,-90.5908074808751.jpg",3,70,279,540,146,610,425
"Morganza_all/002238@29.5684090359148,-90.5904645341024.jpg",2,4,279,539,141,543,420
"Morganza_all/002243@29.5708473568007,-90.593343516809.jpg",3,200,277,280,97,480,374
"Morganza_all/002259@29.5486054900387,-90.686644853401.jpg",5,279,273,104,98,383,371
"Morganza_all/002262@29.5493722372691,-90.6854931452724.jpg",5,267,254,99,97,366,351
"Morganza_all/002265@29.5488344729734,-90.6848850334052.jpg",1,182,268,179,107,361,375
"Morganza_all/002268@29.5490510830708,-90.6836349441887.jpg",1,23,276,413,100,436,376
"Morganza_all/002269@29.5492254530972,-90.682852324984.jpg",2,0,248,641,141,641,389
"Morganza_all/002272@29.5492061316541,-90.6819520467439.jpg",1,182,267,364,106,546,373
"Morganza_all/002275@29.5494120579556,-90.6800479646367.jpg",1,227,280,247,86,474,366
"Morganza_all/002281@29.5500828389509,-90.6805192877608.jpg",1,175,262,240,123,415,385
"Morganza_all/002284@29.5497406179505,-90.6818976213471.jpg",2,1,238,636,182,637,420
"Morganza_all/002296@29.552131068297,-90.6816697167379.jpg",1,197,234,235,150,432,384
"Morganza_all/002316@29.5534811527551,-90.684328293152.jpg",2,65,285,576,108,641,393
"Morganza_all/002317@29.5532136987063,-90.6843130101521.jpg",1,204,242,360,137,564,379
"Morganza_all/002318@29.5528344268833,-90.6842135315007.jpg",1,291,248,277,139,568,387
"Morganza_all/002320@29.5535816172478,-90.6836140565015.jpg",2,1,244,472,131,473,375
"Morganza_all/002321@29.5535427816759,-90.68327453115.jpg",1,119,210,314,172,433,382
"Morganza_all/002322@29.5535707522425,-90.6829260488367.jpg",1,145,209,322,175,467,384
"Morganza_all/002324@29.5528080693391,-90.6833897258115.jpg",2,4,248,498,131,502,379
"Morganza_all/002326@29.5527370047384,-90.682540734905.jpg",1,213,270,186,108,399,378
"Morganza_all/002327@29.5535904811595,-90.6824077468919.jpg",1,213,255,200,110,413,365
"Morganza_all/002328@29.552732783795,-90.6816912789523.jpg",2,2,243,422,141,424,384
"Morganza_all/002330@29.5536981635939,-90.681659523633.jpg",1,172,267,279,102,451,369
"Morganza_all/002331@29.5537336812521,-90.6813364674484.jpg",1,176,268,268,101,444,369
"Morganza_all/002332@29.5538052918422,-90.6808008422143.jpg",1,151,252,282,133,433,385
"Morganza_all/002333@29.5539146857934,-90.6803923829215.jpg",2,2,198,638,225,640,423
"Morganza_all/002334@29.5531488109396,-90.6802189785351.jpg",2,3,210,638,197,641,407
"Morganza_all/002335@29.5545326470329,-90.6806941674891.jpg",1,215,277,289,94,504,371
"Morganza_all/002356@29.5607531704632,-90.6814861775318.jpg",1,76,303,349,95,425,398
"Morganza_all/002369@29.5693220426579,-90.6870574262048.jpg",2,1,300,620,106,621,406
"Morganza_all/002373@29.5706366834986,-90.6867946736534.jpg",2,5,201,636,243,641,444
"Morganza_all/002378@29.5685851099755,-90.6854754979292.jpg",1,277,220,262,152,539,372
"Morganza_all/002380@29.5679984891711,-90.6855199967439.jpg",1,51,281,389,87,440,368
"Morganza_all/002396@29.5693048256084,-90.7005217830988.jpg",6,278,281,105,108,383,389
"Morganza_all/002406@29.5730788543442,-90.7042105768973.jpg",2,6,235,635,167,641,402
"Morganza_all/002432@29.575457749118,-90.7117372288103.jpg",1,193,286,211,82,404,368
"Morganza_all/002452@29.5710815137985,-90.7121806633164.jpg",6,255,284,88,93,343,377
"Morganza_all/002453@29.5704111699085,-90.7120265580658.jpg",2,12,259,436,85,448,344
"Morganza_all/002459@29.5694091063169,-90.7119378044452.jpg",1,119,313,424,149,543,462
"Morganza_all/002460@29.5690996458901,-90.7120346926698.jpg",5,297,318,86,83,383,401
"Morganza_all/002461@29.5693748973725,-90.7117291104311.jpg",1,67,104,540,352,607,456
"Morganza_all/002468@29.5676641937911,-90.711581468154.jpg",2,7,292,634,98,641,390
"Morganza_all/002487@29.5725932925355,-90.7006676102207.jpg",5,278,292,108,81,386,373
"Morganza_all/002504@29.5531231298826,-90.6835667695286.jpg",1,178,217,342,164,520,381
"Morganza_all/002505@29.5534954480595,-90.680313780031.jpg",5,239,271,136,107,375,378
"Morganza_all/002507@29.5498968484502,-90.6813070255941.jpg",2,1,202,618,223,619,425
"Morganza_all/002533@29.5770301440607,-90.7111169059006.jpg",1,48,257,405,126,453,383
"Morganza_all/002541@29.5756649456204,-90.4859763367522.jpg",6,279,270,81,88,360,358
"Morganza_all/002545@29.5684483213466,-90.7186141676274.jpg",1,246,280,118,90,364,370
"Morganza_all/002561@29.5745665327729,-90.7207423918832.jpg",1,84,251,327,118,411,369
"Morganza_all/002563@29.574087765006,-90.7205832770983.jpg",6,258,284,87,87,345,371
"Morganza_all/002566@29.5717230457265,-90.7203344723697.jpg",3,127,251,376,99,503,350
"Morganza_all/002573@29.5683337082905,-90.7243651245957.jpg",6,272,281,86,81,358,362
"Morganza_all/002578@29.5688108012568,-90.7279874054102.jpg",2,4,257,633,153,637,410
"Morganza_all/002579@29.568682962365,-90.7290615469177.jpg",1,184,284,375,124,559,408
"Morganza_all/002587@29.5714165618489,-90.7389760484375.jpg",2,4,297,484,142,488,439
"Morganza_all/002588@29.5714893570563,-90.7392377847059.jpg",1,239,290,294,97,533,387
"Morganza_all/002589@29.5715474164295,-90.7394094509846.jpg",1,219,286,371,105,590,391
"Morganza_all/002590@29.571656189954,-90.7397037221617.jpg",1,208,285,404,120,612,405
"Morganza_all/002591@29.5717286499098,-90.7398917246167.jpg",3,143,292,404,95,547,387
"Morganza_all/002592@29.5718226601552,-90.7400959577511.jpg",2,161,296,480,108,641,404
"Morganza_all/002593@29.571902741437,-90.7403822212877.jpg",2,23,286,618,139,641,425
"Morganza_all/002594@29.571882422904,-90.740644479317.jpg",1,275,274,310,132,585,406
"Morganza_all/002595@29.5721123316349,-90.7392258793826.jpg",5,234,278,152,105,386,383
"Morganza_all/002596@29.5723632056175,-90.7392735601947.jpg",1,13,285,603,130,616,415
"Morganza_all/002597@29.5726069765321,-90.739337641537.jpg",3,44,309,385,109,429,418
"Morganza_all/002598@29.5728369031323,-90.7395083223714.jpg",1,10,290,537,100,547,390
"Morganza_all/002599@29.5737928881604,-90.7434595223968.jpg",1,203,303,333,94,536,397
"Morganza_all/002600@29.5735776349041,-90.743370693376.jpg",1,19,302,415,102,434,404
"Morganza_all/002601@29.5734413129333,-90.7433141478445.jpg",1,191,300,290,90,481,390
"Morganza_all/002602@29.5732473790766,-90.7431842037983.jpg",1,90,301,317,98,407,399
"Morganza_all/002603@29.5730893592465,-90.7430786489014.jpg",1,38,298,364,100,402,398
"Morganza_all/002605@29.5727805795308,-90.7428920346024.jpg",1,172,254,274,155,446,409
"Morganza_all/002606@29.5726153727975,-90.7427783124855.jpg",1,27,284,373,116,400,400
"Morganza_all/002607@29.5724716888469,-90.7426808534315.jpg",3,109,292,354,101,463,393
"Morganza_all/002608@29.5722993047533,-90.7425671743424.jpg",1,156,299,311,96,467,395
"Morganza_all/002609@29.572055535416,-90.7425030853377.jpg",1,76,281,462,139,538,420
"Morganza_all/002610@29.5720395834658,-90.7421427355478.jpg",1,109,275,411,127,520,402
"Morganza_all/002611@29.5720958930329,-90.7419211915856.jpg",2,140,287,501,126,641,413
"Morganza_all/002612@29.5723178261058,-90.7419117021979.jpg",5,268,279,121,87,389,366
"Morganza_all/002613@29.5725695489218,-90.7421477867934.jpg",2,150,287,335,97,485,384
"Morganza_all/002614@29.572670659077,-90.7423356236727.jpg",1,122,276,277,103,399,379
"Morganza_all/002615@29.5728432279878,-90.7424902601259.jpg",1,58,284,326,81,384,365
"Morganza_all/002616@29.5730156490043,-90.7426121185994.jpg",2,4,278,369,105,373,383
"Morganza_all/002617@29.5732313920125,-90.7428156392378.jpg",1,192,182,428,197,620,379
"Morganza_all/002618@29.573468269815,-90.7429371188284.jpg",1,93,273,412,129,505,402
"Morganza_all/002619@29.5736405797797,-90.7430344105219.jpg",1,111,284,300,103,411,387
"Morganza_all/002620@29.5736360383948,-90.7420267953042.jpg",1,160,292,361,112,521,404
"Morganza_all/002621@29.5734852412539,-90.7419375889429.jpg",1,119,289,333,114,452,403
"Morganza_all/002622@29.5732984092492,-90.7417912158192.jpg",1,195,287,409,104,604,391
"Morganza_all/002624@29.5729890360514,-90.7414735540047.jpg",1,109,302,383,103,492,405
"Morganza_all/002625@29.572845129086,-90.7413269287764.jpg",3,233,298,230,91,463,389
"Morganza_all/002626@29.5727011755594,-90.7411639460603.jpg",1,274,294,331,110,605,404
"Morganza_all/002627@29.5725931731827,-90.7410334990091.jpg",1,194,311,368,103,562,414
"Morganza_all/002628@29.5724707327857,-90.7408785689527.jpg",1,85,293,475,133,560,426
"Morganza_all/002629@29.5722691750389,-90.7406504014579.jpg",1,148,236,448,185,596,421
"Morganza_all/002630@29.5722285269262,-90.7411667402227.jpg",3,64,295,298,100,362,395
"Morganza_all/002631@29.5721722830672,-90.7413964635699.jpg",3,112,291,274,107,386,398
"Morganza_all/002632@29.5726461151778,-90.7416558032398.jpg",3,189,274,313,109,502,383
"Morganza_all/002633@29.5728044319949,-90.7418269123093.jpg",1,201,294,384,95,585,389
"Morganza_all/002634@29.5729409763042,-90.7419325917304.jpg",3,159,278,326,117,485,395
"Morganza_all/002637@29.5734514328495,-90.7423801548716.jpg",1,261,295,362,100,623,395
"Morganza_all/002638@29.5736237802354,-90.7424856559973.jpg",3,242,296,373,105,615,401
"Morganza_all/002639@29.5736948018306,-90.7439434576159.jpg",1,192,268,390,105,582,373
"Morganza_all/002640@29.5735297801993,-90.7438706903514.jpg",5,254,271,82,82,336,353
"Morganza_all/002641@29.5733790210976,-90.7437896602385.jpg",1,109,268,431,111,540,379
"Morganza_all/002642@29.5732138613701,-90.743692325413.jpg",1,160,277,364,98,524,375
"Morganza_all/002643@29.5730345495386,-90.7436278221587.jpg",1,199,276,236,104,435,380
"Morganza_all/002644@29.5728834954472,-90.7434812673279.jpg",3,223,262,302,115,525,377
"Morganza_all/002645@29.5727397289455,-90.7433592387538.jpg",1,189,277,379,103,568,380
"Morganza_all/002646@29.5725888587905,-90.7432536105408.jpg",1,169,280,392,104,561,384
"Morganza_all/002647@29.5724310234135,-90.7431890134022.jpg",1,188,280,449,111,637,391
"Morganza_all/002648@29.572265531197,-90.7430179451144.jpg",1,124,282,283,116,407,398
"Morganza_all/002649@29.5719929977188,-90.7429294560091.jpg",3,276,221,272,160,548,381
"Morganza_all/002650@29.5719439003063,-90.7431591042452.jpg",1,216,268,371,114,587,382
"Morganza_all/002651@29.5721074087556,-90.7397174376571.jpg",2,1,179,449,275,450,454
"Morganza_all/002652@29.5721727560413,-90.7399136621552.jpg",1,87,288,402,117,489,405
"Morganza_all/002653@29.5722665438762,-90.7400687602772.jpg",1,48,282,360,109,408,391
"Morganza_all/002654@29.5724749929979,-90.7402395693713.jpg",1,148,256,391,132,539,388
"Morganza_all/002655@29.5725972488776,-90.7403535414164.jpg",1,154,297,214,87,368,384
"Morganza_all/002656@29.5727915929796,-90.7405735726521.jpg",2,61,296,386,96,447,392
"Morganza_all/002657@29.5728999565112,-90.7407777236789.jpg",1,118,286,295,97,413,383
"Morganza_all/002658@29.5730294356702,-90.7409080438349.jpg",2,188,248,291,160,479,408
"Morganza_all/002659@29.5731373271578,-90.7410139231352.jpg",2,25,290,356,90,381,380
"Morganza_all/002660@29.5732812343303,-90.7411605168841.jpg",3,168,290,220,95,388,385
"Morganza_all/002661@29.5730625350282,-90.7403098284676.jpg",1,128,296,345,84,473,380
"Morganza_all/002662@29.572940167941,-90.740171287812.jpg",3,236,280,282,110,518,390
"Morganza_all/002663@29.5726670390882,-90.7399516922769.jpg",1,170,290,323,98,493,388
"Morganza_all/002664@29.5725161938284,-90.7398461005671.jpg",3,117,276,424,111,541,387
"Morganza_all/002665@29.571819659633,-90.7410135042697.jpg",3,222,287,368,120,590,407
"Morganza_all/002666@29.5718062210393,-90.7412101947595.jpg",1,211,288,387,120,598,408
"Morganza_all/002667@29.5717499400303,-90.7414317068612.jpg",1,209,296,169,82,378,378
"Morganza_all/002668@29.5717363899067,-90.7416038293172.jpg",1,231,304,185,89,416,393
"Morganza_all/002669@29.5716942967212,-90.7418006887739.jpg",1,199,303,303,93,502,396
"Morganza_all/002670@29.5716597499211,-90.7420794194085.jpg",3,91,240,440,173,531,413
"Morganza_all/002671@29.5716536346992,-90.7423088451582.jpg",1,37,303,367,102,404,405
"Morganza_all/002672@29.571597841218,-90.7426450481801.jpg",3,96,281,317,115,413,396
"Morganza_all/002673@29.5715485599474,-90.7428337702939.jpg",2,1,223,385,214,386,437
"Morganza_all/002674@29.5715429228577,-90.7431696771592.jpg",1,192,287,448,117,640,404
"Morganza_all/002676@29.5715015920673,-90.7435303625929.jpg",3,218,248,317,150,535,398
"Morganza_all/002678@29.5714244663182,-90.7438994688004.jpg",1,161,319,350,91,511,410
"Morganza_all/002679@29.5713614086655,-90.7442111444626.jpg",1,77,319,390,104,467,423
"Morganza_all/002680@29.5715363667582,-90.7448982521173.jpg",3,233,270,321,106,554,376
"Morganza_all/002681@29.571737439251,-90.7450199448572.jpg",2,197,268,444,106,641,374
"Morganza_all/002682@29.5718882342998,-90.7451091543021.jpg",1,280,253,317,90,597,343
"Morganza_all/002683@29.5720318522516,-90.7451984376129.jpg",1,49,278,358,93,407,371
"Morganza_all/002684@29.5721968638166,-90.7452629955245.jpg",3,63,268,359,105,422,373
"Morganza_all/002685@29.5723762483637,-90.7453438903202.jpg",1,112,270,274,90,386,360
"Morganza_all/002686@29.5725629200822,-90.7454492798719.jpg",1,236,223,283,154,519,377
"Morganza_all/002687@29.5727276836703,-90.7454647025238.jpg",1,128,276,330,86,458,362
"Morganza_all/002688@29.5729287556321,-90.7455863978481.jpg",1,85,239,542,199,627,438
"Morganza_all/002691@29.5725792668594,-90.745899756872.jpg",1,102,78,425,362,527,440
"Morganza_all/002692@29.5725299074799,-90.7460720900541.jpg",1,67,257,350,124,417,381
"Morganza_all/002693@29.5724164942497,-90.7463348940489.jpg",3,11,254,458,107,469,361
"Morganza_all/002695@29.5721685104617,-90.7469261823168.jpg",2,21,256,620,141,641,397
"Morganza_all/002696@29.5723338967813,-90.7470808679087.jpg",3,80,265,369,126,449,391
"Morganza_all/002697@29.5725132800654,-90.7471617346133.jpg",1,107,291,362,97,469,388
"Morganza_all/002698@29.5726715073612,-90.7473082839204.jpg",1,121,286,322,105,443,391
"Morganza_all/002699@29.5728360874819,-90.7472827208423.jpg",5,249,279,89,92,338,371
"Morganza_all/002701@29.572995824492,-90.7477733195318.jpg",3,150,257,391,118,541,375
"Morganza_all/002702@29.5727815531053,-90.7478974787546.jpg",1,245,255,378,133,623,388
"Morganza_all/002703@29.5725952125696,-90.7478657885854.jpg",1,188,240,294,151,482,391
"Morganza_all/002704@29.5724514134702,-90.7477355437574.jpg",4,266,288,93,93,359,381
"Morganza_all/002706@29.5721638607724,-90.7474914759616.jpg",3,151,257,368,127,519,384
"Morganza_all/002707@29.5720057344434,-90.7473613160415.jpg",3,72,227,489,144,561,371
"Morganza_all/002708@29.5716826706749,-90.7471829846452.jpg",3,30,149,576,223,606,372
"Morganza_all/002709@29.5715532710522,-90.7470690471507.jpg",1,77,264,406,107,483,371
"Morganza_all/002710@29.5713950802147,-90.7469307100831.jpg",1,129,273,403,100,532,373
"Morganza_all/002711@29.5712587872721,-90.7468741607779.jpg",1,67,259,346,112,413,371
"Morganza_all/002713@29.5711562534294,-90.7463668474407.jpg",3,176,263,344,107,520,370
"Morganza_all/002714@29.5712127262418,-90.7461862961061.jpg",1,78,230,432,179,510,409
"Morganza_all/002715@29.57140438162,-90.7458083417532.jpg",3,82,201,431,181,513,382
"Morganza_all/002716@29.5715745960558,-90.7454386907843.jpg",1,11,240,580,148,591,388
"Morganza_all/002717@29.5718901452253,-90.7455351443968.jpg",3,36,269,493,122,529,391
"Morganza_all/002718@29.5722490973974,-90.7457378604043.jpg",1,167,238,344,161,511,399
"Morganza_all/002719@29.5721711486701,-90.7459185398034.jpg",3,109,249,354,146,463,395
"Morganza_all/002720@29.5720861693557,-90.7461320392104.jpg",3,160,279,381,133,541,412
"Morganza_all/002721@29.5720226294616,-90.7463372021266.jpg",3,113,279,428,124,541,403
"Morganza_all/002722@29.5719015525973,-90.7464853542876.jpg",1,219,257,187,130,406,387
"Morganza_all/002723@29.5718167923901,-90.7467480198285.jpg",1,123,259,395,128,518,387
"Morganza_all/002724@29.5715297145073,-90.7466104378325.jpg",3,29,275,371,118,400,393
"Morganza_all/002725@29.5716503512193,-90.7463639521584.jpg",1,167,258,453,129,620,387
"Morganza_all/002726@29.5716995275222,-90.7461506637528.jpg",3,161,251,448,121,609,372
"Morganza_all/002727@29.5717559174463,-90.7459455433054.jpg",1,167,251,403,115,570,366
"Morganza_all/002728@29.5718266430686,-90.7457485175506.jpg",3,190,266,375,117,565,383
"Morganza_all/002731@29.5709974288975,-90.7460810744241.jpg",1,81,263,387,123,468,386
"Morganza_all/002732@29.5708537106088,-90.745975402026.jpg",1,91,289,325,97,416,386
"Morganza_all/002733@29.5706957296728,-90.7458780239596.jpg",1,189,254,264,139,453,393
"Morganza_all/002734@29.5705591517359,-90.7457641313726.jpg",1,86,292,376,92,462,384
"Morganza_all/002735@29.5704297510179,-90.7456502284455.jpg",1,106,259,333,112,439,371
"Morganza_all/002736@29.5702784418597,-90.7454462978108.jpg",3,178,275,282,90,460,365
"Morganza_all/002737@29.5703276535062,-90.7452412220132.jpg",1,99,284,316,100,415,384
"Morganza_all/002738@29.5703624275715,-90.7450116311909.jpg",3,178,220,303,172,481,392
"Morganza_all/002739@29.5703544320564,-90.744823248907.jpg",3,159,251,326,132,485,383
"Morganza_all/002740@29.5703820283539,-90.7445937315176.jpg",1,133,275,353,109,486,384
"Morganza_all/002741@29.5704241993686,-90.7444132646471.jpg",1,76,275,337,109,413,384
"Morganza_all/002742@29.5704304286926,-90.7442084093651.jpg",3,73,254,500,128,573,382
"Morganza_all/002743@29.5704353316238,-90.7437086808517.jpg",3,34,279,431,108,465,387
"Morganza_all/002744@29.5706218204604,-90.7437731088788.jpg",1,77,298,377,89,454,387
"Morganza_all/002745@29.570772690203,-90.7438787358.jpg",1,134,289,313,105,447,394
"Morganza_all/002746@29.5709234123423,-90.7439515537529.jpg",1,85,296,326,104,411,400
"Morganza_all/002747@29.5710956478842,-90.7440324557766.jpg",1,25,298,417,103,442,401
"Morganza_all/002748@29.5711551365792,-90.7445236301014.jpg",2,301,249,340,189,641,438
"Morganza_all/002749@29.5708465430773,-90.7443780029365.jpg",1,111,246,460,156,571,402
"Morganza_all/002750@29.5708263176513,-90.7446566461279.jpg",2,276,287,365,103,641,390
"Morganza_all/002751@29.5711488698952,-90.7447202766414.jpg",3,175,276,418,115,593,391
"Morganza_all/002752@29.5710782193858,-90.74493369073.jpg",3,170,283,323,90,493,373
"Morganza_all/002753@29.5707986938864,-90.7448861961361.jpg",3,147,287,400,105,547,392
"Morganza_all/002754@29.5707496298872,-90.745124050847.jpg",1,163,260,408,128,571,388
"Morganza_all/002756@29.5707939701663,-90.7454268829133.jpg",1,134,222,365,160,499,382
"Morganza_all/002757@29.5709660579438,-90.7454750409797.jpg",1,84,279,384,98,468,377
"Morganza_all/002758@29.5711315194594,-90.7456461112689.jpg",1,208,271,329,116,537,387
"Morganza_all/002759@29.5712373773613,-90.7452932282388.jpg",3,208,268,310,97,518,365
"Morganza_all/002761@29.5712536512081,-90.745727310282.jpg",1,138,275,384,112,522,387
"Morganza_all/002762@29.5700072105864,-90.7440552481903.jpg",2,127,172,514,240,641,412
"Morganza_all/002763@29.5699939422279,-90.7442847120777.jpg",1,84,246,396,156,480,402
"Morganza_all/002764@29.5699663925914,-90.7445306175835.jpg",1,144,197,333,180,477,377
"Morganza_all/002765@29.5700194375857,-90.7435882570571.jpg",1,105,251,388,157,493,408
"Morganza_all/002766@29.5700757865504,-90.7433749284914.jpg",3,184,274,395,124,579,398
"Morganza_all/002767@29.5700602058658,-90.7430964980931.jpg",1,209,259,420,145,629,404
"Morganza_all/002768@29.5699427397383,-90.742458200612.jpg",1,58,214,419,162,477,376
"Morganza_all/002769@29.5698988634088,-90.7422536732906.jpg",1,201,237,289,149,490,386
"Morganza_all/002770@29.5697689515669,-90.7420332333725.jpg",2,166,238,475,156,641,394
"Morganza_all/002771@29.5694090789625,-90.7416339662027.jpg",2,176,262,465,135,641,397
"Morganza_all/002772@29.5692867132653,-90.7414954289823.jpg",1,222,257,320,145,542,402
"Morganza_all/002773@29.5690282835619,-90.7413576961829.jpg",1,98,242,417,153,515,395
"Morganza_all/002774@29.5686696672674,-90.7412369452721.jpg",1,148,204,440,194,588,398
"Morganza_all/002775@29.5685069005632,-90.7416638628933.jpg",2,2,171,393,229,395,400
"Morganza_all/002776@29.5687148670854,-90.7417281904917.jpg",1,126,246,355,143,481,389
"Morganza_all/002777@29.5689016156788,-90.7418499580361.jpg",1,110,243,370,140,480,383
"Morganza_all/002778@29.5691097298519,-90.7419470320515.jpg",1,153,221,227,166,380,387
"Morganza_all/002779@29.5692749742105,-90.7420689274115.jpg",2,3,226,451,174,454,400
"Morganza_all/002780@29.5693543123292,-90.7421913301306.jpg",1,156,234,362,164,518,398
"Morganza_all/002781@29.5694771574807,-90.7424363789678.jpg",1,75,248,310,148,385,396
"Morganza_all/002782@29.569570942336,-90.7425914752779.jpg",1,128,231,407,168,535,399
"Morganza_all/002783@29.5696005557713,-90.7428042964532.jpg",1,123,242,391,157,514,399
"Morganza_all/002784@29.5696807047973,-90.7431069130594.jpg",1,44,188,570,205,614,393
"Morganza_all/002785@29.5696608969615,-90.7434838542179.jpg",2,0,220,641,192,641,412
"Morganza_all/002786@29.5693314524945,-90.7434776152965.jpg",1,33,265,426,136,459,401
"Morganza_all/002787@29.5691235975382,-90.7434378823284.jpg",1,136,238,321,166,457,404
"Morganza_all/002788@29.5692354554081,-90.7428310166591.jpg",1,156,264,226,108,382,372
"Morganza_all/002789@29.5689321263845,-90.7422675564392.jpg",1,199,224,227,108,426,332
"Morganza_all/002790@29.5686830905756,-90.7426212789085.jpg",1,241,236,330,109,571,345
"Morganza_all/002791@29.568722103722,-90.7433337339481.jpg",2,1,217,597,193,598,410
"Morganza_all/002792@29.5684783715583,-90.7432778238958.jpg",1,182,250,408,153,590,403
"Morganza_all/002793@29.5681771107382,-90.7431731177701.jpg",3,111,269,419,133,530,402
"Morganza_all/002794@29.5680501043183,-90.743591640872.jpg",1,28,210,570,186,598,396
"Morganza_all/002795@29.5683082369326,-90.7436638555979.jpg",1,181,196,446,194,627,390
"Morganza_all/002796@29.5685379367962,-90.743785373464.jpg",1,152,251,306,152,458,403
"Morganza_all/002797@29.5687171379394,-90.7438252755461.jpg",1,133,236,366,151,499,387
"Morganza_all/002798@29.5689250571997,-90.7438732190169.jpg",3,228,211,379,159,607,370
"Morganza_all/002799@29.5691757913953,-90.7438963114409.jpg",3,194,185,392,208,586,393
"Morganza_all/002800@29.5696346657226,-90.7440164826423.jpg",1,83,227,496,172,579,399
"Morganza_all/002801@29.5695425123247,-90.7442300204654.jpg",1,48,198,558,204,606,402
"Morganza_all/002802@29.5694579773499,-90.7445418162994.jpg",1,105,236,535,141,640,377
"Morganza_all/002803@29.5692069487759,-90.7444531676565.jpg",1,144,235,448,152,592,387
"Morganza_all/002804@29.5686762840244,-90.7442924603651.jpg",1,117,206,509,195,626,401
"Morganza_all/002805@29.5684108916635,-90.744195718773.jpg",1,161,207,354,205,515,412
"Morganza_all/002806@29.5679160299774,-90.7440348034985.jpg",2,7,171,487,242,494,413
"Morganza_all/002807@29.5679436615376,-90.7438134385088.jpg",1,222,254,385,161,607,415
"Morganza_all/002808@29.5682044732061,-90.7428862293821.jpg",1,33,255,384,149,417,404
"Morganza_all/002809@29.5682609782213,-90.7427138913727.jpg",1,93,257,343,141,436,398
"Morganza_all/002810@29.568317325765,-90.74250056606.jpg",1,107,266,333,127,440,393
"Morganza_all/002811@29.5683662465821,-90.7422381175309.jpg",1,34,259,381,139,415,398
"Morganza_all/002812@29.5684010430294,-90.7420085614551.jpg",3,78,261,293,134,371,395
"Morganza_all/002814@29.5675713377146,-90.7438238397578.jpg",1,73,212,393,177,466,389
"Morganza_all/002815@29.5676832341949,-90.7432251623875.jpg",1,134,210,251,144,385,354
"Morganza_all/002816@29.5677604782024,-90.7428888464014.jpg",1,134,217,441,149,575,366
"Morganza_all/002817@29.5678305348073,-90.7425443935863.jpg",1,194,209,366,162,560,371
"Morganza_all/002818@29.5679508315381,-90.7422242113782.jpg",1,79,229,512,165,591,394
"Morganza_all/002819@29.568106514657,-90.7418054861374.jpg",1,160,208,471,201,631,409
"Morganza_all/002820@29.5681483954607,-90.7415676784758.jpg",3,255,212,333,186,588,398
"Morganza_all/002821@29.5681475077381,-90.7413710798791.jpg",3,236,239,405,161,641,400
"Morganza_all/002822@29.5682396289824,-90.7411575425623.jpg",1,160,192,477,208,637,400
"Morganza_all/002823@29.5682958629627,-90.7409196494233.jpg",1,125,229,451,159,576,388
"Morganza_all/002824@29.5687467114467,-90.7408514586088.jpg",1,48,234,484,167,532,401
"Morganza_all/002825@29.5683666922453,-90.740747225395.jpg",1,130,207,366,179,496,386
"Morganza_all/002826@29.5684154148126,-90.7404356416672.jpg",1,190,216,451,177,641,393
"Morganza_all/002827@29.5688317932496,-90.7406625289671.jpg",1,150,250,333,143,483,393
"Morganza_all/002828@29.5689023256849,-90.7404245495076.jpg",1,55,270,335,133,390,403
"Morganza_all/002829@29.5684647667861,-90.7402633127864.jpg",1,257,173,289,217,546,390
"Morganza_all/002830@29.5685423369714,-90.7400007245154.jpg",3,197,245,370,155,567,400
"Morganza_all/002831@29.5689726723505,-90.7401456139586.jpg",1,144,267,272,121,416,388
"Morganza_all/002832@29.5690003991758,-90.7399406654516.jpg",1,111,251,374,150,485,401
"Morganza_all/002833@29.5685986800992,-90.7397873970775.jpg",1,159,251,367,124,526,375
"Morganza_all/002834@29.5686693222334,-90.739573984642.jpg",3,191,259,286,134,477,393
"Morganza_all/002835@29.5691283214698,-90.7397269128351.jpg",1,79,263,375,127,454,390
"Morganza_all/002836@29.5692347943846,-90.7395132868227.jpg",1,96,268,364,115,460,383
"Morganza_all/002837@29.5687614034879,-90.7393522660093.jpg",1,129,248,410,135,539,383
"Morganza_all/002838@29.5688750997606,-90.7391549865475.jpg",1,118,235,357,163,475,398
"Morganza_all/002839@29.5693269498073,-90.7393079555329.jpg",1,162,268,301,109,463,377
"Morganza_all/002840@29.5693617877795,-90.7390947536006.jpg",1,227,245,242,138,469,383
"Morganza_all/002841@29.5689098260784,-90.738917218379.jpg",3,74,202,478,174,552,376
"Morganza_all/002842@29.567214412803,-90.7393204827572.jpg",3,146,246,289,113,435,359
"Morganza_all/002843@29.5671463895761,-90.7385344785279.jpg",1,223,220,267,120,490,340
"Morganza_all/002844@29.568025808019,-90.7397989701724.jpg",1,186,225,350,155,536,380
"Morganza_all/002845@29.5679271792307,-90.7401600151336.jpg",1,110,235,463,156,573,391
"Morganza_all/002846@29.5677659343766,-90.7409227833608.jpg",1,193,235,311,176,504,411
"Morganza_all/002848@29.5655594178056,-90.7391582646164.jpg",3,112,254,384,103,496,357
"Morganza_all/002853@29.5650816552386,-90.7427817698031.jpg",1,182,210,324,153,506,363
"Morganza_all/002854@29.5654621894186,-90.7430006920067.jpg",2,73,215,568,152,641,367
"Morganza_all/002855@29.5657535792178,-90.7425074770207.jpg",1,141,235,345,163,486,398
"Morganza_all/002856@29.5659548016604,-90.7426619341392.jpg",1,95,230,368,165,463,395
"Morganza_all/002857@29.5662203796873,-90.7427996239299.jpg",1,26,234,387,152,413,386
"Morganza_all/002858@29.5664502554942,-90.7429539134843.jpg",1,120,217,372,165,492,382
"Morganza_all/002859@29.5666585164613,-90.7430837638508.jpg",1,92,229,410,154,502,383
"Morganza_all/002860@29.5668881430855,-90.7431888901313.jpg",1,159,250,296,133,455,383
"Morganza_all/002861@29.5666396575706,-90.7436654675133.jpg",1,176,219,315,159,491,378
"Morganza_all/002862@29.5651899123191,-90.7445586922412.jpg",1,95,212,378,162,473,374
"Morganza_all/002863@29.565387598558,-90.7439267797784.jpg",1,147,217,440,162,587,379
"Morganza_all/002864@29.5664645533226,-90.7445430219807.jpg",1,232,232,333,147,565,379
"Morganza_all/002865@29.5667357059957,-90.7459176354967.jpg",1,117,196,302,184,419,380
"Morganza_all/002866@29.572522376599,-90.7571587736563.jpg",3,161,287,396,108,557,395
"Morganza_all/002867@29.5724302292963,-90.7573723053853.jpg",3,173,298,380,109,553,407
"Morganza_all/002868@29.5722449707865,-90.7575863719009.jpg",1,70,292,374,137,444,429
"Morganza_all/002869@29.5723962250012,-90.7577821145644.jpg",1,271,291,351,107,622,398
"Morganza_all/002870@29.5720564367217,-90.7570549690307.jpg",3,105,286,318,85,423,371
"Morganza_all/002871@29.5722700958704,-90.7567833907494.jpg",3,88,283,344,101,432,384
"Morganza_all/002872@29.5724122283914,-90.7565368232957.jpg",1,68,287,372,103,440,390
"Morganza_all/002873@29.5725114072226,-90.7562904711258.jpg",1,171,275,303,140,474,415
"Morganza_all/002874@29.5715559177421,-90.7572298904889.jpg",3,62,281,427,151,489,432
"Morganza_all/002875@29.5716697129673,-90.757049014864.jpg",3,138,279,383,121,521,400
"Morganza_all/002876@29.5717834443368,-90.7568599287254.jpg",1,124,299,415,85,539,384
"Morganza_all/002877@29.5718611833549,-90.7566219123392.jpg",1,123,297,429,101,552,398
"Morganza_all/002878@29.5719676924338,-90.7564165088933.jpg",1,82,284,391,115,473,399
"Morganza_all/002879@29.5720673038397,-90.7562684609063.jpg",3,178,294,273,92,451,386
"Morganza_all/002880@29.5721738123643,-90.7560630566619.jpg",1,97,293,355,122,452,415
"Morganza_all/002881@29.5712610889105,-90.7569530607989.jpg",3,194,295,290,100,484,395
"Morganza_all/002882@29.5713533795727,-90.7567722777089.jpg",1,126,299,337,99,463,398
"Morganza_all/002883@29.5714386286736,-90.756616166149.jpg",1,115,288,281,114,396,402
"Morganza_all/002884@29.5715452457332,-90.7564352999168.jpg",1,37,281,384,118,421,399
"Morganza_all/002886@29.5718650511294,-90.7558764040446.jpg",3,62,244,360,151,422,395
"Morganza_all/002887@29.5715346325898,-90.7556489195956.jpg",1,56,270,542,132,598,402
"Morganza_all/002888@29.5714206950207,-90.755797050014.jpg",1,109,298,424,97,533,395
"Morganza_all/002889@29.5712996436279,-90.7559534000711.jpg",1,60,284,368,110,428,394
"Morganza_all/002890@29.5711930992602,-90.756150623884.jpg",1,103,293,355,116,458,409
"Morganza_all/002891@29.5711008093165,-90.7563313758008.jpg",1,93,283,351,118,444,401
"Morganza_all/002892@29.5709942368809,-90.7565285989785.jpg",1,89,288,402,114,491,402
"Morganza_all/002893@29.5708949048049,-90.7567339589958.jpg",1,47,262,569,126,616,388
"Morganza_all/002894@29.5705715654458,-90.7564900753402.jpg",1,130,289,332,116,462,405
"Morganza_all/002895@29.5706853681567,-90.7563173795249.jpg",3,128,307,371,97,499,404
"Morganza_all/002896@29.5707848352624,-90.7561365869889.jpg",1,111,306,313,87,424,393
"Morganza_all/002897@29.5708625729687,-90.7558985724141.jpg",1,144,303,349,90,493,393
"Morganza_all/002898@29.5709693334735,-90.7557504843203.jpg",1,141,302,410,107,551,409
"Morganza_all/002899@29.5710903125282,-90.7555777770395.jpg",1,104,288,415,116,519,404
"Morganza_all/002900@29.5711967475707,-90.7553559536394.jpg",1,87,275,389,173,476,448
"Morganza_all/002901@29.5702410037947,-90.7562298456364.jpg",3,32,282,368,128,400,410
"Morganza_all/002902@29.5703117808974,-90.7560410088068.jpg",1,133,292,349,119,482,411
"Morganza_all/002903@29.5704112836537,-90.7558683953622.jpg",1,157,283,350,100,507,383
"Morganza_all/002904@29.5705889289242,-90.7555560692226.jpg",3,123,268,479,127,602,395
"Morganza_all/002905@29.5707382001172,-90.7553012525757.jpg",3,132,281,474,115,606,396
"Morganza_all/002906@29.5708231945067,-90.7550877952776.jpg",1,148,272,280,140,428,412
"Morganza_all/002907@29.5699247408501,-90.7559695037754.jpg",5,280,306,86,81,366,387
"Morganza_all/002909@29.5699584506469,-90.7554941804864.jpg",3,127,281,344,120,471,401
"Morganza_all/002910@29.5697382218392,-90.7558968433982.jpg",1,22,287,399,103,421,390
"Morganza_all/002911@29.56958735338,-90.7557830521412.jpg",3,103,296,350,101,453,397
"Morganza_all/002912@29.5697861138572,-90.7553886922966.jpg",1,150,278,464,117,614,395
"Morganza_all/002913@29.5696209179562,-90.7552749529701.jpg",1,136,286,430,121,566,407
"Morganza_all/002914@29.5694222025458,-90.7556857012264.jpg",3,94,280,356,116,450,396
"Morganza_all/002915@29.5692850553018,-90.7554407189292.jpg",1,192,284,357,102,549,386
"Morganza_all/002916@29.5693769018881,-90.7551534901378.jpg",1,18,265,556,128,574,393
"Morganza_all/002917@29.5695109053654,-90.7546857686227.jpg",1,109,279,501,128,610,407
"Morganza_all/002918@29.5696739315336,-90.7543080025818.jpg",1,219,292,388,96,607,388
"Morganza_all/002919@29.57000442464,-90.7545518356982.jpg",1,211,284,396,112,607,396
"Morganza_all/002920@29.5698269985896,-90.7549132965704.jpg",1,96,290,380,105,476,395
"Morganza_all/002921@29.5700064493592,-90.7550105640499.jpg",3,166,280,300,119,466,399
"Morganza_all/002922@29.5701911975586,-90.754681838846.jpg",1,145,296,367,91,512,387
"Morganza_all/002923@29.570327731511,-90.7547875330321.jpg",1,205,285,362,100,567,385
"Morganza_all/002925@29.570521617647,-90.7549092855977.jpg",1,167,290,282,137,449,427
"Morganza_all/002926@29.5703632416334,-90.7585210564951.jpg",1,139,202,298,158,437,360
"Morganza_all/002927@29.5711345194182,-90.7596635406307.jpg",1,104,210,452,185,556,395
"Morganza_all/002928@29.5710434071097,-90.7601146281738.jpg",5,283,232,123,103,406,335
"Morganza_all/002929@29.5697168423187,-90.7597207954599.jpg",1,23,182,424,202,447,384
"Morganza_all/002930@29.5726179870623,-90.7615474316926.jpg",1,272,259,208,90,480,349
"Morganza_all/002934@29.5726570816397,-90.7584769701779.jpg",1,180,279,247,101,427,380
"Morganza_all/002935@29.572520514656,-90.7583630581832.jpg",3,62,297,401,104,463,401
"Morganza_all/002936@29.5723482160658,-90.7582657412104.jpg",1,109,282,371,116,480,398
"Morganza_all/002937@29.5721687041961,-90.7581602554903.jpg",1,132,253,326,134,458,387
"Morganza_all/002938@29.5719961898053,-90.758013803363.jpg",1,151,283,351,113,502,396
"Morganza_all/002939@29.5718381458718,-90.7579000161257.jpg",1,150,292,365,101,515,393
"Morganza_all/002940@29.5716802457559,-90.757819007345.jpg",1,110,276,414,136,524,412
"Morganza_all/002941@29.571543426357,-90.7576477514944.jpg",1,90,292,446,115,536,407
"Morganza_all/002942@29.5713781689962,-90.7575258278339.jpg",3,98,286,377,134,475,420
"Morganza_all/002944@29.5710550025172,-90.7573146867231.jpg",3,146,298,365,112,511,410
"Morganza_all/002945@29.5708610911188,-90.7571929290117.jpg",3,227,290,305,115,532,405
"Morganza_all/002946@29.5707100795481,-90.7570463252913.jpg",1,188,301,390,106,578,407
"Morganza_all/002947@29.570587982309,-90.7569651127606.jpg",3,103,299,340,105,443,404
"Morganza_all/002948@29.5703869929794,-90.7568597862769.jpg",1,172,295,387,112,559,407
"Morganza_all/002949@29.5702574300808,-90.7567130602841.jpg",1,220,284,284,110,504,394
"Morganza_all/002950@29.5700850942731,-90.7566075696826.jpg",1,147,292,341,109,488,401
"Morganza_all/002951@29.5699055725678,-90.7564939105083.jpg",1,168,273,343,132,511,405
"Morganza_all/002952@29.5697473830315,-90.7563473505806.jpg",1,228,298,314,114,542,412
"Morganza_all/002953@29.5695893016359,-90.7562253899023.jpg",3,185,284,308,114,493,398
"Morganza_all/002954@29.5694241872831,-90.7561362483237.jpg",1,214,283,276,127,490,410
"Morganza_all/002955@29.569294723255,-90.7560059131757.jpg",1,104,297,372,115,476,412
"Morganza_all/002956@29.5691511213243,-90.7559248270136.jpg",1,114,281,431,131,545,412
"Morganza_all/002957@29.569000252749,-90.7558110049252.jpg",3,151,276,340,121,491,397
"Morganza_all/002958@29.5688352463688,-90.7557464316986.jpg",1,218,292,259,128,477,420
"Morganza_all/002959@29.5687199007988,-90.7555750596737.jpg",1,241,285,354,127,595,412
"Morganza_all/002960@29.5689047586254,-90.755270875438.jpg",2,57,237,584,218,641,455
"Morganza_all/002961@29.5690042965878,-90.7551064736856.jpg",3,159,300,322,101,481,401
"Morganza_all/002962@29.5690751083026,-90.7549258484319.jpg",3,29,293,451,113,480,406
"Morganza_all/002963@29.5692091472259,-90.7544663380704.jpg",1,92,295,390,113,482,408
"Morganza_all/002964@29.5692726997078,-90.7542611546172.jpg",1,88,301,389,106,477,407
"Morganza_all/002967@29.5698079681503,-90.7538484571904.jpg",1,68,298,353,104,421,402
"Morganza_all/002968@29.5699231349598,-90.7539788729203.jpg",3,73,279,342,126,415,405
"Morganza_all/002969@29.5700883319845,-90.7540926104525.jpg",1,29,263,491,144,520,407
"Morganza_all/002970@29.5702463792286,-90.7542063896951.jpg",1,52,287,397,118,449,405
"Morganza_all/002971@29.5703972765532,-90.7543201791672.jpg",1,19,275,439,126,458,401
"Morganza_all/002972@29.5706270302843,-90.754449934009.jpg",1,57,287,415,111,472,398
"Morganza_all/002973@29.5711012429782,-90.7548076338359.jpg",1,132,292,426,110,558,402
"Morganza_all/002974@29.5713957872709,-90.7550189322251.jpg",1,103,283,480,127,583,410
"Morganza_all/002975@29.5715824513527,-90.7551243702316.jpg",1,234,291,272,96,506,387
"Morganza_all/002976@29.5723657127377,-90.7557342536026.jpg",1,104,298,420,101,524,399
"Morganza_all/002977@29.5725379410014,-90.7558151770503.jpg",3,186,287,259,108,445,395
"Morganza_all/002978@29.572703236114,-90.7559453096363.jpg",1,209,296,306,90,515,386
"Morganza_all/002979@29.572868639287,-90.7561000107862.jpg",1,265,281,290,85,555,366
"Morganza_all/002980@29.5730051445894,-90.7562057098889.jpg",1,138,295,377,103,515,398
"Morganza_all/002981@29.5732060984301,-90.756302858893.jpg",1,212,279,301,110,513,389
"Morganza_all/002982@29.5733500692628,-90.7564740745748.jpg",3,134,279,351,97,485,376
"Morganza_all/002984@29.5725469840009,-90.7578713754229.jpg",3,176,261,276,137,452,398
"Morganza_all/002985@29.5729098120413,-90.7573204102812.jpg",1,126,291,390,98,516,389
"Morganza_all/002986@29.5730935296236,-90.7567622615125.jpg",3,81,294,515,129,596,423
"Morganza_all/002987@29.5728778803827,-90.7565751003615.jpg",1,109,282,309,147,418,429
"Morganza_all/002988@29.5727497589521,-90.756756061173.jpg",1,151,290,332,107,483,397
"Morganza_all/002989@29.5726647979496,-90.7569777314942.jpg",1,125,282,418,111,543,393
"Morganza_all/002990@29.5682061492132,-90.7387855327152.jpg",1,245,226,299,168,544,394
"Morganza_all/002991@29.5675663611046,-90.7414441900856.jpg",1,59,216,505,183,564,399
"Morganza_all/002992@29.5718696226468,-90.7391048851933.jpg",3,119,296,420,118,539,414
"Morganza_all/002993@29.5720486898586,-90.7423265843266.jpg",3,135,279,346,116,481,395
"Morganza_all/002994@29.5716043655044,-90.7424757358313.jpg",1,75,287,387,112,462,399
"Morganza_all/002996@29.5677919556475,-90.7444332693747.jpg",1,285,206,346,163,631,369
"Morganza_all/002997@29.5660408766344,-90.7449551000924.jpg",1,236,232,230,136,466,368
"Morganza_all/002998@29.5659433647859,-90.7443063912257.jpg",1,28,227,303,149,331,376
"Morganza_all/003000@29.5684920577688,-90.7446826318137.jpg",1,194,216,273,159,467,375
"Morganza_all/003001@29.5687395665112,-90.7446978494606.jpg",1,223,215,398,183,621,398
"Morganza_all/003002@29.5669075274721,-90.7467230710143.jpg",4,290,251,133,140,423,391
"Morganza_all/003003@29.5662650864216,-90.7462689907439.jpg",2,290,191,351,215,641,406
"Morganza_all/003004@29.5672881207603,-90.7436649532849.jpg",1,321,233,320,170,641,403
"Morganza_all/003005@29.5682904745825,-90.7385760026972.jpg",1,334,193,307,183,641,376
"Morganza_all/003006@29.5733321149441,-90.7428627675984.jpg",2,0,178,376,220,376,398
"Morganza_all/003007@29.573152969006,-90.7427558276815.jpg",5,271,254,184,150,455,404
"Morganza_all/003008@29.5732178755721,-90.7421962753997.jpg",1,55,290,393,142,448,432
"Morganza_all/003009@29.5690917826768,-90.7426017877586.jpg",5,266,275,179,116,445,391
"Morganza_all/003010@29.5722546993909,-90.7556972701039.jpg",5,243,303,182,146,425,449
"Morganza_all/003011@29.5717410128945,-90.7557417879768.jpg",5,298,319,165,154,463,473
"Morganza_all/003012@29.5719417039786,-90.7553487296581.jpg",5,275,265,176,158,451,423
"Morganza_all/003013@29.5718622435347,-90.757338356705.jpg",3,204,285,346,124,550,409
"Morganza_all/003014@29.5717146220187,-90.756049628056.jpg",2,0,258,437,167,437,425
"Morganza_all/003015@29.5701705917435,-90.7551347847185.jpg",3,154,278,324,127,478,405
"Morganza_all/003016@29.5796610610176,-90.7396770432094.jpg",1,277,271,230,101,507,372
"Morganza_all/003017@29.5796822846858,-90.7399369048357.jpg",1,286,256,180,114,466,370
"Morganza_all/003018@29.5797170451707,-90.7402349106101.jpg",3,268,275,179,99,447,374
"Morganza_all/003019@29.5796265763426,-90.7394401948248.jpg",3,205,264,273,129,478,393
"Morganza_all/003021@29.575640011582,-90.7271326668317.jpg",6,193,252,270,138,463,390
"Morganza_all/003022@29.5760043500094,-90.7269061899057.jpg",6,205,263,234,125,439,388
"Morganza_all/003023@29.5763780024623,-90.7267611972182.jpg",4,248,302,108,118,356,420
"Morganza_all/003024@29.577758092007,-90.7264877291205.jpg",6,221,284,184,89,405,373
"Morganza_all/003025@29.5803313098441,-90.7259725465641.jpg",1,193,239,342,141,535,380
"Morganza_all/003026@29.5804448107107,-90.7273890908162.jpg",6,209,280,232,111,441,391
"Morganza_all/003027@29.5788414902509,-90.7285406936563.jpg",2,111,233,530,265,641,498
"Morganza_all/003028@29.5789425618518,-90.7287159449015.jpg",1,88,231,334,183,422,414
"Morganza_all/003029@29.5790301983346,-90.7288759879905.jpg",3,162,222,340,180,502,402
"Morganza_all/003030@29.5791378461067,-90.729028297286.jpg",3,230,184,289,232,519,416
"Morganza_all/003031@29.5792387408999,-90.729165326564.jpg",1,264,208,263,208,527,416
"Morganza_all/003032@29.5793665756597,-90.7293480625605.jpg",1,306,191,260,229,566,420
"Morganza_all/003033@29.5794406434181,-90.729469964558.jpg",1,198,192,321,203,519,395
"Morganza_all/003034@29.5795216319908,-90.7296376939955.jpg",4,246,237,150,149,396,386
"Morganza_all/003035@29.5796158087558,-90.7297671200538.jpg",1,162,202,344,203,506,405
"Morganza_all/003036@29.5790748008775,-90.729854504323.jpg",4,274,299,134,124,408,423
"Morganza_all/003037@29.5789468964166,-90.7296564790655.jpg",3,167,225,249,195,416,420
"Morganza_all/003038@29.5788258145614,-90.7294889608244.jpg",4,321,282,139,133,460,415
"Morganza_all/003039@29.5787247439937,-90.7293137090036.jpg",3,196,232,253,188,449,420
"Morganza_all/003040@29.5786371080447,-90.7291536660195.jpg",1,162,241,325,179,487,420
"Morganza_all/003041@29.5785428600452,-90.7290089212589.jpg",4,239,221,168,176,407,397
"Morganza_all/003042@29.5784352476441,-90.7288642888821.jpg",2,7,195,634,263,641,458
"Morganza_all/003043@29.5783134947647,-90.7285515264841.jpg",2,86,236,555,209,641,445
"Morganza_all/003044@29.5786597457927,-90.7282665166232.jpg",3,153,237,421,237,574,474
"Morganza_all/003045@29.5785587440338,-90.7281065239539.jpg",2,0,206,361,230,361,436
"Morganza_all/003046@29.578232567431,-90.7283914128414.jpg",2,216,200,425,203,641,403
"Morganza_all/003047@29.5781181035096,-90.7282162440708.jpg",2,282,166,359,246,641,412
"Morganza_all/003048@29.5784577697233,-90.7279465629.jpg",4,285,282,105,129,390,411
"Morganza_all/003049@29.5783702027289,-90.7278018105963.jpg",4,233,270,154,140,387,410
"Morganza_all/003050@29.578023882118,-90.7280715322349.jpg",4,218,253,161,144,379,397
"Morganza_all/003051@29.5779160920087,-90.727888647685.jpg",2,353,175,288,242,641,417
"Morganza_all/003052@29.5782691652263,-90.727634205796.jpg",4,269,288,116,132,385,420
"Morganza_all/003053@29.5779267972736,-90.7287602999301.jpg",1,107,223,464,192,571,415
"Morganza_all/003054@29.5777388297179,-90.7285855750628.jpg",3,39,209,396,196,435,405
"Morganza_all/003055@29.5775837004893,-90.7282806614738.jpg",3,77,223,405,188,482,411
"Morganza_all/003056@29.5774422251342,-90.7280444683472.jpg",1,70,213,347,171,417,384
"Morganza_all/003057@29.5772405311778,-90.7277857059596.jpg",3,63,202,440,172,503,374
"Morganza_all/003058@29.5771191368353,-90.7275570375343.jpg",3,82,196,301,182,383,378
"Morganza_all/003059@29.5768707097463,-90.727313848968.jpg",4,250,256,174,122,424,378
"Morganza_all/003060@29.5765297293809,-90.7272929781759.jpg",3,133,217,409,161,542,378
"Morganza_all/003061@29.5762091489924,-90.7273484298677.jpg",4,285,266,207,121,492,387
"Morganza_all/003062@29.5759756414032,-90.7274416087312.jpg",1,93,173,411,244,504,417
"Morganza_all/003063@29.5756414845766,-90.7274512745507.jpg",1,50,199,319,182,369,381
"Morganza_all/003064@29.5753749545109,-90.7276287420125.jpg",1,88,204,518,154,606,358
"Morganza_all/003066@29.5759256966473,-90.7296517221608.jpg",3,53,195,584,181,637,376
"Morganza_all/003067@29.5763708428043,-90.7305207426554.jpg",1,90,140,489,238,579,378
"Morganza_all/003068@29.5768430280215,-90.7314584414255.jpg",1,91,211,488,185,579,396
"Morganza_all/003069@29.5770183718421,-90.7318014594194.jpg",1,74,205,454,186,528,391
"Morganza_all/003070@29.5772071769124,-90.7321597185772.jpg",1,144,171,437,208,581,379
"Morganza_all/003071@29.5767261119849,-90.7278423282202.jpg",3,229,207,411,189,640,396
"Morganza_all/003072@29.5764656986039,-90.7278974145872.jpg",1,89,207,389,170,478,377
"Morganza_all/003073@29.5761523652319,-90.7280751965922.jpg",1,196,230,274,146,470,376
"Morganza_all/003074@29.575784381475,-90.7280009432623.jpg",2,276,240,365,158,641,398
"Morganza_all/003075@29.5758928772766,-90.7283367422957.jpg",2,10,188,469,218,479,406
"Morganza_all/003076@29.5760825380671,-90.7288784868628.jpg",2,181,250,460,172,641,422
"Morganza_all/003077@29.5763089413997,-90.7286936191186.jpg",3,139,248,387,135,526,383
"Morganza_all/003078@29.5764686636138,-90.7285397315657.jpg",1,130,212,291,190,421,402
"Morganza_all/003079@29.5767684646086,-90.7283314537097.jpg",1,151,229,363,170,514,399
"Morganza_all/003080@29.5769282216853,-90.7281852092921.jpg",1,25,238,523,182,548,420
"Morganza_all/003081@29.5773124346663,-90.7288863541673.jpg",3,177,210,390,172,567,382
"Morganza_all/003082@29.5774742018622,-90.7291759699357.jpg",2,22,188,619,209,641,397
"Morganza_all/003083@29.5771009459139,-90.7294075921028.jpg",3,157,198,426,192,583,390
"Morganza_all/003084@29.5768383120243,-90.7289809822478.jpg",5,252,239,187,143,439,382
"Morganza_all/003085@29.576618379082,-90.7291199436408.jpg",5,233,252,200,138,433,390
"Morganza_all/003086@29.5768610717121,-90.7295696384649.jpg",3,193,201,401,188,594,389
"Morganza_all/003087@29.5766083608577,-90.7298464305106.jpg",1,96,195,487,190,583,385
"Morganza_all/003088@29.5764464542991,-90.7295262386327.jpg",5,270,234,92,137,362,371
"Morganza_all/003089@29.5762984675306,-90.7293206955026.jpg",2,40,150,601,252,641,402
"Morganza_all/003090@29.5768174288758,-90.7302504302749.jpg",1,14,237,584,177,598,414
"Morganza_all/003091@29.5771042553075,-90.730126357529.jpg",4,303,299,128,124,431,423
"Morganza_all/003092@29.5773105786261,-90.7299339670327.jpg",3,87,218,396,164,483,382
"Morganza_all/003093@29.5775500660843,-90.7296878316805.jpg",3,140,207,294,187,434,394
"Morganza_all/003094@29.5777765760413,-90.7295258650505.jpg",2,151,215,490,196,641,411
"Morganza_all/003095@29.5780459531754,-90.729960115875.jpg",3,17,227,622,185,639,412
"Morganza_all/003096@29.5778263711007,-90.730175553133.jpg",1,160,234,376,150,536,384
"Morganza_all/003097@29.5776198716141,-90.7303297217603.jpg",1,135,226,353,165,488,391
"Morganza_all/003098@29.5773934308272,-90.7305069437708.jpg",1,158,228,376,162,534,390
"Morganza_all/003099@29.5769523311823,-90.7305172431127.jpg",5,289,281,136,100,425,381
"Morganza_all/003100@29.5771071741123,-90.7307610027762.jpg",1,9,203,558,211,567,414
"Morganza_all/003101@29.5773298496402,-90.7312184687291.jpg",3,8,199,633,202,641,401
"Morganza_all/003102@29.5776697052982,-90.7309946668855.jpg",3,102,223,385,164,487,387
"Morganza_all/003103@29.5778893589951,-90.7307945207463.jpg",3,128,231,405,161,533,392
"Morganza_all/003104@29.5780892822694,-90.7306633263949.jpg",1,110,244,362,140,472,384
"Morganza_all/003105@29.5783089707593,-90.7304708546748.jpg",1,42,243,399,172,441,415
"Morganza_all/003106@29.5785041804144,-90.7307678879659.jpg",1,86,268,464,121,550,389
"Morganza_all/003107@29.5782712677524,-90.7309910493305.jpg",3,221,184,328,184,549,368
"Morganza_all/003108@29.5780646970746,-90.7311299279482.jpg",3,159,220,431,163,590,383
"Morganza_all/003109@29.5778781377214,-90.7312610410038.jpg",1,172,193,388,177,560,370
"Morganza_all/003110@29.5774918573414,-90.7315615995554.jpg",5,223,245,156,84,379,329
"Morganza_all/003111@29.5777143896627,-90.7319884596655.jpg",4,241,293,105,99,346,392
"Morganza_all/003112@29.5780407770001,-90.7317418063253.jpg",4,254,316,114,82,368,398
"Morganza_all/003113@29.5783007707893,-90.7315949633302.jpg",3,90,251,339,158,429,409
"Morganza_all/003115@29.5778206765427,-90.7333030243114.jpg",1,90,192,309,166,399,358
"Morganza_all/003116@29.5781662025052,-90.7328574660038.jpg",5,249,240,143,142,392,382
"Morganza_all/003117@29.5779959034042,-90.7321626293924.jpg",3,140,204,369,191,509,395
"Morganza_all/003118@29.5786090530689,-90.7332294986581.jpg",2,0,180,450,196,450,376
"Morganza_all/003119@29.5782899049105,-90.7335984523844.jpg",3,136,212,372,164,508,376
"Morganza_all/003120@29.5780733575028,-90.7344791117.jpg",3,116,229,374,162,490,391
"Morganza_all/003121@29.5780356808745,-90.7350145927988.jpg",1,175,217,280,162,455,379
"Morganza_all/003122@29.5779777040785,-90.7354890369584.jpg",3,157,252,300,143,457,395
"Morganza_all/003123@29.5779397720086,-90.7359633295527.jpg",3,157,202,325,169,482,371
"Morganza_all/003124@29.5778745597701,-90.7363231138254.jpg",3,150,211,271,151,421,362
"Morganza_all/003125@29.577830046989,-90.736820410343.jpg",5,262,275,168,111,430,386
"Morganza_all/003126@29.5777325339483,-90.7374250789049.jpg",3,109,163,379,193,488,356
"Morganza_all/003127@29.5775555333287,-90.738190788358.jpg",1,81,193,341,189,422,382
"Morganza_all/003128@29.5774504645808,-90.7386043191142.jpg",1,80,169,414,208,494,377
"Morganza_all/003129@29.5793154427016,-90.7401072954302.jpg",3,155,245,217,109,372,354
"Morganza_all/003130@29.5792462392408,-90.7395877327267.jpg",1,27,226,441,153,468,379
"Morganza_all/003131@29.5792245643861,-90.7392284610726.jpg",1,115,210,344,174,459,384
"Morganza_all/003132@29.5791764025575,-90.7389228918285.jpg",1,94,218,388,161,482,379
"Morganza_all/003133@29.5792621960507,-90.7386853307659.jpg",1,141,240,365,154,506,394
"Morganza_all/003134@29.5792342183201,-90.7384102209865.jpg",1,59,240,376,154,435,394
"Morganza_all/003135@29.5793201077957,-90.7381879483941.jpg",3,137,262,325,127,462,389
"Morganza_all/003136@29.5793055975773,-90.7379356929599.jpg",1,87,273,346,118,433,391
"Morganza_all/003137@29.5793646257631,-90.7376906450863.jpg",1,103,222,317,166,420,388
"Morganza_all/003138@29.5794303284357,-90.737437912393.jpg",1,93,254,348,132,441,386
"Morganza_all/003139@29.5794491929878,-90.7371778133181.jpg",1,111,260,325,138,436,398
"Morganza_all/003140@29.5794542055248,-90.736810737659.jpg",3,114,259,326,153,440,412
"Morganza_all/003141@29.5796883112928,-90.7368475676135.jpg",3,55,172,445,222,500,394
"Morganza_all/003142@29.5798692030913,-90.7369382600579.jpg",3,220,199,275,148,495,347
"Morganza_all/003143@29.5800769974708,-90.7370670170125.jpg",3,160,196,342,179,502,375
"Morganza_all/003144@29.5799446822325,-90.7373660485811.jpg",1,288,284,215,85,503,369
"Morganza_all/003145@29.5798522509162,-90.7376189415902.jpg",1,307,273,204,99,511,372
"Morganza_all/003146@29.579786443577,-90.7378487098488.jpg",1,290,278,195,96,485,374
"Morganza_all/003147@29.5797476700879,-90.7381395388126.jpg",1,254,275,206,95,460,370
"Morganza_all/003148@29.5796819660631,-90.7383922718463.jpg",3,246,262,225,107,471,369
"Morganza_all/003149@29.5796563475467,-90.7386371217092.jpg",1,276,269,242,113,518,382
"Morganza_all/003150@29.5796106819845,-90.738882090422.jpg",4,268,329,122,117,390,446
"Morganza_all/003151@29.5796253289813,-90.7391649252758.jpg",3,253,246,241,125,494,371
"Morganza_all/003152@29.5803480645839,-90.736415430366.jpg",1,239,227,345,150,584,377
"Morganza_all/003153@29.5801002112105,-90.7362945580687.jpg",4,298,270,123,103,421,373
"Morganza_all/003154@29.5798591095656,-90.7361889358212.jpg",1,185,222,319,154,504,376
"Morganza_all/003155@29.5795512281822,-90.7360990333998.jpg",2,84,258,557,142,641,400
"Morganza_all/003156@29.5796499553237,-90.735761977506.jpg",1,84,252,370,150,454,402
"Morganza_all/003157@29.5797689026572,-90.7354630559309.jpg",5,293,285,142,122,435,407
"Morganza_all/003158@29.5799349660955,-90.7352326559927.jpg",3,75,250,512,171,587,421
"Morganza_all/003159@29.5801836573749,-90.7355370289978.jpg",1,126,253,294,132,420,385
"Morganza_all/003160@29.5805386283281,-90.7356954848608.jpg",2,0,256,457,147,457,403
"Morganza_all/003161@29.5804264673051,-90.736017334131.jpg",1,274,262,215,117,489,379
"Morganza_all/003162@29.5793253327907,-90.7334699041187.jpg",2,116,147,525,236,641,383
"Morganza_all/003163@29.5794533363966,-90.7336908688342.jpg",3,130,226,288,151,418,377
"Morganza_all/003164@29.5796148831097,-90.7339345993373.jpg",3,133,206,293,179,426,385
"Morganza_all/003165@29.5797363436416,-90.7341862152598.jpg",3,139,224,281,148,420,372
"Morganza_all/003166@29.5799044393512,-90.7344069735148.jpg",1,115,248,360,122,475,370
"Morganza_all/003167@29.5800659847312,-90.7346507062706.jpg",3,194,215,360,156,554,371
"Morganza_all/003168@29.5802606963343,-90.7348407274605.jpg",1,131,192,370,174,501,366
"Morganza_all/003169@29.5805021131004,-90.735015149132.jpg",3,66,157,410,212,476,369
"Morganza_all/003170@29.5807298861823,-90.735128493763.jpg",1,72,175,288,203,360,378
"Morganza_all/003171@29.5809019055352,-90.73474512535.jpg",1,254,283,266,91,520,374
"Morganza_all/003172@29.5810140634336,-90.7344232731274.jpg",1,290,287,183,84,473,371
"Morganza_all/003173@29.5811129611272,-90.7341244658206.jpg",3,216,275,264,85,480,360
"Morganza_all/003176@29.5798048382362,-90.7330846954998.jpg",4,282,254,118,120,400,374
"Morganza_all/003177@29.5800398902137,-90.7333279855611.jpg",1,186,238,326,159,512,397
"Morganza_all/003178@29.5801880457116,-90.7335717970966.jpg",3,235,180,259,192,494,372
"Morganza_all/003179@29.5802560843422,-90.7338313786626.jpg",4,243,278,104,81,347,359
"Morganza_all/003180@29.5805318571962,-90.734212067682.jpg",1,46,227,326,125,372,352
"Morganza_all/003181@29.5808049658956,-90.7340039581282.jpg",1,71,171,391,193,462,364
"Morganza_all/003182@29.5807828985085,-90.7335682351068.jpg",1,55,199,346,179,401,378
"Morganza_all/003183@29.5806282007666,-90.7333550409703.jpg",3,8,174,581,207,589,381
"Morganza_all/003184@29.5804864468867,-90.7330499996435.jpg",3,153,201,284,181,437,382
"Morganza_all/003185@29.5803319310465,-90.7328827066443.jpg",3,165,201,389,172,554,373
"Morganza_all/003186@29.5802169400203,-90.7325851827024.jpg",1,160,240,343,135,503,375
"Morganza_all/003187@29.5800017930565,-90.7323111950501.jpg",1,93,228,373,158,466,386
"Morganza_all/003188@29.5798603524702,-90.7320749903635.jpg",4,337,302,131,103,468,405
"Morganza_all/003189@29.5796984437844,-90.7317471396909.jpg",4,248,243,167,125,415,368
"Morganza_all/003190@29.5795639026771,-90.7315644403387.jpg",1,105,215,359,155,464,370
"Morganza_all/003191@29.5793955211796,-90.7312824992793.jpg",3,125,213,386,156,511,369
"Morganza_all/003192@29.5792272873411,-90.731038813769.jpg",3,103,201,408,189,511,390
"Morganza_all/003193@29.579045399908,-90.730726408075.jpg",3,96,201,378,182,474,383
"Morganza_all/003194@29.5789039641191,-90.7304978526176.jpg",3,85,165,422,218,507,383
"Morganza_all/003195@29.5787489800279,-90.7302235107541.jpg",1,37,192,376,172,413,364
"Morganza_all/003196@29.5785943472042,-90.7300256152058.jpg",3,93,194,470,186,563,380
"Morganza_all/003197@29.5784457704217,-90.7296977230732.jpg",5,183,174,308,230,491,404
"Morganza_all/003198@29.5782975020648,-90.7294309879376.jpg",3,139,207,352,190,491,397
"Morganza_all/003199@29.5781294684277,-90.7292255305969.jpg",1,60,186,534,242,594,428
"Morganza_all/003200@29.5790023554654,-90.7315448482608.jpg",1,78,180,348,243,426,423
"Morganza_all/003201@29.5789108826264,-90.7320042106093.jpg",4,282,258,116,112,398,370
"Morganza_all/003202@29.5792858968839,-90.7321548868538.jpg",4,239,277,123,114,362,391
"Morganza_all/003203@29.5794606431651,-90.732367956001.jpg",4,133,279,202,133,335,412
"Morganza_all/003204@29.5795890966289,-90.7326806863829.jpg",5,220,312,154,113,374,425
"Morganza_all/003205@29.5790891957155,-90.7329895703898.jpg",5,214,314,138,111,352,425
"Morganza_all/003206@29.5788739795401,-90.732700295816.jpg",3,134,215,377,167,511,382
"Morganza_all/003207@29.5786253866519,-90.7324188360245.jpg",3,104,173,409,216,513,389
"Morganza_all/003208@29.5810635903552,-90.7301349171972.jpg",6,163,272,222,137,385,409
"Morganza_all/003210@29.5840596754893,-90.7289499298954.jpg",6,198,257,244,141,442,398
"Morganza_all/003211@29.5840754982168,-90.7292624686799.jpg",6,220,254,237,148,457,402
"Morganza_all/003212@29.5841345036754,-90.7295829902006.jpg",6,209,264,233,121,442,385
"Morganza_all/003213@29.584321316017,-90.7295489551351.jpg",6,139,272,318,142,457,414
"Morganza_all/003214@29.5846333419153,-90.7301559230392.jpg",6,93,283,333,160,426,443
"Morganza_all/003215@29.5848146045677,-90.7304757109719.jpg",6,50,277,407,174,457,451
"Morganza_all/003216@29.5851253408733,-90.7308029641782.jpg",6,194,289,261,155,455,444
"Morganza_all/003217@29.5852774601809,-90.7310406254579.jpg",6,187,276,302,148,489,424
"Morganza_all/003218@29.581939850565,-90.7293082571823.jpg",1,46,242,492,183,538,425
"Morganza_all/003219@29.5822054355916,-90.7291997194268.jpg",3,181,236,363,181,544,417
"Morganza_all/003220@29.5823777901739,-90.729149317356.jpg",1,129,248,319,145,448,393
"Morganza_all/003221@29.5825571217389,-90.7290494790033.jpg",4,314,272,140,134,454,406
"Morganza_all/003222@29.5827579745248,-90.7289413305098.jpg",5,308,249,172,160,480,409
"Morganza_all/003223@29.5829588650829,-90.7288413927494.jpg",3,44,205,353,184,397,389
"Morganza_all/003224@29.583188774376,-90.7287906422878.jpg",4,275,288,132,100,407,388
"Morganza_all/003225@29.5833696231647,-90.7290199111689.jpg",3,150,238,333,161,483,399
"Morganza_all/003226@29.583478497024,-90.7292414035431.jpg",2,0,239,484,177,484,416
"Morganza_all/003227@29.5836015144905,-90.7294052051419.jpg",4,293,306,139,110,432,416
"Morganza_all/003228@29.5836958818123,-90.7295938771387.jpg",4,278,295,147,125,425,420
"Morganza_all/003229@29.5838188713391,-90.7297576796918.jpg",4,291,315,130,95,421,410
"Morganza_all/003230@29.5839712576427,-90.7300529408778.jpg",3,88,258,437,169,525,427
"Morganza_all/003231@29.5841086181562,-90.7302084464145.jpg",1,34,239,405,169,439,408
"Morganza_all/003232@29.5842245433299,-90.7303969903398.jpg",1,7,236,412,185,419,421
"Morganza_all/003233@29.5843189848724,-90.7306021184632.jpg",2,0,244,413,170,413,414
"Morganza_all/003234@29.5844420866494,-90.7307906200623.jpg",2,2,247,393,156,395,403
"Morganza_all/003235@29.5845795973485,-90.730979004004.jpg",3,68,221,407,170,475,391
"Morganza_all/003236@29.584673962403,-90.7311676793261.jpg",3,82,217,396,185,478,402
"Morganza_all/003237@29.584797176622,-90.7313808477044.jpg",3,94,232,405,188,499,420
"Morganza_all/003238@29.5849275472812,-90.731577550498.jpg",1,125,246,391,142,516,388
"Morganza_all/003239@29.5850652181709,-90.7318070876842.jpg",1,100,228,394,159,494,387
"Morganza_all/003240@29.5850951895427,-90.7320701812849.jpg",1,129,237,398,178,527,415
"Morganza_all/003241@29.5851321388971,-90.7322839008111.jpg",1,38,240,417,171,455,411
"Morganza_all/003243@29.5852709293283,-90.7327520405609.jpg",1,113,245,365,157,478,402
"Morganza_all/003244@29.5852938072224,-90.7330398751699.jpg",1,86,247,406,156,492,403
"Morganza_all/003245@29.5852519422263,-90.7333198547199.jpg",4,314,313,111,111,425,424
"Morganza_all/003246@29.5852026360676,-90.7335423031621.jpg",4,266,300,127,108,393,408
"Morganza_all/003247@29.5849449396412,-90.7338071195832.jpg",1,32,245,319,140,351,385
"Morganza_all/003248@29.5846434101087,-90.7339158946505.jpg",3,2,231,554,200,556,431
"Morganza_all/003249@29.5847019529977,-90.7341376962243.jpg",1,81,242,473,176,554,418
"Morganza_all/003250@29.5848322918783,-90.7343343711227.jpg",1,98,251,376,123,474,374
"Morganza_all/003251@29.5848692750463,-90.7345563022486.jpg",4,232,319,194,81,426,400
"Morganza_all/003252@29.5847772819581,-90.7348859431434.jpg",1,88,252,354,123,442,375
"Morganza_all/003253@29.5845475957625,-90.7349860740574.jpg",2,0,239,492,158,492,397
"Morganza_all/003254@29.5843610823703,-90.7350859151739.jpg",1,99,239,367,171,466,410
"Morganza_all/003255@29.5841814832319,-90.7351281083273.jpg",3,70,235,379,167,449,402
"Morganza_all/003256@29.5838584786111,-90.7352616726833.jpg",1,86,271,507,134,593,405
"Morganza_all/003257@29.5839170192244,-90.7354834733055.jpg",5,278,281,169,108,447,389
"Morganza_all/003258@29.5840115278179,-90.735705059567.jpg",1,56,223,570,168,626,391
"Morganza_all/003259@29.5840915416498,-90.7359020353219.jpg",2,0,209,498,181,498,390
"Morganza_all/003260@29.5841860220367,-90.7361236225284.jpg",3,72,211,402,179,474,390
"Morganza_all/003261@29.5842594575909,-90.7364523053082.jpg",3,52,247,449,155,501,402
"Morganza_all/003262@29.585009138274,-90.7368427475622.jpg",3,84,196,438,206,522,402
"Morganza_all/003263@29.584757891427,-90.7369429711348.jpg",3,66,191,402,198,468,389
"Morganza_all/003264@29.5845280538328,-90.7370101577356.jpg",3,111,217,378,170,489,387
"Morganza_all/003265@29.5842620784691,-90.7370282272468.jpg",3,126,220,381,159,507,379
"Morganza_all/003266@29.5837446039596,-90.737097125626.jpg",1,128,245,336,154,464,399
"Morganza_all/003267@29.5838065381132,-90.7364879132251.jpg",5,268,285,176,149,444,434
"Morganza_all/003268@29.5837038793066,-90.73605246848.jpg",1,113,239,454,171,567,410
"Morganza_all/003269@29.5836163509841,-90.7357814778696.jpg",1,91,257,487,156,578,413
"Morganza_all/003270@29.5835363368268,-90.735584471685.jpg",2,0,247,466,156,466,403
"Morganza_all/003271@29.5834418180731,-90.7353546752156.jpg",1,107,247,460,157,567,404
"Morganza_all/003272@29.58338335232,-90.7351493295893.jpg",1,92,250,427,150,519,400
"Morganza_all/003273@29.5832889180339,-90.7349442305551.jpg",1,137,244,415,153,552,397
"Morganza_all/003274@29.5832157692618,-90.7346731560732.jpg",2,202,239,439,158,641,397
"Morganza_all/003275@29.5831357159286,-90.7344679403785.jpg",1,176,252,413,137,589,389
"Morganza_all/003276@29.583091630628,-90.7342625098759.jpg",1,113,254,528,163,641,417
"Morganza_all/003277@29.5830258355584,-90.7340243009308.jpg",1,105,273,414,145,519,418
"Morganza_all/003278@29.5828081240447,-90.7335977938306.jpg",3,176,238,384,177,560,415
"Morganza_all/003279@29.5827569355063,-90.7334088611377.jpg",3,162,253,451,160,613,413
"Morganza_all/003280@29.5826840573644,-90.7332036043895.jpg",1,186,241,431,161,617,402
"Morganza_all/003281@29.5826110557001,-90.7329654402954.jpg",1,183,259,351,127,534,386
"Morganza_all/003282@29.5825304994969,-90.7326450509548.jpg",2,223,225,418,180,641,405
"Morganza_all/003283@29.5824923061073,-90.7321598661987.jpg",1,201,201,408,175,609,376
"Morganza_all/003284@29.5825271424303,-90.7319128444274.jpg",1,145,186,496,201,641,387
"Morganza_all/003285@29.5825405049758,-90.7316906170186.jpg",2,200,214,441,176,641,390
"Morganza_all/003286@29.5825609687746,-90.7314518926915.jpg",2,112,205,529,178,641,383
"Morganza_all/003287@29.5825383896881,-90.7312298812048.jpg",2,137,216,490,170,627,386
"Morganza_all/003288@29.5825443196045,-90.7309583358247.jpg",2,164,194,477,181,641,375
"Morganza_all/003289@29.5825217396821,-90.7307363244862.jpg",5,241,237,101,119,342,356
"Morganza_all/003290@29.5824990184656,-90.7304896485641.jpg",1,70,210,571,154,641,364
"Morganza_all/003291@29.5824690816953,-90.7302347733829.jpg",5,221,259,116,119,337,378
"Morganza_all/003292@29.5824608445977,-90.7300044646168.jpg",3,99,256,500,158,599,414
"Morganza_all/003293@29.5823297139847,-90.7296432318031.jpg",1,127,223,487,173,614,396
"Morganza_all/003294@29.5827174449174,-90.7295092611174.jpg",3,209,215,411,184,620,399
"Morganza_all/003295@29.5830545222985,-90.7293097777691.jpg",3,86,262,505,156,591,418
"Morganza_all/003296@29.5831559153506,-90.7294654977222.jpg",5,237,288,121,88,358,376
"Morganza_all/003297@29.5833006705828,-90.7296620766566.jpg",1,127,208,449,178,576,386
"Morganza_all/003298@29.5833877949228,-90.7298425490763.jpg",4,228,245,108,174,336,419
"Morganza_all/003299@29.5835181781828,-90.7300474584783.jpg",4,179,253,136,171,315,424
"Morganza_all/003300@29.5836415353326,-90.730285319444.jpg",1,153,195,488,175,641,370
"Morganza_all/003301@29.5837502557281,-90.7304739059448.jpg",1,119,190,434,199,553,389
"Morganza_all/003302@29.5838591544839,-90.7306953691151.jpg",3,119,222,473,167,592,389
"Morganza_all/003303@29.5839963629971,-90.7308179674271.jpg",2,143,189,498,192,641,381
"Morganza_all/003304@29.5841125518017,-90.7310640850636.jpg",3,248,224,280,157,528,381
"Morganza_all/003305@29.5842356048459,-90.7312361326712.jpg",2,143,207,498,170,641,377
"Morganza_all/003306@29.5843588567981,-90.7314575429441.jpg",1,74,204,475,184,549,388
"Morganza_all/003307@29.5846850669584,-90.7320232797529.jpg",1,199,222,432,175,631,397
"Morganza_all/003308@29.5847220918318,-90.7322534524727.jpg",1,90,210,435,175,525,385
"Morganza_all/003309@29.5847881539715,-90.7325492378981.jpg",1,194,183,404,188,598,371
"Morganza_all/003310@29.5848250270226,-90.7327464713814.jpg",1,97,215,522,169,619,384
"Morganza_all/003311@29.5848408784407,-90.7330672559374.jpg",1,183,247,416,144,599,391
"Morganza_all/003312@29.5847917335549,-90.733330854732.jpg",1,179,231,462,171,641,402
"Morganza_all/003313@29.584547844644,-90.7334639518599.jpg",5,179,293,216,135,395,428
"Morganza_all/003314@29.5843397836103,-90.7335721678204.jpg",5,240,282,121,90,361,372
"Morganza_all/003315@29.5841676906944,-90.7336801365231.jpg",1,99,208,431,198,530,406
"Morganza_all/003316@29.5839592907685,-90.7337142930649.jpg",5,276,320,90,103,366,423
"Morganza_all/003317@29.5837514175575,-90.7338636269587.jpg",3,112,249,365,159,477,408
"Morganza_all/003318@29.5835719318742,-90.7339305500854.jpg",1,118,230,390,169,508,399
"Morganza_all/003319@29.583385344062,-90.7340139383271.jpg",2,0,227,594,177,594,404
"Morganza_all/003320@29.5835238651716,-90.7344244679612.jpg",2,0,244,398,152,398,396
"Morganza_all/003321@29.583684244605,-90.734900717034.jpg",2,31,101,610,325,641,426
"Morganza_all/003322@29.5838633553138,-90.7347515572968.jpg",1,186,256,397,123,583,379
"Morganza_all/003323@29.5840932017516,-90.7346925773853.jpg",2,162,228,479,139,641,367
"Morganza_all/003324@29.584258230979,-90.7346093186955.jpg",4,288,302,177,108,465,410
"Morganza_all/003325@29.5844447440088,-90.7345094767939.jpg",4,355,300,143,124,498,424
"Morganza_all/003326@29.5843133901616,-90.7340906574218.jpg",1,35,222,562,181,597,403
"Morganza_all/003327@29.584090871426,-90.7341824724141.jpg",1,50,215,558,169,608,384
"Morganza_all/003328@29.5839258049462,-90.7342575204201.jpg",3,25,163,486,240,511,403
"Morganza_all/003329@29.583703351251,-90.7343575772124.jpg",3,57,189,558,200,615,389
"Morganza_all/003330@29.5832324396811,-90.7336034644843.jpg",3,0,187,552,224,552,411
"Morganza_all/003331@29.5834477807007,-90.7335116605144.jpg",5,211,266,189,147,400,413
"Morganza_all/003332@29.5836128946925,-90.7334530971675.jpg",5,232,277,221,147,453,424
"Morganza_all/003333@29.5838065362103,-90.733336756661.jpg",1,83,207,493,164,576,371
"Morganza_all/003334@29.5840217264023,-90.733212043648.jpg",1,185,244,339,155,524,399
"Morganza_all/003335@29.5840924678106,-90.7329565603093.jpg",1,91,193,519,200,610,393
"Morganza_all/003336@29.5841775529405,-90.732692779095.jpg",1,39,201,437,196,476,397
"Morganza_all/003337@29.5842702569116,-90.7325194355426.jpg",1,54,255,460,141,514,396
"Morganza_all/003338@29.5843123465191,-90.7322888204585.jpg",1,123,250,431,150,554,400
"Morganza_all/003339@29.5841521943987,-90.7318701774496.jpg",1,84,185,557,228,641,413
"Morganza_all/003340@29.5840076208589,-90.7317064699633.jpg",1,43,215,531,164,574,379
"Morganza_all/003341@29.5838988748829,-90.7315179132659.jpg",1,105,174,449,205,554,379
"Morganza_all/003342@29.583790004871,-90.7312964174875.jpg",3,130,197,423,202,553,399
"Morganza_all/003343@29.5836524566159,-90.7310997604494.jpg",1,82,202,484,186,566,388
"Morganza_all/003344@29.583579640237,-90.7309027460597.jpg",3,151,212,473,154,624,366
"Morganza_all/003345@29.583427936593,-90.7307555695851.jpg",1,172,203,434,176,606,379
"Morganza_all/003346@29.583318962135,-90.7305176219881.jpg",1,121,203,414,181,535,384
"Morganza_all/003347@29.5831381055474,-90.7302801077107.jpg",1,45,198,387,190,432,388
"Morganza_all/003348@29.5828424693198,-90.7301091340377.jpg",3,47,191,464,201,511,392
"Morganza_all/003349@29.5828121530721,-90.7297719892438.jpg",2,0,201,453,179,453,380
"Morganza_all/003350@29.5829168380876,-90.7306434647853.jpg",4,194,295,179,82,373,377
"Morganza_all/003351@29.5830329894887,-90.7308813683932.jpg",3,177,204,343,214,520,418
"Morganza_all/003352@29.5832067055361,-90.7311271378487.jpg",1,197,215,395,199,592,414
"Morganza_all/003353@29.5833084261638,-90.7313486751253.jpg",1,114,250,420,164,534,414
"Morganza_all/003354@29.5834316779286,-90.7315700834871.jpg",3,153,227,367,179,520,406
"Morganza_all/003355@29.5835475254971,-90.7317421423607.jpg",1,93,236,406,172,499,408
"Morganza_all/003356@29.5836709173818,-90.7319882481702.jpg",4,261,279,182,118,443,397
"Morganza_all/003357@29.5838082754565,-90.732143724434.jpg",3,85,223,474,200,559,423
"Morganza_all/003358@29.5838525903549,-90.7323985173038.jpg",2,160,217,481,185,641,402
"Morganza_all/003359@29.5837817746417,-90.7326375464927.jpg",3,128,261,408,138,536,399
"Morganza_all/003360@29.5836749523876,-90.7328685482913.jpg",1,191,244,399,153,590,397
"Morganza_all/003361@29.5834741718601,-90.7329931752415.jpg",1,176,246,423,156,599,402
"Morganza_all/003362@29.5832804930505,-90.7331013048315.jpg",2,195,237,446,172,641,409
"Morganza_all/003363@29.5830795239233,-90.7331847805517.jpg",2,93,198,548,210,641,408
"Morganza_all/003364@29.5830133602093,-90.7328725146516.jpg",1,30,174,489,215,519,389
"Morganza_all/003365@29.5829330780239,-90.7326179708938.jpg",5,275,311,125,104,400,415
"Morganza_all/003366@29.583271705749,-90.7327557857304.jpg",1,242,252,282,143,524,395
"Morganza_all/003367@29.5834647056639,-90.7324995705635.jpg",1,91,205,382,177,473,382
"Morganza_all/003368@29.5834348105949,-90.7322529349917.jpg",1,22,179,445,217,467,396
"Morganza_all/003369@29.5832396987509,-90.7320484115004.jpg",5,202,255,169,133,371,388
"Morganza_all/003370@29.5829024664604,-90.7322150098869.jpg",1,23,164,479,241,502,405
"Morganza_all/003371@29.5829087278202,-90.7320092785647.jpg",1,52,215,474,211,526,426
"Morganza_all/003372@29.5829504766847,-90.731704608595.jpg",2,0,217,431,199,431,416
"Morganza_all/003373@29.5829423279048,-90.7314989637257.jpg",2,12,241,449,176,461,417
"Morganza_all/003374@29.5829195977663,-90.7312440438047.jpg",1,5,238,485,176,490,414
"Morganza_all/003375@29.5834422957463,-90.7370413193926.jpg",1,3,222,483,147,486,369
"Morganza_all/003376@29.5836121072138,-90.7364314658855.jpg",1,154,237,293,139,447,376
"Morganza_all/003377@29.5833747082455,-90.7364082149528.jpg",1,159,262,337,112,496,374
"Morganza_all/003378@29.583103971799,-90.7369692736668.jpg",1,138,222,392,156,530,378
"Morganza_all/003379@29.5831585784745,-90.7363272316576.jpg",3,175,242,323,154,498,396
"Morganza_all/003380@29.5828085688987,-90.7368476416336.jpg",3,12,203,491,178,503,381
"Morganza_all/003381@29.5829424760079,-90.7362462170875.jpg",2,0,237,570,179,570,416
"Morganza_all/003382@29.5824985966188,-90.7366849144843.jpg",5,299,286,190,105,489,391
"Morganza_all/003383@29.5822250420323,-90.7366207275541.jpg",4,313,324,123,113,436,437
"Morganza_all/003384@29.5822361264346,-90.7358966484496.jpg",3,229,216,265,163,494,379
"Morganza_all/003385@29.5824379596645,-90.7360024123091.jpg",4,314,301,124,105,438,406
"Morganza_all/003386@29.5826109915711,-90.7361001055059.jpg",1,3,232,601,195,604,427
"Morganza_all/003387@29.5826449352958,-90.7356556398421.jpg",1,276,210,342,157,618,367
"Morganza_all/003388@29.5825934595068,-90.7354091027536.jpg",1,106,222,365,160,471,382
"Morganza_all/003389@29.5825202742265,-90.7351298186813.jpg",3,114,215,492,166,606,381
"Morganza_all/003390@29.5824110823659,-90.7348425073563.jpg",3,169,184,443,219,612,403
"Morganza_all/003391@29.58234547628,-90.7346454496223.jpg",2,105,228,536,186,641,414
"Morganza_all/003392@29.58224371355,-90.7344074572826.jpg",2,209,228,428,161,637,389
"Morganza_all/003393@29.5821272777594,-90.7341119480806.jpg",5,282,235,171,121,453,356
"Morganza_all/003394@29.5817683709686,-90.7342539704804.jpg",3,156,206,326,169,482,375
"Morganza_all/003395@29.5818316363339,-90.7339327221221.jpg",2,105,192,536,223,641,415
"Morganza_all/003396@29.5819304653872,-90.7335289900128.jpg",2,0,231,467,183,467,414
"Morganza_all/003397@29.5819652767916,-90.7332819702682.jpg",2,80,251,317,120,397,371
"Morganza_all/003398@29.5821075405485,-90.7329355502244.jpg",4,262,290,202,143,464,433
"Morganza_all/003399@29.5822902749746,-90.7335844404947.jpg",1,162,225,313,154,475,379
"Morganza_all/003400@29.5824852337816,-90.7337560261398.jpg",1,134,268,320,107,454,375
"Morganza_all/003401@29.5825582716929,-90.7340024331069.jpg",1,53,249,414,131,467,380
"Morganza_all/003402@29.5826527074542,-90.734207529757.jpg",1,13,232,403,175,416,407
"Morganza_all/003403@29.5827257445166,-90.7344539374655.jpg",1,58,265,341,130,399,395
"Morganza_all/003404@29.5828348244602,-90.7347165528724.jpg",1,68,211,398,173,466,384
"Morganza_all/003405@29.5829734661733,-90.7351600204484.jpg",1,24,232,528,179,552,411
"Morganza_all/003406@29.5830608355962,-90.7353898583431.jpg",1,19,235,492,164,511,399
"Morganza_all/003407@29.5831124339513,-90.7356693043846.jpg",3,93,242,469,150,562,392
"Morganza_all/003408@29.5830849451805,-90.7359491909584.jpg",3,114,254,306,128,420,382
"Morganza_all/003409@29.5815716080701,-90.7352588740123.jpg",4,237,283,177,104,414,387
"Morganza_all/003410@29.5821037700393,-90.7321128359417.jpg",4,242,262,166,156,408,418
"Morganza_all/003411@29.5821386919357,-90.7318904800395.jpg",4,225,246,194,145,419,391
"Morganza_all/003412@29.582144726239,-90.7316353892791.jpg",1,72,227,324,137,396,364
"Morganza_all/003413@29.5821576728484,-90.7313226832589.jpg",4,252,273,134,126,386,399
"Morganza_all/003414@29.5821203818436,-90.7310349447042.jpg",4,293,267,104,117,397,384
"Morganza_all/003415@29.5821049035982,-90.7307964374578.jpg",3,90,216,305,162,395,378
"Morganza_all/003416@29.5820676870976,-90.7305251528993.jpg",1,72,208,356,164,428,372
"Morganza_all/003417@29.5820522458408,-90.7302948884102.jpg",3,119,231,306,137,425,368
"Morganza_all/003418@29.5820366148108,-90.7300234741539.jpg",1,85,224,298,138,383,362
"Morganza_all/003419@29.5820067908336,-90.729793296476.jpg",2,55,224,586,191,641,415
"Morganza_all/003420@29.5856971279571,-90.7368141725942.jpg",1,174,258,319,113,493,371
"Morganza_all/003421@29.5857748955141,-90.7372855473858.jpg",1,211,268,209,86,420,354
"Morganza_all/003422@29.5846059708236,-90.7356960696663.jpg",6,213,265,276,152,489,417
"Morganza_all/003423@29.5857237612778,-90.7351153099621.jpg",6,168,189,215,248,383,437
"Morganza_all/003424@29.5866025067014,-90.7348741245662.jpg",4,200,279,157,132,357,411
"Morganza_all/003425@29.5863528547759,-90.7343958785304.jpg",1,278,184,236,175,514,359
"Morganza_all/003426@29.5873952079543,-90.7393914539143.jpg",1,61,221,454,189,515,410
"Morganza_all/003427@29.5879707932883,-90.7389895635788.jpg",4,207,321,169,118,376,439
"Morganza_all/003428@29.5875465468199,-90.738404892615.jpg",6,132,266,269,118,401,384
"Morganza_all/003429@29.5873977063137,-90.7379234226287.jpg",5,272,276,133,114,405,390
"Morganza_all/003430@29.5871414689487,-90.738008825199.jpg",5,298,298,150,148,448,446
"Morganza_all/003431@29.5869222005266,-90.7381569326489.jpg",5,185,262,203,190,388,452
"Morganza_all/003432@29.5875142854707,-90.7373564638454.jpg",2,149,174,492,220,641,394
"Morganza_all/003433@29.5872947044429,-90.7374416813337.jpg",2,143,215,498,176,641,391
"Morganza_all/003434@29.5870015255884,-90.737464379728.jpg",3,208,221,433,166,641,387
"Morganza_all/003435@29.5866817533962,-90.737686487841.jpg",2,141,160,500,251,641,411
"Morganza_all/003436@29.5873284036582,-90.7367913367334.jpg",1,123,208,448,163,571,371
"Morganza_all/003437@29.5872263046855,-90.7365088128009.jpg",1,109,215,462,160,571,375
"Morganza_all/003438@29.5869951318279,-90.736059300692.jpg",1,175,244,368,128,543,372
"Morganza_all/003439@29.5865324608899,-90.7371001615917.jpg",1,179,213,337,134,516,347
"Morganza_all/003440@29.5863477710123,-90.7367971775837.jpg",1,163,187,413,166,576,353
"Morganza_all/003441@29.5861809923722,-90.7363997010961.jpg",1,201,231,354,116,555,347
"Morganza_all/003442@29.5864370854188,-90.7362828337159.jpg",1,269,222,216,122,485,344
"Morganza_all/003443@29.586720438339,-90.7361133867503.jpg",1,215,267,228,89,443,356
"Morganza_all/003444@29.5862813687379,-90.7383180209453.jpg",1,122,236,427,102,549,338
"Morganza_all/003445@29.5873502009406,-90.7405845012613.jpg",1,231,230,396,162,627,392
"Morganza_all/003446@29.5871925373553,-90.7406798221668.jpg",5,275,277,136,83,411,360
"Morganza_all/003447@29.5870417482447,-90.7407750706367.jpg",3,138,182,456,231,594,413
"Morganza_all/003448@29.5868838712421,-90.7408231984601.jpg",1,157,233,446,168,603,401
"Morganza_all/003449@29.5867400713782,-90.7409498675332.jpg",1,121,222,450,169,571,391
"Morganza_all/003450@29.5866166032818,-90.7410056570379.jpg",4,220,278,141,142,361,420
"Morganza_all/003451@29.5864452609323,-90.7411167571841.jpg",5,197,277,120,148,317,425
"Morganza_all/003452@29.5863219703914,-90.7412118731725.jpg",5,295,294,153,108,448,402
"Morganza_all/003453@29.5861709679128,-90.7412599593214.jpg",2,104,213,537,187,641,400
"Morganza_all/003454@29.5860113579374,-90.7409305809593.jpg",2,0,233,618,196,618,429
"Morganza_all/003455@29.5861484963828,-90.7408511455936.jpg",1,95,238,438,163,533,401
"Morganza_all/003456@29.5863131058862,-90.7407715160162.jpg",1,94,204,434,200,528,404
"Morganza_all/003457@29.5864501100667,-90.7406684842142.jpg",1,123,216,404,178,527,394
"Morganza_all/003458@29.5865735424597,-90.7406048289963.jpg",5,196,271,177,139,373,410
"Morganza_all/003459@29.5867449909327,-90.7405172925815.jpg",1,126,240,418,163,544,403
"Morganza_all/003460@29.5868957798572,-90.7404220440058.jpg",1,137,239,378,154,515,393
"Morganza_all/003461@29.5870327399607,-90.7403032486493.jpg",1,163,229,365,159,528,388
"Morganza_all/003462@29.5875237822965,-90.7409688291017.jpg",1,87,267,409,142,496,409
"Morganza_all/003463@29.5873867069594,-90.7410561621506.jpg",4,248,263,202,201,450,464
"Morganza_all/003464@29.5872427212061,-90.7411356387043.jpg",3,0,263,380,171,380,434
"Morganza_all/003465@29.5870781905569,-90.7412388648753.jpg",3,50,249,377,165,427,414
"Morganza_all/003466@29.5869411504136,-90.7413340311238.jpg",3,81,249,299,162,380,411
"Morganza_all/003467@29.5867833442327,-90.7413978888319.jpg",4,246,247,220,204,466,451
"Morganza_all/003468@29.5866463751289,-90.7415088168369.jpg",4,279,286,170,154,449,440
"Morganza_all/003469@29.5865093702886,-90.7416118476913.jpg",1,41,244,384,175,425,419
"Morganza_all/003470@29.5863652503496,-90.7416677582509.jpg",1,19,201,356,191,375,392
"Morganza_all/003471@29.5862146024793,-90.7417944658967.jpg",4,250,291,143,167,393,458
"Morganza_all/003472@29.5860085668017,-90.7418350105708.jpg",1,193,270,200,97,393,367
"Morganza_all/003473@29.5858565349988,-90.7416550323923.jpg",1,211,266,244,105,455,371
"Morganza_all/003474@29.585834952468,-90.7414428217108.jpg",1,117,248,371,163,488,411
"Morganza_all/003475@29.585758683766,-90.7412938587071.jpg",1,20,239,435,195,455,434
"Morganza_all/003476@29.5856822806666,-90.7411212686701.jpg",1,70,250,296,148,366,398
"Morganza_all/003477@29.5855303189628,-90.7409570227784.jpg",3,186,269,194,114,380,383
"Morganza_all/003478@29.5855294304669,-90.7407604215292.jpg",3,152,261,231,102,383,363
"Morganza_all/003479@29.585645454981,-90.7405788593881.jpg",1,152,267,253,115,405,382
"Morganza_all/003480@29.585789503326,-90.740507217006.jpg",1,93,272,368,129,461,401
"Morganza_all/003481@29.5859678977091,-90.7404354025583.jpg",1,72,270,425,143,497,413
"Morganza_all/003482@29.5861325781111,-90.7403715031524.jpg",1,56,261,411,145,467,406
"Morganza_all/003483@29.58628340237,-90.7402840888455.jpg",1,46,249,425,154,471,403
"Morganza_all/003484@29.5864134603076,-90.7401653663666.jpg",1,93,257,337,140,430,397
"Morganza_all/003485@29.5865850152628,-90.7401014255125.jpg",4,268,308,168,93,436,401
"Morganza_all/003486@29.5867151442292,-90.7399984332412.jpg",1,102,270,369,140,471,410
"Morganza_all/003487@29.5868592278543,-90.7399346546716.jpg",1,105,267,325,155,430,422
"Morganza_all/003488@29.5870237301212,-90.7398314582085.jpg",4,263,339,101,122,364,461
"Morganza_all/003489@29.58682930758,-90.7394000640932.jpg",2,179,195,462,238,641,433
"Morganza_all/003490@29.586644430969,-90.7395584411159.jpg",2,0,265,413,137,413,402
"Morganza_all/003491@29.5864113245158,-90.739693506646.jpg",1,40,250,399,162,439,412
"Morganza_all/003492@29.5861711653354,-90.7397893169553.jpg",1,71,227,410,178,481,405
"Morganza_all/003493@29.5859586389963,-90.7399085282678.jpg",3,44,240,401,146,445,386
"Morganza_all/003494@29.5857186220394,-90.7400357989202.jpg",1,84,212,405,211,489,423
"Morganza_all/003495@29.5854582654376,-90.7402260820676.jpg",1,29,221,351,189,380,410
"Morganza_all/003496@29.5852663983344,-90.7403530347844.jpg",2,0,231,398,177,398,408
"Morganza_all/003497@29.585088146418,-90.7404563414313.jpg",1,20,255,351,147,371,402
"Morganza_all/003498@29.5848137553464,-90.7405837816343.jpg",2,0,242,417,170,417,412
"Morganza_all/003499@29.5846493235889,-90.7407027050632.jpg",5,250,280,172,162,422,442
"Morganza_all/003500@29.584395698664,-90.7408615143641.jpg",2,0,233,380,209,380,442
"Morganza_all/003501@29.5842242142685,-90.7409411514697.jpg",2,277,263,140,168,417,431
"Morganza_all/003502@29.5839704744228,-90.7410684985859.jpg",2,0,224,420,207,420,431
"Morganza_all/003503@29.5837647940976,-90.7411876640832.jpg",3,73,226,313,190,386,416
"Morganza_all/003504@29.5834835986539,-90.7413308715301.jpg",1,37,229,437,172,474,401
"Morganza_all/003505@29.5830158118208,-90.7412471493989.jpg",2,9,109,621,286,630,395
"Morganza_all/003506@29.5828593902413,-90.7416176806764.jpg",1,99,217,344,177,443,394
"Morganza_all/003507@29.5826611519243,-90.7418626444533.jpg",1,41,227,389,164,430,391
"Morganza_all/003508@29.5824622746013,-90.741966036037.jpg",3,0,211,455,190,455,401
"Morganza_all/003509@29.582153855327,-90.7421644569015.jpg",2,0,217,461,178,461,395
"Morganza_all/003510@29.5819891740349,-90.7422283508211.jpg",2,0,221,395,176,395,397
"Morganza_all/003511@29.5816945471398,-90.7424424190018.jpg",2,0,208,397,199,397,407
"Morganza_all/003512@29.5814545197535,-90.7425618130128.jpg",1,25,227,494,177,519,404
"Morganza_all/003513@29.5814452695855,-90.7420349622675.jpg",3,146,203,408,209,554,412
"Morganza_all/003514@29.5816917455024,-90.7418211777829.jpg",3,174,219,364,194,538,413
"Morganza_all/003515@29.5822265045601,-90.7415113374559.jpg",1,183,207,451,200,634,407
"Morganza_all/003516@29.5824254524078,-90.7414236438821.jpg",1,164,213,332,201,496,414
"Morganza_all/003517@29.5825887836617,-90.7410609383314.jpg",1,70,193,515,192,585,385
"Morganza_all/003518@29.5826903401901,-90.7407142962421.jpg",3,164,215,340,189,504,404
"Morganza_all/003519@29.58279190402,-90.7403755501661.jpg",1,119,250,308,145,427,395
"Morganza_all/003520@29.5829006183126,-90.740091818229.jpg",1,77,192,375,203,452,395
"Morganza_all/003521@29.5829885734604,-90.7397845812688.jpg",1,81,185,443,202,524,387
"Morganza_all/003522@29.5830698944617,-90.7395245750559.jpg",1,115,185,455,215,570,400
"Morganza_all/003523@29.583123688843,-90.7392647631482.jpg",3,99,221,359,171,458,392
"Morganza_all/003524@29.5831630119389,-90.738839864826.jpg",1,102,208,419,198,521,406
"Morganza_all/003525@29.5831066232296,-90.7385334831486.jpg",1,37,187,432,209,469,396
"Morganza_all/003526@29.5831250341964,-90.7380457862289.jpg",1,195,232,355,139,550,371
"Morganza_all/003527@29.5837227638399,-90.7379793420473.jpg",2,216,269,425,145,641,414
"Morganza_all/003528@29.5841552782575,-90.7378587899124.jpg",1,148,157,447,218,595,375
"Morganza_all/003529@29.5843544381714,-90.7378183101456.jpg",3,121,186,451,224,572,410
"Morganza_all/003530@29.5846565477986,-90.7377457247858.jpg",3,179,237,321,145,500,382
"Morganza_all/003531@29.584959550509,-90.7378697390896.jpg",1,221,240,332,142,553,382
"Morganza_all/003532@29.5850092803108,-90.7382233585125.jpg",2,183,219,458,162,641,381
"Morganza_all/003533@29.5850994446508,-90.7384036974822.jpg",1,207,201,430,189,637,390
"Morganza_all/003534@29.5852244376806,-90.7386781844381.jpg",2,226,197,415,191,641,388
"Morganza_all/003535@29.5853492244739,-90.7389133772357.jpg",1,139,174,429,221,568,395
"Morganza_all/003536@29.5855089544448,-90.7392741801322.jpg",1,154,232,381,153,535,385
"Morganza_all/003537@29.5856066251614,-90.7395881903578.jpg",1,138,257,337,152,475,409
"Morganza_all/003538@29.5857708421221,-90.7394220720014.jpg",1,142,223,401,155,543,378
"Morganza_all/003539@29.586038436646,-90.7393182329181.jpg",3,113,160,418,249,531,409
"Morganza_all/003540@29.5862579359223,-90.7392147100431.jpg",2,128,189,513,198,641,387
"Morganza_all/003541@29.5864223305292,-90.7390878854218.jpg",3,144,188,497,205,641,393
"Morganza_all/003542@29.5866484903514,-90.738937128475.jpg",2,242,226,399,177,641,403
"Morganza_all/003543@29.5852363729389,-90.7397948567278.jpg",1,23,211,542,215,565,426
"Morganza_all/003544@29.5850445499561,-90.7399375406923.jpg",2,203,212,438,217,641,429
"Morganza_all/003545@29.5848594592735,-90.7400487538287.jpg",1,167,176,474,225,641,401
"Morganza_all/003546@29.5846262455446,-90.740160220099.jpg",2,181,219,460,191,641,410
"Morganza_all/003547@29.5844069945697,-90.7403187957555.jpg",1,86,215,483,177,569,392
"Morganza_all/003548@29.584228671532,-90.7404063711647.jpg",2,251,218,390,186,641,404
"Morganza_all/003549@29.5839888236943,-90.7405650675515.jpg",1,188,223,453,176,641,399
"Morganza_all/003550@29.5837693590382,-90.7406764817526.jpg",1,221,196,404,198,625,394
"Morganza_all/003551@29.583550071887,-90.7408271897695.jpg",1,208,170,433,248,641,418
"Morganza_all/003552@29.5831306998571,-90.7408139399959.jpg",4,243,306,223,150,466,456
"Morganza_all/003553@29.5832524886475,-90.7403806887367.jpg",1,59,196,495,207,554,403
"Morganza_all/003554@29.5836506675657,-90.7402682476981.jpg",3,5,168,541,213,546,381
"Morganza_all/003555@29.5838083308658,-90.7401729295155.jpg",1,77,204,426,200,503,404
"Morganza_all/003556@29.5840001897057,-90.7400381129509.jpg",3,63,190,459,214,522,404
"Morganza_all/003557@29.5841920563676,-90.7399111297749.jpg",5,161,257,310,200,471,457
"Morganza_all/003558@29.5843772539039,-90.7398235442387.jpg",1,16,185,523,219,539,404
"Morganza_all/003559@29.584548630638,-90.7397202779442.jpg",1,8,196,476,191,484,387
"Morganza_all/003560@29.5847337924258,-90.7396248264979.jpg",1,101,195,413,222,514,417
"Morganza_all/003561@29.5849188471228,-90.7395057474577.jpg",1,130,196,442,209,572,405
"Morganza_all/003562@29.5850970628003,-90.7393946054808.jpg",2,21,199,620,215,641,414
"Morganza_all/003563@29.5848889525968,-90.738971167201.jpg",3,54,201,399,223,453,424
"Morganza_all/003564@29.5847365326402,-90.738712543091.jpg",5,163,321,328,182,491,503
"Morganza_all/003565@29.5846599753529,-90.7385006618859.jpg",3,79,189,345,220,424,409
"Morganza_all/003566@29.5845490524918,-90.738296850616.jpg",2,13,201,492,251,505,452
"Morganza_all/003567@29.5842333716542,-90.7384088419398.jpg",1,74,247,416,157,490,404
"Morganza_all/003568@29.5842617981034,-90.7386131425454.jpg",2,0,174,466,296,466,470
"Morganza_all/003569@29.5843522390821,-90.7388485368634.jpg",4,279,294,163,137,442,431
"Morganza_all/003570@29.5844432223682,-90.7392097438681.jpg",1,43,173,550,247,593,420
"Morganza_all/003571@29.5847038625907,-90.7390823504895.jpg",1,83,210,369,219,452,429
"Morganza_all/003572@29.5841417888632,-90.7394317319747.jpg",1,0,188,606,232,606,420
"Morganza_all/003573@29.5839017722158,-90.7395589700003.jpg",2,194,210,447,199,641,409
"Morganza_all/003574@29.5837029680918,-90.7396781292286.jpg",3,131,216,423,185,554,401
"Morganza_all/003575@29.5834562464454,-90.7398368672631.jpg",1,74,234,449,204,523,438
"Morganza_all/003576@29.5836049687091,-90.7392854731532.jpg",1,51,193,474,208,525,401
"Morganza_all/003577@29.5836035073614,-90.7389630646545.jpg",1,29,202,524,196,553,398
"Morganza_all/003578@29.5838846013822,-90.7388041201948.jpg",3,136,215,413,192,549,407
"Morganza_all/003579@29.5835399946417,-90.738601697779.jpg",4,256,303,159,115,415,418
"Morganza_all/003580@29.580776120909,-90.7413151619491.jpg",4,305,294,144,115,449,409
"Morganza_all/003581@29.5810051413284,-90.7410787657348.jpg",3,37,193,437,209,474,402
"Morganza_all/003582@29.5814223529225,-90.7406626523238.jpg",2,10,204,631,229,641,433
"Morganza_all/003583@29.5818898464998,-90.7404624686828.jpg",1,156,213,379,204,535,417
"Morganza_all/003584@29.5822410087499,-90.7399809237566.jpg",1,84,201,553,203,637,404
"Morganza_all/003585@29.5823950760303,-90.7395287646056.jpg",2,91,190,550,206,641,396
"Morganza_all/003586@29.5824592069485,-90.7391711434656.jpg",3,219,210,407,186,626,396
"Morganza_all/003587@29.5824331768088,-90.7388704667994.jpg",1,172,207,469,188,641,395
"Morganza_all/003588@29.5823824492457,-90.7385511232124.jpg",1,163,221,478,174,641,395
"Morganza_all/003589@29.5821243291874,-90.7378099559932.jpg",1,100,208,541,194,641,402
"Morganza_all/003590@29.5819416299859,-90.7373879868561.jpg",3,121,251,480,138,601,389
"Morganza_all/003591@29.58157044371,-90.7370799600955.jpg",3,150,215,491,189,641,404
"Morganza_all/003592@29.5813478996324,-90.736930870981.jpg",5,272,292,122,119,394,411
"Morganza_all/003593@29.5810352664808,-90.7368481348162.jpg",1,197,221,438,176,635,397
"Morganza_all/003594@29.5807880557615,-90.736699193946.jpg",2,0,159,546,236,546,395
"Morganza_all/003595@29.5805852915276,-90.7372832709541.jpg",4,240,245,239,187,479,432
"Morganza_all/003596@29.5808570549438,-90.7374132534387.jpg",5,233,331,176,106,409,437
"Morganza_all/003597@29.5811202543657,-90.7374680965103.jpg",1,106,223,418,181,524,404
"Morganza_all/003598@29.5815818708484,-90.7377849924042.jpg",1,46,190,448,186,494,376
"Morganza_all/003599@29.5818550424177,-90.7382252053448.jpg",2,0,203,540,208,540,411
"Morganza_all/003600@29.5819060115154,-90.7385915482995.jpg",2,95,199,534,189,629,388
"Morganza_all/003601@29.5819730829137,-90.7388826043697.jpg",1,70,235,411,171,481,406
"Morganza_all/003602@29.5819831099089,-90.7392867867747.jpg",1,34,216,413,190,447,406
"Morganza_all/003603@29.5819022638501,-90.7395786889369.jpg",4,265,281,136,125,401,406
"Morganza_all/003604@29.5816577230028,-90.7400125995797.jpg",4,241,236,136,117,377,353
"Morganza_all/003605@29.5811413926717,-90.7403164853704.jpg",1,121,197,499,213,620,410
"Morganza_all/003606@29.580887819672,-90.7405718109559.jpg",1,106,196,414,223,520,419
"Morganza_all/003607@29.5805930506514,-90.7408085970107.jpg",2,92,147,549,282,641,429
"Morganza_all/003608@29.5806048169039,-90.7397744198314.jpg",6,216,267,233,112,449,379
"Morganza_all/003609@29.5815294207768,-90.738904019632.jpg",1,148,192,292,170,440,362
"Morganza_all/003610@29.5815037160834,-90.7386691599115.jpg",2,0,188,438,215,438,403
"Morganza_all/003611@29.5815108291433,-90.7384246671429.jpg",5,216,281,184,150,400,431
"Morganza_all/003612@29.58104316812,-90.7385872650514.jpg",1,35,115,555,327,590,442
"Morganza_all/003613@29.5809680722175,-90.7383338864816.jpg",5,214,309,231,142,445,451
"Morganza_all/003614@29.5803614427241,-90.738657128352.jpg",5,312,303,102,104,414,407
"Morganza_all/003615@29.5804743217028,-90.7381770002929.jpg",3,41,171,469,244,510,415
"Morganza_all/003616@29.5810482324156,-90.7378915766285.jpg",2,83,126,558,301,641,427
"Morganza_all/003617@29.5808672421572,-90.7378456504386.jpg",2,129,124,512,325,641,449
"Morganza_all/003618@29.5806449552278,-90.7377529679024.jpg",1,35,99,522,310,557,409
"Morganza_all/003619@29.580455657315,-90.7376882781805.jpg",3,250,107,391,309,641,416
"Morganza_all/003620@29.5787451722471,-90.739636571569.jpg",3,150,211,457,188,607,399
"Morganza_all/003621@29.5784978832421,-90.7396457135407.jpg",3,208,269,376,135,584,404
"Morganza_all/003622@29.5782101127918,-90.7395632957757.jpg",3,191,210,374,179,565,389
"Morganza_all/003623@29.5777676960803,-90.7392830019003.jpg",3,81,205,557,181,638,386
"Morganza_all/003624@29.5780396758978,-90.7388302249224.jpg",3,40,201,413,187,453,388
"Morganza_all/003625@29.578104895017,-90.738470441689.jpg",3,184,208,392,201,576,409
"Morganza_all/003626@29.5782162635171,-90.7379727471921.jpg",4,247,252,200,163,447,415
"Morganza_all/003627@29.5783609368624,-90.7374519192355.jpg",3,164,221,420,166,584,387
"Morganza_all/003628@29.5783657067638,-90.7370313358566.jpg",1,191,232,385,162,576,394
"Morganza_all/003629@29.5784036004498,-90.7365417209583.jpg",2,0,215,532,214,532,429
"Morganza_all/003630@29.5786578224849,-90.7365937195703.jpg",1,101,232,268,165,369,397
"Morganza_all/003631@29.578831649367,-90.7366003287309.jpg",1,70,272,428,143,498,415
"Morganza_all/003632@29.579065685747,-90.736621900254.jpg",2,228,217,413,197,641,414
"Morganza_all/003633@29.5789608653535,-90.7370889509302.jpg",3,178,223,376,167,554,390
"Morganza_all/003634@29.5788761595111,-90.73757120199.jpg",1,211,248,376,139,587,387
"Morganza_all/003635@29.5788372128633,-90.7378237741194.jpg",1,207,250,402,126,609,376
"Morganza_all/003636@29.5787602622576,-90.7385430286124.jpg",1,258,174,332,217,590,391
"Morganza_all/003637@29.5786813664081,-90.7388340609993.jpg",1,190,229,354,168,544,397
"Morganza_all/003638@29.5786489955606,-90.7390636588401.jpg",1,246,197,362,190,608,387
"Morganza_all/003639@29.579123527338,-90.7361168732399.jpg",1,139,86,421,300,560,386
"Morganza_all/003640@29.5789028204379,-90.736087578624.jpg",1,92,171,453,220,545,391
"Morganza_all/003641@29.5786752224887,-90.7360124881131.jpg",3,84,229,472,171,556,400
"Morganza_all/003642@29.5785859910749,-90.7355006957602.jpg",3,81,201,353,168,434,369
"Morganza_all/003643@29.57860456522,-90.7351717659464.jpg",3,118,179,371,182,489,361
"Morganza_all/003644@29.5790598319268,-90.73533726401.jpg",3,43,179,409,203,452,382
"Morganza_all/003645@29.578675032235,-90.7345060934393.jpg",4,188,254,241,175,429,429
"Morganza_all/003646@29.5790541405356,-90.7340909137505.jpg",1,174,199,436,195,610,394
"Morganza_all/003647@29.5791890699475,-90.7343653823124.jpg",4,206,248,296,150,502,398
"Morganza_all/003648@29.579323754383,-90.7345863393862.jpg",1,208,240,329,165,537,405
"Morganza_all/003649@29.5795453692381,-90.7348143909591.jpg",2,115,276,526,97,641,373
"Morganza_all/003650@29.5856544463566,-90.7364752966127.jpg",1,189,220,289,189,478,409
"Morganza_all/003651@29.5783937476456,-90.732314520636.jpg",3,182,178,352,212,534,390
"Morganza_all/003652@29.581300451553,-90.7380537045684.jpg",2,285,116,356,275,641,391
"Morganza_all/003653@29.5809989464789,-90.7387746556113.jpg",4,277,223,147,158,424,381
"Morganza_all/003654@29.581658468441,-90.5034652002184.jpg",6,150,249,262,127,412,376
"Morganza_all/003655@29.5667251456298,-90.6476181910083.jpg",1,164,300,365,104,529,404
"Morganza_all/003656@29.5670460834967,-90.6478212786514.jpg",1,293,286,228,101,521,387
"Morganza_all/003657@29.5672733688215,-90.6480160431934.jpg",1,246,285,297,97,543,382
"Morganza_all/003658@29.5675159659002,-90.6481571962877.jpg",1,279,266,296,99,575,365
"Morganza_all/003659@29.56796225956,-90.6484575749831.jpg",1,324,238,236,109,560,347
"Morganza_all/003660@29.5682204287169,-90.648589689945.jpg",4,213,268,101,132,314,400
"Morganza_all/003661@29.5684089255976,-90.6488293922852.jpg",3,230,262,249,100,479,362
"Morganza_all/003662@29.5686358832617,-90.6489616905706.jpg",4,280,292,103,97,383,389
"Morganza_all/003664@29.5690904505457,-90.6493512948073.jpg",1,311,255,235,123,546,378
"Morganza_all/003667@29.5697797556844,-90.6498731827903.jpg",1,214,249,302,131,516,380
"Morganza_all/003668@29.5711899695533,-90.6509881110403.jpg",1,257,253,303,142,560,395
"Morganza_all/003669@29.5713941740745,-90.6512455545648.jpg",1,294,265,235,106,529,371
"Morganza_all/003670@29.5716288187702,-90.6513600047765.jpg",3,289,266,217,114,506,380
"Morganza_all/003671@29.5718950730797,-90.6515456183942.jpg",1,288,287,268,116,556,403
"Morganza_all/003672@29.5728114164976,-90.652217683404.jpg",1,288,298,335,145,623,443
"Morganza_all/003673@29.5730538699507,-90.6523320844177.jpg",1,282,297,327,143,609,440
"Morganza_all/003674@29.5733433387732,-90.6524818402033.jpg",2,262,280,379,154,641,434
"Morganza_all/003675@29.5735780286113,-90.6526051979667.jpg",3,229,295,331,110,560,405
"Morganza_all/003676@29.5741113860079,-90.6531460276734.jpg",6,239,262,234,93,473,355
"Morganza_all/003677@29.5745102637087,-90.6533307502774.jpg",6,124,255,372,170,496,425
"Morganza_all/003678@29.5747371242902,-90.6534452302984.jpg",6,189,265,244,164,433,429
"Morganza_all/003679@29.5749952883834,-90.653577367051.jpg",6,120,279,343,109,463,388
"Morganza_all/003681@29.5755657383196,-90.6537520260473.jpg",6,51,270,408,204,459,474
"Morganza_all/003682@29.5759568516807,-90.6539457093582.jpg",6,212,268,231,140,443,408
"Morganza_all/003683@29.5762780845792,-90.6542023776547.jpg",6,163,248,299,153,462,401
"Morganza_all/003684@29.5765286694997,-90.6543792106236.jpg",6,150,261,331,174,481,435
"Morganza_all/003685@29.5767089762313,-90.6545475547874.jpg",6,112,247,324,171,436,418
"Morganza_all/003686@29.5769593758413,-90.6546886840845.jpg",4,302,272,133,133,435,405
"Morganza_all/003687@29.5771866510769,-90.6548835149434.jpg",1,255,269,230,104,485,373
"Morganza_all/003688@29.5774139720845,-90.6550872494572.jpg",3,298,285,234,82,532,367
"Morganza_all/003689@29.5776177531205,-90.6552644034827.jpg",3,250,257,247,112,497,369
"Morganza_all/003691@29.5780878009367,-90.6556360971889.jpg",3,261,281,271,99,532,380
"Morganza_all/003692@29.5783384761009,-90.6558307741049.jpg",3,259,260,331,122,590,382
"Morganza_all/003693@29.5787466990994,-90.6578273948048.jpg",6,238,266,149,101,387,367
"Morganza_all/003694@29.5784769095442,-90.6569545008394.jpg",6,203,267,224,102,427,369
"Morganza_all/003695@29.5786129211014,-90.6560966740696.jpg",1,275,265,355,114,630,379
"Morganza_all/003696@29.5788872736077,-90.6563447696868.jpg",3,300,274,295,122,595,396
"Morganza_all/003697@29.5791694350942,-90.6565927824385.jpg",1,200,273,428,114,628,387
"Morganza_all/003698@29.5794281486604,-90.656832020231.jpg",1,257,229,350,158,607,387
"Morganza_all/003699@29.5796399670827,-90.6570537378606.jpg",1,251,264,388,131,639,395
"Morganza_all/003700@29.5799775220528,-90.6574531458352.jpg",5,274,270,170,101,444,371
"Morganza_all/003701@29.5779298779318,-90.6582970615935.jpg",1,197,265,306,177,503,442
"Morganza_all/003702@29.577608358702,-90.6579778989283.jpg",3,258,276,162,112,420,388
"Morganza_all/003703@29.5774353783909,-90.657720215186.jpg",1,208,277,183,110,391,387
"Morganza_all/003704@29.5772401464889,-90.6576858254015.jpg",1,216,292,197,100,413,392
"Morganza_all/003705@29.577066567344,-90.6573121243523.jpg",6,247,298,197,84,444,382
"Morganza_all/003709@29.5754310057353,-90.6563591952297.jpg",1,37,273,462,142,499,415
"Morganza_all/003710@29.5748439717213,-90.6559972019447.jpg",1,113,226,486,169,599,395
"Morganza_all/003711@29.5742563368551,-90.6555191974097.jpg",4,285,259,139,138,424,397
"Morganza_all/003712@29.5739588311812,-90.6553248776485.jpg",3,225,309,296,114,521,423
"Morganza_all/003713@29.5736615372752,-90.6551662315192.jpg",3,193,283,295,131,488,414
"Morganza_all/003714@29.5733720713587,-90.6550164360432.jpg",1,163,309,434,131,597,440
"Morganza_all/003715@29.5730356641827,-90.6548402198401.jpg",1,156,270,377,164,533,434
"Morganza_all/003716@29.5728244240396,-90.6547256327888.jpg",4,164,369,246,138,410,507
"Morganza_all/003717@29.5726757629139,-90.6546462957587.jpg",4,224,327,200,132,424,459
"Morganza_all/003718@29.5725348652556,-90.6545580037071.jpg",4,249,335,175,125,424,460
"Morganza_all/003719@29.5724098177698,-90.6545142120485.jpg",4,263,310,131,135,394,445
"Morganza_all/003720@29.5722613876934,-90.6544795130509.jpg",4,236,293,147,160,383,453
"Morganza_all/003721@29.5716827131907,-90.6542246309802.jpg",1,197,305,374,115,571,420
"Morganza_all/003722@29.5712062392362,-90.654120747782.jpg",3,156,303,259,135,415,438
"Morganza_all/003723@29.5760697042394,-90.6628103747365.jpg",6,197,226,253,150,450,376
"Morganza_all/003724@29.5751750689421,-90.6642760268734.jpg",6,163,255,284,95,447,350
"Morganza_all/003725@29.5793863948972,-90.6629648207853.jpg",6,164,302,299,91,463,393
"Morganza_all/003726@29.5800268012725,-90.6642343372811.jpg",1,224,252,211,93,435,345
"Morganza_all/003727@29.580294616001,-90.6641581754763.jpg",6,219,274,239,111,458,385
"Morganza_all/003728@29.5811514644056,-90.6648404988203.jpg",1,271,246,249,130,520,376
"Morganza_all/003729@29.5814255112714,-90.662802394332.jpg",6,144,283,281,115,425,398
"Morganza_all/003730@29.5818485678877,-90.6644825072624.jpg",6,48,232,409,222,457,454
"Morganza_all/003731@29.5828658259681,-90.664745369311.jpg",6,161,292,363,144,524,436
"Morganza_all/003732@29.5825384759412,-90.6627112564188.jpg",1,232,242,394,134,626,376
"Morganza_all/003733@29.5830315474943,-90.6637772652953.jpg",6,159,259,299,194,458,453
"Morganza_all/003734@29.5832978891434,-90.6634128281924.jpg",1,231,234,332,134,563,368
"Morganza_all/003735@29.5826694597649,-90.6660855782443.jpg",6,146,274,295,105,441,379
"Morganza_all/003736@29.5836362179569,-90.6644147879057.jpg",6,139,276,326,101,465,377
"Morganza_all/003737@29.5838651922109,-90.6646921977954.jpg",6,65,285,425,119,490,404
"Morganza_all/003738@29.5840452211814,-90.6649327478135.jpg",6,76,276,368,144,444,420
"Morganza_all/003739@29.5835156321876,-90.6662659102956.jpg",6,40,264,418,184,458,448
"Morganza_all/003740@29.5844499923816,-90.6662132180644.jpg",4,300,302,135,132,435,434
"Morganza_all/003741@29.584643809911,-90.6659701737741.jpg",6,211,229,248,189,459,418
"Morganza_all/003742@29.5850453767153,-90.6666276659152.jpg",2,3,189,638,194,641,383
"Morganza_all/003743@29.5854143896599,-90.6672760984605.jpg",6,189,221,196,160,385,381
"Morganza_all/003744@29.5855623826004,-90.6676098405703.jpg",6,175,257,261,101,436,358
"Morganza_all/003745@29.584156573216,-90.6676470913102.jpg",6,86,254,377,130,463,384
"Morganza_all/003746@29.5864761076395,-90.6682918515409.jpg",6,71,267,352,158,423,425
"Morganza_all/003747@29.5869302167957,-90.6688955613986.jpg",4,227,251,139,121,366,372
"Morganza_all/003748@29.5868217339693,-90.6691403678547.jpg",6,200,259,222,123,422,382
"Morganza_all/003749@29.5872981826029,-90.6693394506476.jpg",1,266,235,221,101,487,336
"Morganza_all/003751@29.587644393912,-90.6702995408721.jpg",1,246,246,245,89,491,335
"Morganza_all/003752@29.5879917602239,-90.6714897815505.jpg",6,140,231,308,188,448,419
"Morganza_all/003753@29.5880787075816,-90.671810003511.jpg",6,145,251,299,172,444,423
"Morganza_all/003754@29.5858929214514,-90.672298671757.jpg",6,87,253,357,145,444,398
"Morganza_all/003755@29.5848867475934,-90.6629584607642.jpg",6,167,240,320,146,487,386
"Morganza_all/003756@29.5850872676719,-90.6631776361503.jpg",6,185,286,237,94,422,380
"Morganza_all/003757@29.5854154988024,-90.6636773556772.jpg",6,211,268,233,127,444,395
"Morganza_all/003758@29.5856025028778,-90.6638510037822.jpg",6,109,302,352,100,461,402
"Morganza_all/003759@29.5857696866514,-90.6640475951309.jpg",6,164,279,279,108,443,387
"Morganza_all/003760@29.5859572449255,-90.664335323225.jpg",6,148,285,259,128,407,413
"Morganza_all/003761@29.586171110881,-90.6645620284771.jpg",6,217,279,235,112,452,391
"Morganza_all/003762@29.5862861194459,-90.6649567117681.jpg",6,164,285,271,127,435,412
"Morganza_all/003764@29.5866554449067,-90.6656918863893.jpg",6,232,268,206,94,438,362
"Morganza_all/003765@29.5868426898208,-90.6659187735024.jpg",6,211,272,259,109,470,381
"Morganza_all/003766@29.5869516087629,-90.6664199710799.jpg",6,185,255,273,146,458,401
"Morganza_all/003767@29.5870397884413,-90.6667691857671.jpg",6,170,275,284,122,454,397
"Morganza_all/003768@29.5874531202844,-90.6670097995484.jpg",6,161,301,309,94,470,395
"Morganza_all/003769@29.5877136749164,-90.6672742104992.jpg",6,218,291,229,83,447,374
"Morganza_all/003770@29.5879277676221,-90.6675465771851.jpg",3,244,270,283,95,527,365
"Morganza_all/003771@29.5880421108456,-90.6678119623636.jpg",6,131,264,328,140,459,404
"Morganza_all/003772@29.5882427773399,-90.6680616095648.jpg",3,223,268,306,99,529,367
"Morganza_all/003773@29.5883571967597,-90.6683422237801.jpg",3,258,262,261,105,519,367
"Morganza_all/003774@29.5887251654473,-90.6688188704915.jpg",3,290,240,317,141,607,381
"Morganza_all/003775@29.5890798782078,-90.6692956400481.jpg",1,128,247,448,118,576,365
"Morganza_all/003776@29.5891942564357,-90.6695686441475.jpg",1,222,226,351,119,573,345
"Morganza_all/003777@29.5893483917005,-90.6698185745295.jpg",1,148,262,442,105,590,367
"Morganza_all/003778@29.5894362546766,-90.6701069838348.jpg",1,103,246,441,136,544,382
"Morganza_all/003779@29.5895308100329,-90.670402932031.jpg",1,106,282,407,97,513,379
"Morganza_all/003780@29.5895989657717,-90.6707370947719.jpg",1,183,282,379,94,562,376
"Morganza_all/003781@29.5898479978785,-90.6713514402941.jpg",2,172,292,468,91,640,383
"Morganza_all/003782@29.5899627173471,-90.6716929112832.jpg",1,224,287,322,95,546,382
"Morganza_all/003783@29.5900507296687,-90.6720117482881.jpg",1,186,292,325,84,511,376
"Morganza_all/003784@29.5901250757815,-90.67225459701.jpg",1,223,281,375,92,598,373
"Morganza_all/003785@29.5902594611216,-90.6725427037005.jpg",1,160,272,433,123,593,395
"Morganza_all/003786@29.5903605508923,-90.6728158337832.jpg",1,145,246,382,147,527,393
"Morganza_all/003787@29.5904355190343,-90.6731879641578.jpg",3,119,273,438,109,557,382
"Morganza_all/003788@29.5905101692281,-90.6734916635419.jpg",1,186,274,357,97,543,371
"Morganza_all/003789@29.5905913969451,-90.6737801230592.jpg",1,219,281,302,101,521,382
"Morganza_all/003790@29.5906857911741,-90.6740456851171.jpg",1,200,273,340,102,540,375
"Morganza_all/003791@29.5907870794657,-90.6743644076365.jpg",1,255,278,309,92,564,370
"Morganza_all/003792@29.5908748178356,-90.6746300145329.jpg",1,236,259,378,108,614,367
"Morganza_all/003793@29.5910104961941,-90.6751766883224.jpg",1,245,264,396,109,641,373
"Morganza_all/003794@29.5911516822889,-90.6754951509304.jpg",1,287,269,341,119,628,388
"Morganza_all/003795@29.5911998885178,-90.6758294534321.jpg",3,301,292,248,101,549,393
"Morganza_all/003796@29.5913348758392,-90.6762392352788.jpg",4,268,298,132,100,400,398
"Morganza_all/003797@29.5917626148942,-90.6767079502538.jpg",1,269,288,372,138,641,426
"Morganza_all/003798@29.5919589587025,-90.6774215293216.jpg",6,147,265,286,140,433,405
"Morganza_all/003799@29.583134943124,-90.6609398217787.jpg",6,192,282,231,98,423,380
"Morganza_all/003800@29.5837565544446,-90.6616124199594.jpg",6,217,284,216,108,433,392
"Morganza_all/003802@29.5841178038407,-90.6620662869405.jpg",6,227,255,237,131,464,386
"Morganza_all/003803@29.5844108748104,-90.6621859856683.jpg",3,235,262,267,95,502,357
"Morganza_all/003804@29.5845981258024,-90.6624128611424.jpg",3,252,279,209,83,461,362
"Morganza_all/003805@29.595092278927,-90.6814783900803.jpg",4,286,276,118,124,404,400
"Morganza_all/003806@29.5946917096226,-90.6816532370372.jpg",2,21,257,620,144,641,401
"Morganza_all/003807@29.5941408702122,-90.6818864835613.jpg",1,176,265,342,123,518,388
"Morganza_all/003808@29.5938613320857,-90.6818965142384.jpg",1,119,272,325,121,444,393
"Morganza_all/003809@29.593580285653,-90.6816030462523.jpg",1,198,271,381,118,579,389
"Morganza_all/003810@29.5934213575146,-90.6813580270066.jpg",3,122,215,357,189,479,404
"Morganza_all/003811@29.5931394120418,-90.6808841184476.jpg",1,175,232,443,169,618,401
"Morganza_all/003812@29.592952087138,-90.6806966777242.jpg",1,140,254,463,158,603,412
"Morganza_all/003813@29.5928073890809,-90.6804269634735.jpg",1,128,267,490,162,618,429
"Morganza_all/003814@29.5926915890658,-90.6802062404037.jpg",1,188,270,419,137,607,407
"Morganza_all/003815@29.592511249315,-90.6799859388864.jpg",1,47,253,405,137,452,390
"Morganza_all/003816@29.5923810401933,-90.6797489495626.jpg",3,127,275,452,129,579,404
"Morganza_all/003817@29.5921202246001,-90.6792010973215.jpg",3,31,234,453,179,484,413
"Morganza_all/003818@29.5920042179007,-90.6789393806665.jpg",2,0,247,634,166,634,413
"Morganza_all/003819@29.5917945671061,-90.6785880376069.jpg",4,265,323,90,106,355,429
"Morganza_all/003820@29.5919942011441,-90.6783652559601.jpg",1,37,260,455,118,492,378
"Morganza_all/003821@29.5922231853457,-90.6782817625222.jpg",5,239,300,155,109,394,409
"Morganza_all/003822@29.5924660862418,-90.6781161186457.jpg",1,250,258,205,128,455,386
"Morganza_all/003823@29.5926160809862,-90.678008504475.jpg",1,329,281,219,108,548,389
"Morganza_all/003824@29.5929696848506,-90.6784737217312.jpg",1,208,271,288,122,496,393
"Morganza_all/003825@29.5926546848749,-90.6785578091935.jpg",3,154,274,411,131,565,405
"Morganza_all/003826@29.5928205497272,-90.678753566406.jpg",2,0,265,529,146,529,411
"Morganza_all/003827@29.5930781467713,-90.6786616738826.jpg",4,207,297,100,110,307,407
"Morganza_all/003828@29.5929652104009,-90.6790150977702.jpg",3,79,273,390,119,469,392
"Morganza_all/003829@29.5930955712479,-90.6792767232776.jpg",1,83,243,521,167,604,410
"Morganza_all/003830@29.5933669909014,-90.6790781079348.jpg",1,12,258,412,127,424,385
"Morganza_all/003831@29.5937136182419,-90.6795843765283.jpg",1,169,277,397,116,566,393
"Morganza_all/003832@29.5933193016293,-90.6795787697723.jpg",5,252,277,149,111,401,388
"Morganza_all/003833@29.5934926283273,-90.6798319042872.jpg",2,163,254,421,155,584,409
"Morganza_all/003834@29.5936084697311,-90.6800608092466.jpg",1,145,259,359,156,504,415
"Morganza_all/003835@29.593951552083,-90.6798617274112.jpg",1,240,265,329,121,569,386
"Morganza_all/003836@29.5937526375699,-90.6802239260202.jpg",1,0,259,583,167,583,426
"Morganza_all/003837@29.5939112820398,-90.6804115543482.jpg",1,178,227,398,170,576,397
"Morganza_all/003838@29.5942473651761,-90.6802370928522.jpg",1,0,273,619,145,619,418
"Morganza_all/003839@29.5943775735654,-90.6804741186911.jpg",1,186,262,455,143,641,405
"Morganza_all/003840@29.5940844437607,-90.6806318750246.jpg",1,132,276,496,104,628,380
"Morganza_all/003841@29.594243332543,-90.6808687141311.jpg",1,219,256,422,153,641,409
"Morganza_all/003842@29.5946664661598,-90.6809069877687.jpg",1,235,262,353,137,588,399
"Morganza_all/003843@29.5947965784403,-90.6811194103997.jpg",1,0,240,449,173,449,413
"Morganza_all/003844@29.5944816991629,-90.6812280958887.jpg",1,62,274,476,111,538,385
"Morganza_all/003845@29.5940668573921,-90.6814194288775.jpg",1,0,259,518,192,518,451
"Morganza_all/003846@29.5939367864406,-90.6812152194525.jpg",5,153,314,260,146,413,460
"Morganza_all/003847@29.5938068650844,-90.6810356150271.jpg",5,277,297,151,101,428,398
"Morganza_all/003848@29.5936768619018,-90.6808396184782.jpg",1,158,232,399,176,557,408
"Morganza_all/003849@29.5934745699958,-90.6805292160874.jpg",5,186,290,236,156,422,446
"Morganza_all/003850@29.5932366786255,-90.6802601083935.jpg",5,295,291,161,110,456,401
"Morganza_all/003851@29.5930924424155,-90.6800887806091.jpg",1,107,257,464,169,571,426
"Morganza_all/003852@29.5929836146422,-90.6798270135513.jpg",1,287,270,271,137,558,407
"Morganza_all/003853@29.5927239449847,-90.6795088406429.jpg",2,102,207,539,205,641,412
"Morganza_all/003854@29.5926221429538,-90.6792224241277.jpg",1,131,263,510,163,641,426
"Morganza_all/003855@29.5923546668972,-90.67877303583.jpg",5,268,328,194,177,462,505
"Morganza_all/003856@29.5990833972024,-90.7028589744157.jpg",5,294,309,173,118,467,427
"Morganza_all/003858@29.5995227987572,-90.7028562080126.jpg",2,7,261,542,163,549,424
"Morganza_all/003859@29.5994558339287,-90.7032101558017.jpg",3,221,269,286,135,507,404
"Morganza_all/003860@29.5990115100154,-90.7036136128502.jpg",1,0,240,494,133,494,373
"Morganza_all/003861@29.5996633089421,-90.7035231069323.jpg",1,150,206,415,267,565,473
"Morganza_all/003862@29.5997197226344,-90.7038291422945.jpg",2,0,173,408,301,408,474
"Morganza_all/003863@29.5995481134258,-90.7038380562235.jpg",1,0,171,437,315,437,486
"Morganza_all/003864@29.5993766928888,-90.7038862705685.jpg",4,297,286,129,145,426,431
"Morganza_all/003865@29.5992464174991,-90.703918524395.jpg",4,248,271,154,147,402,418
"Morganza_all/003866@29.5992619489494,-90.7042955206266.jpg",1,211,265,280,169,491,434
"Morganza_all/003867@29.5995501118234,-90.7042544402984.jpg",1,128,213,331,184,459,397
"Morganza_all/003868@29.5996941743832,-90.704229966842.jpg",3,124,220,384,228,508,448
"Morganza_all/003869@29.5993053647582,-90.7047587488049.jpg",4,230,312,115,108,345,420
"Morganza_all/003870@29.5994355925765,-90.7047107945707.jpg",1,208,248,202,158,410,406
"Morganza_all/003871@29.5995863893979,-90.7046627110829.jpg",5,199,279,188,144,387,423
"Morganza_all/003872@29.5997395107236,-90.7050938490483.jpg",1,110,223,319,217,429,440
"Morganza_all/003873@29.5996021343719,-90.7050789776089.jpg",1,50,193,406,320,456,513
"Morganza_all/003874@29.5994305252285,-90.7050879208512.jpg",1,206,239,281,220,487,459
"Morganza_all/003875@29.599265865987,-90.7051125222176.jpg",1,219,202,355,215,574,417
"Morganza_all/003876@29.5991846840874,-90.7053644167014.jpg",5,250,258,248,179,498,437
"Morganza_all/003877@29.5991513439033,-90.7055689056788.jpg",1,42,185,400,264,442,449
"Morganza_all/003878@29.5996182267213,-90.7055738140614.jpg",2,5,252,636,237,641,489
"Morganza_all/003879@29.5992622641977,-90.705796027375.jpg",5,246,279,134,141,380,420
"Morganza_all/003880@29.5992289984627,-90.7060162176448.jpg",5,284,317,132,92,416,409
"Morganza_all/003881@29.5992300505771,-90.7062361613979.jpg",1,15,117,455,284,470,401
"Morganza_all/003882@29.5996924946937,-90.7074358235712.jpg",5,211,318,222,134,433,452
"Morganza_all/003883@29.5994284862369,-90.7074100348796.jpg",1,295,284,278,89,573,373
"Morganza_all/003884@29.5993945482285,-90.7078357052703.jpg",5,305,293,170,130,475,423
"Morganza_all/003885@29.5997363242904,-90.7078267107671.jpg",5,215,292,132,127,347,419
"Morganza_all/003886@29.5996669124642,-90.7083623905849.jpg",5,158,325,193,123,351,448
"Morganza_all/003887@29.599581224968,-90.7079992351163.jpg",5,231,308,168,104,399,412
"Morganza_all/003888@29.5994265507117,-90.7082609637706.jpg",5,211,283,168,107,379,390
"Morganza_all/003889@29.5993614644361,-90.7084466445936.jpg",2,4,190,637,338,641,528
"Morganza_all/003890@29.5993867184383,-90.70871410938.jpg",2,0,211,490,350,490,561
"Morganza_all/003891@29.5996392929468,-90.7088566507957.jpg",5,259,259,190,158,449,417
"Morganza_all/003892@29.5997428969136,-90.7092059761005.jpg",5,335,283,92,96,427,379
"Morganza_all/003893@29.5996650362099,-90.709227071963.jpg",5,260,286,155,128,415,414
"Morganza_all/003894@29.5994666706442,-90.7091322095367.jpg",5,263,297,98,110,361,407
"Morganza_all/003895@29.5994857275314,-90.7093516954926.jpg",2,62,257,579,230,641,487
"Morganza_all/003896@29.5641340414226,-90.6484056747417.jpg",1,230,276,411,133,641,409
"Morganza_all/003897@29.5637756537399,-90.6479403206229.jpg",1,178,293,435,114,613,407
"Morganza_all/003898@29.564553730594,-90.6490092068263.jpg",1,313,267,328,120,641,387
"Morganza_all/003899@29.587452598597,-90.6685375101976.jpg",5,233,305,97,104,330,409
"Morganza_all/003900@29.587726420345,-90.6688375159699.jpg",1,66,326,405,107,471,433
"Morganza_all/003901@29.5878813144074,-90.6691772317183.jpg",1,71,329,294,93,365,422
"Morganza_all/003903@29.5881565146847,-90.6697498268701.jpg",4,272,324,85,96,357,420
"Morganza_all/003904@29.5883543408676,-90.6701671637189.jpg",4,239,337,128,97,367,434
"Morganza_all/003905@29.5885003625062,-90.6704388247087.jpg",5,284,331,88,102,372,433
"Morganza_all/003907@29.5889882866977,-90.6710099885855.jpg",6,231,309,274,87,505,396
"Morganza_all/003908@29.5888539602755,-90.6713711308222.jpg",1,90,296,296,94,386,390
"Morganza_all/003909@29.5890348361807,-90.6717983078627.jpg",3,134,278,278,86,412,364
"Morganza_all/003910@29.5891815418103,-90.6722062676625.jpg",1,192,234,213,146,405,380
"Morganza_all/003911@29.5892512971377,-90.672536801596.jpg",3,73,288,290,98,363,386
"Morganza_all/003913@29.589588397464,-90.6735763637545.jpg",1,135,292,301,102,436,394
"Morganza_all/003914@29.58991632879,-90.6744893838299.jpg",1,103,282,279,113,382,395
"Morganza_all/003916@29.5902012522797,-90.6753053438753.jpg",3,76,243,354,124,430,367
"Morganza_all/003917@29.5903911983452,-90.6758492988431.jpg",1,121,262,404,109,525,371
"Morganza_all/003918@29.593324965976,-90.6822755333124.jpg",1,178,237,277,139,455,376
"Morganza_all/003919@29.5934363665663,-90.6824305905591.jpg",1,84,294,432,129,516,423
"Morganza_all/003920@29.5935820520585,-90.6826341327112.jpg",1,142,241,288,168,430,409
"Morganza_all/003921@29.5940786616452,-90.6832540358357.jpg",2,0,278,481,146,481,424
"Morganza_all/003922@29.5943354278353,-90.68355418067.jpg",4,271,303,114,112,385,415
"Morganza_all/003923@29.5946434514689,-90.6838929797816.jpg",1,59,281,390,154,449,435
"Morganza_all/003924@29.5950634024154,-90.6844939154026.jpg",2,0,236,369,176,369,412
"Morganza_all/003925@29.5953028552105,-90.6847357790056.jpg",2,0,254,507,171,507,425
"Morganza_all/003926@29.5954915107215,-90.6850266494309.jpg",4,229,270,194,180,423,450
"Morganza_all/003927@29.5958855254708,-90.6855498857177.jpg",1,7,279,323,135,330,414
"Morganza_all/003928@29.5948431116647,-90.6846900800584.jpg",1,147,285,282,98,429,383
"Morganza_all/003929@29.5954519743888,-90.6856403209003.jpg",2,0,126,337,327,337,453
"Morganza_all/003930@29.5956318422807,-90.6858728191405.jpg",4,286,279,104,117,390,396
"Morganza_all/003931@29.5957783599845,-90.6862516274915.jpg",1,171,158,375,218,546,376
"Morganza_all/003932@29.595958535504,-90.6865522797186.jpg",5,239,265,150,106,389,371
"Morganza_all/003933@29.5960022079153,-90.686775937236.jpg",2,0,209,445,225,445,434
"Morganza_all/003934@29.5960207862013,-90.6870971424725.jpg",5,330,275,97,113,427,388
"Morganza_all/003935@29.5962728668794,-90.686443140952.jpg",2,0,265,419,176,419,441
"Morganza_all/003936@29.5965139964097,-90.6870258052623.jpg",1,27,295,505,106,532,401
"Morganza_all/003937@29.5968100219719,-90.6883870202575.jpg",2,0,284,477,117,477,401
"Morganza_all/003938@29.5968549083898,-90.688863845743.jpg",1,23,309,393,103,416,412
"Morganza_all/003939@29.596950284076,-90.6892234832099.jpg",5,230,308,136,108,366,416
"Morganza_all/003940@29.596986622479,-90.689690610275.jpg",1,137,324,353,92,490,416
"Morganza_all/003941@29.5970827124243,-90.6901963085475.jpg",1,128,308,319,103,447,411
"Morganza_all/003943@29.5971013776635,-90.690536963127.jpg",1,128,315,357,91,485,406
"Morganza_all/003944@29.5971027140269,-90.6908096055747.jpg",1,214,316,251,99,465,415
"Morganza_all/003945@29.5971816826043,-90.6912959379084.jpg",1,61,282,325,132,386,414
"Morganza_all/003946@29.5972777186312,-90.6917918846022.jpg",1,287,279,220,156,507,435
"Morganza_all/003947@29.5973231638314,-90.6923855428909.jpg",1,179,272,209,151,388,423
"Morganza_all/003948@29.5973758942437,-90.6927259807487.jpg",1,206,243,257,150,463,393
"Morganza_all/003949@29.5966774454103,-90.6908512885681.jpg",5,280,237,90,245,370,482
"Morganza_all/003950@29.5970097710013,-90.6926820996013.jpg",2,0,204,618,241,618,445
"Morganza_all/003951@29.5969350063606,-90.693055006259.jpg",5,264,350,141,103,405,453
"Morganza_all/003952@29.5969366105564,-90.6933835926074.jpg",3,208,229,272,111,480,340
"Morganza_all/003953@29.5971563458137,-90.693944482224.jpg",5,306,287,91,120,397,407
"Morganza_all/003954@29.5970479704706,-90.6939671058052.jpg",4,372,309,97,90,469,399
"Morganza_all/003955@29.5972648976191,-90.6965800277488.jpg",1,176,279,178,113,354,392
"Morganza_all/003956@29.5972765575119,-90.6963535884254.jpg",4,318,306,106,105,424,411
"Morganza_all/003958@29.5969946684303,-90.6961289854058.jpg",1,200,287,180,103,380,390
"Morganza_all/003959@29.5972596526212,-90.6968137577801.jpg",1,167,290,223,103,390,393
"Morganza_all/003960@29.5973062162583,-90.6972004916387.jpg",2,0,184,494,255,494,439
"Morganza_all/003961@29.5973907381949,-90.6975212526856.jpg",5,247,312,166,125,413,437
"Morganza_all/003962@29.597228774646,-90.6983401718777.jpg",5,280,308,175,123,455,431
"Morganza_all/003963@29.597445739269,-90.6983387961406.jpg",1,0,37,540,467,540,504
"Morganza_all/003964@29.5974476838597,-90.6987404457834.jpg",4,189,281,183,139,372,420
"Morganza_all/003965@29.5973682526245,-90.699471208697.jpg",4,317,306,90,112,407,418
"Morganza_all/003967@29.5977749044286,-90.6977817119084.jpg",2,61,236,580,256,641,492
"Morganza_all/003968@29.5975103999756,-90.6945702497281.jpg",2,150,294,491,124,641,418
"Morganza_all/003969@29.5974950068682,-90.6940299525031.jpg",4,274,287,145,98,419,385
"Morganza_all/003970@29.5974492095096,-90.6937965791783.jpg",1,159,280,365,133,524,413
"Morganza_all/003971@29.5974541283843,-90.6934971183497.jpg",1,237,281,260,147,497,428
"Morganza_all/003972@29.597401708908,-90.6932199557195.jpg",1,214,239,301,196,515,435
"Morganza_all/003973@29.5978730862703,-90.7009285397453.jpg",2,2,237,639,184,641,421
"Morganza_all/003974@29.5978432650423,-90.7013595605595.jpg",1,213,177,428,260,641,437
"Morganza_all/003975@29.5979407825085,-90.7017313771038.jpg",1,164,264,413,124,577,388
"Morganza_all/003976@29.5972768687151,-90.7003699791003.jpg",1,189,268,357,94,546,362
"Morganza_all/003977@29.597298544971,-90.7008956361325.jpg",4,301,257,158,141,459,398
"Morganza_all/003978@29.597918146919,-90.7023303497635.jpg",2,12,161,629,305,641,466
"Morganza_all/003979@29.5979725486853,-90.7030237387565.jpg",1,95,157,503,272,598,429
"Morganza_all/003980@29.5979926005004,-90.7032135101326.jpg",4,265,265,125,112,390,377
"Morganza_all/003981@29.5980127571024,-90.7034251498295.jpg",2,172,193,469,244,641,437
"Morganza_all/003982@29.598032878304,-90.7036294897068.jpg",4,260,246,159,122,419,368
"Morganza_all/003983@29.5976500291432,-90.7036464972687.jpg",1,43,278,421,147,464,425
"Morganza_all/003984@29.5975161683988,-90.7036765707817.jpg",1,217,273,146,94,363,367
"Morganza_all/003985@29.5975718592346,-90.7033110901717.jpg",1,196,281,192,101,388,382
"Morganza_all/003986@29.5975261560131,-90.7030995807354.jpg",1,215,270,200,109,415,379
"Morganza_all/003987@29.5974483082574,-90.7028371732727.jpg",5,284,276,194,147,478,423
"Morganza_all/003988@29.5975144715065,-90.7019969634075.jpg",1,179,224,435,209,614,433
"Morganza_all/003989@29.597374906979,-90.7021731080671.jpg",5,271,287,185,124,456,411
"Morganza_all/003990@29.5974341582773,-90.7012234092701.jpg",1,121,185,476,294,597,479
"Morganza_all/003991@29.5974668663893,-90.7013911676985.jpg",5,291,278,111,96,402,374
"Morganza_all/003992@29.5974100825172,-90.7015229589433.jpg",5,363,247,115,135,478,382
"Morganza_all/003993@29.5974174121268,-90.701720077823.jpg",5,219,225,237,211,456,436
"Morganza_all/003994@29.5651826535125,-90.6467965856432.jpg",1,189,219,249,160,438,379
"Morganza_all/003995@29.5657615939707,-90.646579629302.jpg",2,200,274,441,127,641,401
"Morganza_all/003996@29.5650496352936,-90.647379114748.jpg",3,247,242,197,109,444,351
"Morganza_all/003997@29.5642843562594,-90.6475645637813.jpg",1,126,258,414,146,540,404
"Morganza_all/003998@29.5644936969527,-90.6478825938965.jpg",1,186,232,378,177,564,409
"Morganza_all/003999@29.5647893554888,-90.6482737671499.jpg",1,174,220,377,184,551,404
"Morganza_all/004000@29.5649121622068,-90.6484777356574.jpg",1,111,240,369,154,480,394
"Morganza_all/004001@29.5650633652087,-90.6486323137358.jpg",1,195,240,318,153,513,393
"Morganza_all/004002@29.5654174004339,-90.6478598849249.jpg",6,206,221,261,210,467,431
"Morganza_all/004003@29.5655690479834,-90.6481046125603.jpg",6,115,239,356,178,471,417
"Morganza_all/004004@29.5656851761054,-90.6483987180573.jpg",3,208,223,247,137,455,360
"Morganza_all/004005@29.5658011323626,-90.6486600482337.jpg",5,234,245,221,154,455,399
"Morganza_all/004006@29.5660388399343,-90.6489287572252.jpg",1,228,232,267,131,495,363
"Morganza_all/004007@29.5662334931911,-90.649173162812.jpg",5,253,308,151,84,404,392
"Morganza_all/004008@29.566349035846,-90.6493607962742.jpg",1,222,264,238,92,460,356
"Morganza_all/004009@29.566500707925,-90.6496054968148.jpg",5,279,231,232,119,511,350
"Morganza_all/004010@29.5665667026596,-90.6498999487964.jpg",5,270,327,155,110,425,437
"Morganza_all/004011@29.5667749276718,-90.6500050393002.jpg",1,126,259,406,157,532,416
"Morganza_all/004012@29.5669831952281,-90.650118308611.jpg",5,277,241,140,173,417,414
"Morganza_all/004013@29.5671909503657,-90.6501332804691.jpg",1,126,229,433,187,559,416
"Morganza_all/004014@29.5674054708255,-90.6500744721641.jpg",5,248,275,219,171,467,446
"Morganza_all/004015@29.5652293808134,-90.6488851220135.jpg",3,73,251,384,162,457,413
"Morganza_all/004016@29.5653377590412,-90.6490646236758.jpg",1,147,231,270,171,417,402
"Morganza_all/004017@29.5655108806136,-90.6493091748387.jpg",1,62,254,415,139,477,393
"Morganza_all/004018@29.5655907326817,-90.6495134078364.jpg",1,150,265,325,128,475,393
"Morganza_all/004019@29.565748998955,-90.6496516146472.jpg",1,136,265,393,145,529,410
"Morganza_all/004020@29.5658933499431,-90.6498635869059.jpg",1,147,261,385,157,532,418
"Morganza_all/004021@29.5660159833237,-90.6500347835352.jpg",1,223,237,348,162,571,399
"Morganza_all/004022@29.5661747611723,-90.6502712572277.jpg",3,151,254,400,150,551,404
"Morganza_all/004023@29.566426066763,-90.6504006216827.jpg",5,131,277,269,185,400,462
"Morganza_all/004024@29.5665842740625,-90.6505224112742.jpg",1,90,224,373,180,463,404
"Morganza_all/004025@29.5668208685745,-90.6505781434888.jpg",5,291,278,125,109,416,387
"Morganza_all/004026@29.5669932896499,-90.6506834482002.jpg",5,332,304,160,103,492,407
"Morganza_all/004027@29.566908678692,-90.65093797202.jpg",3,191,243,286,141,477,384
"Morganza_all/004028@29.5670389141134,-90.6511910323938.jpg",3,206,262,300,118,506,380
"Morganza_all/004029@29.5672116332265,-90.6513537129366.jpg",1,135,237,411,178,546,415
"Morganza_all/004030@29.5673843094315,-90.6515081841814.jpg",3,43,212,475,215,518,427
"Morganza_all/004031@29.5675355515482,-90.6516709805201.jpg",5,193,280,215,136,408,416
"Morganza_all/004032@29.5677439879216,-90.6518169993424.jpg",1,92,275,305,113,397,388
"Morganza_all/004033@29.567987077663,-90.6517416424538.jpg",5,234,296,188,126,422,422
"Morganza_all/004034@29.5681219054498,-90.6515031637357.jpg",1,59,243,360,128,419,371
"Morganza_all/004035@29.5680057415742,-90.6512008375761.jpg",1,239,247,349,115,588,362
"Morganza_all/004036@29.5677265506777,-90.6512191276365.jpg",1,199,211,324,170,523,381
"Morganza_all/004037@29.5675394620374,-90.6510483656528.jpg",1,126,242,500,183,626,425
"Morganza_all/004038@29.5673727832718,-90.65067268338.jpg",2,0,160,640,269,640,429
"Morganza_all/004039@29.5675659403937,-90.6506304105979.jpg",1,106,247,387,149,493,396
"Morganza_all/004040@29.5677664755654,-90.650637222628.jpg",5,310,252,114,116,424,368
"Morganza_all/004041@29.5680172110125,-90.6506519027665.jpg",3,159,246,304,170,463,416
"Morganza_all/004042@29.5682107672401,-90.6506915403892.jpg",3,97,244,425,172,522,416
"Morganza_all/004043@29.5684403248677,-90.6507637108739.jpg",1,110,226,403,175,513,401
"Morganza_all/004044@29.5685986323937,-90.650910102094.jpg",1,136,208,425,176,561,384
"Morganza_all/004045@29.5688000203386,-90.6510807367794.jpg",1,112,259,431,146,543,405
"Morganza_all/004046@29.5689370214714,-90.6512600208438.jpg",1,200,237,350,167,550,404
"Morganza_all/004047@29.5690958398068,-90.6515047133732.jpg",1,50,262,499,145,549,407
"Morganza_all/004048@29.5691614043503,-90.6517172629223.jpg",1,98,234,424,150,522,384
"Morganza_all/004049@29.5692559202217,-90.6519869621015.jpg",1,139,283,285,107,424,390
"Morganza_all/004050@29.5693570467209,-90.6521582818497.jpg",3,113,263,366,127,479,390
"Morganza_all/004051@29.5695521195994,-90.6524846448979.jpg",2,0,253,409,137,409,390
"Morganza_all/004052@29.5692797803145,-90.6524455387896.jpg",2,0,250,435,150,435,400
"Morganza_all/004053@29.5690427760492,-90.6523160683054.jpg",5,267,305,149,136,416,441
"Morganza_all/004054@29.5688628234852,-90.6521370746988.jpg",5,254,284,129,110,383,394
"Morganza_all/004055@29.5687256958432,-90.651933222572.jpg",5,229,294,149,116,378,410
"Morganza_all/004056@29.5685032308008,-90.6518446119295.jpg",5,233,285,144,116,377,401
"Morganza_all/004057@29.5683107394934,-90.6520097485039.jpg",5,252,277,115,98,367,375
"Morganza_all/004058@29.5682479003445,-90.6523214722213.jpg",5,180,286,205,148,385,434
"Morganza_all/004059@29.5685068489878,-90.6525408849881.jpg",5,208,274,184,133,392,407
"Morganza_all/004060@29.5686363733729,-90.6526629068335.jpg",5,198,287,218,133,416,420
"Morganza_all/004061@29.5688658872837,-90.6527268721615.jpg",5,290,281,165,103,455,384
"Morganza_all/004062@29.5690599532259,-90.6528648139001.jpg",5,232,264,161,131,393,395
"Morganza_all/004063@29.5692679630989,-90.6529289260244.jpg",5,244,288,150,97,394,385
"Morganza_all/004064@29.5694620714349,-90.6530750787381.jpg",1,217,262,249,127,466,389
"Morganza_all/004065@29.5698765179887,-90.6529002243102.jpg",2,1,216,504,205,505,421
"Morganza_all/004066@29.5700709088483,-90.6530955123234.jpg",1,42,251,387,153,429,404
"Morganza_all/004067@29.5702361933444,-90.6532090836089.jpg",1,57,260,374,131,431,391
"Morganza_all/004068@29.5704154920934,-90.6532570342407.jpg",1,139,264,386,135,525,399
"Morganza_all/004069@29.5708815139931,-90.6533603543136.jpg",1,103,232,315,150,418,382
"Morganza_all/004070@29.5711108726207,-90.6533997552774.jpg",1,182,245,344,150,526,395
"Morganza_all/004071@29.5713115627283,-90.6534311719944.jpg",1,191,250,382,139,573,389
"Morganza_all/004072@29.5715408787493,-90.653462363089.jpg",1,124,257,440,143,564,400
"Morganza_all/004073@29.5717916988617,-90.6534934398375.jpg",5,194,240,197,168,391,408
"Morganza_all/004074@29.5720066456571,-90.653516549673.jpg",1,110,268,405,139,515,407
"Morganza_all/004075@29.5722222996715,-90.6536707404107.jpg",1,7,229,516,183,523,412
"Morganza_all/004076@29.5725377613925,-90.6537423377866.jpg",3,168,234,343,182,511,416
"Morganza_all/004077@29.5727098402295,-90.6537821288682.jpg",3,155,232,289,176,444,408
"Morganza_all/004078@29.5728824286075,-90.6539202236138.jpg",5,255,290,128,94,383,384
"Morganza_all/004079@29.5731193039529,-90.6540251347803.jpg",1,131,267,363,140,494,407
"Morganza_all/004080@29.5733203483215,-90.6541302579424.jpg",1,147,246,345,133,492,379
"Morganza_all/004081@29.5735142280847,-90.6542272509068.jpg",1,175,247,388,148,563,395
"Morganza_all/004082@29.5737009454978,-90.6543324720057.jpg",1,135,243,457,167,592,410
"Morganza_all/004083@29.5739380326263,-90.6544783426189.jpg",3,143,243,422,169,565,412
"Morganza_all/004084@29.5741463386359,-90.6545998082875.jpg",1,92,246,452,151,544,397
"Morganza_all/004085@29.5743259337623,-90.6547051104551.jpg",1,50,196,536,208,586,404
"Morganza_all/004086@29.5744913440168,-90.6548432576344.jpg",1,150,232,484,165,634,397
"Morganza_all/004087@29.5747069539714,-90.6549892445926.jpg",1,62,229,567,175,629,404
"Morganza_all/004088@29.5748794139558,-90.6551027756624.jpg",1,125,246,445,157,570,403
"Morganza_all/004089@29.5750517890556,-90.6551999176029.jpg",1,192,259,423,145,615,404
"Morganza_all/004090@29.5752459794405,-90.6553624412507.jpg",1,189,276,388,129,577,405
"Morganza_all/004091@29.5754615465204,-90.6555002513614.jpg",1,206,265,367,125,573,390
"Morganza_all/004092@29.5756737809933,-90.6549990871867.jpg",4,299,241,103,146,402,387
"Morganza_all/004093@29.5754084924932,-90.654935354606.jpg",1,109,234,457,194,566,428
"Morganza_all/004094@29.5751999746251,-90.6547728971199.jpg",1,52,242,464,214,516,456
"Morganza_all/004095@29.5749486884059,-90.6546517210307.jpg",4,283,299,125,90,408,389
"Morganza_all/004096@29.5747186939091,-90.6544894418882.jpg",2,0,209,582,208,582,417
"Morganza_all/004097@29.5745391834986,-90.6544005291301.jpg",2,67,242,574,165,641,407
"Morganza_all/004098@29.5743019965072,-90.6542300892729.jpg",2,75,238,566,173,641,411
"Morganza_all/004099@29.5740720163689,-90.6540759912834.jpg",2,0,250,494,169,494,419
"Morganza_all/004100@29.5738635825393,-90.6539299585359.jpg",1,25,252,532,172,557,424
"Morganza_all/004101@29.5737127253287,-90.6538408531653.jpg",1,183,231,401,177,584,408
"Morganza_all/004102@29.5734536939043,-90.6536050363774.jpg",1,76,243,453,147,529,390
"Morganza_all/004103@29.5732385347338,-90.6535409686915.jpg",3,46,210,434,192,480,402
"Morganza_all/004104@29.5730445545302,-90.6534194090789.jpg",1,120,236,511,153,631,389
"Morganza_all/004105@29.5724630532659,-90.6531448260886.jpg",1,80,247,427,165,507,412
"Morganza_all/004106@29.5722339495413,-90.6531545608919.jpg",1,86,265,313,133,399,398
"Morganza_all/004107@29.5723831216336,-90.6529241556458.jpg",1,130,284,271,106,401,390
"Morganza_all/004108@29.5722741808263,-90.6526299764642.jpg",1,79,279,296,117,375,396
"Morganza_all/004109@29.5720302399974,-90.6525415385557.jpg",1,106,252,336,131,442,383
"Morganza_all/004110@29.5718590115925,-90.6526655769167.jpg",1,266,240,346,120,612,360
"Morganza_all/004111@29.5718394913411,-90.6530425438524.jpg",3,154,229,433,155,587,384
"Morganza_all/004112@29.5716242617756,-90.6529702683868.jpg",1,55,246,481,152,536,398
"Morganza_all/004113@29.5714377283707,-90.6529060087841.jpg",1,175,235,313,155,488,390
"Morganza_all/004114@29.571194340485,-90.6529240515226.jpg",1,162,277,471,143,633,420
"Morganza_all/004115@29.571293069401,-90.6526284646094.jpg",3,128,265,330,138,458,403
"Morganza_all/004116@29.5714422255832,-90.6523898818219.jpg",1,163,304,267,81,430,385
"Morganza_all/004117@29.5713906909174,-90.6521198840833.jpg",1,166,269,246,110,412,379
"Morganza_all/004118@29.5711536438282,-90.6519822329298.jpg",1,95,228,340,143,435,371
"Morganza_all/004119@29.5709531662668,-90.6519917755541.jpg",1,174,234,428,113,602,347
"Morganza_all/004120@29.5708040809668,-90.6522385677222.jpg",3,244,244,295,115,539,359
"Morganza_all/004121@29.570841245954,-90.6525004511728.jpg",2,214,273,427,120,641,393
"Morganza_all/004122@29.5708715309987,-90.6528197287717.jpg",2,82,247,559,147,641,394
"Morganza_all/004123@29.5707063738945,-90.6527307563472.jpg",1,191,267,358,109,549,376
"Morganza_all/004124@29.5704914419233,-90.6527158273425.jpg",1,216,247,420,146,636,393
"Morganza_all/004125@29.5703120855343,-90.6526515201699.jpg",2,244,256,397,116,641,372
"Morganza_all/004126@29.5701680216254,-90.6524886376002.jpg",5,98,252,522,218,620,470
"Morganza_all/004127@29.5699665653648,-90.65230978787.jpg",5,236,249,196,158,432,407
"Morganza_all/004128@29.5698437221169,-90.6520976257684.jpg",3,11,256,513,139,524,395
"Morganza_all/004129@29.569749675007,-90.6519180467482.jpg",5,277,286,164,170,441,456
"Morganza_all/004130@29.5697054869698,-90.6516807822573.jpg",2,0,227,474,171,474,398
"Morganza_all/004131@29.5699631589497,-90.6516544606569.jpg",1,87,250,445,140,532,390
"Morganza_all/004132@29.5701295519995,-90.651981019785.jpg",3,126,279,297,99,423,378
"Morganza_all/004133@29.5704022319753,-90.6520856485328.jpg",5,148,312,243,141,391,453
"Morganza_all/004134@29.5705800832748,-90.651855050785.jpg",1,87,224,400,141,487,365
"Morganza_all/004135@29.5705425761947,-90.6515276445956.jpg",1,187,232,351,128,538,360
"Morganza_all/004136@29.5703339262623,-90.6513406347052.jpg",1,135,251,441,161,576,412
"Morganza_all/004137@29.5701470936525,-90.6512190341927.jpg",1,21,240,401,146,422,386
"Morganza_all/004138@29.5699747155849,-90.6511219038588.jpg",3,148,243,381,141,529,384
"Morganza_all/004139@29.5697597834272,-90.6511069784151.jpg",3,206,226,325,153,531,379
"Morganza_all/004140@29.5695462002646,-90.6513459977546.jpg",4,214,273,141,170,355,443
"Morganza_all/004141@29.5693657925627,-90.6510850937021.jpg",3,42,228,395,170,437,398
"Morganza_all/004142@29.5693144258728,-90.6508478793869.jpg",3,70,243,299,169,369,412
"Morganza_all/004143@29.5690916614721,-90.6507019264676.jpg",1,90,234,447,175,537,409
"Morganza_all/004144@29.5689404456551,-90.6505391288756.jpg",1,164,275,379,140,543,415
"Morganza_all/004145@29.5687607191679,-90.650409272836.jpg",4,125,299,251,143,376,442
"Morganza_all/004146@29.5685380824618,-90.650287920102.jpg",1,105,251,510,167,615,418
"Morganza_all/004147@29.568337120241,-90.6501991666317.jpg",3,194,234,287,159,481,393
"Morganza_all/004148@29.5680646522222,-90.6501355003799.jpg",4,293,312,145,118,438,430
"Morganza_all/004149@29.5677996327197,-90.6501291291328.jpg",3,60,238,563,177,623,415
"Morganza_all/004150@29.5677836677456,-90.6498097329248.jpg",3,164,242,293,151,457,393
"Morganza_all/004151@29.567632423318,-90.649646938993.jpg",3,104,261,394,123,498,384
"Morganza_all/004152@29.5675311376965,-90.6494510267623.jpg",1,202,260,228,111,430,371
"Morganza_all/004153@29.567272782392,-90.6493463103612.jpg",5,236,275,179,124,415,399
"Morganza_all/004154@29.5670803797243,-90.6495278379189.jpg",1,34,254,476,160,510,414
"Morganza_all/004155@29.5979194765039,-90.7062472316433.jpg",2,7,241,634,209,641,450
"Morganza_all/004156@29.5979874901821,-90.7071003220417.jpg",1,76,270,477,164,553,434
"Morganza_all/004157@29.5979120439856,-90.7076616755305.jpg",2,298,113,343,281,641,394
"Morganza_all/004158@29.5981560852742,-90.7081885293864.jpg",2,258,190,383,286,641,476
"Morganza_all/004159@29.597686767382,-90.7080939146869.jpg",1,15,254,343,179,358,433
"Morganza_all/004160@29.5978336556714,-90.7091009475658.jpg",6,198,242,243,156,441,398
"Morganza_all/004161@29.5959488613744,-90.6842552084499.jpg",6,122,228,349,173,471,401
"Morganza_all/004162@29.5963712169855,-90.6845143274166.jpg",2,7,162,634,242,641,404
"Morganza_all/004163@29.5968803348326,-90.6856527626927.jpg",5,296,273,111,122,407,395
"Morganza_all/004164@29.5967999142544,-90.686051292415.jpg",3,117,249,435,155,552,404
"Morganza_all/004165@29.5969307217352,-90.6865846722299.jpg",1,62,257,373,138,435,395
"Morganza_all/004166@29.5976256353621,-90.6864230433311.jpg",1,203,294,309,109,512,403
"Morganza_all/004167@29.5975513727725,-90.6862140543433.jpg",1,275,290,202,110,477,400
"Morganza_all/004168@29.5973811265172,-90.6874249545482.jpg",5,118,346,302,162,420,508
"Morganza_all/004169@29.5973743739908,-90.6888469094853.jpg",1,202,260,387,139,589,399
"Morganza_all/004170@29.5974784762407,-90.6890740841429.jpg",5,218,278,309,147,527,425
"Morganza_all/004171@29.5974523446164,-90.6893413347904.jpg",1,139,239,302,169,441,408
"Morganza_all/004172@29.5975890539422,-90.6906209934941.jpg",2,0,270,355,139,355,409
"Morganza_all/004173@29.5976601046786,-90.6911075990849.jpg",1,83,245,509,154,592,399
"Morganza_all/004174@29.5977237790019,-90.6914921140576.jpg",3,190,253,325,149,515,402
"Morganza_all/004175@29.5977741531937,-90.6919631517899.jpg",1,56,241,554,187,610,428
"Morganza_all/004176@29.5978537353006,-90.6927953902739.jpg",1,93,265,501,172,594,437
"Morganza_all/004177@29.5978632185215,-90.6933295282402.jpg",1,174,246,303,181,477,427
"Morganza_all/004178@29.597893077054,-90.6938242665827.jpg",4,223,277,187,155,410,432
"Morganza_all/004179@29.5986259979981,-90.6948801563638.jpg",4,208,277,195,128,403,405
"Morganza_all/004180@29.5985170490464,-90.6922490788556.jpg",6,148,257,299,186,447,443
"Morganza_all/004181@29.5986327116766,-90.6934424515987.jpg",6,146,261,331,177,477,438
"Morganza_all/004182@29.5985403714656,-90.6928067000101.jpg",6,190,239,281,164,471,403
"Morganza_all/004183@29.5981165352508,-90.6917802806288.jpg",1,206,267,173,152,379,419
"Morganza_all/004184@29.5981633342039,-90.6915207314821.jpg",5,229,288,206,124,435,412
"Morganza_all/004185@29.5982101051444,-90.6912611822691.jpg",4,325,273,132,95,457,368
"Morganza_all/004186@29.598138025101,-90.6961873485604.jpg",1,84,295,319,97,403,392
"Morganza_all/004187@29.598319342625,-90.6967675322203.jpg",2,8,219,633,240,641,459
"Morganza_all/004188@29.5986549604552,-90.6966004212076.jpg",2,126,259,515,157,641,416
"Morganza_all/004189@29.5985698264001,-90.6960353254349.jpg",5,120,278,395,162,515,440
"Morganza_all/004190@29.5987825241363,-90.6960104035779.jpg",5,263,281,332,160,595,441
"Morganza_all/004191@29.5991631894367,-90.6966364912884.jpg",6,167,223,234,186,401,409
"Morganza_all/004192@29.5985080276282,-90.6974498105128.jpg",2,0,253,443,238,443,491
"Morganza_all/004193@29.5984833639613,-90.6980234702256.jpg",2,2,157,639,340,641,497
"Morganza_all/004195@29.5989326890497,-90.6972428659133.jpg",1,214,301,309,84,523,385
"Morganza_all/004196@29.5990356716138,-90.6972422117789.jpg",4,235,317,153,101,388,418
"Morganza_all/004197@29.5991247798352,-90.6972102108281.jpg",6,165,303,326,124,491,427
"Morganza_all/004198@29.5992070515438,-90.6971861198585.jpg",6,126,275,320,189,446,464
"Morganza_all/004199@29.5993030832568,-90.6971698080525.jpg",6,29,259,425,194,454,453
"Morganza_all/004200@29.5992840108942,-90.697484153282.jpg",6,73,261,367,173,440,434
"Morganza_all/004201@29.5990781220591,-90.6975011937682.jpg",5,142,299,147,135,289,434
"Morganza_all/004202@29.5988609483817,-90.6980210747966.jpg",2,153,147,487,298,640,445
"Morganza_all/004203@29.5985065477274,-90.6985575250656.jpg",5,277,239,189,146,466,385
"Morganza_all/004204@29.5985079545088,-90.6988481695677.jpg",5,231,266,203,186,434,452
"Morganza_all/004205@29.5984470012343,-90.6990213995639.jpg",5,234,280,177,140,411,420
"Morganza_all/004206@29.5984828394588,-90.6993354255549.jpg",5,215,269,185,148,400,417
"Morganza_all/004207@29.5984768002633,-90.6995082761767.jpg",5,226,280,163,159,389,439
"Morganza_all/004208@29.5985048790504,-90.6996338059754.jpg",1,62,226,258,193,320,419
"Morganza_all/004209@29.5984645212537,-90.6998069051892.jpg",5,284,284,136,147,420,431
"Morganza_all/004210@29.5984874701929,-90.7002938254047.jpg",1,346,288,191,120,537,408
"Morganza_all/004211@29.598501874675,-90.7004351434943.jpg",5,285,277,131,137,416,414
"Morganza_all/004212@29.5985584850288,-90.7007804422219.jpg",5,223,260,155,147,378,407
"Morganza_all/004213@29.5985124252787,-90.7011970940771.jpg",5,211,281,168,123,379,404
"Morganza_all/004214@29.5984724818437,-90.701456596228.jpg",1,52,210,447,217,499,427
"Morganza_all/004215@29.5984397531381,-90.7017867571885.jpg",2,0,237,348,165,348,402
"Morganza_all/004216@29.5985106215028,-90.7022498075296.jpg",5,233,236,194,190,427,426
"Morganza_all/004217@29.5985012070918,-90.70314545801.jpg",5,118,282,311,177,429,459
"Morganza_all/004218@29.5985576695962,-90.7034671909516.jpg",2,0,234,401,192,401,426
"Morganza_all/004219@29.5984835920111,-90.7037662081735.jpg",1,79,99,387,491,466,590
"Morganza_all/004220@29.5991569334229,-90.7024421478813.jpg",2,2,128,639,274,641,402
"Morganza_all/004221@29.5989237273959,-90.6982249245684.jpg",1,313,284,179,100,492,384
"Morganza_all/004222@29.5989244883009,-90.6983820312061.jpg",1,282,292,221,90,503,382
"Morganza_all/004223@29.5988297496464,-90.6986654511404.jpg",1,247,272,265,146,512,418
"Morganza_all/004224@29.5988717411198,-90.6988301629712.jpg",1,264,254,287,163,551,417
"Morganza_all/004225@29.598872463394,-90.6989794346563.jpg",1,278,267,270,136,548,403
"Morganza_all/004226@29.598907655745,-90.6991598914479.jpg",5,255,280,194,177,449,457
"Morganza_all/004227@29.5988533866928,-90.6992937781895.jpg",1,256,238,298,192,554,430
"Morganza_all/004228@29.5990197160471,-90.6996148463575.jpg",5,286,298,125,95,411,393
"Morganza_all/004229@29.5989175685779,-90.6997883059133.jpg",5,244,314,133,86,377,400
"Morganza_all/004230@29.5988496255432,-90.699938011973.jpg",1,292,288,321,137,613,425
"Morganza_all/004232@29.5992820765175,-90.6999195749608.jpg",1,148,266,242,140,390,406
"Morganza_all/004233@29.5993082570483,-90.6996522905522.jpg",4,271,265,122,173,393,438
"Morganza_all/004234@29.5992936722678,-90.6994795375797.jpg",4,230,281,143,131,373,412
"Morganza_all/004235@29.5992929126778,-90.6993224303545.jpg",1,91,257,199,147,290,404
"Morganza_all/004236@29.5993059022418,-90.6991652360611.jpg",1,53,252,355,177,408,429
"Morganza_all/004237@29.5992846217202,-90.6990239605645.jpg",4,261,242,128,146,389,388
"Morganza_all/004238@29.5992563523341,-90.6988591610349.jpg",4,320,252,109,131,429,383
"Morganza_all/004239@29.5992549454248,-90.698568482895.jpg",4,299,267,120,112,419,379
"Morganza_all/004240@29.5992815418017,-90.6983876339104.jpg",1,85,233,273,195,358,428
"Morganza_all/004241@29.5993013012101,-90.6982146633397.jpg",1,98,235,263,179,361,414
"Morganza_all/004242@29.5993188606453,-90.7004299801149.jpg",1,98,254,294,135,392,389
"Morganza_all/004243@29.5988724982036,-90.7004092328732.jpg",2,28,242,613,164,641,406
"Morganza_all/004244@29.5988871678405,-90.7006055215257.jpg",1,62,206,260,206,322,412
"Morganza_all/004245@29.599305859102,-90.7005793077153.jpg",5,318,268,140,168,458,436
"Morganza_all/004246@29.5992036347571,-90.7007370969786.jpg",1,76,259,302,131,378,390
"Morganza_all/004247@29.5989015616847,-90.700739005172.jpg",5,195,245,201,147,396,392
"Morganza_all/004248@29.5988816851176,-90.7008883755268.jpg",1,369,229,246,186,615,415
"Morganza_all/004249@29.5992868166601,-90.7009015501437.jpg",3,76,238,379,187,455,425
"Morganza_all/004250@29.5993362859505,-90.7011918935171.jpg",1,142,243,346,153,488,396
"Morganza_all/004251@29.5988892901561,-90.7010454703517.jpg",4,245,247,133,115,378,362
"Morganza_all/004252@29.5989037970252,-90.701202490166.jpg",4,214,273,137,133,351,406
"Morganza_all/004253@29.5988838821657,-90.7013440255548.jpg",1,247,227,290,218,537,445
"Morganza_all/004254@29.5993370812161,-90.7013568672028.jpg",1,68,228,307,180,375,408
"Morganza_all/004255@29.5993242027405,-90.7015376603931.jpg",4,295,265,115,133,410,398
"Morganza_all/004256@29.5992632836565,-90.7017187250714.jpg",5,293,240,187,133,480,373
"Morganza_all/004257@29.5988779161331,-90.7015326094324.jpg",4,289,242,115,150,404,392
"Morganza_all/004258@29.5989267407814,-90.7016894128371.jpg",4,271,262,131,167,402,429
"Morganza_all/004259@29.5990030847041,-90.7018617760415.jpg",1,250,246,282,150,532,396
"Morganza_all/004260@29.5967025995069,-90.6912089231936.jpg",2,321,248,320,185,641,433
"Morganza_all/004261@29.5968375577368,-90.6913979218773.jpg",2,0,228,532,256,532,484
"Morganza_all/004262@29.5976468312322,-90.7042005066387.jpg",2,74,114,567,333,641,447
"Morganza_all/004263@29.5977698278414,-90.7046630703921.jpg",2,3,112,638,292,641,404
"Morganza_all/004264@29.5978498997638,-90.7050690140186.jpg",4,297,168,169,231,466,399
"Morganza_all/004265@29.5977513602346,-90.7052566029956.jpg",4,280,236,224,156,504,392
"Morganza_all/004266@29.5978237128942,-90.7055325149957.jpg",2,1,207,640,288,641,495
"Morganza_all/004267@29.5977964352726,-90.7057684291222.jpg",5,247,273,242,180,489,453
"Morganza_all/004268@29.5697709985784,-90.6531168007856.jpg",5,225,256,139,118,364,374
"Morganza_all/004269@29.5643345041147,-90.6487091399611.jpg",1,274,274,359,140,633,414
"Morganza_all/004270@29.5670128417393,-90.6498232970511.jpg",5,194,300,211,142,405,442
"Morganza_all/004271@29.59668282278,-90.6853390059014.jpg",5,261,281,130,90,391,371
"Morganza_all/004272@29.5972595473124,-90.685261927239.jpg",1,90,292,257,135,347,427
"Morganza_all/004273@29.5968560337068,-90.6863284258201.jpg",5,208,295,176,134,384,429
"Morganza_all/004274@29.5978559765461,-90.6875118217354.jpg",5,200,270,175,104,375,374
"Morganza_all/004275@29.598218843746,-90.6896614508269.jpg",6,120,260,345,178,465,438
"Morganza_all/004276@29.5978632360973,-90.6984067271098.jpg",4,220,270,179,171,399,441
"Morganza_all/004277@29.5972966597894,-90.6921335767219.jpg",4,166,305,181,98,347,403
"Morganza_all/004278@29.5972260135845,-90.691526581366.jpg",4,208,302,183,116,391,418
"Morganza_all/004279@29.5961053804068,-90.6858942692077.jpg",4,210,264,198,140,408,404
"Morganza_all/004280@29.5957906031866,-90.6853841737159.jpg",4,140,278,243,124,383,402
"Morganza_all/004281@29.5984435807315,-90.7000261367592.jpg",4,203,302,174,105,377,407
"Morganza_all/004282@29.599399833179,-90.7080500848569.jpg",5,228,264,177,127,405,391
"Morganza_all/004283@29.5993852825196,-90.7079455811459.jpg",5,274,262,161,179,435,441
"Morganza_all/004284@29.5996189319945,-90.7078100744924.jpg",1,206,221,398,197,604,418
"Morganza_all/004285@29.599377072226,-90.7055772137807.jpg",4,225,262,154,131,379,393
"Morganza_all/004286@29.599380063977,-90.7062024024624.jpg",2,0,105,408,318,408,423
"Morganza_all/004287@29.5766783738801,-90.6629327984528.jpg",6,160,273,359,225,519,498
"Morganza_all/004288@29.5762564510022,-90.6642575412739.jpg",6,25,268,422,164,447,432
"Morganza_all/004289@29.5980594822998,-90.7074224933619.jpg",1,260,273,209,82,469,355
"Morganza_all/004290@29.5979700041898,-90.7066866845249.jpg",1,97,199,529,241,626,440
"Morganza_all/004291@29.5966528118049,-90.6897815203134.jpg",4,157,272,262,154,419,426
"Morganza_all/004292@29.5966230420143,-90.689868053325.jpg",4,292,252,240,132,532,384
"Morganza_all/004293@29.5966338127611,-90.6900119079499.jpg",4,199,277,265,135,464,412
"Morganza_all/004294@29.5966744945763,-90.6900980198245.jpg",4,171,262,236,202,407,464
"Morganza_all/004295@29.5966800915992,-90.690213116698.jpg",1,244,251,211,175,455,426
"Morganza_all/004296@29.5966654182961,-90.6902995526674.jpg",1,291,262,137,146,428,408
"Morganza_all/004298@29.5966968257588,-90.6905469227921.jpg",1,183,240,202,175,385,415
"Morganza_all/004299@29.5774055469968,-90.7108692836577.jpg",5,273,282,168,108,441,390
"Morganza_all/004300@29.5788966621835,-90.7126573601973.jpg",5,206,231,271,142,477,373
"Morganza_all/004301@29.578887031744,-90.7106266748937.jpg",6,217,284,166,102,383,386
"Morganza_all/004302@29.5798146788048,-90.7126283278992.jpg",6,120,279,347,128,467,407
"Morganza_all/004303@29.5801621811171,-90.7113267956895.jpg",6,82,259,365,152,447,411
"Morganza_all/004305@29.5807323591099,-90.7110898170859.jpg",5,251,219,294,207,545,426
"Morganza_all/004306@29.5807216887633,-90.7131440092773.jpg",6,166,255,247,138,413,393
"Morganza_all/004307@29.5805000403668,-90.7137367139236.jpg",6,121,221,314,192,435,413
"Morganza_all/004308@29.5972351022119,-90.7109927837199.jpg",6,195,265,224,119,419,384
"Morganza_all/004309@29.597062884103,-90.7124278421523.jpg",2,181,279,460,101,641,380
"Morganza_all/004310@29.5970002115279,-90.7128051585831.jpg",4,249,298,173,115,422,413
"Morganza_all/004311@29.5967496659213,-90.7128231046493.jpg",2,0,213,518,196,518,409
"Morganza_all/004312@29.5966841616373,-90.7126022442851.jpg",1,20,250,376,159,396,409
"Morganza_all/004313@29.5963049349432,-90.7126701689673.jpg",5,107,268,251,150,358,418
"Morganza_all/004314@29.5959838798211,-90.7129261789264.jpg",2,182,223,459,176,641,399
"Morganza_all/004315@29.5959105278896,-90.7125578905968.jpg",1,101,228,269,177,370,405
"Morganza_all/004316@29.5962829569199,-90.7110560623472.jpg",6,249,286,166,108,415,394
"Morganza_all/004317@29.5962562859109,-90.7114741212167.jpg",3,215,231,338,150,553,381
"Morganza_all/004318@29.5958695601982,-90.7114683101621.jpg",3,141,226,313,186,454,412
"Morganza_all/004319@29.5954188942362,-90.7115776498729.jpg",5,181,298,275,131,456,429
"Morganza_all/004320@29.5949894989822,-90.7116376766289.jpg",5,226,295,124,116,350,411
"Morganza_all/004321@29.5954726358499,-90.7123393728744.jpg",2,1,194,640,204,641,398
"Morganza_all/004322@29.5952137098355,-90.7121033535712.jpg",2,167,86,474,356,641,442
"Morganza_all/004323@29.5953319827881,-90.7128810373622.jpg",2,0,244,492,135,492,379
"Morganza_all/004324@29.5956039161067,-90.7128383847993.jpg",2,70,229,571,203,641,432
"Morganza_all/004325@29.5955978520674,-90.713067867181.jpg",2,0,214,607,212,607,426
"Morganza_all/004326@29.5954707981841,-90.7134619695813.jpg",4,117,309,290,142,407,451
"Morganza_all/004327@29.5956573404396,-90.7135345381257.jpg",2,267,229,374,186,641,415
"Morganza_all/004328@29.5957175239808,-90.7141487461738.jpg",1,261,229,354,180,615,409
"Morganza_all/004329@29.5957985512477,-90.714623497676.jpg",1,199,235,343,210,542,445
"Morganza_all/004330@29.5958279119787,-90.7147790068232.jpg",1,198,236,356,198,554,434
"Morganza_all/004331@29.5958069766523,-90.7148938587659.jpg",1,251,223,307,205,558,428
"Morganza_all/004332@29.5958221536136,-90.7150740300073.jpg",4,260,298,123,87,383,385
"Morganza_all/004333@29.5958300373191,-90.715229671878.jpg",2,115,248,526,247,641,495
"Morganza_all/004334@29.5958671149796,-90.715499824864.jpg",4,144,299,234,155,378,454
"Morganza_all/004335@29.5954849898387,-90.7149532082994.jpg",4,183,271,197,173,380,444
"Morganza_all/004336@29.5955215659154,-90.715116853477.jpg",1,203,254,272,197,475,451
"Morganza_all/004337@29.5955511079595,-90.7153051165519.jpg",1,181,240,238,158,419,398
"Morganza_all/004338@29.5955661300014,-90.7154525330073.jpg",1,48,254,389,180,437,434
"Morganza_all/004339@29.5955598683928,-90.7156410485627.jpg",4,314,276,108,134,422,410
"Morganza_all/004340@29.5955677512771,-90.715796658606.jpg",1,0,139,391,276,391,415
"Morganza_all/004341@29.5956402069575,-90.7159765079107.jpg",1,194,255,193,110,387,365
"Morganza_all/004342@29.5958763379615,-90.7159340843512.jpg",2,181,230,460,168,641,398
"Morganza_all/004343@29.5959437257608,-90.7165564002784.jpg",3,273,224,272,232,545,456
"Morganza_all/004344@29.5957573392761,-90.7165165803498.jpg",1,77,220,365,203,442,423
"Morganza_all/004346@29.5960162188704,-90.7167444315761.jpg",1,250,254,274,173,524,427
"Morganza_all/004347@29.595789548204,-90.7172784408595.jpg",1,171,207,416,236,587,443
"Morganza_all/004348@29.5958048758895,-90.7174913983646.jpg",1,18,221,434,203,452,424
"Morganza_all/004349@29.5958561219328,-90.7177287095696.jpg",2,96,163,545,275,641,438
"Morganza_all/004350@29.5960494543119,-90.7177193086558.jpg",2,41,155,430,290,471,445
"Morganza_all/004351@29.5962069944278,-90.7177183402185.jpg",2,10,154,631,374,641,528
"Morganza_all/004352@29.5961057722117,-90.7175141225009.jpg",2,85,245,556,195,641,440
"Morganza_all/004353@29.5960544487541,-90.7172604178066.jpg",2,143,121,498,415,641,536
"Morganza_all/004354@29.5960609822826,-90.7171292612188.jpg",1,241,182,400,281,641,463
"Morganza_all/004355@29.5954121277368,-90.717731438846.jpg",2,137,273,504,137,641,410
"Morganza_all/004356@29.5950761479849,-90.7178564068396.jpg",2,90,249,551,131,641,380
"Morganza_all/004357@29.594953141557,-90.717586752012.jpg",5,274,265,178,123,452,388
"Morganza_all/004358@29.5949523718849,-90.7174228866664.jpg",1,171,235,240,187,411,422
"Morganza_all/004359@29.5949443862565,-90.7172508533304.jpg",3,112,200,361,236,473,436
"Morganza_all/004360@29.5949073506599,-90.7169888828629.jpg",3,7,195,372,222,379,417
"Morganza_all/004361@29.5948491462583,-90.7167925845965.jpg",1,88,235,267,190,355,425
"Morganza_all/004362@29.5948700447721,-90.7166695534748.jpg",1,99,253,325,161,424,414
"Morganza_all/004363@29.5948477973129,-90.7165057890877.jpg",1,137,231,279,183,416,414
"Morganza_all/004364@29.5948037758697,-90.7162848296463.jpg",3,56,204,346,226,402,430
"Morganza_all/004365@29.5947742625823,-90.7160965360536.jpg",3,109,196,307,233,416,429
"Morganza_all/004366@29.5947447601978,-90.7159164548696.jpg",3,83,198,338,222,421,420
"Morganza_all/004367@29.5947439884382,-90.7157525898778.jpg",1,167,212,222,217,389,429
"Morganza_all/004368@29.5947217785256,-90.7155970380266.jpg",1,161,243,276,153,437,396
"Morganza_all/004369@29.5946604423008,-90.7147370379433.jpg",2,0,210,582,182,582,392
"Morganza_all/004370@29.595453453445,-90.717378837212.jpg",2,0,171,424,264,424,435
"Morganza_all/004371@29.5954094334738,-90.7171578760506.jpg",1,148,154,392,300,540,454
"Morganza_all/004372@29.5953298297487,-90.7169780703088.jpg",1,45,172,400,290,445,462
"Morganza_all/004373@29.5953573772727,-90.7167484880143.jpg",3,120,108,418,359,538,467
"Morganza_all/004374@29.5953423457053,-90.7165928907894.jpg",1,200,223,374,219,574,442
"Morganza_all/004375@29.5952698635192,-90.7164130732074.jpg",3,200,257,267,164,467,421
"Morganza_all/004376@29.595276115232,-90.7162163773691.jpg",4,175,244,147,156,322,400
"Morganza_all/004377@29.5950735499076,-90.7157833441783.jpg",4,313,207,143,167,456,374
"Morganza_all/004378@29.5951653479329,-90.7155041543043.jpg",1,155,204,372,217,527,421
"Morganza_all/004379@29.5951073070565,-90.7153488544246.jpg",1,253,226,225,162,478,388
"Morganza_all/004380@29.5950633497351,-90.7151360754391.jpg",4,238,224,159,136,397,360
"Morganza_all/004381@29.5951046022223,-90.7147752619749.jpg",3,186,199,407,221,593,420
"Morganza_all/004382@29.5948014125102,-90.7142609194305.jpg",1,217,237,282,136,499,373
"Morganza_all/004383@29.5949289832611,-90.7139815391289.jpg",2,178,235,463,151,641,386
"Morganza_all/004384@29.5946067920525,-90.7139917126009.jpg",2,0,250,509,142,509,392
"Morganza_all/004385@29.5948626953014,-90.7135886360099.jpg",1,171,224,351,210,522,434
"Morganza_all/004386@29.5947338975167,-90.7136140072315.jpg",1,164,210,315,228,479,438
"Morganza_all/004387@29.5944170739669,-90.7132472305353.jpg",2,0,246,489,235,489,481
"Morganza_all/004388@29.5943870249062,-90.7129524331773.jpg",1,33,257,382,172,415,429
"Morganza_all/004389@29.5947945954022,-90.7128188250795.jpg",2,243,244,398,169,641,413
"Morganza_all/004390@29.5947647004644,-90.7125567808603.jpg",1,199,230,242,162,441,392
"Morganza_all/004391@29.594349709187,-90.7126331069522.jpg",4,335,298,136,85,471,383
"Morganza_all/004392@29.5942843987304,-90.7124532495221.jpg",4,209,301,149,94,358,395
"Morganza_all/004393@29.5946341454996,-90.7122052767907.jpg",4,299,265,132,130,431,395
"Morganza_all/004394@29.5948273335717,-90.7121712920273.jpg",2,0,223,447,196,447,419
"Morganza_all/004395@29.5945177721374,-90.7118290485765.jpg",4,236,302,162,149,398,451
"Morganza_all/004396@29.5944367347492,-90.7113543054069.jpg",1,173,185,386,221,559,406
"Morganza_all/004397@29.5942388060994,-90.711896352576.jpg",2,15,247,626,175,641,422
"Morganza_all/004398@29.593830576396,-90.7118906734466.jpg",4,160,281,309,197,469,478
"Morganza_all/004399@29.5937220011907,-90.7116455450238.jpg",2,184,266,457,179,641,445
"Morganza_all/004400@29.5936873631383,-90.7118915621263.jpg",2,18,263,623,193,641,456
"Morganza_all/004401@29.5934940311647,-90.7119009740685.jpg",2,203,298,277,87,480,385
"Morganza_all/004402@29.593825367963,-90.7123004079203.jpg",2,0,169,641,387,641,556
"Morganza_all/004403@29.5940275681827,-90.7126596775461.jpg",1,219,251,344,172,563,423
"Morganza_all/004404@29.5939784464028,-90.7128730299407.jpg",1,218,260,229,138,447,398
"Morganza_all/004405@29.5941015787651,-90.7131672496491.jpg",2,227,192,414,226,641,418
"Morganza_all/004406@29.5939664065031,-90.7133565606551.jpg",1,96,229,456,205,552,434
"Morganza_all/004407@29.5937727918511,-90.713300399101.jpg",1,72,282,543,142,615,424
"Morganza_all/004408@29.5936011961718,-90.713358821543.jpg",4,282,265,155,111,437,376
"Morganza_all/004409@29.5936142440917,-90.7130883335261.jpg",2,0,195,461,244,461,439
"Morganza_all/004410@29.5936195714594,-90.7127032045972.jpg",1,70,246,277,142,347,388
"Morganza_all/004411@29.5940825430695,-90.7136836105269.jpg",1,138,240,503,169,641,409
"Morganza_all/004412@29.5937683921244,-90.7138822086905.jpg",2,6,226,635,181,641,407
"Morganza_all/004413@29.5937415573034,-90.7142674710572.jpg",1,183,160,316,234,499,394
"Morganza_all/004414@29.5941497481299,-90.7142649477913.jpg",2,49,210,592,195,641,405
"Morganza_all/004415@29.5940306409326,-90.7148228624511.jpg",2,43,236,598,130,641,366
"Morganza_all/004416@29.5941911559912,-90.7154528354011.jpg",3,131,249,431,126,562,375
"Morganza_all/004417@29.5943718323995,-90.7158040330341.jpg",3,173,193,410,258,583,451
"Morganza_all/004418@29.5943369551477,-90.716000903582.jpg",1,163,200,346,212,509,412
"Morganza_all/004419@29.5939858016668,-90.7159457393789.jpg",1,98,245,289,162,387,407
"Morganza_all/004420@29.5939873444983,-90.716273466887.jpg",4,247,268,141,99,388,367
"Morganza_all/004421@29.5943806300642,-90.7161481417672.jpg",1,282,201,320,214,602,415
"Morganza_all/004422@29.5944460510915,-90.7163525751629.jpg",1,117,197,429,204,546,401
"Morganza_all/004423@29.5940606088913,-90.7166253581846.jpg",4,316,268,141,117,457,385
"Morganza_all/004424@29.5944327652554,-90.7165739182402.jpg",1,236,200,359,221,595,421
"Morganza_all/004425@29.5944985049195,-90.7168521038439.jpg",4,258,259,113,101,371,360
"Morganza_all/004426@29.5940757450056,-90.7167973459369.jpg",1,5,265,359,164,364,429
"Morganza_all/004427@29.5940622272366,-90.716969510093.jpg",1,0,262,339,164,339,426
"Morganza_all/004428@29.5940917281753,-90.7171495903599.jpg",1,62,257,310,162,372,419
"Morganza_all/004429@29.5940927292418,-90.7173626323547.jpg",3,44,193,382,241,426,434
"Morganza_all/004430@29.5941291483204,-90.717493490752.jpg",1,43,246,326,186,369,432
"Morganza_all/004431@29.5941446680059,-90.7177474107655.jpg",1,72,234,351,188,423,422
"Morganza_all/004432@29.5945282756281,-90.7170895437801.jpg",1,179,202,298,198,477,400
"Morganza_all/004433@29.594564810599,-90.7172450075248.jpg",1,302,185,313,235,615,420
"Morganza_all/004434@29.594587133995,-90.7174251329168.jpg",3,227,135,372,297,599,432
"Morganza_all/004435@29.5946023844616,-90.7176216951173.jpg",1,228,183,310,248,538,431
"Morganza_all/004436@29.5938453102402,-90.7180524449078.jpg",3,138,256,408,160,546,416
"Morganza_all/004437@29.593688000739,-90.7181025591952.jpg",1,62,235,475,166,537,401
"Morganza_all/004438@29.5934444502061,-90.7180876623324.jpg",1,72,229,507,169,579,398
"Morganza_all/004439@29.593772472772,-90.7177906656159.jpg",3,104,240,486,192,590,432
"Morganza_all/004440@29.5937429727135,-90.7176105857342.jpg",3,273,223,342,201,615,424
"Morganza_all/004441@29.5933349632793,-90.7176458803097.jpg",3,81,218,427,193,508,411
"Morganza_all/004442@29.593333385294,-90.7173099429026.jpg",1,15,255,401,132,416,387
"Morganza_all/004443@29.5937347453736,-90.7173811958256.jpg",3,178,179,448,253,626,432
"Morganza_all/004444@29.5937267982807,-90.7172173766298.jpg",1,227,197,316,248,543,445
"Morganza_all/004446@29.5936391701824,-90.7168573936883.jpg",4,197,270,157,147,354,417
"Morganza_all/004447@29.5932313920126,-90.7169418374677.jpg",1,70,202,365,208,435,410
"Morganza_all/004448@29.5932804048454,-90.7167039155627.jpg",1,156,143,460,233,616,376
"Morganza_all/004449@29.5936813799372,-90.7166932343894.jpg",1,197,189,371,251,568,440
"Morganza_all/004450@29.5936446515847,-90.7164968064179.jpg",2,241,168,400,264,641,432
"Morganza_all/004451@29.5936217099808,-90.7161856049867.jpg",2,231,160,410,296,641,456
"Morganza_all/004452@29.5936134526489,-90.7159562156425.jpg",4,191,218,209,192,400,410
"Morganza_all/004453@29.5933282604123,-90.7162201679417.jpg",1,161,222,186,132,347,354
"Morganza_all/004454@29.5932054546786,-90.7159996976202.jpg",4,263,248,170,95,433,343
"Morganza_all/004455@29.5929511639491,-90.7152228348079.jpg",1,84,232,340,231,424,463
"Morganza_all/004456@29.5929503527452,-90.715050792239.jpg",2,0,196,419,289,419,485
"Morganza_all/004457@29.5929351757508,-90.7148706261675.jpg",2,0,196,409,262,409,458
"Morganza_all/004458@29.5929553376998,-90.7145918839937.jpg",1,97,174,369,281,466,455
"Morganza_all/004459@29.593384347611,-90.7144499397451.jpg",4,336,253,99,119,435,372
"Morganza_all/004460@29.5933828774914,-90.7141385753426.jpg",1,79,239,402,184,481,423
"Morganza_all/004461@29.5931950967661,-90.7138037896557.jpg",1,208,248,259,194,467,442
"Morganza_all/004462@29.5930949414326,-90.7138208022311.jpg",1,177,246,256,179,433,425
"Morganza_all/004463@29.5930092403314,-90.7138705113325.jpg",1,188,224,266,178,454,402
"Morganza_all/004464@29.5928372571496,-90.7138469699604.jpg",3,66,243,540,196,606,439
"Morganza_all/004465@29.5929037379192,-90.7142808622597.jpg",3,254,247,326,176,580,423
"Morganza_all/004466@29.5933290689622,-90.7133605061754.jpg",2,154,268,487,167,641,435
"Morganza_all/004467@29.5931717225721,-90.7134024470399.jpg",4,183,232,256,215,439,447
"Morganza_all/004468@29.5930213708189,-90.7134115585018.jpg",5,142,245,249,209,391,454
"Morganza_all/004469@29.5928625132282,-90.7131339558779.jpg",1,107,198,346,198,453,396
"Morganza_all/004470@29.5927465968139,-90.7128479073456.jpg",1,214,191,286,239,500,430
"Morganza_all/004471@29.5931700561613,-90.7130501177152.jpg",1,237,259,218,132,455,391
"Morganza_all/004472@29.5931189955238,-90.7128537808466.jpg",3,286,236,194,142,480,378
"Morganza_all/004473@29.593146175266,-90.7125422396759.jpg",1,92,211,405,206,497,417
"Morganza_all/004474@29.5929744246976,-90.7125678780518.jpg",1,128,229,379,219,507,448
"Morganza_all/004475@29.5928455771395,-90.7125768889222.jpg",3,123,230,318,182,441,412
"Morganza_all/004476@29.5926880095482,-90.7125778655851.jpg",4,198,240,209,191,407,431
"Morganza_all/004477@29.5930730164766,-90.7122149590837.jpg",5,167,264,280,143,447,407
"Morganza_all/004478@29.5922189677841,-90.7118269531333.jpg",5,225,259,188,130,413,389
"Morganza_all/004479@29.5923136704397,-90.7121623091984.jpg",5,170,280,227,162,397,442
"Morganza_all/004480@29.5921994325747,-90.7122367384048.jpg",5,191,301,197,141,388,442
"Morganza_all/004481@29.5920777347005,-90.7122457052919.jpg",3,222,231,225,153,447,384
"Morganza_all/004482@29.5919493252468,-90.7123530077306.jpg",1,225,259,297,135,522,394
"Morganza_all/004483@29.5917991175921,-90.7123867246786.jpg",5,293,290,92,92,385,382
"Morganza_all/004484@29.5914971722492,-90.7121427686388.jpg",6,180,274,275,145,455,419
"Morganza_all/004485@29.5913417665527,-90.712594390603.jpg",2,5,219,636,182,641,401
"Morganza_all/004486@29.5910701436867,-90.7127026107658.jpg",2,0,223,507,209,507,432
"Morganza_all/004487@29.5923516855499,-90.7126290974094.jpg",1,150,180,430,277,580,457
"Morganza_all/004488@29.5922156219454,-90.7126299407077.jpg",2,233,229,408,280,641,509
"Morganza_all/004489@29.5918798522906,-90.7128040989595.jpg",1,74,205,567,235,641,440
"Morganza_all/004490@29.591909203973,-90.7129514208869.jpg",1,127,200,342,213,469,413
"Morganza_all/004491@29.5919386328876,-90.7131151037682.jpg",1,70,207,394,228,464,435
"Morganza_all/004492@29.5919464027023,-90.7132461666828.jpg",4,234,254,226,137,460,391
"Morganza_all/004493@29.5919766447547,-90.7135819220561.jpg",3,7,172,572,285,579,457
"Morganza_all/004494@29.5921198192122,-90.7135728238969.jpg",3,76,219,382,215,458,434
"Morganza_all/004495@29.5922840716585,-90.7134734816978.jpg",3,43,218,416,194,459,412
"Morganza_all/004496@29.592403909724,-90.7130712558312.jpg",3,239,230,366,196,605,426
"Morganza_all/004497@29.5924439351215,-90.7139641217102.jpg",2,103,255,538,145,641,400
"Morganza_all/004498@29.5922077660894,-90.7139983680045.jpg",1,161,192,341,206,502,398
"Morganza_all/004499@29.5920361700916,-90.7140567883376.jpg",2,0,201,629,255,629,456
"Morganza_all/004500@29.5920872289292,-90.7142531236967.jpg",4,308,237,157,146,465,383
"Morganza_all/004501@29.5921311103094,-90.7144495036083.jpg",2,150,211,294,218,444,429
"Morganza_all/004502@29.5921396407678,-90.7147362155147.jpg",3,112,232,363,218,475,450
"Morganza_all/004503@29.5925974703227,-90.714635061549.jpg",1,65,213,503,210,568,423
"Morganza_all/004504@29.5925749884806,-90.7144221869493.jpg",1,338,266,289,157,627,423
"Morganza_all/004505@29.592523891119,-90.7142176386025.jpg",4,273,261,126,155,399,416
"Morganza_all/004506@29.5925990938924,-90.7149792083973.jpg",1,97,240,500,203,597,443
"Morganza_all/004507@29.5925712018889,-90.7151350660894.jpg",1,282,261,175,117,457,378
"Morganza_all/004508@29.5925789696842,-90.7152661299885.jpg",1,77,270,195,124,272,394
"Morganza_all/004509@29.5925874983566,-90.7155528432466.jpg",1,206,249,214,158,420,407
"Morganza_all/004510@29.5923090818568,-90.7157430315001.jpg",1,197,262,385,163,582,425
"Morganza_all/004511@29.5922360467178,-90.7154402926822.jpg",1,230,245,327,149,557,394
"Morganza_all/004512@29.5922352743631,-90.7152764317988.jpg",1,161,204,346,211,507,415
"Morganza_all/004513@29.5921553589913,-90.715031095244.jpg",1,142,218,364,222,506,440
"Morganza_all/004514@29.5923201648004,-90.7150546827983.jpg",1,156,265,398,139,554,404
"Morganza_all/004515@29.5926900853855,-90.7160520532528.jpg",2,0,119,469,283,469,402
"Morganza_all/004516@29.5923036683896,-90.7161117628348.jpg",3,24,221,457,185,481,406
"Morganza_all/004517@29.5923977929293,-90.7163324394725.jpg",1,57,193,330,218,387,411
"Morganza_all/004518@29.5924493108864,-90.7166270997385.jpg",4,272,278,109,110,381,388
"Morganza_all/004519@29.5924077064291,-90.716914121295.jpg",4,256,317,91,85,347,402
"Morganza_all/004520@29.5925945936197,-90.7170604757662.jpg",2,184,251,457,182,641,433
"Morganza_all/004521@29.592895192933,-90.7170258400643.jpg",2,152,185,489,255,641,440
"Morganza_all/004522@29.5927653434692,-90.7168218060222.jpg",3,167,224,261,210,428,434
"Morganza_all/004523@29.5927562776956,-90.716420344877.jpg",3,81,222,473,190,554,412
"Morganza_all/004524@29.592925502319,-90.7173779922551.jpg",2,0,49,534,371,534,420
"Morganza_all/004525@29.5929477485423,-90.717541722229.jpg",2,272,215,369,211,641,426
"Morganza_all/004526@29.5929414455186,-90.7177220522077.jpg",3,236,252,315,173,551,425
"Morganza_all/004527@29.5929996869301,-90.7179265277973.jpg",1,151,187,300,224,451,411
"Morganza_all/004528@29.5930006867342,-90.7181395674767.jpg",5,319,287,83,102,402,389
"Morganza_all/004529@29.5928150695413,-90.7182636076245.jpg",1,213,254,225,126,438,380
"Morganza_all/004530@29.5925430575394,-90.718289851835.jpg",2,18,290,623,129,641,419
"Morganza_all/004531@29.5925416734753,-90.717994882425.jpg",5,267,303,91,90,358,393
"Morganza_all/004532@29.592497989726,-90.7178394654878.jpg",5,268,300,154,95,422,395
"Morganza_all/004533@29.5924826241873,-90.7176183344813.jpg",1,7,215,368,211,375,426
"Morganza_all/004534@29.5924459357967,-90.717430120462.jpg",1,87,215,530,182,617,397
"Morganza_all/004535@29.5921756169342,-90.7178168731877.jpg",2,154,238,487,191,641,429
"Morganza_all/004536@29.5921600589612,-90.7175547777023.jpg",2,134,248,507,187,641,435
"Morganza_all/004537@29.5920468458206,-90.7178422381219.jpg",1,157,231,342,208,499,439
"Morganza_all/004538@29.5920167302448,-90.7175310854788.jpg",1,207,229,258,173,465,402
"Morganza_all/004539@29.5919289489227,-90.7171383237451.jpg",3,134,216,253,196,387,412
"Morganza_all/004540@29.5920860269072,-90.7170390317498.jpg",2,1,248,640,167,641,415
"Morganza_all/004541@29.5920202599887,-90.7167608214306.jpg",1,227,201,300,214,527,415
"Morganza_all/004542@29.5920123780999,-90.7166051853602.jpg",1,250,216,348,205,598,421
"Morganza_all/004543@29.5919830691608,-90.7164660741121.jpg",1,184,217,290,221,474,438
"Morganza_all/004544@29.5919752255689,-90.7163186500238.jpg",1,177,229,304,191,481,420
"Morganza_all/004545@29.5919671613234,-90.7161302295523.jpg",1,0,236,548,225,548,461
"Morganza_all/004546@29.5915520522671,-90.7161819660318.jpg",2,0,199,534,280,534,479
"Morganza_all/004547@29.5916030307842,-90.716361909247.jpg",1,214,230,244,165,458,395
"Morganza_all/004548@29.5919300077543,-90.7158436945215.jpg",2,19,155,622,323,641,478
"Morganza_all/004549@29.5915364138297,-90.7159034801652.jpg",5,225,311,136,101,361,412
"Morganza_all/004550@29.5918860897734,-90.7156391024998.jpg",1,211,226,288,189,499,415
"Morganza_all/004551@29.591506784233,-90.7156906201665.jpg",1,157,262,230,150,387,412
"Morganza_all/004552@29.5914558433431,-90.7155188578611.jpg",1,144,241,247,176,391,417
"Morganza_all/004554@29.5918119343131,-90.7150987866388.jpg",2,0,127,562,315,562,442
"Morganza_all/004555@29.5914190359583,-90.7153060424381.jpg",1,106,259,252,167,358,426
"Morganza_all/004556@29.5913969525932,-90.7151832805071.jpg",1,72,208,476,207,548,415
"Morganza_all/004557@29.5918031338937,-90.7147546868238.jpg",1,260,226,261,197,521,423
"Morganza_all/004558@29.5917449261422,-90.7145583959404.jpg",1,250,270,215,131,465,401
"Morganza_all/004559@29.5917083107458,-90.7143865767223.jpg",3,76,270,255,133,331,403
"Morganza_all/004560@29.5917425663692,-90.7140586038476.jpg",3,82,239,522,180,604,419
"Morganza_all/004561@29.5915348961128,-90.7140598879783.jpg",1,197,218,293,200,490,418
"Morganza_all/004562@29.5913989099224,-90.7140771215689.jpg",1,171,230,281,198,452,428
"Morganza_all/004563@29.5912630010028,-90.7141107158704.jpg",1,119,235,285,182,404,417
"Morganza_all/004564@29.5914220113011,-90.7144211001043.jpg",5,322,266,108,102,430,368
"Morganza_all/004565@29.5914091539215,-90.7147325469081.jpg",1,98,277,511,113,609,390
"Morganza_all/004566@29.5915260156439,-90.7136994284059.jpg",4,290,311,114,98,404,409
"Morganza_all/004567@29.591574286454,-90.7133058295831.jpg",1,288,261,202,167,490,428
"Morganza_all/004568@29.5915511044347,-90.7129454270518.jpg",1,106,251,463,175,569,426
"Morganza_all/004569@29.5911866306528,-90.7131033681605.jpg",2,0,185,641,291,641,476
"Morganza_all/004570@29.5912378071263,-90.7133242739608.jpg",4,286,297,86,104,372,401
"Morganza_all/004571@29.5912750050181,-90.7136190179191.jpg",1,30,248,501,126,531,374
"Morganza_all/004572@29.5902980609024,-90.7129859741732.jpg",5,273,282,113,119,386,401
"Morganza_all/004573@29.5907867908368,-90.713359851354.jpg",5,254,307,122,101,376,408
"Morganza_all/004574@29.5908237838528,-90.7136054488452.jpg",1,232,224,316,176,548,400
"Morganza_all/004575@29.5909033920642,-90.7137852123534.jpg",1,202,283,439,158,641,441
"Morganza_all/004576@29.5907245690352,-90.7138272843833.jpg",1,101,215,409,241,510,456
"Morganza_all/004577@29.5905887376285,-90.7138772709081.jpg",1,111,201,329,229,440,430
"Morganza_all/004578@29.5903955877403,-90.7139194312505.jpg",3,61,211,395,218,456,429
"Morganza_all/004579@29.5905011390252,-90.713525482485.jpg",3,140,231,282,183,422,414
"Morganza_all/004580@29.5909266102606,-90.7141537616367.jpg",1,16,241,504,206,520,447
"Morganza_all/004581@29.5909345613305,-90.714317607472.jpg",1,158,268,291,152,449,420
"Morganza_all/004582@29.590851411868,-90.7149080673698.jpg",1,184,205,289,205,473,410
"Morganza_all/004583@29.5905578854446,-90.7149262724688.jpg",2,0,191,539,197,539,388
"Morganza_all/004584@29.5905714005318,-90.714754114061.jpg",3,215,272,251,139,466,411
"Morganza_all/004585@29.5905490072089,-90.7145657848733.jpg",3,157,270,223,131,380,401
"Morganza_all/004586@29.59063339358,-90.7142375374315.jpg",1,88,265,280,166,368,431
"Morganza_all/004587@29.5904689358584,-90.714287700297.jpg",1,114,268,440,132,554,400
"Morganza_all/004588@29.5906098700732,-90.7153192478241.jpg",2,154,234,487,182,641,416
"Morganza_all/004589@29.5911501512644,-90.7159959740403.jpg",2,4,195,637,285,641,480
"Morganza_all/004590@29.591141855067,-90.715758410003.jpg",1,148,215,271,210,419,425
"Morganza_all/004591@29.5911196066156,-90.7155946833775.jpg",1,116,213,284,202,400,415
"Morganza_all/004592@29.5910901310376,-90.7154146087431.jpg",1,269,236,313,179,582,415
"Morganza_all/004593@29.5912161124554,-90.7163151147827.jpg",1,12,202,403,233,415,435
"Morganza_all/004594@29.5898435797411,-90.7153157644955.jpg",4,286,217,104,159,390,376
"Morganza_all/004595@29.589749144572,-90.7150295894712.jpg",1,44,236,354,188,398,424
"Morganza_all/004596@29.5897411943916,-90.7148657455187.jpg",1,167,240,238,180,405,420
"Morganza_all/004597@29.5896902525671,-90.7146940181234.jpg",3,42,246,369,181,411,427
"Morganza_all/004598@29.5896750638199,-90.7145056460889.jpg",1,32,246,448,164,480,410
"Morganza_all/004599@29.5896365246247,-90.7139323378373.jpg",1,125,167,352,264,477,431
"Morganza_all/004601@29.5900798606884,-90.71379030684.jpg",4,231,268,118,139,349,407
"Morganza_all/004602@29.5900274065261,-90.7132990137123.jpg",2,0,213,641,339,641,552
"Morganza_all/004603@29.592709504026,-90.718657560498.jpg",5,264,298,87,103,351,401
"Morganza_all/004604@29.5927608247849,-90.7189112574346.jpg",5,294,303,94,84,388,387
"Morganza_all/004605@29.5930617702049,-90.7189503778337.jpg",1,169,208,354,210,523,418
"Morganza_all/004606@29.5934623506755,-90.71884959349.jpg",5,280,273,173,105,453,378
"Morganza_all/004607@29.5939202602274,-90.7187648496521.jpg",1,211,264,361,147,572,411
"Morganza_all/004608@29.5934393101412,-90.718521968211.jpg",1,112,229,373,208,485,437
"Morganza_all/004609@29.5935825125819,-90.7185129082762.jpg",1,189,182,283,238,472,420
"Morganza_all/004610@29.5939406885667,-90.7185352833393.jpg",1,241,247,253,183,494,430
"Morganza_all/004611@29.5939185313426,-90.7183961249464.jpg",2,0,240,516,210,516,450
"Morganza_all/004612@29.5886782106331,-90.7157253687854.jpg",5,155,288,90,101,245,389
"Morganza_all/004613@29.5886487848264,-90.7155616590037.jpg",2,92,200,547,234,639,434
"Morganza_all/004614@29.5882704828471,-90.715826204893.jpg",1,131,259,258,138,389,397
"Morganza_all/004615@29.5882769266783,-90.7156704863666.jpg",5,237,229,136,153,373,382
"Morganza_all/004616@29.588203814099,-90.7153513680687.jpg",1,0,267,540,178,540,445
"Morganza_all/004617@29.5883610067351,-90.715276680315.jpg",1,24,206,376,261,400,467
"Morganza_all/004618@29.5885461187645,-90.7150461093288.jpg",5,275,298,97,107,372,405
"Morganza_all/004619@29.5885740106653,-90.7148902578756.jpg",1,252,215,388,209,640,424
"Morganza_all/004620@29.5885588334485,-90.7147100997011.jpg",1,142,246,302,129,444,375
"Morganza_all/004621@29.5885436061131,-90.7145135496352.jpg",5,225,276,133,106,358,382
"Morganza_all/004622@29.5881739629408,-90.7150975519268.jpg",1,186,256,216,160,402,416
"Morganza_all/004623@29.5880726207077,-90.7148687814197.jpg",4,297,314,103,121,400,435
"Morganza_all/004624@29.5884838614188,-90.7139977361282.jpg",1,126,274,362,137,488,411
"Morganza_all/004625@29.5881834175794,-90.7140651313645.jpg",5,248,281,148,115,396,396
"Morganza_all/004626@29.5877475791071,-90.714280860932.jpg",2,0,229,641,270,641,499
"Morganza_all/004627@29.5872620243091,-90.7145788245696.jpg",5,233,268,126,103,359,371
"Morganza_all/004628@29.5878218815153,-90.7148457573093.jpg",1,33,226,500,186,533,412
"Morganza_all/004629@29.5878440921749,-90.7150012668155.jpg",1,77,233,510,201,587,434
"Morganza_all/004630@29.5878735959703,-90.7151813667841.jpg",1,112,248,470,190,582,438
"Morganza_all/004631@29.5877886005495,-90.7153867143488.jpg",1,136,296,371,135,507,431
"Morganza_all/004632@29.587657550692,-90.7149287012004.jpg",1,21,223,503,203,524,426
"Morganza_all/004633@29.5873146668516,-90.7151110680099.jpg",2,335,232,306,150,641,382
"Morganza_all/004634@29.587380475687,-90.7153974127751.jpg",4,248,296,84,109,332,405
"Morganza_all/004635@29.5877401194881,-90.7157311536469.jpg",1,170,208,258,232,428,440
"Morganza_all/004636@29.5878412012878,-90.7159107809119.jpg",1,104,254,406,150,510,404
"Morganza_all/004637@29.5875039498169,-90.7157653627041.jpg",3,56,211,585,197,641,408
"Morganza_all/004638@29.58708185663,-90.7158581057561.jpg",1,65,199,495,238,560,437
"Morganza_all/004639@29.5867104996841,-90.7160734277251.jpg",1,0,196,333,222,333,418
"Morganza_all/004640@29.5870301052096,-90.7155142870895.jpg",1,33,266,577,172,610,438
"Morganza_all/004641@29.5869145414939,-90.7153019670626.jpg",1,24,233,341,218,365,451
"Morganza_all/004642@29.5867653095764,-90.715548704453.jpg",5,306,305,82,90,388,395
"Morganza_all/004643@29.5869465185972,-90.7144906335446.jpg",2,225,243,416,201,641,444
"Morganza_all/004644@29.5869410813013,-90.7148593768357.jpg",1,25,223,360,192,385,415
"Morganza_all/004645@29.5866692245832,-90.7149184116917.jpg",1,215,277,278,107,493,384
"Morganza_all/004646@29.5865194799583,-90.715050440224.jpg",2,0,236,551,184,551,420
"Morganza_all/004647@29.5861764028043,-90.7151918418022.jpg",2,194,212,447,231,641,443
"Morganza_all/004648@29.5862425314973,-90.7155519291061.jpg",4,332,273,113,109,445,382
"Morganza_all/004649@29.5859410829423,-90.7154062935319.jpg",1,26,269,581,151,607,420
"Morganza_all/004650@29.5857032525592,-90.7150882311101.jpg",6,151,253,337,162,488,415
"Morganza_all/004652@29.5862734235445,-90.7160269458095.jpg",1,225,261,281,129,506,390
"Morganza_all/004653@29.5859449808056,-90.7162338208202.jpg",1,156,263,277,146,433,409
"Morganza_all/004654@29.5859797040502,-90.7160041841338.jpg",2,0,256,629,193,629,449
"Morganza_all/004655@29.5854610922698,-90.7153682912773.jpg",4,157,281,86,106,243,387
"Morganza_all/004656@29.5854336355812,-90.7156224540689.jpg",2,269,233,372,174,641,407
"Morganza_all/004657@29.5853125164066,-90.7157543034055.jpg",1,335,254,201,150,536,404
"Morganza_all/004658@29.5855225786779,-90.7162609953222.jpg",1,255,207,264,188,519,395
"Morganza_all/004659@29.5850936052105,-90.7164111005474.jpg",1,0,223,458,254,458,477
"Morganza_all/004660@29.5852003100601,-90.7162547692758.jpg",1,155,245,368,166,523,411
"Morganza_all/004661@29.5844902967502,-90.7160379359667.jpg",1,15,228,619,154,634,382
"Morganza_all/004662@29.5848079496503,-90.7165767450222.jpg",1,185,259,235,151,420,410
"Morganza_all/004663@29.5846216016014,-90.7165451093205.jpg",5,217,291,166,100,383,391
"Morganza_all/004664@29.5843285374056,-90.7166616235555.jpg",2,159,265,482,155,641,420
"Morganza_all/004665@29.5830579439507,-90.7175379052183.jpg",4,244,265,130,109,374,374
"Morganza_all/004666@29.5879144972132,-90.7064269175163.jpg",1,79,232,481,211,560,443
"Morganza_all/004667@29.5880776192195,-90.7063510776181.jpg",1,109,243,356,176,465,419
"Morganza_all/004669@29.5876574563747,-90.7046403699785.jpg",1,313,279,259,130,572,409
"Morganza_all/004670@29.5880915362948,-90.7037922046379.jpg",6,174,281,250,102,424,383
"Morganza_all/004672@29.5900519893883,-90.7048722328604.jpg",1,28,281,336,102,364,383
"Morganza_all/004673@29.5901251534839,-90.7051336450446.jpg",5,261,268,122,110,383,378
"Morganza_all/004676@29.5900550004724,-90.7055006983461.jpg",4,259,316,110,88,369,404
"Morganza_all/004677@29.5899441457898,-90.7055687566603.jpg",6,231,265,179,107,410,372
"Morganza_all/004679@29.5896442329933,-90.7057576865867.jpg",6,219,284,206,81,425,365
"Morganza_all/004680@29.5896059232466,-90.7059524334242.jpg",6,194,288,253,86,447,374
"Morganza_all/004681@29.5897627426449,-90.7059215293082.jpg",6,159,285,283,83,442,368
"Morganza_all/004682@29.5899785607821,-90.7059276655992.jpg",1,77,268,277,114,354,382
"Morganza_all/004683@29.5902719649753,-90.7057462646795.jpg",4,302,290,125,138,427,428
"Morganza_all/004685@29.5903914137883,-90.7061121306462.jpg",2,0,223,397,182,397,405
"Morganza_all/004686@29.59013689188,-90.7062184668914.jpg",1,166,268,252,116,418,384
"Morganza_all/004687@29.5899539844634,-90.7062570223213.jpg",1,171,276,235,112,406,388
"Morganza_all/004688@29.5898302462573,-90.7063625389958.jpg",1,153,268,382,106,535,374
"Morganza_all/004689@29.5896868024356,-90.7064532336203.jpg",1,154,254,342,136,496,390
"Morganza_all/004690@29.5895303681145,-90.706558954391.jpg",1,188,262,346,120,534,382
"Morganza_all/004691@29.5894066654561,-90.7066719582977.jpg",1,111,244,485,170,596,414
"Morganza_all/004692@29.589236783996,-90.7067029428546.jpg",1,139,259,416,152,555,411
"Morganza_all/004693@29.589054162572,-90.7068013697929.jpg",1,44,273,396,139,440,412
"Morganza_all/004694@29.5889107898513,-90.7069070076531.jpg",1,18,295,373,152,391,447
"Morganza_all/004695@29.5886559456201,-90.7069460112705.jpg",1,51,248,540,196,591,444
"Morganza_all/004696@29.5884731891983,-90.7070219734209.jpg",1,14,246,438,190,452,436
"Morganza_all/004697@29.5882183449299,-90.7070609765753.jpg",5,239,243,141,130,380,373
"Morganza_all/004698@29.5883214045668,-90.7067311347425.jpg",3,137,271,287,138,424,409
"Morganza_all/004699@29.5880736055906,-90.706874834575.jpg",1,235,220,406,152,641,372
"Morganza_all/004700@29.5888207107266,-90.7058451231249.jpg",6,239,281,176,84,415,365
"Morganza_all/004701@29.589214681493,-90.7061868316051.jpg",6,206,273,242,114,448,387
"Morganza_all/004702@29.5892707992431,-90.7056103871557.jpg",6,248,277,210,94,458,371
"Morganza_all/004703@29.5893816623067,-90.7055498175668.jpg",6,170,279,306,155,476,434
"Morganza_all/004705@29.5896815389389,-90.7053533994416.jpg",6,200,295,238,83,438,378
"Morganza_all/004706@29.5897861357749,-90.7053452867448.jpg",6,172,290,255,105,427,395
"Morganza_all/004708@29.5905175493287,-90.706507877597.jpg",1,82,277,299,145,381,422
"Morganza_all/004709@29.5902892058638,-90.7066140491499.jpg",1,226,265,279,148,505,413
"Morganza_all/004710@29.590015299838,-90.7067728920724.jpg",1,60,286,406,113,466,399
"Morganza_all/004711@29.589839052432,-90.7068413265462.jpg",1,109,276,390,126,499,402
"Morganza_all/004712@29.5896892340413,-90.7069619820838.jpg",1,201,284,326,118,527,402
"Morganza_all/004713@29.5895261474593,-90.7070453102681.jpg",1,222,277,337,133,559,410
"Morganza_all/004714@29.5893957925465,-90.7071359217981.jpg",1,189,267,384,126,573,393
"Morganza_all/004715@29.5892456164265,-90.707181727426.jpg",1,122,268,405,152,527,420
"Morganza_all/004716@29.5890824225773,-90.707242622263.jpg",1,139,275,403,148,542,423
"Morganza_all/004717@29.58938741642,-90.7081235767943.jpg",3,59,254,484,166,543,420
"Morganza_all/004718@29.5897787330782,-90.7079041619347.jpg",3,103,265,426,118,529,383
"Morganza_all/004719@29.5901897904891,-90.7077070555738.jpg",3,115,238,314,184,429,422
"Morganza_all/004720@29.590346547065,-90.7076686660746.jpg",1,156,237,399,192,555,429
"Morganza_all/004721@29.5905289192396,-90.7075178854226.jpg",1,136,247,300,176,436,423
"Morganza_all/004722@29.5907638356248,-90.7074116746012.jpg",1,15,263,492,196,507,459
"Morganza_all/004723@29.5908118703924,-90.7078827333183.jpg",1,125,276,255,147,380,423
"Morganza_all/004724@29.5905113477035,-90.7079444855138.jpg",1,232,258,323,173,555,431
"Morganza_all/004726@29.590113450587,-90.7081564545698.jpg",3,152,272,347,155,499,427
"Morganza_all/004727@29.5899307566721,-90.7082399035365.jpg",1,215,267,387,170,602,437
"Morganza_all/004728@29.5897088576004,-90.7083310536987.jpg",1,150,243,321,188,471,431
"Morganza_all/004729@29.5896066850168,-90.7088479428233.jpg",1,253,279,257,165,510,444
"Morganza_all/004730@29.5897759611402,-90.7086897902813.jpg",1,224,259,265,153,489,412
"Morganza_all/004731@29.5899196286225,-90.7086514841225.jpg",1,114,284,265,156,379,440
"Morganza_all/004732@29.5900502342086,-90.7086132593312.jpg",1,211,267,237,168,448,435
"Morganza_all/004733@29.5901806971969,-90.7085451134623.jpg",1,88,267,338,158,426,425
"Morganza_all/004734@29.5902914821953,-90.7084621135078.jpg",1,220,263,195,163,415,426
"Morganza_all/004735@29.5904741762498,-90.7083786646458.jpg",1,197,276,285,151,482,427
"Morganza_all/004736@29.5905981656691,-90.7083255038469.jpg",1,274,260,270,165,544,425
"Morganza_all/004737@29.5907092002822,-90.7082948888873.jpg",1,221,273,188,141,409,414
"Morganza_all/004738@29.5909571434739,-90.7081811099959.jpg",2,1,154,471,395,472,549
"Morganza_all/004739@29.5908909666807,-90.7080169359088.jpg",1,98,278,235,133,333,411
"Morganza_all/004740@29.5910107575843,-90.7084501372967.jpg",1,134,223,423,203,557,426
"Morganza_all/004741@29.5910574068017,-90.7086368988676.jpg",1,155,267,185,143,340,410
"Morganza_all/004742@29.5910907443253,-90.7087713562785.jpg",1,164,276,220,136,384,412
"Morganza_all/004743@29.5911631086668,-90.7088607029395.jpg",1,200,260,318,174,518,434
"Morganza_all/004744@29.5907715409809,-90.7090277314761.jpg",2,5,234,353,170,358,404
"Morganza_all/004745@29.5907954469348,-90.7085562236303.jpg",1,114,233,382,212,496,445
"Morganza_all/004746@29.5906782872505,-90.7086691856764.jpg",1,50,234,491,200,541,434
"Morganza_all/004747@29.5905347348165,-90.7087374133553.jpg",1,156,251,417,168,573,419
"Morganza_all/004748@29.5904040223285,-90.7087532052516.jpg",1,6,240,542,199,548,439
"Morganza_all/004749@29.590504069929,-90.7091640948344.jpg",1,127,270,269,120,396,390
"Morganza_all/004750@29.5902936565208,-90.7089184797232.jpg",1,155,240,289,184,444,424
"Morganza_all/004751@29.5903540356893,-90.7092398504212.jpg",1,160,241,234,149,394,390
"Morganza_all/004752@29.5901368284048,-90.7089419224946.jpg",1,228,249,299,176,527,425
"Morganza_all/004754@29.5899349986286,-90.7091302313395.jpg",5,315,263,93,127,408,390
"Morganza_all/004756@29.5898258510078,-90.7095573674899.jpg",1,113,253,391,155,504,408
"Morganza_all/004757@29.5899497697957,-90.7094892637706.jpg",1,48,265,353,224,401,489
"Morganza_all/004758@29.5901063763716,-90.7094134679198.jpg",4,258,255,120,129,378,384
"Morganza_all/004759@29.5902432501988,-90.7093228495673.jpg",1,77,193,406,223,483,416
"Morganza_all/004760@29.5900885576448,-90.7097951688903.jpg",1,282,229,317,185,599,414
"Morganza_all/004761@29.5902647353557,-90.7097117632106.jpg",1,106,190,535,254,641,444
"Morganza_all/004762@29.5901555503967,-90.7101314434874.jpg",3,100,290,288,112,388,402
"Morganza_all/004763@29.5902927367018,-90.7101006679272.jpg",1,66,277,240,171,306,448
"Morganza_all/004764@29.5904103243715,-90.7100774711359.jpg",1,103,270,258,163,361,433
"Morganza_all/004767@29.5907365014779,-90.7099108543628.jpg",5,233,297,114,149,347,446
"Morganza_all/004768@29.5908343046391,-90.7098503699645.jpg",5,297,284,105,111,402,395
"Morganza_all/004769@29.5911735352165,-90.7096761820518.jpg",1,164,271,263,127,427,398
"Morganza_all/004770@29.591086907224,-90.7093400266732.jpg",2,15,240,468,165,483,405
"Morganza_all/004772@29.5894832690743,-90.7103974963765.jpg",2,0,134,636,289,636,423
"Morganza_all/004773@29.5891660553628,-90.7096961711261.jpg",2,224,194,417,176,641,370
"Morganza_all/004774@29.5888334673962,-90.7085161083142.jpg",2,0,270,505,96,505,366
"Morganza_all/004776@29.5886463929874,-90.7076867753809.jpg",1,139,232,502,152,641,384
"Morganza_all/004777@29.5893045935787,-90.7085805005722.jpg",5,233,276,114,90,347,366
"Morganza_all/004778@29.5957378736229,-90.7207405725124.jpg",3,170,177,372,221,542,398
"Morganza_all/004779@29.5957504388791,-90.7203635726419.jpg",2,119,225,425,193,544,418
"Morganza_all/004780@29.5957279771004,-90.7201588709687.jpg",2,153,195,314,200,467,395
"Morganza_all/004781@29.5957184505736,-90.7196508904693.jpg",2,1,169,640,334,641,503
"Morganza_all/004782@29.5955537332769,-90.7196518998427.jpg",1,183,241,210,163,393,404
"Morganza_all/004783@29.5953816745604,-90.7196119865091.jpg",1,62,196,379,238,441,434
"Morganza_all/004784@29.5954040989127,-90.7198085066324.jpg",1,147,211,364,220,511,431
"Morganza_all/004785@29.5961305890431,-90.7204923622725.jpg",1,225,140,406,338,631,478
"Morganza_all/004786@29.5960567326933,-90.7200175606617.jpg",2,4,190,637,272,641,462
"Morganza_all/004787@29.596436373977,-90.7200315976984.jpg",2,152,204,489,260,641,464
"Morganza_all/004788@29.5963711120985,-90.7198599439592.jpg",1,292,242,309,189,601,431
"Morganza_all/004789@29.5964131063709,-90.7196548146782.jpg",2,258,199,383,247,641,446
"Morganza_all/004790@29.5963834828687,-90.7194419432042.jpg",2,269,232,372,192,641,424
"Morganza_all/004791@29.5960834307959,-90.7195994734371.jpg",5,214,263,169,85,383,348
"Morganza_all/004792@29.5966772018311,-90.7194647487919.jpg",2,0,204,607,238,607,442
"Morganza_all/004793@29.5937895999287,-90.7073408781929.jpg",3,84,234,317,186,401,420
"Morganza_all/004794@29.5942846447916,-90.707709289552.jpg",2,247,230,394,222,641,452
"Morganza_all/004795@29.5945156547829,-90.7077007038681.jpg",1,185,265,309,145,494,410
"Morganza_all/004796@29.5946464959154,-90.7076427460621.jpg",1,183,174,407,295,590,469
"Morganza_all/004797@29.5946665177702,-90.7079141009332.jpg",2,2,229,420,298,422,527
"Morganza_all/004798@29.5945680119858,-90.7082076549033.jpg",2,0,281,379,120,379,401
"Morganza_all/004799@29.5939790584016,-90.7090972534365.jpg",4,338,299,116,101,454,400
"Morganza_all/004800@29.594077906525,-90.7088751565217.jpg",1,147,212,327,187,474,399
"Morganza_all/004801@29.5942836479676,-90.7088095594364.jpg",2,0,226,362,170,362,396
"Morganza_all/004802@29.5945453925647,-90.7087007575357.jpg",2,194,230,294,169,488,399
"Morganza_all/004803@29.5947323052086,-90.7086138495631.jpg",1,156,257,368,172,524,429
"Morganza_all/004804@29.5948572450197,-90.7086273867769.jpg",5,299,265,105,109,404,374
"Morganza_all/004805@29.5949823142672,-90.7086623194792.jpg",1,103,272,349,120,452,392
"Morganza_all/004806@29.595162889111,-90.7085611654166.jpg",5,253,264,98,123,351,387
"Morganza_all/004808@29.5954811813748,-90.7085234666466.jpg",1,69,232,317,169,386,401
"Morganza_all/004809@29.595631021789,-90.7085225317872.jpg",5,201,294,171,116,372,410
"Morganza_all/004810@29.5949148568704,-90.707612499116.jpg",3,56,250,411,179,467,429
"Morganza_all/004811@29.5949222580886,-90.7078553632423.jpg",1,114,221,385,259,499,480
"Morganza_all/004812@29.5950607726561,-90.708097408829.jpg",1,105,266,456,143,561,409
"Morganza_all/004813@29.595279536672,-90.7081388986097.jpg",1,305,274,319,163,624,437
"Morganza_all/004814@29.5954293770843,-90.7081379631769.jpg",1,248,257,333,180,581,437
"Morganza_all/004815@29.5956103197836,-90.7081082630902.jpg",1,166,242,343,236,509,478
"Morganza_all/004816@29.5957913987162,-90.7081071325801.jpg",1,167,210,365,244,532,454
"Morganza_all/004817@29.595941034762,-90.708063342505.jpg",2,180,234,461,219,641,453
"Morganza_all/004818@29.5959074036164,-90.7075562675777.jpg",2,0,207,308,224,308,431
"Morganza_all/004819@29.5955642044024,-90.707601267828.jpg",1,286,262,303,130,589,392
"Morganza_all/004820@29.5952772533296,-90.7076602330035.jpg",1,188,266,336,152,524,418
"Morganza_all/004821@29.5950774477843,-90.7076614813124.jpg",1,229,279,391,124,620,403
"Morganza_all/004822@29.5949006670533,-90.7072553333991.jpg",1,51,224,309,197,360,421
"Morganza_all/004823@29.5950753332431,-90.7072185285309.jpg",1,131,238,299,188,430,426
"Morganza_all/004824@29.5952126551326,-90.7072105273966.jpg",1,24,265,298,128,322,393
"Morganza_all/004825@29.5953814542939,-90.7072523276706.jpg",1,106,247,283,201,389,448
"Morganza_all/004826@29.595593573707,-90.7072152884595.jpg",1,277,202,257,218,534,420
"Morganza_all/004827@29.595861661516,-90.707127869212.jpg",2,0,281,571,132,571,413
"Morganza_all/004828@29.5958284092118,-90.7067065671791.jpg",2,1,251,395,175,396,426
"Morganza_all/004829@29.5955162165031,-90.7067085206217.jpg",1,145,216,285,218,430,434
"Morganza_all/004830@29.5953480657197,-90.7068024265965.jpg",1,178,232,285,175,463,407
"Morganza_all/004831@29.5951853995836,-90.7067320183585.jpg",1,211,208,298,223,509,431
"Morganza_all/004832@29.5950106652653,-90.706754539386.jpg",1,239,252,362,170,601,422
"Morganza_all/004833@29.5948861692697,-90.7068339180435.jpg",2,0,210,540,233,540,443
"Morganza_all/004834@29.5951396272903,-90.70630362363.jpg",1,153,264,270,163,423,427
"Morganza_all/004835@29.5953205695756,-90.706273920315.jpg",1,202,242,280,165,482,407
"Morganza_all/004836@29.5955082322725,-90.7063441714073.jpg",1,145,221,379,215,524,436
"Morganza_all/004837@29.5957642109829,-90.7063354261426.jpg",3,68,241,430,180,498,421
"Morganza_all/004838@29.5957383604963,-90.7061569907627.jpg",1,0,236,411,216,411,452
"Morganza_all/004839@29.5957188134942,-90.7059856271493.jpg",1,94,255,228,137,322,392
"Morganza_all/004840@29.5957553710476,-90.7057924841495.jpg",2,0,244,384,179,384,423
"Morganza_all/004841@29.5954309400669,-90.7058516894633.jpg",3,90,276,371,129,461,405
"Morganza_all/004842@29.5951563373179,-90.7058819803936.jpg",1,21,253,342,140,363,393
"Morganza_all/004843@29.5949565659693,-90.7058903746095.jpg",4,286,272,99,132,385,404
"Morganza_all/004844@29.5948001415457,-90.7058199290146.jpg",1,218,255,300,157,518,412
"Morganza_all/004845@29.5948143009578,-90.7061699203549.jpg",1,308,229,318,205,626,434
"Morganza_all/004846@29.5945208006961,-90.7061646158465.jpg",1,6,153,419,314,425,467
"Morganza_all/004847@29.594488153938,-90.7058647391647.jpg",2,0,231,411,173,411,404
"Morganza_all/004848@29.5943256990844,-90.7058443294361.jpg",1,225,189,324,240,549,429
"Morganza_all/004849@29.5941883772749,-90.7058523323729.jpg",1,74,259,453,140,527,399
"Morganza_all/004850@29.5940259566011,-90.7058390650199.jpg",2,0,222,412,188,412,410
"Morganza_all/004851@29.5938638777434,-90.7058972205373.jpg",1,126,273,198,113,324,386
"Morganza_all/004852@29.593651245981,-90.7058271278863.jpg",1,77,288,400,128,477,416
"Morganza_all/004853@29.5934951633734,-90.7058281058726.jpg",1,84,277,443,138,527,415
"Morganza_all/004854@29.5935794901791,-90.706491985136.jpg",2,217,239,424,233,641,472
"Morganza_all/004855@29.5937293239377,-90.7064839048094.jpg",5,178,283,185,115,363,398
"Morganza_all/004856@29.5939416823339,-90.706496892065.jpg",1,245,248,307,157,552,405
"Morganza_all/004857@29.5940910719888,-90.7063959303636.jpg",3,99,234,302,176,401,410
"Morganza_all/004858@29.59422242484,-90.7064451057258.jpg",1,103,254,266,146,369,400
"Morganza_all/004859@29.5943845722447,-90.7064012355271.jpg",1,142,279,233,114,375,393
"Morganza_all/004860@29.5937494042712,-90.7054621200536.jpg",2,245,259,396,161,641,420
"Morganza_all/004861@29.593729788084,-90.705276506897.jpg",1,92,259,241,140,333,399
"Morganza_all/004862@29.5937161055068,-90.7050265112795.jpg",4,314,311,113,90,427,401
"Morganza_all/004863@29.5934749480392,-90.7042207049411.jpg",4,291,289,108,88,399,377
"Morganza_all/004865@29.5941496071219,-90.7042807809214.jpg",2,104,212,537,265,641,477
"Morganza_all/004866@29.5940699045858,-90.7045885039713.jpg",3,158,259,429,205,587,464
"Morganza_all/004867@29.5945822042921,-90.7046424280086.jpg",1,178,262,335,162,513,424
"Morganza_all/004868@29.5950609352703,-90.7042107418271.jpg",2,0,244,499,173,499,417
"Morganza_all/004869@29.5951504165774,-90.7046460034984.jpg",2,0,260,478,187,478,447
"Morganza_all/004871@29.5950004049443,-90.7046112323364.jpg",3,169,265,225,159,394,424
"Morganza_all/004872@29.5950647380904,-90.7050037649044.jpg",1,116,253,362,188,478,441
"Morganza_all/004873@29.5947649955796,-90.7049985029652.jpg",1,135,251,352,204,487,455
"Morganza_all/004874@29.5945837112891,-90.7049567850818.jpg",1,70,185,571,320,641,505
"Morganza_all/004875@29.594396492865,-90.7049793874028.jpg",1,141,185,468,293,609,478
"Morganza_all/004876@29.5941095085843,-90.7050311856394.jpg",4,226,309,141,129,367,438
"Morganza_all/004877@29.5943674448624,-90.7054368176345.jpg",1,156,271,240,166,396,437
"Morganza_all/004878@29.5945361077792,-90.7054500452439.jpg",4,222,302,131,103,353,405
"Morganza_all/004879@29.5947233946939,-90.7054417284591.jpg",3,265,281,234,159,499,440
"Morganza_all/004880@29.5951669682464,-90.7054889769465.jpg",2,264,262,377,160,641,422
"Morganza_all/004881@29.5951410822446,-90.7053033690113.jpg",1,140,262,235,136,375,398
"Morganza_all/004882@29.5954455265612,-90.7049870905534.jpg",1,338,263,235,154,573,417
"Morganza_all/004883@29.5957135786512,-90.704892523056.jpg",2,0,182,641,430,641,612
"Morganza_all/004884@29.5956348329306,-90.7054003008004.jpg",4,237,268,127,120,364,388
"Morganza_all/004885@29.5954782370373,-90.7052941120411.jpg",5,254,282,126,96,380,378
"Morganza_all/004886@29.5964697510526,-90.706142530084.jpg",1,142,266,397,161,539,427
"Morganza_all/004887@29.596297664482,-90.7058103251696.jpg",1,97,210,381,245,478,455
"Morganza_all/004888@29.5963350595685,-90.7062002632973.jpg",1,139,237,382,217,521,454
"Morganza_all/004889@29.5962142852957,-90.7062010196182.jpg",1,201,253,307,164,508,417
"Morganza_all/004890@29.5960721103926,-90.7061775242394.jpg",2,3,254,459,180,462,434
"Morganza_all/004891@29.5960709825989,-90.7059417922464.jpg",4,261,285,111,122,372,407
"Morganza_all/004892@29.5960954041276,-90.7065919355929.jpg",2,0,201,557,250,557,451
"Morganza_all/004893@29.5963581201026,-90.7065659056368.jpg",1,149,257,309,149,458,406
"Morganza_all/004894@29.596521323018,-90.7065242306822.jpg",2,4,257,491,161,495,418
"Morganza_all/004895@29.5967200656976,-90.7064904827322.jpg",1,249,223,310,185,559,408
"Morganza_all/004896@29.5968763019756,-90.7064813866369.jpg",1,266,249,296,169,562,418
"Morganza_all/004897@29.5970251714414,-90.7064154151094.jpg",1,266,218,255,202,521,420
"Morganza_all/004898@29.5973165930339,-90.7064460949554.jpg",5,249,288,117,98,366,386
"Morganza_all/004899@29.597451245805,-90.7063802435554.jpg",1,230,242,272,165,502,407
"Morganza_all/004900@29.5976374310572,-90.7066879474875.jpg",5,187,247,225,165,412,412
"Morganza_all/004901@29.5974815055877,-90.7067620813574.jpg",2,0,204,410,241,410,445
"Morganza_all/004902@29.5973537143894,-90.7067791487513.jpg",1,99,233,417,197,516,430
"Morganza_all/004903@29.5972258454531,-90.7067799487699.jpg",2,0,208,323,207,323,415
"Morganza_all/004904@29.5969487572965,-90.7067735642255.jpg",2,143,234,308,182,451,416
"Morganza_all/004905@29.5967998487104,-90.7068313858068.jpg",3,106,226,332,218,438,444
"Morganza_all/004906@29.5966721740146,-90.7068728381264.jpg",1,213,204,318,208,531,412
"Morganza_all/004907@29.5965372994223,-90.7068980676707.jpg",2,0,232,427,206,427,438
"Morganza_all/004908@29.5962605218386,-90.7069566886145.jpg",1,105,231,286,206,391,437
"Morganza_all/004909@29.5961042855249,-90.7069657839122.jpg",2,0,177,309,280,309,457
"Morganza_all/004910@29.5962160731438,-90.7065749127488.jpg",1,178,285,348,127,526,412
"Morganza_all/004911@29.5961558665033,-90.7073556330247.jpg",2,283,234,358,199,641,433
"Morganza_all/004912@29.5963050081799,-90.707346582678.jpg",1,217,246,290,170,507,416
"Morganza_all/004913@29.596418571369,-90.7073214870163.jpg",1,225,265,333,181,558,446
"Morganza_all/004914@29.5965462074453,-90.7072719174949.jpg",1,302,227,339,225,641,452
"Morganza_all/004915@29.5966953878773,-90.7072709848789.jpg",1,257,234,272,219,529,453
"Morganza_all/004916@29.596851585296,-90.7072537406356.jpg",3,145,259,314,170,459,429
"Morganza_all/004917@29.5969650045189,-90.7072042597013.jpg",3,237,268,377,166,614,434
"Morganza_all/004918@29.5971072456482,-90.7072359059641.jpg",3,231,292,245,120,476,412
"Morganza_all/004919@29.5972134148242,-90.7071539345826.jpg",1,291,262,263,160,554,422
"Morganza_all/004920@29.5973982400258,-90.7071771649397.jpg",1,123,272,362,161,485,433
"Morganza_all/004921@29.5975400265995,-90.7071193880633.jpg",1,126,279,356,147,482,426
"Morganza_all/004922@29.5977247353415,-90.7071182330453.jpg",1,167,275,343,138,510,413
"Morganza_all/004923@29.5976137994883,-90.7076879249792.jpg",2,317,263,324,129,641,392
"Morganza_all/004924@29.5974221124347,-90.7077135085829.jpg",1,333,248,280,157,613,405
"Morganza_all/004925@29.5972873152997,-90.7077550045264.jpg",1,326,250,234,141,560,391
"Morganza_all/004927@29.5970176983804,-90.7078217284359.jpg",1,351,230,273,201,624,431
"Morganza_all/004928@29.5968682076524,-90.7077576226016.jpg",1,313,254,293,179,606,433
"Morganza_all/004929@29.5967477823935,-90.7078315324981.jpg",3,290,248,282,192,572,440
"Morganza_all/004930@29.5965986795624,-90.7078487315103.jpg",1,311,248,295,194,606,442
"Morganza_all/004931@29.5964852212211,-90.7078900621952.jpg",1,273,244,300,198,573,442
"Morganza_all/004932@29.5963431354479,-90.7078909495782.jpg",1,327,246,266,180,593,426
"Morganza_all/004933@29.5961726435189,-90.7078920143656.jpg",5,316,284,110,127,426,411
"Morganza_all/004934@29.59752333141,-90.70808681689.jpg",1,73,215,316,220,389,435
"Morganza_all/004935@29.5971116284017,-90.7081543956146.jpg",2,0,213,331,201,331,414
"Morganza_all/004936@29.5969413303069,-90.7081961124459.jpg",1,76,233,247,187,323,420
"Morganza_all/004937@29.5968206722879,-90.7082212515326.jpg",5,253,307,125,93,378,400
"Morganza_all/004938@29.5966572638175,-90.7082141534176.jpg",2,0,265,459,150,459,415
"Morganza_all/004939@29.596437259257,-90.7082642983251.jpg",1,41,245,343,164,384,409
"Morganza_all/004940@29.5962243379907,-90.7083062492443.jpg",4,291,273,117,105,408,378
"Morganza_all/004941@29.5975046157941,-90.7086315452656.jpg",6,242,276,182,123,424,399
"Morganza_all/004942@29.5975711438818,-90.7091757421304.jpg",6,189,252,251,145,440,397
"Morganza_all/004943@29.5972098930868,-90.7093974675558.jpg",6,165,268,291,114,456,382
"Morganza_all/004944@29.5971073618174,-90.7087478350044.jpg",6,126,272,339,148,465,420
"Morganza_all/004945@29.5963959921511,-90.7085490358102.jpg",1,138,262,450,167,588,429
"Morganza_all/004946@29.5964065982777,-90.7092805434084.jpg",6,206,276,246,104,452,380
"Morganza_all/004947@29.5958046107543,-90.7096744650047.jpg",6,114,284,326,120,440,404
"Morganza_all/004949@29.5889585115022,-90.7119480258606.jpg",5,263,307,126,92,389,399
"Morganza_all/004950@29.5884734816704,-90.7103617110378.jpg",4,220,254,135,137,355,391
"Morganza_all/004951@29.5878675507613,-90.7089152312257.jpg",5,175,320,216,126,391,446
"Morganza_all/004952@29.5885310813308,-90.7115235353052.jpg",1,202,232,250,119,452,351
"Morganza_all/004953@29.5883810921639,-90.7110178805515.jpg",1,144,257,322,167,466,424
"Morganza_all/004954@29.5882425734048,-90.7110982167237.jpg",1,203,265,300,122,503,387
"Morganza_all/004955@29.5880519443938,-90.7111788449219.jpg",5,159,281,199,159,358,440
"Morganza_all/004956@29.5879134255349,-90.7112591806075.jpg",1,187,276,235,120,422,396
"Morganza_all/004957@29.5878166497377,-90.7109915924868.jpg",6,176,274,227,119,403,393
"Morganza_all/004958@29.5876621657769,-90.7113700114983.jpg",1,180,282,209,119,389,401
"Morganza_all/004959@29.5875321675597,-90.7114204984779.jpg",1,158,276,231,119,389,395
"Morganza_all/004960@29.5870124842606,-90.7116819703695.jpg",1,62,294,414,121,476,415
"Morganza_all/004961@29.5873541827917,-90.712335437521.jpg",2,213,208,428,173,641,381
"Morganza_all/004962@29.5869894558493,-90.7123178461009.jpg",5,257,243,110,140,367,383
"Morganza_all/004963@29.5865746688025,-90.7127276678991.jpg",1,166,250,253,100,419,350
"Morganza_all/004964@29.5881790655747,-90.7105224617355.jpg",1,206,250,348,157,554,407
"Morganza_all/004965@29.5880650506894,-90.7102847762379.jpg",1,133,232,382,180,515,412
"Morganza_all/004966@29.5878900074178,-90.70998788042.jpg",1,273,259,189,165,462,424
"Morganza_all/004967@29.5877937014478,-90.7098196188068.jpg",2,178,264,463,148,641,412
"Morganza_all/004968@29.5874996165918,-90.7100499006015.jpg",1,145,238,496,168,641,406
"Morganza_all/004971@29.5872830887215,-90.710160517967.jpg",5,237,304,159,114,396,418
"Morganza_all/004972@29.5870575682005,-90.7102016584531.jpg",1,217,233,230,163,447,396
"Morganza_all/004973@29.586736800347,-90.710302981289.jpg",5,210,262,119,102,329,364
"Morganza_all/004974@29.5865116574035,-90.7104235929729.jpg",1,60,253,462,153,522,406
"Morganza_all/004975@29.586338710787,-90.7105736429474.jpg",1,34,269,408,113,442,382
"Morganza_all/004976@29.5860090447438,-90.7106253717216.jpg",1,0,230,598,188,598,418
"Morganza_all/004977@29.5854634631863,-90.7109167993312.jpg",2,0,251,418,178,418,429
"Morganza_all/004978@29.5851167753705,-90.7110381632901.jpg",1,40,243,417,169,457,412
"Morganza_all/004979@29.5876709285903,-90.7095621050751.jpg",1,98,302,379,112,477,414
"Morganza_all/004980@29.5872290697752,-90.7097536014942.jpg",1,156,247,296,147,452,394
"Morganza_all/004981@29.5868218194956,-90.7099249964921.jpg",1,4,269,423,172,427,441
"Morganza_all/004982@29.5864926259402,-90.7100760515783.jpg",1,239,273,266,166,505,439
"Morganza_all/004983@29.5863366813096,-90.7101465538584.jpg",1,0,279,398,172,398,451
"Morganza_all/004984@29.5861113495041,-90.7102273982382.jpg",2,0,264,298,148,298,412
"Morganza_all/004985@29.5858255485575,-90.7103781813591.jpg",1,0,274,507,144,507,418
"Morganza_all/004986@29.5856436568043,-90.7104686966878.jpg",1,0,267,508,167,508,434
"Morganza_all/004987@29.5853057257973,-90.7106098605237.jpg",1,62,266,412,150,474,416
"Morganza_all/004988@29.5851063408415,-90.7106707206713.jpg",1,0,268,458,142,458,410
"Morganza_all/004989@29.5849677278567,-90.7107311713366.jpg",1,199,278,367,136,566,414
"Morganza_all/004990@29.584759464406,-90.7107523184112.jpg",1,89,281,421,132,510,413
"Morganza_all/004991@29.5843850568727,-90.7105262019242.jpg",1,324,241,236,174,560,415
"Morganza_all/004992@29.5846452611485,-90.7104749056357.jpg",5,260,260,106,171,366,431
"Morganza_all/004993@29.584904785001,-90.7102746411077.jpg",5,159,246,170,198,329,444
"Morganza_all/004994@29.5850695806607,-90.7102438214421.jpg",5,174,281,148,121,322,402
"Morganza_all/004995@29.5852344038113,-90.710213001504.jpg",1,267,290,154,127,421,417
"Morganza_all/004996@29.5853293874428,-90.7101031428391.jpg",5,236,297,204,136,440,433
"Morganza_all/004997@29.5854940414142,-90.7100425290256.jpg",1,185,239,287,199,472,438
"Morganza_all/004998@29.5856412018552,-90.7099521977669.jpg",1,183,262,308,182,491,444
"Morganza_all/004999@29.5858234711697,-90.7099411526975.jpg",1,131,226,325,190,456,416
"Morganza_all/005000@29.5861522392739,-90.709700684924.jpg",2,261,262,380,208,641,470
"Morganza_all/005001@29.5862823314241,-90.7096700800281.jpg",4,205,252,135,196,340,448
"Morganza_all/005002@29.5864124235668,-90.7096394750528.jpg",4,190,282,187,147,377,429
"Morganza_all/005003@29.5865421848876,-90.7095393400694.jpg",1,297,249,292,204,589,453
"Morganza_all/005004@29.5866982434689,-90.709498630963.jpg",3,184,227,393,231,577,458
"Morganza_all/005005@29.5868539986412,-90.709388391414.jpg",1,187,246,251,206,438,452
"Morganza_all/005006@29.5869927803077,-90.7093577317605.jpg",2,299,233,342,196,641,429
"Morganza_all/005007@29.587451564654,-90.7090767429606.jpg",2,139,140,502,412,641,552
"Morganza_all/005008@29.5875129988776,-90.7092154253693.jpg",2,66,171,575,382,641,553
"Morganza_all/005009@29.5876438473683,-90.7093437332396.jpg",1,101,268,266,171,367,439
"Morganza_all/005011@29.5845875549035,-90.7111209240242.jpg",1,156,292,181,115,337,407
"Morganza_all/005012@29.584963045167,-90.7115755130657.jpg",1,126,249,428,180,554,429
"Morganza_all/005013@29.5852774791393,-90.7119708637.jpg",1,23,265,412,157,435,422
"Morganza_all/005014@29.5854604075007,-90.7120988492539.jpg",1,164,263,343,178,507,441
"Morganza_all/005015@29.5855915081195,-90.7122867774277.jpg",2,2,175,462,231,464,406
"Morganza_all/005016@29.5841979175454,-90.7113418461043.jpg",1,75,245,367,144,442,389
"Morganza_all/005017@29.5842854849712,-90.7115002469377.jpg",1,40,255,489,163,529,418
"Morganza_all/005018@29.5844422312238,-90.7115985985869.jpg",1,68,231,323,204,391,435
"Morganza_all/005019@29.5847738756083,-90.7119640460695.jpg",2,51,251,590,165,641,416
"Morganza_all/005020@29.5850182821166,-90.7122406534571.jpg",5,257,266,129,126,386,392
"Morganza_all/005021@29.585131917234,-90.7123988947556.jpg",5,261,287,127,84,388,371
"Morganza_all/005022@29.5851770973544,-90.7127760643274.jpg",1,310,281,265,122,575,403
"Morganza_all/005023@29.5849850567075,-90.7125587195265.jpg",1,116,251,369,179,485,430
"Morganza_all/005024@29.5847319887756,-90.7122821651666.jpg",3,61,271,271,180,332,451
"Morganza_all/005025@29.5845661768855,-90.7121043958479.jpg",1,200,223,441,226,641,449
"Morganza_all/005026@29.5844001569235,-90.7118769817468.jpg",3,165,239,315,214,480,453
"Morganza_all/005028@29.5838180529354,-90.7117912112463.jpg",1,203,226,415,175,618,401
"Morganza_all/005030@29.5840797643887,-90.7120577663485.jpg",1,37,242,588,163,625,405
"Morganza_all/005031@29.5842107983694,-90.7122258084961.jpg",1,145,243,374,187,519,430
"Morganza_all/005032@29.5845164938709,-90.7126113018802.jpg",1,137,243,504,188,641,431
"Morganza_all/005033@29.5853090702948,-90.7131427547912.jpg",2,0,152,397,216,397,368
"Morganza_all/005034@29.5853976218893,-90.7135097463948.jpg",6,148,241,262,127,410,368
"Morganza_all/005035@29.5851469704904,-90.7137496851029.jpg",6,221,254,207,124,428,378
"Morganza_all/005036@29.5849629165346,-90.7133832853549.jpg",1,217,246,199,110,416,356
"Morganza_all/005037@29.5849033184272,-90.7136319831738.jpg",5,234,270,182,136,416,406
"Morganza_all/005038@29.5844256899168,-90.713605144124.jpg",5,240,236,183,136,423,372
"Morganza_all/005039@29.5838920043903,-90.712744290556.jpg",6,210,269,231,152,441,421
"Morganza_all/005040@29.583587373737,-90.7130367250904.jpg",6,166,261,240,151,406,412
"Morganza_all/005042@29.5832689405207,-90.7131727857183.jpg",6,137,242,364,162,501,404
"Morganza_all/005043@29.5831012789969,-90.7135165008944.jpg",4,335,278,92,117,427,395
"Morganza_all/005044@29.5832931829126,-90.7141708747434.jpg",1,173,233,329,167,502,400
"Morganza_all/005045@29.5833732334756,-90.7145726457978.jpg",6,205,250,259,152,464,402
"Morganza_all/005046@29.5838778004312,-90.7138692879248.jpg",3,253,249,252,144,505,393
"Morganza_all/005047@29.5840403463366,-90.7138161191798.jpg",3,167,223,285,167,452,390
"Morganza_all/005048@29.5837763795905,-90.7144509788058.jpg",6,166,270,249,134,415,404
"Morganza_all/005049@29.5941834705775,-90.7183863172696.jpg",2,0,175,394,320,394,495
"Morganza_all/005050@29.594348044966,-90.7183607011716.jpg",1,75,243,324,238,399,481
"Morganza_all/005051@29.5946989176734,-90.7183503656551.jpg",1,103,102,523,321,626,423
"Morganza_all/005052@29.5946926627591,-90.7185470602265.jpg",1,224,147,349,271,573,418
"Morganza_all/005053@29.5942926478126,-90.7187625644272.jpg",1,67,188,326,226,393,414
"Morganza_all/005054@29.5951068780317,-90.7182987119111.jpg",3,3,178,468,287,471,465
"Morganza_all/005055@29.5956336614702,-90.7191558318902.jpg",2,0,60,641,436,641,496
"Morganza_all/005056@29.5958721795233,-90.7180973533817.jpg",1,68,114,425,327,493,441
"Morganza_all/005057@29.595937981821,-90.7183837245774.jpg",1,52,182,360,211,412,393
"Morganza_all/005058@29.5959840460896,-90.7190471726751.jpg",2,0,201,464,294,464,495
"Morganza_all/005059@29.59619862478,-90.7189884949233.jpg",2,0,150,371,393,371,543
"Morganza_all/005060@29.5961756889445,-90.7186772535202.jpg",1,239,291,139,87,378,378
"Morganza_all/005061@29.5962390426185,-90.718447418458.jpg",1,279,224,347,231,626,455
"Morganza_all/005062@29.5962164900621,-90.7182181422271.jpg",2,23,254,618,200,641,454
"Morganza_all/005063@29.5966850728833,-90.7188789996664.jpg",4,271,288,214,116,485,404
"Morganza_all/005064@29.5967483391998,-90.7186245894431.jpg",5,262,234,99,126,361,360
"Morganza_all/005065@29.5965600701367,-90.7181832447342.jpg",1,0,176,342,269,342,445
"Morganza_all/005066@29.5965161943545,-90.7179868545017.jpg",2,2,248,639,263,641,511
"Morganza_all/005067@29.5968614661245,-90.7183125108006.jpg",5,178,290,174,110,352,400
"Morganza_all/005068@29.5968815200644,-90.7180091844085.jpg",1,74,280,239,93,313,373
"Morganza_all/005069@29.5971603354785,-90.7179091407477.jpg",3,36,236,355,195,391,431
"Morganza_all/005070@29.5964216219998,-90.7176760527258.jpg",2,2,132,639,374,641,506
"Morganza_all/005071@29.5966071232034,-90.717527433107.jpg",1,222,171,419,216,641,387
"Morganza_all/005072@29.5964056018094,-90.7173156192236.jpg",3,0,183,467,272,467,455
"Morganza_all/005073@29.5967853314794,-90.7173542516587.jpg",4,269,240,138,102,407,342
"Morganza_all/005074@29.5973064302436,-90.7154745828252.jpg",6,176,233,262,145,438,378
"Morganza_all/005075@29.5961670850086,-90.7153259211285.jpg",2,0,66,557,374,557,440
"Morganza_all/005076@29.5892681038678,-90.7132554498331.jpg",4,231,231,95,101,326,332
"Morganza_all/005077@29.5892055451911,-90.7136573399366.jpg",5,238,270,136,154,374,424
"Morganza_all/005078@29.5893005141112,-90.7140500435592.jpg",1,14,244,561,213,575,457
"Morganza_all/005079@29.5893012879987,-90.7142138996316.jpg",5,170,286,176,108,346,394
"Morganza_all/005080@29.5893097142493,-90.7144842431477.jpg",5,234,279,128,103,362,382
"Morganza_all/005081@29.589390315126,-90.7148688247453.jpg",4,224,241,101,190,325,431
"Morganza_all/005082@29.5894199460585,-90.7150816800027.jpg",4,230,280,120,93,350,373
"Morganza_all/005083@29.5889363870735,-90.714281693186.jpg",1,100,215,454,216,554,431
"Morganza_all/005084@29.5889370446746,-90.714420976635.jpg",3,150,287,227,136,377,423
"Morganza_all/005085@29.5889093579126,-90.7146260044615.jpg",1,136,281,295,143,431,424
"Morganza_all/005086@29.5889603385688,-90.7148059421366.jpg",1,117,278,272,147,389,425
"Morganza_all/005087@29.5889906264217,-90.7151580799897.jpg",1,63,276,300,126,363,402
"Morganza_all/005088@29.5891982854821,-90.7151485863261.jpg",1,306,246,257,187,563,433
"Morganza_all/005089@29.589465359657,-90.7155975873455.jpg",2,149,191,492,227,641,418
"Morganza_all/005090@29.5891211624397,-90.7155013877272.jpg",2,0,166,435,260,435,426
"Morganza_all/005091@29.5826048606289,-90.7178714108962.jpg",5,186,279,183,140,369,419
"Morganza_all/005092@29.5909830383304,-90.7041149079606.jpg",5,265,281,119,97,384,378
"Morganza_all/005093@29.590852404531,-90.7042157521227.jpg",1,171,287,460,140,631,427
"Morganza_all/005094@29.5906151868114,-90.7042315267927.jpg",1,181,249,275,150,456,399
"Morganza_all/005095@29.5903278258276,-90.7042047628862.jpg",5,254,241,173,119,427,360
"Morganza_all/005096@29.5903724742632,-90.7043973860478.jpg",5,209,262,172,137,381,399
"Morganza_all/005097@29.5904546097428,-90.7045968848266.jpg",1,186,266,362,139,548,405
"Morganza_all/005098@29.5906790758294,-90.7045311952119.jpg",2,0,274,458,173,458,447
"Morganza_all/005099@29.5908536383531,-90.7044729294785.jpg",2,0,273,413,163,413,436
"Morganza_all/005100@29.5914327859101,-90.7041477939107.jpg",2,39,222,602,225,641,447
"Morganza_all/005101@29.5918945105205,-90.7040806119158.jpg",2,10,269,631,188,641,457
"Morganza_all/005102@29.592975605732,-90.704259585361.jpg",2,0,212,636,185,636,397
"Morganza_all/005103@29.5926627272762,-90.7041186395184.jpg",1,303,246,316,160,619,406
"Morganza_all/005104@29.5923890847585,-90.7043489782453.jpg",6,205,270,217,111,422,381
"Morganza_all/005105@29.5921641048205,-90.7043075369747.jpg",4,248,218,210,164,458,382
"Morganza_all/005106@29.5920401243358,-90.7044940801638.jpg",4,145,247,226,183,371,430
"Morganza_all/005107@29.5917406900731,-90.7045530990866.jpg",1,217,270,390,162,607,432
"Morganza_all/005108@29.5915848198807,-90.7046041055138.jpg",1,162,271,387,166,549,437
"Morganza_all/005109@29.5916168187074,-90.7047682098441.jpg",1,328,263,207,139,535,402
"Morganza_all/005110@29.5916365659569,-90.7049752766464.jpg",4,258,262,172,124,430,386
"Morganza_all/005111@29.5917246689926,-90.7051176022252.jpg",2,0,204,456,240,456,444
"Morganza_all/005112@29.5919552747066,-90.7050304158819.jpg",1,76,237,263,186,339,423
"Morganza_all/005113@29.5920978113765,-90.7048080452127.jpg",1,68,247,315,153,383,400
"Morganza_all/005114@29.5924850409031,-90.7048270736458.jpg",1,76,240,491,183,567,423
"Morganza_all/005115@29.5926843669116,-90.7047257974751.jpg",2,0,244,340,180,340,424
"Morganza_all/005116@29.5912796229323,-90.704763183859.jpg",2,0,242,581,303,581,545
"Morganza_all/005117@29.5910986809692,-90.704792888705.jpg",1,214,233,286,196,500,429
"Morganza_all/005118@29.5909302920344,-90.7048368307045.jpg",1,291,232,271,190,562,422
"Morganza_all/005119@29.5907744148412,-90.7048806625799.jpg",1,76,209,324,255,400,464
"Morganza_all/005120@29.5905122966906,-90.7049108764271.jpg",2,79,253,562,222,641,475
"Morganza_all/005121@29.5905694284978,-90.7051034219452.jpg",4,282,273,138,160,420,433
"Morganza_all/005122@29.5906138768955,-90.7052603044278.jpg",4,243,287,121,106,364,393
"Morganza_all/005123@29.5908890270952,-90.7053443177558.jpg",2,0,237,376,195,376,432
"Morganza_all/005124@29.5912883644931,-90.7052846752006.jpg",2,1,163,555,358,556,521
"Morganza_all/005125@29.5912623345765,-90.7050633638491.jpg",1,0,262,379,133,379,395
"Morganza_all/005126@29.5926680712215,-90.7052331368637.jpg",2,0,261,635,139,635,400
"Morganza_all/005127@29.5927574056727,-90.7056326778575.jpg",1,0,235,380,183,380,418
"Morganza_all/005128@29.5925517683813,-90.7057197070368.jpg",1,112,218,381,199,493,417
"Morganza_all/005129@29.5923770342241,-90.7057422292383.jpg",3,211,238,288,191,499,429
"Morganza_all/005130@29.5921067238078,-90.7053652516048.jpg",1,210,219,278,211,488,430
"Morganza_all/005131@29.5921774679892,-90.7057934764746.jpg",1,123,255,224,159,347,414
"Morganza_all/005132@29.5918463093414,-90.7057455550622.jpg",1,289,243,281,170,570,413
"Morganza_all/005133@29.591795591672,-90.7055886782696.jpg",1,309,251,232,175,541,426
"Morganza_all/005134@29.591857083406,-90.7053882754594.jpg",5,225,259,148,135,373,394
"Morganza_all/005135@29.591408123006,-90.7055196837333.jpg",1,152,246,429,177,581,423
"Morganza_all/005136@29.5914527009771,-90.7056979938743.jpg",2,0,238,455,199,455,437
"Morganza_all/005137@29.591566763491,-90.7060473477583.jpg",2,0,146,425,332,425,478
"Morganza_all/005138@29.5911462715933,-90.7055998905487.jpg",1,131,253,384,172,515,425
"Morganza_all/005139@29.5910156433439,-90.70570787519.jpg",1,126,239,354,187,480,426
"Morganza_all/005140@29.5911798761408,-90.7060997986214.jpg",1,125,237,328,181,453,418
"Morganza_all/005141@29.5909679621613,-90.7061797224835.jpg",3,116,287,457,138,573,425
"Morganza_all/005142@29.5908371966459,-90.7062591064453.jpg",1,128,273,396,168,524,441
"Morganza_all/005143@29.5907801966957,-90.7060880172325.jpg",4,217,284,110,120,327,404
"Morganza_all/005144@29.5906789263781,-90.7058028663121.jpg",2,253,188,388,252,641,440
"Morganza_all/005145@29.5908855895534,-90.7059301639655.jpg",2,0,232,314,179,314,411
"Morganza_all/005146@29.5908573514499,-90.7065519082151.jpg",1,170,212,471,222,641,434
"Morganza_all/005147@29.5909643843532,-90.7067370008212.jpg",4,250,259,141,128,391,387
"Morganza_all/005148@29.5909655449887,-90.7069798943428.jpg",1,74,201,354,242,428,443
"Morganza_all/005149@29.5911340095109,-90.7069573823684.jpg",1,40,273,423,187,463,460
"Morganza_all/005150@29.5912898125205,-90.7068921270973.jpg",1,188,287,242,151,430,438
"Morganza_all/005151@29.5914332742293,-90.7068626604427.jpg",1,27,248,352,179,379,427
"Morganza_all/005152@29.591595524023,-90.7068401870426.jpg",1,18,279,387,144,405,423
"Morganza_all/005153@29.5918014352673,-90.7068103295457.jpg",4,226,263,109,104,335,367
"Morganza_all/005154@29.5916563345036,-90.7064968799634.jpg",1,20,270,468,150,488,420
"Morganza_all/005155@29.5916367539373,-90.7063184126073.jpg",1,21,279,536,175,557,454
"Morganza_all/005156@29.5914936406881,-90.7064264749892.jpg",1,196,248,220,167,416,415
"Morganza_all/005157@29.5913690422869,-90.7064843934888.jpg",1,232,279,219,117,451,396
"Morganza_all/005158@29.5912126931217,-90.7064353759433.jpg",1,177,240,353,225,530,465
"Morganza_all/005159@29.591176401086,-90.7066785044152.jpg",3,288,264,114,100,402,364
"Morganza_all/005160@29.591948502449,-90.7062235786592.jpg",1,197,237,336,170,533,407
"Morganza_all/005161@29.5921231000345,-90.7061724887591.jpg",1,284,261,333,149,617,410
"Morganza_all/005162@29.5923416663607,-90.7061782624186.jpg",1,230,265,233,151,463,416
"Morganza_all/005163@29.5924475378589,-90.7061204287939.jpg",1,210,257,316,150,526,407
"Morganza_all/005164@29.5926410670315,-90.7061120743416.jpg",1,190,257,418,153,608,410
"Morganza_all/005165@29.5932090334498,-90.7060585200392.jpg",1,214,242,219,186,433,428
"Morganza_all/005166@29.593216198282,-90.7062513527935.jpg",1,121,234,247,172,368,406
"Morganza_all/005167@29.5932481951959,-90.7064154917868.jpg",2,0,229,348,196,348,425
"Morganza_all/005168@29.5932552570778,-90.7065868979233.jpg",1,118,192,455,245,573,437
"Morganza_all/005169@29.5928801366242,-90.7064892200661.jpg",1,195,262,196,117,391,379
"Morganza_all/005170@29.5927242931821,-90.7065402238882.jpg",4,227,257,162,136,389,393
"Morganza_all/005171@29.5925372110467,-90.706591391583.jpg",3,175,214,245,175,420,389
"Morganza_all/005172@29.5922815055667,-90.7066573047361.jpg",1,0,229,515,198,515,427
"Morganza_all/005173@29.5920444174723,-90.7066945001359.jpg",1,0,259,380,183,380,442
"Morganza_all/005174@29.5920428804878,-90.706373008854.jpg",1,230,301,296,95,526,396
"Morganza_all/005175@29.5921588868601,-90.7071295946208.jpg",2,181,255,460,165,641,420
"Morganza_all/005176@29.5922897959796,-90.7070859217744.jpg",3,91,223,395,215,486,438
"Morganza_all/005177@29.5925269456489,-90.7070558377625.jpg",1,198,245,307,198,505,443
"Morganza_all/005178@29.5927014819375,-90.70699760699.jpg",1,87,240,314,211,401,451
"Morganza_all/005179@29.5929324577717,-90.7069818775836.jpg",1,171,176,382,266,553,442
"Morganza_all/005180@29.5932130298543,-90.7068943819424.jpg",2,150,240,491,176,641,416
"Morganza_all/005181@29.5932140537459,-90.707108711972.jpg",4,275,273,152,147,427,420
"Morganza_all/005182@29.5932835710246,-90.7072869015853.jpg",1,26,267,280,151,306,418
"Morganza_all/005183@29.5932843554675,-90.7074512046126.jpg",2,0,230,311,196,311,426
"Morganza_all/005184@29.5929280920713,-90.7073748329157.jpg",1,208,261,156,118,364,379
"Morganza_all/005185@29.5925229550523,-90.7075274184913.jpg",1,51,243,303,195,354,438
"Morganza_all/005186@29.5922550714628,-90.7076576867666.jpg",2,0,177,508,310,508,487
"Morganza_all/005187@29.5919671313826,-90.7075094331475.jpg",2,0,201,312,248,312,449
"Morganza_all/005188@29.5918842155681,-90.7071455967734.jpg",1,27,173,469,258,496,431
"Morganza_all/005189@29.5917345458526,-90.7071822757777.jpg",1,200,254,363,177,563,431
"Morganza_all/005191@29.5915933074721,-90.7076832480915.jpg",1,75,266,311,132,386,398
"Morganza_all/005192@29.5913478966393,-90.7072846856078.jpg",1,203,245,311,159,514,404
"Morganza_all/005193@29.5912232364087,-90.7073354924954.jpg",1,170,242,248,176,418,418
"Morganza_all/005194@29.5910674606769,-90.7074007468615.jpg",5,296,317,209,107,505,424
"Morganza_all/005196@29.5913404634478,-90.7083492518386.jpg",1,100,254,359,163,459,417
"Morganza_all/005197@29.591448474322,-90.708734357669.jpg",1,44,250,511,147,555,397
"Morganza_all/005198@29.5915439788099,-90.7091267160676.jpg",3,93,263,442,151,535,414
"Morganza_all/005199@29.59163978147,-90.7095762120462.jpg",1,197,240,307,208,504,448
"Morganza_all/005200@29.5918060639187,-90.709089370806.jpg",1,151,230,324,194,475,424
"Morganza_all/005201@29.5920634710653,-90.7093806663361.jpg",1,137,273,363,134,500,407
"Morganza_all/005202@29.5922381378653,-90.7093438662173.jpg",1,269,261,225,133,494,394
"Morganza_all/005203@29.59240653495,-90.7093071050367.jpg",3,207,129,385,309,592,438
"Morganza_all/005204@29.592311377802,-90.7089933386253.jpg",1,84,236,377,223,461,459
"Morganza_all/005205@29.5921678816079,-90.7090156603232.jpg",1,179,218,333,211,512,429
"Morganza_all/005206@29.592190025511,-90.7084225477048.jpg",1,6,243,339,179,345,422
"Morganza_all/005207@29.5919819679676,-90.7080023207367.jpg",2,318,248,323,166,641,414
"Morganza_all/005208@29.591776397219,-90.7081036286459.jpg",1,97,238,294,193,391,431
"Morganza_all/005209@29.591595658843,-90.7081761803344.jpg",1,161,247,350,194,511,441
"Morganza_all/005210@29.592053350411,-90.7085662793344.jpg",1,194,279,203,109,397,388
"Morganza_all/005211@29.5918535448393,-90.7085675257955.jpg",1,83,273,279,137,362,410
"Morganza_all/005212@29.5926309287387,-90.7092199664761.jpg",2,1,168,640,319,641,487
"Morganza_all/005213@29.592774356815,-90.7091833290918.jpg",1,159,233,348,218,507,451
"Morganza_all/005214@29.5925731565828,-90.7088916815393.jpg",1,173,199,429,294,602,493
"Morganza_all/005215@29.592716822839,-90.7089050705832.jpg",1,150,218,302,216,452,434
"Morganza_all/005216@29.5928979358089,-90.7089110837614.jpg",1,186,240,263,196,449,436
"Morganza_all/005217@29.5930352172757,-90.708888800501.jpg",1,172,236,325,193,497,429
"Morganza_all/005218@29.5933721746007,-90.7088438132602.jpg",2,0,244,560,171,560,415
"Morganza_all/005219@29.5933767829795,-90.7085008519919.jpg",1,0,193,463,257,463,450
"Morganza_all/005220@29.5933633792508,-90.7083080577253.jpg",1,73,248,329,159,402,407
"Morganza_all/005221@29.5933686676445,-90.7081079728889.jpg",1,73,257,294,170,367,427
"Morganza_all/005222@29.5933617780901,-90.7079722776894.jpg",1,0,234,416,207,416,441
"Morganza_all/005223@29.5933420289953,-90.7077580643111.jpg",2,201,242,440,189,641,431
"Morganza_all/005224@29.5930368963736,-90.707931420285.jpg",5,228,268,173,124,401,392
"Morganza_all/005225@29.5928432308097,-90.7079112024119.jpg",1,211,255,238,160,449,415
"Morganza_all/005226@29.5926998095083,-90.7079549525519.jpg",1,222,267,249,142,471,409
"Morganza_all/005227@29.5925249661974,-90.707948901963.jpg",1,180,246,270,180,450,426
"Morganza_all/005228@29.5923686516553,-90.7079070237423.jpg",1,156,279,390,161,546,440
"Morganza_all/005229@29.5924005441611,-90.7080497038748.jpg",2,172,268,469,158,641,426
"Morganza_all/005230@29.5924263241178,-90.7082138808976.jpg",1,200,280,283,152,483,432
"Morganza_all/005232@29.5927027047622,-90.7085622283873.jpg",1,211,254,321,153,532,407
"Morganza_all/005233@29.5928524025083,-90.7085255823826.jpg",3,197,239,233,144,430,383
"Morganza_all/005234@29.5930146591198,-90.7085102537528.jpg",3,51,240,406,163,457,403
"Morganza_all/005236@29.5916114240886,-90.7101765021156.jpg",1,252,280,126,82,378,362
"Morganza_all/005237@29.5912888174987,-90.710614316327.jpg",6,164,262,288,119,452,381
"Morganza_all/005238@29.5900167460207,-90.7109794312539.jpg",1,269,250,134,83,403,333
"Morganza_all/005240@29.5937279201929,-90.7088058825008.jpg",2,0,250,471,198,471,448
"Morganza_all/005241@29.593694809453,-90.7084131579731.jpg",1,104,283,289,160,393,443
"Morganza_all/005242@29.5936545965795,-90.7078346791357.jpg",2,120,230,520,207,640,437
"Morganza_all/005243@29.5936401347547,-90.7074204112069.jpg",1,96,248,345,181,441,429
"Morganza_all/005244@29.5936080708868,-90.7072419867202.jpg",1,293,244,278,179,571,423
"Morganza_all/005245@29.5935755698534,-90.7069778553686.jpg",5,281,262,160,147,441,409
"Morganza_all/005246@29.593749996951,-90.7068910231148.jpg",1,257,229,373,174,630,403
"Morganza_all/005247@29.5939122468896,-90.7068685807046.jpg",3,207,240,344,219,551,459
"Morganza_all/005248@29.5941376697456,-90.7070029098499.jpg",1,268,276,129,95,397,371
"Morganza_all/005249@29.5943990714191,-90.7068226487093.jpg",1,186,221,426,215,612,436
"Morganza_all/005250@29.5945556660792,-90.7069288387144.jpg",2,0,182,618,233,618,415
"Morganza_all/005251@29.5945823003344,-90.7072716088057.jpg",5,324,268,125,107,449,375
"Morganza_all/005252@29.5944448145188,-90.7072510406792.jpg",1,84,259,268,155,352,414
"Morganza_all/005253@29.5942954176047,-90.7073448589757.jpg",1,115,257,318,140,433,397
"Morganza_all/005254@29.5941327924653,-90.7072887353734.jpg",1,194,235,305,191,499,426
"Morganza_all/005255@29.5939581262511,-90.7073255397728.jpg",1,133,224,314,199,447,423
"Morganza_all/005256@29.5964460592789,-90.7041592785768.jpg",2,118,276,523,147,641,423
"Morganza_all/005257@29.5964541679653,-90.7043705818014.jpg",1,109,287,532,122,641,409
"Morganza_all/005258@29.5962055637199,-90.7043802612645.jpg",1,199,243,311,182,510,425
"Morganza_all/005259@29.5962188445956,-90.7041850918392.jpg",4,298,284,161,93,459,377
"Morganza_all/005261@29.595927617538,-90.7041950709737.jpg",2,44,222,597,264,641,486
"Morganza_all/005262@29.5959939302158,-90.7046904863959.jpg",1,32,242,390,159,422,401
"Morganza_all/005263@29.5961574054512,-90.7047057278521.jpg",1,0,238,359,206,359,444
"Morganza_all/005264@29.5963065078719,-90.7046885242363.jpg",1,98,234,340,186,438,420
"Morganza_all/005265@29.5964556102896,-90.7046713205691.jpg",1,174,237,290,200,464,437
"Morganza_all/005266@29.5965836741289,-90.7047111701964.jpg",1,116,248,327,163,443,411
"Morganza_all/005267@29.5968234409326,-90.7043438766547.jpg",5,338,265,129,92,467,357
"Morganza_all/005268@29.5969033075216,-90.7047010456486.jpg",2,0,238,478,182,478,420
"Morganza_all/005269@29.5970083836098,-90.7043914869445.jpg",2,330,251,311,169,641,420
"Morganza_all/005270@29.5970305918099,-90.7045783169022.jpg",1,232,250,132,124,364,374
"Morganza_all/005271@29.5971449454599,-90.7047239147922.jpg",1,184,251,307,153,491,404
"Morganza_all/005272@29.5973007803496,-90.7046253925444.jpg",1,153,204,366,227,519,431
"Morganza_all/005273@29.5975514609911,-90.7050546184465.jpg",1,140,236,315,191,455,427
"Morganza_all/005274@29.5972952947616,-90.7049668311717.jpg",2,196,248,445,225,641,473
"Morganza_all/005275@29.5971674647411,-90.704975751432.jpg",3,186,235,296,231,482,466
"Morganza_all/005276@29.5969968170667,-90.7049443180697.jpg",1,182,208,406,267,588,475
"Morganza_all/005277@29.5968547977205,-90.7049533273667.jpg",1,252,215,339,240,591,455
"Morganza_all/005278@29.5967057341722,-90.7049786485731.jpg",1,154,193,479,241,633,434
"Morganza_all/005279@29.5965990987719,-90.7049630499384.jpg",1,92,225,377,226,469,451
"Morganza_all/005280@29.5963435168344,-90.7049971889732.jpg",1,57,228,374,201,431,429
"Morganza_all/005281@29.5961657079429,-90.7049576512104.jpg",1,208,254,299,185,507,439
"Morganza_all/005282@29.5960094717674,-90.7049667496182.jpg",2,88,250,553,190,641,440
"Morganza_all/005283@29.5960033509336,-90.7051700231553.jpg",3,38,226,326,211,364,437
"Morganza_all/005284@29.5960047525501,-90.7054626427468.jpg",2,0,230,363,221,363,451
"Morganza_all/005285@29.5961328938936,-90.7055187288954.jpg",1,203,251,251,203,454,454
"Morganza_all/005286@29.5962461956888,-90.7054448613261.jpg",1,179,272,290,164,469,436
"Morganza_all/005287@29.5963669699572,-90.705444104093.jpg",1,73,280,307,160,380,440
"Morganza_all/005288@29.596523050354,-90.7054024719643.jpg",1,175,281,382,159,557,440
"Morganza_all/005289@29.5966863308101,-90.7053770622881.jpg",1,113,226,313,245,426,471
"Morganza_all/005290@29.5968283890661,-90.7053761715079.jpg",5,290,266,145,118,435,384
"Morganza_all/005291@29.5969915917519,-90.7053345258835.jpg",1,167,223,261,244,428,467
"Morganza_all/005292@29.597091132293,-90.7053501379994.jpg",1,214,234,233,239,447,473
"Morganza_all/005293@29.5974390939653,-90.7053235699414.jpg",4,254,291,187,149,441,440
"Morganza_all/005294@29.5975486089861,-90.7059406846838.jpg",4,270,294,154,142,424,436
"Morganza_all/005295@29.5974902128783,-90.7056158820911.jpg",4,236,295,139,117,375,412
"Morganza_all/005296@29.5973001601563,-90.7059828635764.jpg",1,258,238,275,210,533,448
"Morganza_all/005297@29.5971796857217,-90.7060405398948.jpg",2,0,280,530,215,530,495
"Morganza_all/005298@29.5970998227823,-90.7056833688469.jpg",1,139,215,290,257,429,472
"Morganza_all/005299@29.5969577758871,-90.7056923772774.jpg",3,72,187,321,270,393,457
"Morganza_all/005300@29.5967590724229,-90.7057342762514.jpg",1,59,204,456,223,515,427
"Morganza_all/005301@29.5968316964028,-90.7060671055651.jpg",4,254,261,121,125,375,386
"Morganza_all/005302@29.5966329538329,-90.7061008543931.jpg",1,158,265,348,159,506,424
"Morganza_all/005303@29.5964680008267,-90.7057767538857.jpg",1,4,157,407,318,411,475
"Morganza_all/005304@29.5960435009474,-90.7198343871605.jpg",4,251,282,118,97,369,379
"Morganza_all/005305@29.587024392987,-90.7152942101087.jpg",4,264,251,119,123,383,374
"Morganza_all/005306@29.5868985593826,-90.7146945554573.jpg",4,72,250,328,244,400,494
"Morganza_all/005307@29.5863305414499,-90.7116567228916.jpg",4,150,297,173,137,323,434
"Morganza_all/005308@29.5862740611539,-90.7115473327934.jpg",4,280,295,122,108,402,403
"Morganza_all/005309@29.5862214872262,-90.711415076907.jpg",4,255,229,136,161,391,390
"Morganza_all/005310@29.5861254690765,-90.7113882380086.jpg",1,222,218,287,197,509,415
"Morganza_all/005311@29.5860729975147,-90.7112833854183.jpg",1,205,223,309,197,514,420
"Morganza_all/005312@29.5862444465619,-90.7112000465419.jpg",4,312,282,101,100,413,382
"Morganza_all/005313@29.5866362744437,-90.7120846024145.jpg",1,135,257,232,141,367,398
"Morganza_all/005314@29.5867440059911,-90.712047343279.jpg",1,258,264,204,142,462,406
"Morganza_all/005315@29.5868436705414,-90.711996447908.jpg",1,202,270,236,131,438,401
"Morganza_all/005316@29.5863333794781,-90.7114143821031.jpg",4,313,277,118,127,431,404
"Morganza_all/005317@29.5864222902609,-90.71162412467.jpg",1,218,244,281,175,499,419
"Morganza_all/005318@29.5864708550352,-90.7117518437617.jpg",4,238,256,141,119,379,375
"Morganza_all/005319@29.5864250690085,-90.7113635043726.jpg",3,148,273,376,169,524,442
"Morganza_all/005320@29.5865367443762,-90.7113170959399.jpg",4,297,289,104,122,401,411
"Morganza_all/005321@29.5866364302895,-90.7112707618705.jpg",4,294,282,123,133,417,415
"Morganza_all/005322@29.5867201119373,-90.7112245271195.jpg",1,123,263,262,175,385,438
"Morganza_all/005323@29.5867998987013,-90.7111920026808.jpg",1,193,253,254,191,447,444
"Morganza_all/005324@29.5868916475449,-90.7111594353424.jpg",1,233,261,266,169,499,430
"Morganza_all/005325@29.5869874111918,-90.7111268430024.jpg",1,288,271,255,172,543,443
"Morganza_all/005326@29.5870871403417,-90.7110896324222.jpg",1,206,251,269,172,475,423
"Morganza_all/005327@29.5871908569429,-90.7110524284555.jpg",1,241,271,231,123,472,394
"Morganza_all/005328@29.587278596634,-90.7110152922236.jpg",4,258,292,139,162,397,454
"Morganza_all/005329@29.5863280905841,-90.7111400945535.jpg",4,208,278,121,129,329,407
"Morganza_all/005330@29.586419795963,-90.7110983720332.jpg",5,345,270,123,101,468,371
"Morganza_all/005331@29.5865115288271,-90.7110566492657.jpg",5,354,279,90,84,444,363
"Morganza_all/005332@29.5866232257408,-90.7110148023731.jpg",5,321,296,131,112,452,408
"Morganza_all/005333@29.5871494903644,-90.7107554895005.jpg",5,242,302,107,94,349,396
"Morganza_all/005334@29.588648792262,-90.710906190692.jpg",2,186,182,455,252,641,434
"Morganza_all/005335@29.5885759872272,-90.7107237483036.jpg",2,174,201,467,235,641,436
"Morganza_all/005336@29.5884300781128,-90.7102903082348.jpg",1,15,218,478,205,493,423
"Morganza_all/005337@29.5883575330445,-90.7101627365551.jpg",1,196,229,372,182,568,411
"Morganza_all/005338@29.5883130627789,-90.7100578639329.jpg",1,295,237,301,172,596,409
"Morganza_all/005339@29.5882606394962,-90.709957603037.jpg",1,106,258,300,147,406,405
"Morganza_all/005340@29.5882202055728,-90.7098572676088.jpg",1,189,266,340,156,529,422
"Morganza_all/005341@29.5881878331406,-90.7097751620452.jpg",4,244,274,120,135,364,409
"Morganza_all/005342@29.5881312918177,-90.7096474913832.jpg",4,236,251,125,142,361,393
"Morganza_all/005343@29.5880666612684,-90.7095015912943.jpg",4,219,273,143,129,362,402
"Morganza_all/005344@29.5870407271271,-90.7097365887761.jpg",1,239,294,122,98,361,392
"Morganza_all/005345@29.5869074267786,-90.7102723450708.jpg",1,141,221,290,193,431,414
"Morganza_all/005346@29.5866585551029,-90.7100407249092.jpg",3,263,232,234,186,497,418
"Morganza_all/005347@29.5878494675125,-90.7089869219518.jpg",5,272,271,186,93,458,364
"Morganza_all/005348@29.5845243605163,-90.7104606502191.jpg",3,239,266,274,164,513,430
"Morganza_all/005349@29.5859532953025,-90.7098888723909.jpg",1,154,263,283,168,437,431
"Morganza_all/005350@29.5871689630983,-90.7092119059868.jpg",2,275,172,366,386,641,558
"Morganza_all/005351@29.5878070560231,-90.715737568311.jpg",1,178,205,257,230,435,435
"Morganza_all/005353@29.5891285533876,-90.7149517422141.jpg",4,286,293,110,96,396,389
"Morganza_all/005354@29.5880886589337,-90.7147185098804.jpg",1,245,256,163,86,408,342
"Morganza_all/005355@29.5880011108361,-90.7142837615651.jpg",3,128,206,415,236,543,442
"Morganza_all/005356@29.5888458767695,-90.7139361893956.jpg",3,185,275,232,148,417,423
"Morganza_all/005357@29.5888350129555,-90.7134471304149.jpg",6,156,240,275,154,431,394
"Morganza_all/005358@29.5893580518978,-90.7137667067083.jpg",5,289,264,125,95,414,359
"Morganza_all/005359@29.5893144635483,-90.7135859994386.jpg",5,219,285,143,115,362,400
"Morganza_all/005360@29.5893978944329,-90.7149598642741.jpg",1,48,249,479,191,527,440
"Morganza_all/005361@29.5886213768668,-90.7152776849639.jpg",3,119,278,404,174,523,452
"Morganza_all/005362@29.5853524613977,-90.7133513941745.jpg",1,101,166,390,207,491,373
"Morganza_all/005363@29.5846185356046,-90.712156549421.jpg",1,57,276,330,153,387,429
"Morganza_all/005364@29.5853404177696,-90.7127007075669.jpg",1,216,287,219,107,435,394
"Morganza_all/005365@29.5844334903289,-90.7110604048292.jpg",1,175,271,206,155,381,426
"Morganza_all/005366@29.5851084440426,-90.7118151687794.jpg",5,261,279,134,101,395,380
"Morganza_all/005367@29.5853917351396,-90.7125678083963.jpg",5,277,269,132,142,409,411
"Morganza_all/005368@29.5862055544259,-90.7122655711393.jpg",1,228,265,224,155,452,420
"Morganza_all/005369@29.586361173054,-90.7122188912996.jpg",4,298,269,95,133,393,402
"Morganza_all/005370@29.5864966759964,-90.7121403387915.jpg",4,264,270,110,104,374,374
"Morganza_all/005371@29.5864278224707,-90.7119441573151.jpg",5,272,275,118,115,390,390
"Morganza_all/005372@29.5863751780411,-90.711802745904.jpg",5,266,278,222,163,488,441
"Morganza_all/005373@29.584754347279,-90.7164527692685.jpg",1,55,284,570,150,625,434
"Morganza_all/005374@29.5869670031693,-90.7152945642548.jpg",1,197,237,282,170,479,407
"Morganza_all/005375@29.5948274200804,-90.7123695212252.jpg",1,175,270,430,133,605,403
"Morganza_all/005376@29.595067010691,-90.7145072541075.jpg",1,216,214,326,193,542,407
"Morganza_all/005377@29.5952382487133,-90.7157200275417.jpg",2,0,179,364,261,364,440
"Morganza_all/005378@29.5957630740543,-90.7169349079839.jpg",2,270,152,371,304,641,456
"Morganza_all/005380@29.5958065431033,-90.7173779870368.jpg",5,249,284,109,95,358,379
"Morganza_all/005381@29.5956386613827,-90.718697037411.jpg",3,256,223,344,166,600,389
"Morganza_all/005382@29.5956440996873,-90.7189185825647.jpg",4,244,279,81,97,325,376
"Morganza_all/005383@29.5944600313803,-90.7167230828078.jpg",1,178,221,223,177,401,398
"Morganza_all/005384@29.594523728456,-90.7169470670713.jpg",1,45,227,325,173,370,400
"Morganza_all/005385@29.5924706212956,-90.7132742593281.jpg",1,131,259,241,159,372,418
"Morganza_all/005386@29.5924159539338,-90.71287934353.jpg",1,69,265,252,147,321,412
"Morganza_all/005387@29.5923673986053,-90.712753378257.jpg",4,251,276,177,120,428,396
"Morganza_all/005388@29.5928514137664,-90.714055334134.jpg",1,23,221,370,197,393,418
"Morganza_all/005389@29.5928669946293,-90.7141984952854.jpg",5,236,289,164,100,400,389
"Morganza_all/005390@29.5932470445913,-90.7170307228302.jpg",5,247,261,134,140,381,401
"Morganza_all/005391@29.5930324289053,-90.7183111999297.jpg",2,19,165,622,280,641,445
"Morganza_all/005392@29.5942409552613,-90.7185527908889.jpg",2,0,1,641,552,641,553
"Morganza_all/005393@29.5939283053302,-90.7186331832528.jpg",4,228,290,164,128,392,418
"Morganza_all/005394@29.5935838681948,-90.7157529161867.jpg",4,263,276,123,84,386,360
"Morganza_all/005395@29.5937617922372,-90.7184623451507.jpg",4,237,288,109,124,346,412
"Morganza_all/005396@29.5945673374076,-90.7183279525379.jpg",4,276,293,132,95,408,388
"Morganza_all/005397@29.5944670496008,-90.7183285684111.jpg",4,241,292,159,120,400,412
"Morganza_all/005398@29.5923762199672,-90.71677971099.jpg",4,207,301,129,98,336,399
"Morganza_all/005399@29.5916873891292,-90.7136542229832.jpg",2,0,229,462,200,462,429
"Morganza_all/005400@29.5915845696382,-90.7131194360109.jpg",1,247,240,244,161,491,401
"Morganza_all/005401@29.5910485473267,-90.7147255553773.jpg",1,65,232,319,163,384,395
"Morganza_all/005402@29.5912200473796,-90.7164851214433.jpg",1,145,222,293,190,438,412
"Morganza_all/005403@29.5960024452524,-90.7052794655564.jpg",1,54,226,268,235,322,461
"Morganza_all/005404@29.5923916111034,-90.7076067740707.jpg",1,39,259,339,171,378,430
"Morganza_all/005405@29.5917484036239,-90.7076772449255.jpg",1,144,243,231,187,375,430
"Morganza_all/005406@29.5914397580628,-90.7077482994661.jpg",3,130,226,269,222,399,448
"Morganza_all/005407@29.5908543029492,-90.7095048044837.jpg",2,0,260,389,148,389,408
"Morganza_all/005408@29.5906348275328,-90.7090884591732.jpg",1,162,257,285,132,447,389
"Morganza_all/005409@29.5899755926315,-90.7098420606507.jpg",1,114,257,277,103,391,360
"Morganza_all/005410@29.5915362064637,-90.7093541234306.jpg",1,24,238,298,155,322,393
"Morganza_all/005411@29.5885923987389,-90.7074421410971.jpg",1,206,149,342,207,548,356
"Morganza_all/005412@29.5885808326234,-90.7073408078649.jpg",2,282,161,359,235,641,396
"Morganza_all/005413@29.5901382355196,-90.7066720058788.jpg",1,201,245,363,172,564,417
"Morganza_all/005414@29.5909259523243,-90.7069237273331.jpg",1,238,183,302,243,540,426
"Morganza_all/005415@29.5895295165228,-90.7085294797366.jpg",2,414,206,227,247,641,453
"Morganza_all/005416@29.5906362865637,-90.7055526192673.jpg",2,0,212,479,220,479,432
"Morganza_all/005417@29.5918140894271,-90.7094755425475.jpg",1,324,274,299,138,623,412
"Morganza_all/005418@29.5947127359691,-90.7082467750066.jpg",2,3,278,406,135,409,413
"Morganza_all/005419@29.5976252495855,-90.706285480135.jpg",4,291,279,87,105,378,384
"Morganza_all/005420@29.5956548987946,-90.7066802151182.jpg",3,220,232,291,205,511,437
"Morganza_all/005421@29.5915586892528,-90.7072059035001.jpg",3,298,251,113,141,411,392
"Morganza_all/005422@29.5908402212378,-90.7057417912713.jpg",1,300,257,240,180,540,437
"Morganza_all/005423@29.5940433362511,-90.7054082659298.jpg",1,25,190,377,225,402,415
"Morganza_all/005424@29.5949441082707,-90.7054537172978.jpg",5,198,229,171,172,369,401
"Morganza_all/005425@29.5973131632077,-90.7056946809988.jpg",1,190,249,203,113,393,362
"Morganza_all/005426@29.5972529506509,-90.7049564299566.jpg",4,221,267,154,159,375,426
"Morganza_all/005427@29.5937329305681,-90.7045207679192.jpg",2,6,170,635,243,641,413
"Morganza_all/005428@29.594314734292,-90.7050075580197.jpg",4,252,279,89,130,341,409
"Morganza_all/005429@29.584754347279,-90.7164527692685.jpg",3,66,279,550,149,616,428
"Morganza_all/005430@29.584754347279,-90.7164527692685.jpg",3,59,277,559,143,618,420
"Morganza_all/005431@29.5793927416246,-90.6058558806019.jpg",6,181,229,282,172,463,401
"Morganza_all/005432@29.5792588485359,-90.6065157579724.jpg",2,174,279,467,98,641,377
"Morganza_all/005433@29.5787445665445,-90.6036872576185.jpg",6,200,262,233,106,433,368
"Morganza_all/005434@29.5787265259216,-90.6066277807288.jpg",1,385,298,256,116,641,414
"Morganza_all/005435@29.5785888421757,-90.6065993015457.jpg",1,148,284,311,134,459,418
"Morganza_all/005436@29.5786217431683,-90.6063335394399.jpg",1,158,288,222,108,380,396
"Morganza_all/005437@29.5784388692386,-90.6059119806479.jpg",4,302,290,111,109,413,399
"Morganza_all/005438@29.5784191717662,-90.6054597595685.jpg",1,175,309,108,106,283,415
"Morganza_all/005439@29.5780878116107,-90.606160389684.jpg",4,198,243,127,130,325,373
"Morganza_all/005440@29.5778237887551,-90.6050510495437.jpg",6,128,226,341,172,469,398
"Morganza_all/005441@29.5777097940784,-90.6046486891683.jpg",6,126,272,321,137,447,409
"Morganza_all/005442@29.5769738515555,-90.6037001564635.jpg",5,252,297,153,108,405,405
"Morganza_all/005443@29.5946961386183,-90.6007090907527.jpg",3,321,264,220,93,541,357
"Morganza_all/005444@29.5943367061694,-90.6004658836504.jpg",6,193,253,219,128,412,381
"Morganza_all/005445@29.5937671295493,-90.5997817573907.jpg",6,206,259,270,126,476,385
"Morganza_all/005446@29.5937071170519,-90.599298770732.jpg",6,230,261,224,113,454,374
"Morganza_all/005447@29.5933896065604,-90.5988667897333.jpg",6,95,265,375,137,470,402
"Morganza_all/005448@29.5928268772501,-90.5981253002223.jpg",6,169,258,177,162,346,420
"Morganza_all/005449@29.5925708487323,-90.597168487488.jpg",6,211,268,194,105,405,373
"Morganza_all/005450@29.5953925936536,-90.6174758934691.jpg",1,236,276,321,117,557,393
"Morganza_all/005451@29.5914159323311,-90.6165109331474.jpg",6,194,259,306,131,500,390
"Morganza_all/005452@29.5917783284899,-90.6151903969057.jpg",6,164,263,242,133,406,396
"Morganza_all/005453@29.5907483647547,-90.6170468220393.jpg",1,255,278,311,107,566,385
"Morganza_all/005455@29.5902912911638,-90.6167747202107.jpg",5,305,303,132,84,437,387
"Morganza_all/005456@29.5902194520591,-90.6162146132332.jpg",6,136,262,299,142,435,404
"Morganza_all/005457@29.5905698291105,-90.6158383767214.jpg",6,157,254,256,141,413,395
"Morganza_all/005458@29.5910377912973,-90.6149596641307.jpg",6,210,278,270,117,480,395
"Morganza_all/005459@29.5905664366523,-90.6152187518904.jpg",6,237,259,205,106,442,365
"Morganza_all/005460@29.590113829593,-90.6157629528365.jpg",6,192,275,248,118,440,393
"Morganza_all/005463@29.5900507548672,-90.6152322976445.jpg",6,194,281,264,109,458,390
"Morganza_all/005464@29.5900307385468,-90.6147209989437.jpg",6,208,265,208,135,416,400
"Morganza_all/005465@29.5899198203941,-90.6148693278793.jpg",6,109,257,340,169,449,426
"Morganza_all/005466@29.5896123186815,-90.6152255932194.jpg",6,150,248,284,172,434,420
"Morganza_all/005467@29.5891516965096,-90.6158780175758.jpg",4,225,312,125,91,350,403
"Morganza_all/005468@29.5890221637149,-90.6157707744495.jpg",1,308,275,230,117,538,392
"Morganza_all/005469@29.5885897500304,-90.6152919502421.jpg",2,202,193,439,219,641,412
"Morganza_all/005470@29.5886393703135,-90.6149375385473.jpg",6,173,287,257,90,430,377
"Morganza_all/005471@29.5885870020212,-90.6147903830881.jpg",6,153,276,255,96,408,372
"Morganza_all/005472@29.5882095951114,-90.6149406213355.jpg",1,361,284,170,87,531,371
"Morganza_all/005474@29.5878724733317,-90.6145988027216.jpg",1,265,273,260,85,525,358
"Morganza_all/005475@29.5875616562177,-90.6143551506034.jpg",1,291,251,259,101,550,352
"Morganza_all/005476@29.5874232728877,-90.6141987982223.jpg",1,93,246,196,92,289,338
"Morganza_all/005479@29.5869048390261,-90.6137107901027.jpg",1,280,256,180,93,460,349
"Morganza_all/005481@29.5875853636184,-90.612407677312.jpg",6,186,265,247,100,433,365
"Morganza_all/005482@29.5864783495384,-90.6127500300197.jpg",6,178,270,242,110,420,380
"Morganza_all/005483@29.5859950946254,-90.6124092765306.jpg",6,214,252,207,127,421,379
"Morganza_all/005484@29.585125124772,-90.6120910065377.jpg",1,360,265,206,144,566,409
"Morganza_all/005485@29.5856799166605,-90.6113690725356.jpg",6,148,185,299,222,447,407
"Morganza_all/005486@29.5847798490453,-90.6118279533025.jpg",1,316,270,325,119,641,389
"Morganza_all/005487@29.5855221481978,-90.6108194626495.jpg",6,200,262,238,152,438,414
"Morganza_all/005488@29.5857871997763,-90.6105618245079.jpg",6,203,279,277,130,480,409
"Morganza_all/005489@29.5859215475557,-90.6099806253329.jpg",6,142,268,307,139,449,407
"Morganza_all/005490@29.5855791159758,-90.6102387925689.jpg",6,152,279,239,100,391,379
"Morganza_all/005491@29.5851008983414,-90.6108126538608.jpg",6,162,259,215,114,377,373
"Morganza_all/005492@29.5848793140732,-90.6111584789258.jpg",6,181,251,220,127,401,378
"Morganza_all/005493@29.5849262664523,-90.6103221926392.jpg",6,203,223,224,145,427,368
"Morganza_all/005494@29.5847888545504,-90.6103428483766.jpg",6,179,240,243,156,422,396
"Morganza_all/005495@29.5846349876953,-90.6105013005448.jpg",6,100,269,366,166,466,435
"Morganza_all/005496@29.5839071151017,-90.6110081171458.jpg",4,213,276,163,122,376,398
"Morganza_all/005497@29.5842816984408,-90.6103465093435.jpg",6,167,254,283,162,450,416
"Morganza_all/005498@29.5842941094946,-90.6094809660003.jpg",6,175,267,303,154,478,421
"Morganza_all/005499@29.5841156175129,-90.609846143611.jpg",6,138,276,307,155,445,431
"Morganza_all/005500@29.5837024862098,-90.6097507785829.jpg",6,194,200,287,163,481,363
"Morganza_all/005501@29.5834980638423,-90.6100964772624.jpg",6,247,268,149,106,396,374
"Morganza_all/005502@29.5831990736776,-90.6104330096074.jpg",4,228,258,155,121,383,379
"Morganza_all/005503@29.5827669384164,-90.6100132242807.jpg",3,290,248,234,134,524,382
"Morganza_all/005504@29.5832278573975,-90.609419834072.jpg",6,206,243,195,140,401,383
"Morganza_all/005506@29.5830193360676,-90.6090181307065.jpg",1,160,268,378,150,538,418
"Morganza_all/005507@29.5827713653353,-90.6092559475086.jpg",1,95,266,359,126,454,392
"Morganza_all/005509@29.5822296188103,-90.6092205374122.jpg",1,31,250,566,139,597,389
"Morganza_all/005510@29.5825365063203,-90.6087560886636.jpg",1,194,281,235,112,429,393
"Morganza_all/005511@29.5828945987748,-90.6082224287181.jpg",4,261,268,111,89,372,357
"Morganza_all/005512@29.5833306413424,-90.6077963966106.jpg",1,203,271,194,100,397,371
"Morganza_all/005513@29.5816962344165,-90.6091457094317.jpg",3,274,261,277,138,551,399
"Morganza_all/005515@29.5796170956224,-90.6060116161757.jpg",6,181,278,246,111,427,389
"Morganza_all/005516@29.5970552771462,-90.6177831980645.jpg",1,295,285,198,106,493,391
"Morganza_all/005517@29.5976949808613,-90.618212922159.jpg",2,0,241,510,285,510,526
"Morganza_all/005519@29.5981410243555,-90.6172755989862.jpg",1,159,268,296,122,455,390
"Morganza_all/005520@29.5983399772925,-90.6169873611286.jpg",3,207,268,230,115,437,383
"Morganza_all/005521@29.5982950268087,-90.6166271420386.jpg",4,187,274,206,83,393,357
"Morganza_all/005522@29.5981421279667,-90.6161693327816.jpg",6,192,283,261,111,453,394
"Morganza_all/005523@29.598658263902,-90.6162639689714.jpg",1,155,276,316,138,471,414
"Morganza_all/005525@29.5986264100303,-90.6156742023372.jpg",6,265,309,186,90,451,399
"Morganza_all/005526@29.5988261845294,-90.6155416814417.jpg",6,180,244,255,141,435,385
"Morganza_all/005527@29.5987102794425,-90.6152966651381.jpg",6,100,268,300,134,400,402
"Morganza_all/005528@29.5992749303204,-90.6150959502694.jpg",4,247,294,158,124,405,418
"Morganza_all/005529@29.599299559458,-90.6143664722593.jpg",1,181,279,281,115,462,394
"Morganza_all/005530@29.5992468227123,-90.6138915796077.jpg",4,272,310,116,98,388,408
"Morganza_all/005531@29.5990944367511,-90.6135239180483.jpg",3,244,263,250,106,494,369
"Morganza_all/005532@29.5991573810814,-90.6132530420216.jpg",1,250,285,169,131,419,416
"Morganza_all/005533@29.5991557157596,-90.6129498737237.jpg",1,202,271,209,95,411,366
"Morganza_all/005535@29.5991159488224,-90.6122290409826.jpg",4,224,294,190,93,414,387
"Morganza_all/005536@29.5990999366961,-90.6119177633956.jpg",3,165,272,293,116,458,388
"Morganza_all/005538@29.5987702335087,-90.6118709879819.jpg",6,220,294,200,91,420,385
"Morganza_all/005539@29.5990987192681,-90.6116965309168.jpg",4,252,303,121,93,373,396
"Morganza_all/005540@29.5990184473232,-90.6114266861305.jpg",1,133,282,318,83,451,365
"Morganza_all/005541@29.5989810197159,-90.611131957458.jpg",4,210,297,143,98,353,395
"Morganza_all/005543@29.5989996065987,-90.6106074025344.jpg",1,201,292,157,105,358,397
"Morganza_all/005544@29.5985532203476,-90.6101763252425.jpg",6,263,286,186,83,449,369
"Morganza_all/005546@29.598842390996,-90.6093711814198.jpg",4,276,320,140,91,416,411
"Morganza_all/005550@29.5983493631659,-90.6069819844085.jpg",1,283,280,169,85,452,365
"Morganza_all/005551@29.5983626911698,-90.6068016172012.jpg",1,267,285,268,90,535,375
"Morganza_all/005553@29.5980573056834,-90.6059680269486.jpg",1,105,279,493,129,598,408
"Morganza_all/005554@29.5858108656732,-90.6119527622851.jpg",6,230,278,264,108,494,386
"Morganza_all/005555@29.5713863108164,-90.6058986757452.jpg",6,236,223,125,160,361,383
"Morganza_all/005556@29.5710284177481,-90.6062235907096.jpg",6,218,263,168,170,386,433
"Morganza_all/005557@29.5706444374816,-90.6072550732805.jpg",6,166,298,214,150,380,448
"Morganza_all/005558@29.5705744674605,-90.6065286584842.jpg",6,191,319,143,115,334,434
"Morganza_all/005559@29.5674619383942,-90.6049028204494.jpg",6,123,295,257,163,380,458
"Morganza_all/005560@29.5657896304105,-90.6031685385826.jpg",6,195,280,191,138,386,418
"Morganza_all/005561@29.5653127293,-90.6022210700028.jpg",1,142,303,258,95,400,398
"Morganza_all/005562@29.5677015896673,-90.6034380584928.jpg",6,206,257,125,136,331,393
"Morganza_all/005563@29.5675399305219,-90.6031191965151.jpg",6,160,258,228,146,388,404
"Morganza_all/005564@29.5679363843299,-90.6025402387547.jpg",6,183,263,192,166,375,429
"Morganza_all/005565@29.5609173806855,-90.6034809132758.jpg",3,186,294,277,162,463,456
"Morganza_all/005566@29.5614469372787,-90.6033615219877.jpg",4,229,312,159,102,388,414
"Morganza_all/005568@29.562678509739,-90.6034897235867.jpg",6,264,287,149,89,413,376
"Morganza_all/005569@29.5631238388746,-90.6029810875424.jpg",4,253,297,204,90,457,387
"Morganza_all/005570@29.5638793279032,-90.6026290029151.jpg",3,111,302,357,117,468,419
"Morganza_all/005571@29.5750237833078,-90.6066883997715.jpg",6,230,236,98,99,328,335
"Morganza_all/005572@29.5749035093782,-90.6066206917808.jpg",6,171,258,208,139,379,397
"Morganza_all/005573@29.575150721307,-90.6057958986084.jpg",6,229,223,119,137,348,360
"Morganza_all/005574@29.5754290063676,-90.6051697599128.jpg",6,178,207,100,131,278,338
"Morganza_all/005575@29.5752976946127,-90.6052735856757.jpg",6,112,222,119,137,231,359
"Morganza_all/005576@29.5751126590795,-90.6054189499992.jpg",6,130,186,195,157,325,343
"Morganza_all/005577@29.5746052913912,-90.6058204343306.jpg",1,115,183,492,237,607,420
"Morganza_all/005578@29.5746749051282,-90.6054015570868.jpg",1,169,272,471,240,640,512
"Morganza_all/005579@29.5734476299564,-90.6067958450111.jpg",6,231,255,249,135,480,390
"Morganza_all/005580@29.5731994903011,-90.6063724214419.jpg",6,200,257,188,130,388,387
"Morganza_all/005581@29.5739042659788,-90.60589410572.jpg",1,191,265,223,84,414,349
"Morganza_all/005583@29.5742552388979,-90.6053977488896.jpg",1,86,250,412,175,498,425
"Morganza_all/005584@29.5743980068656,-90.6051978288677.jpg",3,222,301,215,122,437,423
"Morganza_all/005585@29.5744873938471,-90.605101166767.jpg",4,234,315,127,92,361,407
"Morganza_all/005586@29.5745945741262,-90.6049700535035.jpg",2,0,298,407,115,407,413
"Morganza_all/005587@29.574743488586,-90.6047975196457.jpg",2,0,296,437,112,437,408
"Morganza_all/005588@29.5745680034253,-90.6045039007643.jpg",1,229,281,223,81,452,362
"Morganza_all/005590@29.5739353294669,-90.60393240196.jpg",6,199,309,168,123,367,432
"Morganza_all/005591@29.5725871947294,-90.6040725187449.jpg",6,202,262,134,129,336,391
"Morganza_all/005592@29.572953395102,-90.6030822809271.jpg",6,255,276,158,97,413,373
"Morganza_all/005595@29.5726473627113,-90.6019597537926.jpg",4,231,301,175,86,406,387
"Morganza_all/005596@29.572354350142,-90.6020922243523.jpg",6,170,265,268,141,438,406
"Morganza_all/005597@29.5723162007114,-90.6017015724814.jpg",6,272,301,157,111,429,412
"Morganza_all/005598@29.5721569415311,-90.6010992121457.jpg",6,246,290,148,96,394,386
"Morganza_all/005599@29.5719565111539,-90.6006343434022.jpg",6,262,210,148,204,410,414
"Morganza_all/005600@29.5718232860512,-90.6003952619555.jpg",6,247,177,220,239,467,416
"Morganza_all/005601@29.5717910113302,-90.5999840276936.jpg",1,278,274,312,127,590,401
"Morganza_all/005602@29.5711090855554,-90.6002564740804.jpg",5,288,311,127,104,415,415
"Morganza_all/005603@29.5584244482769,-90.607814187017.jpg",1,53,221,485,190,538,411
"Morganza_all/005604@29.5584773608147,-90.6084359912158.jpg",2,0,265,415,143,415,408
"Morganza_all/005605@29.5585300643955,-90.6090254945047.jpg",2,186,226,329,154,515,380
"Morganza_all/005606@29.5583041772341,-90.6090594620819.jpg",1,156,250,397,121,553,371
"Morganza_all/005607@29.5581950983363,-90.6084946188074.jpg",1,57,244,339,165,396,409
"Morganza_all/005608@29.557919858091,-90.6085450802333.jpg",1,16,255,337,140,353,395
"Morganza_all/005609@29.5579934947647,-90.6090859589234.jpg",1,272,252,316,123,588,375
"Morganza_all/005610@29.5577042093478,-90.6091526872721.jpg",1,203,251,395,136,598,387
"Morganza_all/005611@29.5576443223032,-90.6085470736359.jpg",1,41,253,423,147,464,400
"Morganza_all/005612@29.557464187705,-90.609186724996.jpg",1,236,240,363,137,599,377
"Morganza_all/005613@29.5573621936873,-90.6086299186052.jpg",1,112,246,274,150,386,396
"Morganza_all/005614@29.5571502621159,-90.608631451667.jpg",1,111,234,276,164,387,398
"Morganza_all/005615@29.5571606341617,-90.6092293367268.jpg",3,253,238,307,133,560,371
"Morganza_all/005616@29.5569066843472,-90.6092958087326.jpg",1,247,253,299,131,546,384
"Morganza_all/005617@29.5567974448955,-90.6087067237848.jpg",1,135,239,219,154,354,393
"Morganza_all/005618@29.5566949313814,-90.6093296730052.jpg",1,258,232,288,150,546,382
"Morganza_all/005619@29.5565926698381,-90.6087243718556.jpg",1,133,242,301,148,434,390
"Morganza_all/005620@29.5562963621486,-90.6087992345497.jpg",1,56,265,341,142,397,407
"Morganza_all/005621@29.5563702655055,-90.6093885719923.jpg",1,255,240,260,142,515,382
"Morganza_all/005622@29.5560384261989,-90.6094233036034.jpg",1,240,243,292,133,532,376
"Morganza_all/005623@29.5560281444044,-90.6088415914257.jpg",3,46,252,387,138,433,390
"Morganza_all/005624@29.5558053823245,-90.6094411228803.jpg",3,139,246,387,136,526,382
"Morganza_all/005625@29.5557317026082,-90.6088922041152.jpg",1,82,247,353,149,435,396
"Morganza_all/005626@29.555558293637,-90.6094752417812.jpg",2,0,255,427,145,427,400
"Morganza_all/005627@29.5554564176957,-90.6089346116033.jpg",2,212,254,429,161,641,415
"Morganza_all/005628@29.5549544861039,-90.6088735741365.jpg",1,57,238,409,141,466,379
"Morganza_all/005629@29.5545386544404,-90.610331041316.jpg",6,153,212,260,261,413,473
"Morganza_all/005630@29.5539337741901,-90.6108202131062.jpg",3,69,291,320,96,389,387
"Morganza_all/005632@29.5542139569518,-90.6116666222115.jpg",6,331,292,93,92,424,384
"Morganza_all/005633@29.5596177999907,-90.6124745976729.jpg",6,253,266,192,157,445,423
"Morganza_all/005634@29.5573364082225,-90.6118714751085.jpg",6,32,301,325,252,357,553
"Morganza_all/005635@29.557318703573,-90.611552759303.jpg",6,210,314,215,159,425,473
"Morganza_all/005636@29.5567942169074,-90.6117751695657.jpg",6,250,222,124,162,374,384
"Morganza_all/005637@29.5538374584011,-90.6129261376492.jpg",3,178,270,280,83,458,353
"Morganza_all/005638@29.5537766475375,-90.6134549736251.jpg",1,246,284,194,100,440,384
"Morganza_all/005639@29.5537627993753,-90.6138376903448.jpg",1,197,281,282,111,479,392
"Morganza_all/005641@29.5537998681612,-90.6147848935015.jpg",3,182,279,187,89,369,368
"Morganza_all/005642@29.5537895365341,-90.6158053118087.jpg",3,247,289,136,110,383,399
"Morganza_all/005644@29.5540518953058,-90.6171699760307.jpg",6,109,229,343,241,452,470
"Morganza_all/005645@29.5545957969235,-90.6175851618716.jpg",6,0,257,257,180,257,437
"Morganza_all/005646@29.5552313331202,-90.6187376109421.jpg",6,140,293,113,140,253,433
"Morganza_all/005647@29.5540765189476,-90.6187640902072.jpg",6,184,279,130,103,314,382
"Morganza_all/005648@29.5541749342208,-90.6192826677094.jpg",6,197,295,200,167,397,462
"Morganza_all/005649@29.5540657098976,-90.619702517737.jpg",6,157,229,301,139,458,368
"Morganza_all/005650@29.5542448973235,-90.6204300573016.jpg",3,145,244,333,122,478,366
"Morganza_all/005651@29.5553787818822,-90.6194836260585.jpg",6,190,266,251,143,441,409
"Morganza_all/005652@29.5557716983916,-90.6199636601643.jpg",6,181,240,235,164,416,404
"Morganza_all/005654@29.5545276900086,-90.6211659841922.jpg",6,183,289,261,120,444,409
"Morganza_all/005656@29.554725509961,-90.6223944685144.jpg",5,221,270,146,92,367,362
"Morganza_all/005657@29.5550916541329,-90.6223462953125.jpg",6,262,283,143,98,405,381
"Morganza_all/005658@29.5564514628864,-90.6219266849555.jpg",6,228,267,158,102,386,369
"Morganza_all/005661@29.5559115488051,-90.6246957684665.jpg",6,208,266,240,96,448,362
"Morganza_all/005662@29.5566399011725,-90.6246086495765.jpg",6,197,229,294,133,491,362
"Morganza_all/005663@29.5604158788074,-90.6036209846695.jpg",1,112,311,233,105,345,416
"Morganza_all/005664@29.559756119025,-90.6038801604216.jpg",1,83,300,401,116,484,416
"Morganza_all/005665@29.5585562100693,-90.6042876688206.jpg",3,21,303,376,119,397,422
"Morganza_all/005666@29.5573984107626,-90.6047017180363.jpg",1,161,303,213,108,374,411
"Morganza_all/005667@29.5570749533317,-90.604903453342.jpg",3,104,307,309,81,413,388
"Morganza_all/005668@29.5565224154515,-90.6049899724874.jpg",3,225,314,167,82,392,396
"Morganza_all/005670@29.5563450480591,-90.6055206494861.jpg",6,302,266,148,98,450,364
"Morganza_all/005671@29.5558619654908,-90.6051253981538.jpg",1,169,267,278,149,447,416
"Morganza_all/005672@29.5553638119889,-90.6052596425833.jpg",1,174,291,360,143,534,434
"Morganza_all/005673@29.5551666104158,-90.6054673428581.jpg",1,170,292,288,105,458,397
"Morganza_all/005674@29.554943732964,-90.6053795735724.jpg",1,175,254,258,186,433,440
"Morganza_all/005675@29.5547456637493,-90.6054360233844.jpg",1,86,247,256,200,342,447
"Morganza_all/005676@29.5544761803182,-90.605616726069.jpg",1,203,290,350,123,553,413
"Morganza_all/005677@29.5541756483515,-90.6056189090191.jpg",1,173,263,288,187,461,450
"Morganza_all/005678@29.5540017546645,-90.6056957836509.jpg",3,118,257,392,151,510,408
"Morganza_all/005679@29.5540398934686,-90.6060667707772.jpg",5,250,244,213,153,463,397
"Morganza_all/005680@29.5541902219755,-90.6060794242421.jpg",1,206,284,156,115,362,399
"Morganza_all/005681@29.5543103312739,-90.6060579195379.jpg",1,249,295,107,104,356,399
"Morganza_all/005682@29.5541687051456,-90.6065333133182.jpg",2,6,228,635,209,641,437
"Morganza_all/005683@29.5541943397373,-90.6068218608109.jpg",1,181,219,303,182,484,401
"Morganza_all/005684@29.5542561663316,-90.6071308103706.jpg",1,87,259,459,125,546,384
"Morganza_all/005685@29.5545930912041,-90.60610398935.jpg",1,176,210,386,241,562,451
"Morganza_all/005686@29.5553246406191,-90.6057824212203.jpg",5,252,287,200,108,452,395
"Morganza_all/005687@29.5555289719918,-90.6057740806276.jpg",3,150,280,281,121,431,401
"Morganza_all/005688@29.5558117700763,-90.605827006667.jpg",1,131,274,346,135,477,409
"Morganza_all/005691@29.5543313687882,-90.6086195405407.jpg",5,141,270,277,103,418,373
"Morganza_all/005693@29.5547718286869,-90.6077840864782.jpg",1,41,242,319,131,360,373
"Morganza_all/005694@29.5549234921425,-90.6083809034369.jpg",1,72,239,319,138,391,377
"Morganza_all/005695@29.5550825831574,-90.6077656692784.jpg",1,87,281,277,114,364,395
"Morganza_all/005696@29.5553226490174,-90.6077396805527.jpg",1,89,233,385,148,474,381
"Morganza_all/005697@29.5555978889642,-90.6076892182223.jpg",3,1,243,419,134,420,377
"Morganza_all/005698@29.5553966018541,-90.6083370945374.jpg",2,258,243,383,158,641,401
"Morganza_all/005699@29.5556857974295,-90.6082541992212.jpg",2,192,273,362,110,554,383
"Morganza_all/005700@29.5559257911645,-90.6082201286147.jpg",2,0,263,482,124,482,387
"Morganza_all/005701@29.5562505012422,-90.6081693092227.jpg",1,125,264,348,129,473,393
"Morganza_all/005702@29.556162458132,-90.607580075775.jpg",1,79,255,368,122,447,377
"Morganza_all/005703@29.5564378768908,-90.6075619136715.jpg",1,140,216,339,190,479,406
"Morganza_all/005704@29.5567940483179,-90.6080926549119.jpg",1,143,270,337,131,480,401
"Morganza_all/005705@29.5569389139954,-90.6074613134119.jpg",3,117,248,352,122,469,370
"Morganza_all/005706@29.5574012442954,-90.6080236224939.jpg",5,237,284,246,112,483,396
"Morganza_all/005707@29.558054213739,-90.60729162363.jpg",1,170,229,276,145,446,374
"Morganza_all/005708@29.5581562754298,-90.6078645992514.jpg",3,102,258,373,124,475,382
"Morganza_all/005709@29.5586188721224,-90.607198642888.jpg",3,113,226,328,142,441,368
"Morganza_all/005710@29.5588658433067,-90.6071483823202.jpg",1,137,230,309,135,446,365
"Morganza_all/005711@29.5590846182206,-90.6071064095777.jpg",1,156,232,349,141,505,373
"Morganza_all/005712@29.5588340256295,-90.6077788862379.jpg",1,114,239,487,154,601,393
"Morganza_all/005713@29.5589561691339,-90.6081497242807.jpg",1,227,225,280,131,507,356
"Morganza_all/005714@29.5589880574178,-90.6088040186613.jpg",1,170,235,332,139,502,374
"Morganza_all/005715@29.5590675100581,-90.6091185813964.jpg",3,154,236,391,135,545,371
"Morganza_all/005716@29.5601457918299,-90.6325639861462.jpg",6,187,277,260,146,447,423
"Morganza_all/005717@29.5723129739583,-90.6200411500471.jpg",6,207,231,278,202,485,433
"Morganza_all/005718@29.5605356476952,-90.6339734354477.jpg",6,139,197,209,155,348,352
"Morganza_all/005719@29.5605956903193,-90.6347747577164.jpg",6,15,227,365,137,380,364
"Morganza_all/005720@29.5612830594938,-90.635216400116.jpg",6,0,326,329,155,329,481
"Morganza_all/005721@29.5615175612264,-90.6358798755031.jpg",6,135,331,184,151,319,482
"Morganza_all/005722@29.5626244197642,-90.6358175005419.jpg",6,109,261,221,192,330,453
"Morganza_all/005723@29.5630442506173,-90.6353772560434.jpg",6,156,244,222,174,378,418
"Morganza_all/005724@29.5636482189042,-90.6351179135903.jpg",6,168,254,116,130,284,384
"Morganza_all/005725@29.563949876968,-90.6349244989711.jpg",6,123,183,169,180,292,363
"Morganza_all/005726@29.5642587047044,-90.634585236672.jpg",6,167,230,287,167,454,397
"Morganza_all/005727@29.5646963479912,-90.6345001790224.jpg",6,115,152,210,164,325,316
"Morganza_all/005728@29.56185680904,-90.6367612677381.jpg",6,173,277,161,132,334,409
"Morganza_all/005729@29.5622989061874,-90.637514401888.jpg",6,214,276,227,186,441,462
"Morganza_all/005730@29.5626753725216,-90.637912681713.jpg",6,193,300,188,143,381,443
"Morganza_all/005731@29.5634052807963,-90.6388642643293.jpg",6,223,302,122,135,345,437
"Morganza_all/005732@29.5644672199167,-90.6408522579726.jpg",6,142,314,153,119,295,433
"Morganza_all/005733@29.5649110327519,-90.64043007359.jpg",6,98,163,237,139,335,302
"Morganza_all/005734@29.5651442842849,-90.6408566998397.jpg",6,97,162,374,211,471,373
"Morganza_all/005735@29.5655991527974,-90.6410175354558.jpg",6,95,154,272,178,367,332
"Morganza_all/005736@29.5658089222641,-90.6400138649769.jpg",6,59,149,379,185,438,334
"Morganza_all/005737@29.5720468269212,-90.6507234379268.jpg",1,116,304,226,89,342,393
"Morganza_all/005738@29.5722973235349,-90.6508823871811.jpg",1,119,297,224,86,343,383
"Morganza_all/005739@29.573197986012,-90.6515367501568.jpg",1,157,261,238,82,395,343
"Morganza_all/005740@29.5737298167556,-90.6517830365612.jpg",6,259,222,185,134,444,356
"Morganza_all/005741@29.5740508408319,-90.6520039881483.jpg",1,189,285,225,83,414,368
"Morganza_all/005742@29.5760584356343,-90.652472319251.jpg",6,137,248,237,194,374,442
"Morganza_all/005743@29.5765447591921,-90.6529688402328.jpg",6,250,207,211,168,461,375
"Morganza_all/005744@29.5771288369917,-90.6527595677131.jpg",6,5,260,221,168,226,428
"Morganza_all/005745@29.577390891362,-90.6536414573118.jpg",6,135,235,146,168,281,403
"Morganza_all/005746@29.5783716795247,-90.6547058875273.jpg",6,84,264,108,110,192,374
"Morganza_all/005747@29.5787714051033,-90.6550602197471.jpg",6,127,196,226,144,353,340
"Morganza_all/005748@29.5792179136988,-90.6554053034463.jpg",6,44,205,272,174,316,379
"Morganza_all/005749@29.579618218338,-90.6558667285429.jpg",6,0,228,369,222,369,450
"Morganza_all/005750@29.579994474789,-90.6562033903576.jpg",6,15,232,337,261,352,493
"Morganza_all/005751@29.580284372518,-90.6564424183752.jpg",6,178,221,176,172,354,393
"Morganza_all/005752@29.5807312920952,-90.6568678612635.jpg",6,174,168,266,213,440,381
"Morganza_all/005753@29.5811932770574,-90.6571860820943.jpg",6,206,202,186,143,392,345
"Morganza_all/005754@29.584571413149,-90.656898839268.jpg",1,166,239,239,133,405,372
"Morganza_all/005755@29.584699441284,-90.6567423638277.jpg",5,203,256,176,96,379,352
"Morganza_all/005756@29.5848562223116,-90.6566102969818.jpg",5,225,267,169,117,394,384
"Morganza_all/005757@29.5849984077894,-90.6564209730666.jpg",1,161,253,342,120,503,373
"Morganza_all/005758@29.5853547103372,-90.6561155844644.jpg",3,173,255,356,117,529,372
"Morganza_all/005759@29.5854969373651,-90.6559344387891.jpg",3,151,249,383,109,534,358
"Morganza_all/005760@29.5856824706381,-90.6558267471366.jpg",3,163,246,369,125,532,371
"Morganza_all/005761@29.5858032208322,-90.6556457457762.jpg",3,160,221,389,151,549,372
"Morganza_all/005762@29.5875056477948,-90.655429497692.jpg",6,137,201,228,136,365,337
"Morganza_all/005763@29.5860062966993,-90.6561602913585.jpg",3,91,270,459,131,550,401
"Morganza_all/005764@29.5861793917053,-90.6564129911807.jpg",1,62,251,566,137,628,388
"Morganza_all/005765@29.5863159643657,-90.6565267172863.jpg",3,112,262,412,128,524,390
"Morganza_all/005766@29.586488424756,-90.6566565931903.jpg",3,50,253,403,134,453,387
"Morganza_all/005767@29.5866467694485,-90.6568274976751.jpg",3,0,221,480,175,480,396
"Morganza_all/005768@29.5868407058117,-90.6569571980263.jpg",2,0,248,461,140,461,388
"Morganza_all/005769@29.5869988811779,-90.6570953520953.jpg",2,51,268,386,132,437,400
"Morganza_all/005770@29.5871787017311,-90.6572661131723.jpg",3,101,268,439,142,540,410
"Morganza_all/005771@29.5873079129543,-90.6573389582036.jpg",3,122,276,291,130,413,406
"Morganza_all/005772@29.5875450128477,-90.6575093337277.jpg",3,107,248,387,131,494,379
"Morganza_all/005773@29.5877175142566,-90.6576473615223.jpg",1,79,263,436,141,515,404
"Morganza_all/005774@29.5879111692265,-90.6577279530768.jpg",1,40,252,460,163,500,415
"Morganza_all/005775@29.5880830798287,-90.6577513660157.jpg",3,12,194,405,202,417,396
"Morganza_all/005776@29.5883408265143,-90.6577660196427.jpg",3,51,174,362,239,413,413
"Morganza_all/005777@29.5885622909752,-90.6576826271862.jpg",2,0,254,513,146,513,400
"Morganza_all/005778@29.5887549604872,-90.6575666754361.jpg",3,92,235,310,153,402,388
"Morganza_all/005779@29.5891340086713,-90.6575067916396.jpg",2,0,251,358,150,358,401
"Morganza_all/005780@29.5891222559365,-90.6580064142303.jpg",1,106,284,428,101,534,385
"Morganza_all/005781@29.5888864498503,-90.6580817226835.jpg",3,228,283,194,121,422,404
"Morganza_all/005782@29.5887292034767,-90.6581237165105.jpg",5,252,274,222,122,474,396
"Morganza_all/005783@29.5883143096561,-90.658175658972.jpg",1,98,244,451,183,549,427
"Morganza_all/005784@29.5880566895574,-90.65818557604.jpg",1,244,270,397,131,641,401
"Morganza_all/005785@29.5878849055738,-90.6581867340651.jpg",3,74,270,356,126,430,396
"Morganza_all/005786@29.5876699432929,-90.6581390696127.jpg",1,62,274,434,121,496,395
"Morganza_all/005787@29.5873039286635,-90.6579531696042.jpg",2,47,270,594,118,641,388
"Morganza_all/005788@29.5870453382577,-90.6577747581038.jpg",1,244,268,340,114,584,382
"Morganza_all/005789@29.5869084437382,-90.6576037067272.jpg",3,40,218,461,174,501,392
"Morganza_all/005790@29.586635595736,-90.6574335733129.jpg",3,131,254,361,128,492,382
"Morganza_all/005791@29.586477393226,-90.6572954193965.jpg",3,106,273,337,103,443,376
"Morganza_all/005792@29.5862474701923,-90.6571249977373.jpg",5,248,278,177,104,425,382
"Morganza_all/005793@29.5860961065549,-90.656921293983.jpg",1,91,273,431,115,522,388
"Morganza_all/005794@29.5859234351931,-90.6567504870723.jpg",1,129,274,380,126,509,400
"Morganza_all/005795@29.5857285113138,-90.6564242187458.jpg",2,139,211,502,189,641,400
"Morganza_all/005796@29.5855646803376,-90.6565809381242.jpg",1,164,265,334,119,498,384
"Morganza_all/005797@29.5853159849418,-90.6569347427836.jpg",1,51,226,516,187,567,413
"Morganza_all/005799@29.5857541712743,-90.6572347966322.jpg",2,0,225,433,178,433,403
"Morganza_all/005800@29.5860988095205,-90.657445376065.jpg",1,270,284,143,87,413,371
"Morganza_all/005801@29.5863148549204,-90.6576977885844.jpg",1,4,238,406,152,410,390
"Morganza_all/005802@29.5866812220265,-90.6579573687703.jpg",5,231,280,158,110,389,390
"Morganza_all/005803@29.5868756634648,-90.6581853571759.jpg",5,34,222,410,175,444,397
"Morganza_all/005804@29.5870480799297,-90.6583070251881.jpg",1,29,260,423,161,452,421
"Morganza_all/005805@29.5872132770258,-90.658420561958.jpg",5,235,290,171,119,406,409
"Morganza_all/005806@29.5874144037205,-90.6585584294608.jpg",5,3,289,390,120,393,409
"Morganza_all/005807@29.5878158559895,-90.6586785559299.jpg",2,0,261,424,149,424,410
"Morganza_all/005808@29.5880375739492,-90.6586443094106.jpg",2,0,281,391,129,391,410
"Morganza_all/005809@29.588216591937,-90.6586594956815.jpg",5,269,318,142,92,411,410
"Morganza_all/005810@29.5884311602438,-90.6586252971489.jpg",5,234,290,147,103,381,393
"Morganza_all/005811@29.5886957612954,-90.6585825494966.jpg",5,274,303,145,109,419,412
"Morganza_all/005812@29.5888459002739,-90.6585487847352.jpg",5,189,306,291,117,480,423
"Morganza_all/005813@29.5890244123598,-90.6584656830249.jpg",5,166,303,244,123,410,426
"Morganza_all/005814@29.5894677637558,-90.6583807961837.jpg",2,108,270,533,149,641,419
"Morganza_all/005815@29.589541365832,-90.6587734046224.jpg",2,161,191,480,204,641,395
"Morganza_all/005816@29.5893629799645,-90.6588810782798.jpg",2,189,211,452,188,641,399
"Morganza_all/005817@29.5891342387049,-90.6589399448843.jpg",4,203,277,137,98,340,375
"Morganza_all/005818@29.5889412309076,-90.6589903587083.jpg",4,171,270,168,162,339,432
"Morganza_all/005819@29.5887696996875,-90.6590406592058.jpg",2,272,207,369,168,641,375
"Morganza_all/005820@29.5885695844345,-90.6590993323837.jpg",2,256,206,385,191,641,397
"Morganza_all/005821@29.5883265437805,-90.6591582942789.jpg",2,277,221,364,175,641,396
"Morganza_all/005822@29.5881333254178,-90.6591677753077.jpg",1,209,263,432,126,641,389
"Morganza_all/005823@29.5876604630904,-90.6590808801174.jpg",2,273,243,368,137,641,380
"Morganza_all/005824@29.5874528192281,-90.6590659173602.jpg",2,270,234,371,156,641,390
"Morganza_all/005825@29.5872519879338,-90.6589853719123.jpg",1,204,265,437,108,641,373
"Morganza_all/005826@29.5870364507269,-90.6588312402366.jpg",1,247,276,385,95,632,371
"Morganza_all/005827@29.5868784878156,-90.6587340148282.jpg",2,217,250,424,138,641,388
"Morganza_all/005828@29.5866918989111,-90.65863701403.jpg",1,199,256,363,117,562,373
"Morganza_all/005829@29.5865048186174,-90.658449908286.jpg",2,341,251,300,132,641,383
"Morganza_all/005830@29.5863683320195,-90.6583525707182.jpg",1,139,218,407,179,546,397
"Morganza_all/005831@29.5861741437991,-90.6581736942484.jpg",2,291,251,350,150,641,401
"Morganza_all/005832@29.5860017272067,-90.6580520275274.jpg",4,262,292,249,114,511,406
"Morganza_all/005833@29.5858504916088,-90.6578728940755.jpg",5,210,268,157,111,367,379
"Morganza_all/005834@29.5856923170573,-90.6577347403626.jpg",2,243,211,398,173,641,384
"Morganza_all/005835@29.5855270073773,-90.6576048153972.jpg",2,212,268,429,119,641,387
"Morganza_all/005836@29.5853904779804,-90.6574993000548.jpg",3,155,278,374,104,529,382
"Morganza_all/005837@29.5851893501616,-90.6573614374649.jpg",1,183,223,423,158,606,381
"Morganza_all/005838@29.5850311750685,-90.6572232854717.jpg",1,32,257,490,120,522,377
"Morganza_all/005839@29.5861527638301,-90.6595823783301.jpg",6,316,248,208,128,524,376
"Morganza_all/005840@29.5870561660839,-90.6598793180367.jpg",3,184,202,362,169,546,371
"Morganza_all/005841@29.5869501152211,-90.660133903214.jpg",1,182,217,313,132,495,349
"Morganza_all/005842@29.5870802496872,-90.6603869008912.jpg",3,186,238,279,122,465,360
"Morganza_all/005843@29.587323963354,-90.6604589491265.jpg",1,139,226,350,128,489,354
"Morganza_all/005844@29.5875234487061,-90.66027745277.jpg",1,155,203,336,151,491,354
"Morganza_all/005845@29.5876866954893,-90.6600061210769.jpg",1,0,236,471,171,471,407
"Morganza_all/005846@29.5878513443569,-90.6600131945051.jpg",1,114,255,494,141,608,396
"Morganza_all/005847@29.5880877678824,-90.6600525384091.jpg",1,120,218,377,166,497,384
"Morganza_all/005848@29.5882667015279,-90.6600513355179.jpg",1,157,221,381,152,538,373
"Morganza_all/005849@29.5874120557679,-90.6594920406541.jpg",3,153,227,280,124,433,351
"Morganza_all/005850@29.5875911997878,-90.6595317685165.jpg",1,101,230,411,149,512,379
"Morganza_all/005851@29.5877847127862,-90.6595796116746.jpg",3,160,234,370,158,530,392
"Morganza_all/005852@29.5879853332146,-90.6596191953724.jpg",3,0,227,494,177,494,404
"Morganza_all/005853@29.5882000005487,-90.6596095709421.jpg",1,186,257,357,164,543,421
"Morganza_all/005854@29.5883576535567,-90.6596412634857.jpg",1,48,260,420,138,468,398
"Morganza_all/005855@29.5886747975237,-90.6600731648019.jpg",1,179,249,348,122,527,371
"Morganza_all/005856@29.5889031608468,-90.6599406166518.jpg",1,120,198,423,192,543,390
"Morganza_all/005857@29.5891034867289,-90.6599228773251.jpg",1,247,187,267,179,514,366
"Morganza_all/005858@29.5893034340982,-90.6598314532297.jpg",2,226,248,415,139,641,387
"Morganza_all/005859@29.5889292621296,-90.6594490478694.jpg",1,5,278,612,120,617,398
"Morganza_all/005861@29.5894749235929,-90.6597729736074.jpg",1,233,254,408,125,641,379
"Morganza_all/005862@29.5896891976459,-90.6596814525065.jpg",1,203,251,353,133,556,384
"Morganza_all/005863@29.589636779991,-90.6592313737859.jpg",3,159,245,369,146,528,391
"Morganza_all/005864@29.5895917009081,-90.6574299841756.jpg",3,69,214,312,166,381,380
"Morganza_all/005865@29.5896574809373,-90.6576915997118.jpg",2,0,237,313,165,313,402
"Morganza_all/005866@29.5897662281158,-90.6579611378158.jpg",3,8,244,359,151,367,395
"Morganza_all/005867@29.5898462219655,-90.6582062658224.jpg",3,160,220,368,200,528,420
"Morganza_all/005868@29.5899273535728,-90.6586725440625.jpg",1,296,210,291,163,587,373
"Morganza_all/005869@29.5899786358507,-90.6589015052962.jpg",5,276,326,295,88,571,414
"Morganza_all/005870@29.5904917964478,-90.658472187603.jpg",5,185,234,239,185,424,419
"Morganza_all/005871@29.5902513926461,-90.657654839332.jpg",1,135,247,429,112,564,359
"Morganza_all/005872@29.5907734869188,-90.6575776286036.jpg",3,221,240,363,115,584,355
"Morganza_all/005873@29.5910000554399,-90.6584851239278.jpg",6,167,285,190,102,357,387
"Morganza_all/005874@29.5914499240807,-90.6582773558869.jpg",6,217,273,244,117,461,390
"Morganza_all/005875@29.5912591150056,-90.6573614034825.jpg",2,1,232,617,128,618,360
"Morganza_all/005876@29.5919933116807,-90.658159037509.jpg",5,234,259,193,122,427,381
"Morganza_all/005878@29.5925076660331,-90.6579672240077.jpg",1,78,280,372,142,450,422
"Morganza_all/005879@29.5923601877317,-90.6571246594042.jpg",1,130,266,382,81,512,347
"Morganza_all/005880@29.5853067538847,-90.6619062303937.jpg",1,164,281,280,91,444,372
"Morganza_all/005881@29.5856337830462,-90.6621701770092.jpg",1,175,287,186,92,361,379
"Morganza_all/005882@29.585875139042,-90.6625716231736.jpg",5,168,259,309,176,477,435
"Morganza_all/005884@29.5864695402821,-90.6631303803614.jpg",6,147,258,315,183,462,441
"Morganza_all/005886@29.586872316076,-90.6639033643666.jpg",1,198,299,208,89,406,388
"Morganza_all/005887@29.5871467685575,-90.6642817566323.jpg",6,228,271,242,125,470,396
"Morganza_all/005888@29.5873352570248,-90.6647519668971.jpg",3,170,294,182,85,352,379
"Morganza_all/005889@29.5879596759274,-90.6659797933336.jpg",3,148,273,270,97,418,370
"Morganza_all/005890@29.5881876720039,-90.6663737013777.jpg",1,134,293,232,85,366,378
"Morganza_all/005891@29.5884687445204,-90.6667520612741.jpg",1,80,276,273,97,353,373
"Morganza_all/005892@29.5886901886359,-90.6671612762866.jpg",3,136,265,192,111,328,376
"Morganza_all/005893@29.5888452554102,-90.6675937137215.jpg",3,18,268,363,114,381,382
"Morganza_all/005894@29.5889731121006,-90.6679046647915.jpg",1,214,284,259,96,473,380
"Morganza_all/005895@29.5893999165164,-90.6681832061945.jpg",3,170,252,401,148,571,400
"Morganza_all/005896@29.5891982853202,-90.6677434607928.jpg",1,67,284,381,115,448,399
"Morganza_all/005897@29.5893707282449,-90.6676662677482.jpg",1,105,262,383,140,488,402
"Morganza_all/005898@29.5895454211082,-90.6680377282256.jpg",5,206,242,377,211,583,453
"Morganza_all/005899@29.5896912841535,-90.6679683261747.jpg",1,172,261,391,137,563,398
"Morganza_all/005900@29.5894898454062,-90.6675666179281.jpg",1,114,272,319,133,433,405
"Morganza_all/005901@29.5896755314036,-90.6674817221445.jpg",1,106,270,338,125,444,395
"Morganza_all/005902@29.589856840973,-90.6678455567534.jpg",1,123,256,400,151,523,407
"Morganza_all/005903@29.5899893834156,-90.6677686285411.jpg",1,204,262,400,148,604,410
"Morganza_all/005904@29.5839021257941,-90.6601894384369.jpg",6,190,285,261,106,451,391
"Morganza_all/005905@29.5842429750919,-90.6605521358723.jpg",6,236,264,282,182,518,446
"Morganza_all/005906@29.5845106657634,-90.6609077760839.jpg",5,181,286,166,144,347,430
"Morganza_all/005907@29.5847646055482,-90.6611722078681.jpg",6,155,265,239,138,394,403
"Morganza_all/005908@29.5851183834586,-90.661466426503.jpg",6,133,179,300,187,433,366
"Morganza_all/005909@29.5898279328047,-90.6673894331902.jpg",3,59,260,386,130,445,390
"Morganza_all/005910@29.5899603205789,-90.6672821116074.jpg",3,55,275,374,118,429,393
"Morganza_all/005911@29.5901418236753,-90.6676839536765.jpg",3,177,195,270,204,447,399
"Morganza_all/005912@29.5902941480496,-90.6675764681548.jpg",1,165,251,475,156,640,407
"Morganza_all/005913@29.5901261083959,-90.6672049299805.jpg",1,34,260,407,140,441,400
"Morganza_all/005914@29.5902718163964,-90.6671051019684.jpg",3,46,268,345,126,391,394
"Morganza_all/005915@29.5904533201936,-90.6675069764293.jpg",2,246,268,395,117,641,385
"Morganza_all/005916@29.5906055560556,-90.6673766796511.jpg",1,166,259,421,145,587,404
"Morganza_all/005918@29.5907313661868,-90.6672845665249.jpg",2,150,246,491,153,641,399
"Morganza_all/005919@29.5905101434842,-90.6669134125673.jpg",4,225,294,229,118,454,412
"Morganza_all/005920@29.5906891356734,-90.6668209450112.jpg",5,207,284,186,163,393,447
"Morganza_all/005921@29.5909040131201,-90.6672529927671.jpg",5,244,262,189,128,433,390
"Morganza_all/005922@29.5910228484188,-90.6670925230617.jpg",1,159,257,464,133,623,390
"Morganza_all/005923@29.5908414980519,-90.6667210715848.jpg",1,107,279,320,111,427,390
"Morganza_all/005924@29.5909873603952,-90.6666516667182.jpg",4,239,300,114,99,353,399
"Morganza_all/005925@29.5911886362794,-90.667015371765.jpg",1,95,231,461,160,556,391
"Morganza_all/005926@29.5908526525437,-90.6663027167966.jpg",1,172,267,347,145,519,412
"Morganza_all/005927@29.5906712613388,-90.6659236848619.jpg",1,97,185,317,198,414,383
"Morganza_all/005928@29.5907069065841,-90.6663949640328.jpg",1,153,262,384,147,537,409
"Morganza_all/005929@29.5905119739257,-90.6659703688079.jpg",1,119,255,380,141,499,396
"Morganza_all/005930@29.59055458318,-90.6665024517945.jpg",3,192,263,365,144,557,407
"Morganza_all/005931@29.5903798970604,-90.6661385729326.jpg",1,13,237,469,158,482,395
"Morganza_all/005932@29.5901940846216,-90.6661930472996.jpg",5,162,255,245,156,407,411
"Morganza_all/005933@29.5904154640926,-90.6665946228833.jpg",1,175,272,369,135,544,407
"Morganza_all/005934@29.5902631018087,-90.6666944960772.jpg",1,173,277,377,130,550,407
"Morganza_all/005935@29.5900615431043,-90.6662699777542.jpg",5,242,252,217,158,459,410
"Morganza_all/005936@29.589902449085,-90.6663546990214.jpg",1,150,247,357,165,507,412
"Morganza_all/005937@29.5901039688055,-90.6667716029013.jpg",1,95,269,384,130,479,399
"Morganza_all/005938@29.5899449131678,-90.6668639373347.jpg",3,70,276,426,129,496,405
"Morganza_all/005939@29.5897701007981,-90.6664696356818.jpg",1,149,253,475,127,624,380
"Morganza_all/005940@29.5896310204535,-90.6665694199974.jpg",1,197,251,379,132,576,383
"Morganza_all/005941@29.5898257690433,-90.6669635886263.jpg",1,59,278,406,120,465,398
"Morganza_all/005942@29.5896802157601,-90.6670938405657.jpg",1,96,259,453,145,549,404
"Morganza_all/005943@29.5894881458195,-90.6672320156592.jpg",3,71,254,502,140,573,394
"Morganza_all/005944@29.5892479139653,-90.6670434803774.jpg",1,178,249,379,136,557,385
"Morganza_all/005945@29.5892864340137,-90.6667770440309.jpg",1,70,243,433,139,503,382
"Morganza_all/005946@29.589445103054,-90.6666086970249.jpg",1,150,245,383,140,533,385
"Morganza_all/005947@29.5915314361031,-90.6677659633215.jpg",1,152,253,362,155,514,408
"Morganza_all/005948@29.591349817394,-90.6673413048885.jpg",1,149,254,358,165,507,419
"Morganza_all/005949@29.5912174022374,-90.6674486595277.jpg",5,260,278,215,129,475,407
"Morganza_all/005950@29.5913788911603,-90.6678354428086.jpg",1,58,267,414,139,472,406
"Morganza_all/005951@29.5912132460882,-90.6679354033207.jpg",1,79,263,430,130,509,393
"Morganza_all/005952@29.5910583073015,-90.6675333484374.jpg",1,162,269,393,107,555,376
"Morganza_all/005953@29.5909058671429,-90.6676180243061.jpg",1,156,265,382,123,538,388
"Morganza_all/005954@29.5910674328447,-90.6680200346828.jpg",1,91,276,378,114,469,390
"Morganza_all/005955@29.5909284670603,-90.6681426286824.jpg",1,99,274,385,110,484,384
"Morganza_all/005956@29.5907735179118,-90.6677329919113.jpg",3,137,279,423,119,560,398
"Morganza_all/005957@29.5906208458754,-90.6677720148244.jpg",1,159,276,351,113,510,389
"Morganza_all/005958@29.5907891815053,-90.6681967906204.jpg",1,25,263,436,127,461,390
"Morganza_all/005959@29.5906236243609,-90.6683195606041.jpg",3,146,260,389,137,535,397
"Morganza_all/005960@29.5905019327757,-90.667917318065.jpg",1,225,260,304,153,529,413
"Morganza_all/005961@29.5903227467729,-90.6679717451698.jpg",1,155,253,365,170,520,423
"Morganza_all/005962@29.5904578357304,-90.6683967093066.jpg",5,268,250,245,211,513,461
"Morganza_all/005963@29.5903254085948,-90.6684964474551.jpg",5,218,287,230,145,448,432
"Morganza_all/005964@29.5901969746331,-90.6680714395412.jpg",1,211,273,354,111,565,384
"Morganza_all/005965@29.5900513541244,-90.6681940766002.jpg",1,161,264,366,142,527,406
"Morganza_all/005966@29.5901599172696,-90.6686268301366.jpg",1,159,268,333,108,492,376
"Morganza_all/005967@29.5899054138716,-90.6682482821848.jpg",1,215,299,266,116,481,415
"Morganza_all/005968@29.5897396252799,-90.6683254304521.jpg",1,132,268,322,124,454,392
"Morganza_all/005969@29.5900140265384,-90.6686962631982.jpg",1,114,266,401,120,515,386
"Morganza_all/005970@29.5898883308726,-90.6688111527371.jpg",5,76,283,470,207,546,490
"Morganza_all/005971@29.5895876088692,-90.6684937625197.jpg",1,111,269,333,107,444,376
"Morganza_all/005972@29.5895022105608,-90.6686920456271.jpg",1,131,265,310,114,441,379
"Morganza_all/005973@29.5895367780346,-90.6689579969436.jpg",3,65,259,377,116,442,375
"Morganza_all/005974@29.5896307580749,-90.6691398616386.jpg",1,107,257,386,144,493,401
"Morganza_all/005975@29.589678171901,-90.6693144841751.jpg",3,92,339,271,112,363,451
"Morganza_all/005976@29.5898385772932,-90.6694883264547.jpg",1,200,266,371,120,571,386
"Morganza_all/005977@29.5900517798738,-90.6695857718901.jpg",1,149,275,284,108,433,383
"Morganza_all/005978@29.5902507875761,-90.6695084052885.jpg",3,170,280,345,128,515,408
"Morganza_all/005979@29.5903498155389,-90.6693784645752.jpg",1,219,273,409,123,628,396
"Morganza_all/005980@29.5905087574094,-90.6692633233117.jpg",1,164,270,463,143,627,413
"Morganza_all/005981@29.5906348661939,-90.669224478863.jpg",1,123,301,332,140,455,441
"Morganza_all/005982@29.5908337581193,-90.669124300569.jpg",1,283,294,290,95,573,389
"Morganza_all/005983@29.5909596080568,-90.6690398034334.jpg",1,323,287,311,116,634,403
"Morganza_all/005984@29.5911120107089,-90.6689475471297.jpg",3,250,279,352,115,602,394
"Morganza_all/005985@29.5912445041139,-90.6688553911757.jpg",4,187,305,268,116,455,421
"Morganza_all/005986@29.5913968680398,-90.6687555202906.jpg",4,206,317,185,102,391,419
"Morganza_all/005987@29.5915426542582,-90.6686708899034.jpg",2,248,262,390,124,638,386
"Morganza_all/005988@29.5916950950942,-90.668586215099.jpg",1,200,257,428,124,628,381
"Morganza_all/005989@29.5918208180555,-90.6684713230224.jpg",2,254,256,381,124,635,380
"Morganza_all/005990@29.5916527149718,-90.6680921952712.jpg",1,70,265,283,127,353,392
"Morganza_all/005991@29.5915335201606,-90.6681766185213.jpg",2,0,269,405,113,405,382
"Morganza_all/005992@29.59138778401,-90.6682764778777.jpg",2,0,259,389,127,389,386
"Morganza_all/005994@29.5910894140124,-90.6684229416103.jpg",4,299,306,108,104,407,410
"Morganza_all/005995@29.5909705275319,-90.6685682131125.jpg",2,0,270,405,128,405,398
"Morganza_all/005996@29.5908047773582,-90.6686529756638.jpg",2,0,260,375,119,375,379
"Morganza_all/005997@29.5906456818022,-90.6687376937742.jpg",1,3,254,411,119,414,373
"Morganza_all/005998@29.5904998569455,-90.6688147093361.jpg",5,272,288,178,102,450,390
"Morganza_all/005999@29.5903210173733,-90.6689375660551.jpg",2,0,254,455,136,455,390
"Morganza_all/006000@29.5899891311931,-90.6690310436288.jpg",1,114,273,433,124,547,397
"Morganza_all/006001@29.592008625334,-90.6688046981858.jpg",1,191,269,379,121,570,390
"Morganza_all/006002@29.5918497222989,-90.6689274245112.jpg",1,51,280,420,100,471,380
"Morganza_all/006003@29.5917038312556,-90.6689968268434.jpg",1,102,283,317,96,419,379
"Morganza_all/006004@29.5915780199246,-90.669088938713.jpg",3,200,277,318,105,518,382
"Morganza_all/006005@29.5914190010723,-90.6691888534023.jpg",1,127,277,378,111,505,388
"Morganza_all/006006@29.5912465847592,-90.6692660452216.jpg",1,72,274,360,110,432,384
"Morganza_all/006007@29.5911407592209,-90.6693732209144.jpg",3,150,265,324,112,474,377
"Morganza_all/006008@29.5909882793194,-90.6694502800448.jpg",4,265,292,90,87,355,379
"Morganza_all/006010@29.590670318068,-90.6696653347486.jpg",1,104,281,310,102,414,383
"Morganza_all/006011@29.5905510838621,-90.6697421727867.jpg",1,159,280,261,110,420,390
"Morganza_all/006012@29.5903986916824,-90.6698420415095.jpg",1,128,281,303,106,431,387
"Morganza_all/006013@29.5901997223116,-90.6699270215101.jpg",1,161,257,230,126,391,383
"Morganza_all/006014@29.5901143218369,-90.6701253046073.jpg",1,150,279,297,86,447,365
"Morganza_all/006015@29.5901158987072,-90.6704370986552.jpg",3,137,271,337,108,474,379
"Morganza_all/006016@29.5902233508149,-90.6706569161877.jpg",3,231,287,210,96,441,383
"Morganza_all/006017@29.5902907759328,-90.6708466050417.jpg",1,108,283,330,93,438,376
"Morganza_all/006020@29.5907569752752,-90.6710260427918.jpg",1,250,278,285,90,535,368
"Morganza_all/006021@29.5909159185909,-90.670910903675.jpg",1,267,279,357,114,624,393
"Morganza_all/006023@29.5912007514593,-90.6707189144411.jpg",1,217,284,330,106,547,390
"Morganza_all/006031@29.5923867887778,-90.6699809688065.jpg",1,189,272,383,113,572,385
"Morganza_all/006032@29.5923513875668,-90.6695553336579.jpg",1,92,228,363,153,455,381
"Morganza_all/006033@29.5922122938386,-90.6696475019773.jpg",1,76,287,337,98,413,385
"Morganza_all/006035@29.5919273966748,-90.6698319137638.jpg",4,313,289,87,82,400,371
"Morganza_all/006036@29.5917548260274,-90.6698786800672.jpg",3,41,268,369,124,410,392
"Morganza_all/006041@29.5910461564129,-90.670377704292.jpg",1,3,285,391,104,394,389
"Morganza_all/006044@29.5906422155885,-90.6706769558769.jpg",1,166,276,444,161,610,437
"Morganza_all/006045@29.5904410543668,-90.6703284732063.jpg",1,203,281,313,150,516,431
"Morganza_all/006046@29.5905865723486,-90.6701906110012.jpg",1,163,275,369,120,532,395
"Morganza_all/006047@29.5907390526869,-90.6701135533071.jpg",1,186,292,265,93,451,385
"Morganza_all/006048@29.5908647769898,-90.6699986642446.jpg",1,154,289,312,92,466,381
"Morganza_all/006049@29.5910305390625,-90.6699215180627.jpg",1,175,292,285,97,460,389
"Morganza_all/006050@29.5911763535336,-90.6698368895002.jpg",1,156,276,317,99,473,375
"Morganza_all/006051@29.5913420000556,-90.6697369321699.jpg",1,148,287,265,94,413,381
"Morganza_all/006052@29.5914612617546,-90.6696600933366.jpg",1,201,295,253,86,454,381
"Morganza_all/006053@29.5916003828338,-90.6695678940806.jpg",1,123,241,405,152,528,393
"Morganza_all/006054@29.5917527858549,-90.6694756379902.jpg",1,170,291,269,96,439,387
"Morganza_all/006055@29.5918652386497,-90.669368417814.jpg",3,199,276,319,103,518,379
"Morganza_all/006056@29.5920241420976,-90.6692456921693.jpg",1,160,284,283,98,443,382
"Morganza_all/006057@29.592170044184,-90.6691838727941.jpg",1,165,281,405,102,570,383
"Morganza_all/006058@29.5927072899709,-90.6702678467428.jpg",1,18,258,465,128,483,386
"Morganza_all/006059@29.5925149475112,-90.6703527839846.jpg",1,98,283,287,101,385,384
"Morganza_all/006060@29.592389211906,-90.6704600601991.jpg",1,8,283,469,99,477,382
"Morganza_all/006061@29.5922233836907,-90.6705296240797.jpg",3,23,276,442,105,465,381
"Morganza_all/006062@29.59207097993,-90.6706218789997.jpg",1,79,288,368,101,447,389
"Morganza_all/006063@29.5919651039808,-90.6707138572587.jpg",1,108,282,400,105,508,387
"Morganza_all/006064@29.5918058916657,-90.6707757308663.jpg",1,197,277,361,102,558,379
"Morganza_all/006065@29.5916735011973,-90.6708830812716.jpg",1,161,267,371,128,532,395
"Morganza_all/006066@29.5915345327381,-90.6710056720404.jpg",1,123,276,395,113,518,389
"Morganza_all/006067@29.5913687701886,-90.6710828482791.jpg",1,93,277,393,101,486,378
"Morganza_all/006068@29.5912163385364,-90.6711751017519.jpg",1,69,287,424,104,493,391
"Morganza_all/006069@29.5911039227106,-90.6712899332217.jpg",1,128,287,396,103,524,390
"Morganza_all/006070@29.5909115301915,-90.6713596389541.jpg",1,18,286,411,115,429,401
"Morganza_all/006071@29.5907923442145,-90.6714516718658.jpg",3,115,264,414,132,529,396
"Morganza_all/006072@29.590633361991,-90.671559196001.jpg",1,116,280,458,118,574,398
"Morganza_all/006075@29.5907615437534,-90.6719310065074.jpg",1,82,264,428,130,510,394
"Morganza_all/006076@29.5909272301317,-90.6718386355957.jpg",1,123,286,403,110,526,396
"Morganza_all/006077@29.5910795963314,-90.6717387695655.jpg",1,164,283,440,119,604,402
"Morganza_all/006078@29.5912585427225,-90.6716311133312.jpg",1,178,283,361,106,539,389
"Morganza_all/006079@29.5914176510799,-90.6715540135214.jpg",1,185,292,365,93,550,385
"Morganza_all/006080@29.5915766332958,-90.6714464885359.jpg",1,174,287,350,101,524,388
"Morganza_all/006081@29.5917356923128,-90.6713541913391.jpg",1,186,292,316,95,502,387
"Morganza_all/006082@29.5918615327333,-90.6712620819883.jpg",1,248,287,318,103,566,390
"Morganza_all/006083@29.5920073974764,-90.6711926830286.jpg",1,192,292,348,98,540,390
"Morganza_all/006084@29.592139711435,-90.6710701359465.jpg",3,208,276,338,111,546,387
"Morganza_all/006085@29.5923053863916,-90.6709701795126.jpg",1,194,294,331,109,525,403
"Morganza_all/006086@29.5924312759852,-90.6708932975727.jpg",1,213,287,323,95,536,382
"Morganza_all/006087@29.5925836797765,-90.6708010112705.jpg",1,239,285,370,97,609,382
"Morganza_all/006088@29.5927561244857,-90.6707238208812.jpg",1,205,286,317,105,522,391
"Morganza_all/006089@29.5928684629932,-90.6705937900432.jpg",1,199,264,412,125,611,389
"Morganza_all/006090@29.5930895984866,-90.6709497639981.jpg",1,147,269,391,124,538,393
"Morganza_all/006097@29.5920361771272,-90.6716259753514.jpg",1,6,277,341,105,347,382
"Morganza_all/006098@29.5918768878484,-90.6716726823273.jpg",1,92,268,304,102,396,370
"Morganza_all/006099@29.5917711645232,-90.6717950526426.jpg",1,79,279,346,103,425,382
"Morganza_all/006101@29.5914861875181,-90.671964229415.jpg",1,73,272,405,121,478,393
"Morganza_all/006102@29.5913205010538,-90.6720566006345.jpg",1,79,279,343,102,422,381
"Morganza_all/006103@29.5911816081296,-90.6721943859264.jpg",1,54,288,392,94,446,382
"Morganza_all/006104@29.5910155871835,-90.6722259075061.jpg",1,149,275,302,99,451,374
"Morganza_all/006106@29.5909116266024,-90.6726981112962.jpg",1,92,278,330,115,422,393
"Morganza_all/006107@29.5909791253173,-90.6729029993814.jpg",1,28,273,427,120,455,393
"Morganza_all/006108@29.5910399200082,-90.6730927348688.jpg",1,84,277,400,107,484,384
"Morganza_all/006110@29.5913337465496,-90.6733645660623.jpg",1,162,263,318,100,480,363
"Morganza_all/006111@29.5915195619621,-90.6733101043812.jpg",1,157,275,327,101,484,376
"Morganza_all/006112@29.5916785456178,-90.673202582074.jpg",1,140,281,414,110,554,391
"Morganza_all/006113@29.5918309893799,-90.6731179140525.jpg",1,117,279,439,116,556,395
"Morganza_all/006114@29.5919768060694,-90.6730333209307.jpg",1,122,279,422,105,544,384
"Morganza_all/006115@29.5921160062226,-90.6729563540751.jpg",1,164,274,420,107,584,381
"Morganza_all/006116@29.5922483983871,-90.6728490059362.jpg",1,137,267,433,120,570,387
"Morganza_all/006117@29.5924007269872,-90.6727415260096.jpg",1,135,275,391,123,526,398
"Morganza_all/006118@29.5925399653357,-90.6726721725493.jpg",1,178,283,389,101,567,384
"Morganza_all/006119@29.5926989484638,-90.6725646481339.jpg",1,176,279,268,116,444,395
"Morganza_all/006120@29.5928381099602,-90.6724800659226.jpg",1,131,276,375,117,506,393
"Morganza_all/006121@29.5930039118675,-90.6724105364896.jpg",1,101,284,367,111,468,395
"Morganza_all/006122@29.5931430732633,-90.6723259538066.jpg",1,186,290,297,103,483,393
"Morganza_all/006123@29.5933086723842,-90.6722107700788.jpg",1,88,276,323,111,411,387
"Morganza_all/006124@29.5934808603353,-90.6720879594788.jpg",1,76,282,348,105,424,387
"Morganza_all/006125@29.5933063323389,-90.671746871151.jpg",1,117,279,302,110,419,389
"Morganza_all/006126@29.5932003130131,-90.6718160384707.jpg",1,172,280,286,105,458,385
"Morganza_all/006127@29.5930347031673,-90.6719235769174.jpg",1,151,280,355,107,506,387
"Morganza_all/006128@29.5928755288523,-90.671993094878.jpg",1,102,269,365,112,467,381
"Morganza_all/006130@29.5926038993457,-90.6721697992164.jpg",1,198,287,283,101,481,388
"Morganza_all/006131@29.592451341179,-90.6722316584384.jpg",1,181,280,320,106,501,386
"Morganza_all/006132@29.5923324229842,-90.6723769275763.jpg",1,142,277,365,114,507,391
"Morganza_all/006133@29.5921866450996,-90.672469136054.jpg",1,183,281,315,114,498,395
"Morganza_all/006134@29.5920209199081,-90.6725538929969.jpg",1,148,296,324,99,472,395
"Morganza_all/006135@29.5918884514049,-90.672646044591.jpg",1,150,293,279,101,429,394
"Morganza_all/006136@29.5917559443136,-90.672730550411.jpg",1,172,283,310,118,482,401
"Morganza_all/006137@29.5915769096023,-90.6728153943366.jpg",3,64,256,455,152,519,408
"Morganza_all/006138@29.5914048850609,-90.672976240272.jpg",1,201,277,315,126,516,403
"Morganza_all/006139@29.5912975517739,-90.6727792282917.jpg",1,81,281,354,109,435,390
"Morganza_all/006140@29.591210231302,-90.6725972817879.jpg",3,192,270,428,139,620,409
"Morganza_all/006141@29.5914554617867,-90.6724587638451.jpg",1,278,288,342,107,620,395
"Morganza_all/006142@29.5916077900702,-90.6723512841759.jpg",1,258,290,260,90,518,380
"Morganza_all/006144@29.5918860361059,-90.6721669240779.jpg",1,213,244,403,159,616,403
"Morganza_all/006146@29.5923365847076,-90.671882564236.jpg",2,217,280,424,110,641,390
"Morganza_all/006147@29.5924822962611,-90.6717827408262.jpg",1,219,276,410,117,629,393
"Morganza_all/006149@29.592767283796,-90.6716211447165.jpg",2,276,269,365,130,641,399
"Morganza_all/006150@29.592919830898,-90.671551701496.jpg",2,222,268,419,130,641,398
"Morganza_all/006154@29.5911166019025,-90.6659207170583.jpg",1,235,271,327,102,562,373
"Morganza_all/006155@29.5912104427232,-90.6660798028117.jpg",3,183,277,283,87,466,364
"Morganza_all/006156@29.5913109267796,-90.6662312303225.jpg",3,164,278,314,103,478,381
"Morganza_all/006157@29.5913915239496,-90.6663979876997.jpg",1,131,262,370,127,501,389
"Morganza_all/006158@29.5918222783588,-90.6661441609472.jpg",1,62,246,460,138,522,384
"Morganza_all/006159@29.5917417582194,-90.6659925997208.jpg",1,65,269,348,116,413,385
"Morganza_all/006160@29.5916278759072,-90.6658184496201.jpg",1,93,268,393,99,486,367
"Morganza_all/006161@29.5915539437892,-90.6656592307193.jpg",1,65,259,356,125,421,384
"Morganza_all/006162@29.5914598813531,-90.6654621377146.jpg",1,116,253,308,123,424,376
"Morganza_all/006163@29.5913924872445,-90.6652800643081.jpg",1,96,255,261,124,357,379
"Morganza_all/006164@29.5913318250092,-90.6651131433451.jpg",1,27,253,471,133,498,386
"Morganza_all/006165@29.5912379556776,-90.6649540899512.jpg",1,53,256,385,128,438,384
"Morganza_all/006166@29.5911440471668,-90.6647873913749.jpg",1,92,261,397,135,489,396
"Morganza_all/006167@29.5910433674239,-90.6645979269788.jpg",1,164,265,291,114,455,379
"Morganza_all/006168@29.59096280681,-90.6644387856336.jpg",1,91,238,430,135,521,373
"Morganza_all/006169@29.5908821682912,-90.6642644165496.jpg",1,79,248,387,139,466,387
"Morganza_all/006170@29.5908149276608,-90.6641127380428.jpg",1,37,236,471,151,508,387
"Morganza_all/006171@29.5907014310964,-90.6640146371386.jpg",1,44,259,313,92,357,351
"Morganza_all/006173@29.590745240139,-90.6634820078203.jpg",1,133,274,298,87,431,361
"Morganza_all/006174@29.5909310125435,-90.663419914123.jpg",1,38,276,323,104,361,380
"Morganza_all/006175@29.591096759494,-90.6633351742671.jpg",1,106,273,324,116,430,389
"Morganza_all/006176@29.5912293380392,-90.6632658216937.jpg",3,4,262,447,129,451,391
"Morganza_all/006177@29.5916481764317,-90.663285830856.jpg",3,265,276,278,100,543,376
"Morganza_all/006178@29.5913638207611,-90.6635691161031.jpg",1,155,251,329,178,484,429
"Morganza_all/006180@29.5915584618997,-90.6639404750344.jpg",1,75,304,443,105,518,409
"Morganza_all/006181@29.5916323572389,-90.6640920786191.jpg",1,148,303,333,106,481,409
"Morganza_all/006182@29.5917462031484,-90.6642586441645.jpg",1,123,301,414,106,537,407
"Morganza_all/006183@29.5917870073267,-90.6644408636655.jpg",1,173,306,344,95,517,401
"Morganza_all/006184@29.5918742114301,-90.6645923790927.jpg",1,212,273,395,127,607,400
"Morganza_all/006185@29.5919482336658,-90.6647744086715.jpg",3,229,284,323,120,552,404
"Morganza_all/006186@29.5920420647168,-90.6649259118656.jpg",3,234,278,270,121,504,399
"Morganza_all/006187@29.592122691044,-90.6650926692262.jpg",3,228,274,412,136,640,410
"Morganza_all/006188@29.5922298808487,-90.6652592496534.jpg",1,212,283,328,121,540,404
"Morganza_all/006190@29.5924045419015,-90.6656231338865.jpg",1,219,283,386,124,605,407
"Morganza_all/006191@29.5924652697518,-90.6657976708814.jpg",1,242,277,345,114,587,391
"Morganza_all/006192@29.592572497417,-90.6659718667597.jpg",1,172,271,355,130,527,401
"Morganza_all/006193@29.592639851816,-90.6661463286452.jpg",3,252,284,334,120,586,404
"Morganza_all/006194@29.5928903752137,-90.6657415994071.jpg",1,175,254,194,141,369,395
"Morganza_all/006195@29.5927335650634,-90.666274991754.jpg",1,243,271,398,130,641,401
"Morganza_all/006196@29.5928011125399,-90.6664874933813.jpg",3,184,269,397,129,581,398
"Morganza_all/006197@29.5929083780045,-90.6666693047347.jpg",1,143,284,342,111,485,395
"Morganza_all/006198@29.5929822701856,-90.6668209123764.jpg",1,210,272,338,124,548,396
"Morganza_all/006199@29.5930761759463,-90.6669875844556.jpg",1,219,270,359,122,578,392
"Morganza_all/006202@29.5933048257393,-90.667510830172.jpg",3,167,275,368,117,535,392
"Morganza_all/006205@29.5935465622565,-90.6679959504999.jpg",1,225,285,296,143,521,428
"Morganza_all/006206@29.5936537098977,-90.6681549536569.jpg",1,178,278,352,120,530,398
"Morganza_all/006207@29.5936945747769,-90.6683447922462.jpg",3,203,271,430,122,633,393
"Morganza_all/006209@29.5938822392266,-90.6686553623743.jpg",2,179,259,462,143,641,402
"Morganza_all/006210@29.5939695651625,-90.6688373102955.jpg",1,178,268,357,120,535,388
"Morganza_all/006211@29.5940635840983,-90.6690268286319.jpg",1,117,259,469,120,586,379
"Morganza_all/006213@29.5939320271384,-90.6679857751316.jpg",2,10,289,366,101,376,390
"Morganza_all/006214@29.5940792792862,-90.6681901365718.jpg",3,112,298,314,86,426,384
"Morganza_all/006215@29.5941602486872,-90.6684253652589.jpg",1,79,293,407,105,486,398
"Morganza_all/006217@29.5946095703701,-90.6692133186472.jpg",1,153,252,288,117,441,369
"Morganza_all/006219@29.5942049006413,-90.6693681035702.jpg",1,225,268,400,102,625,370
"Morganza_all/006220@29.5943319831364,-90.6695269770943.jpg",1,260,276,319,111,579,387
"Morganza_all/006221@29.5943992448359,-90.6696786329167.jpg",1,198,273,443,128,641,401
"Morganza_all/006223@29.5945605842666,-90.6700426208902.jpg",1,137,277,263,126,400,403
"Morganza_all/006224@29.5948854318076,-90.6698731693.jpg",3,73,291,389,104,462,395
"Morganza_all/006225@29.5949859883559,-90.6700398033329.jpg",3,137,298,314,101,451,399
"Morganza_all/006226@29.5951134931579,-90.6702823420916.jpg",1,159,218,406,150,565,368
"Morganza_all/006227@29.5952271772,-90.670418463143.jpg",2,0,272,415,118,415,390
"Morganza_all/006230@29.5948090705632,-90.6705429377838.jpg",3,50,250,554,176,604,426
"Morganza_all/006231@29.5953278978371,-90.6706231386992.jpg",1,133,301,324,88,457,389
"Morganza_all/006232@29.5954284920671,-90.6707974200311.jpg",1,183,254,283,98,466,352
"Morganza_all/006235@29.5945045814727,-90.6707959177983.jpg",3,188,280,420,126,608,406
"Morganza_all/006236@29.5944303863093,-90.67058345369.jpg",1,196,281,392,126,588,407
"Morganza_all/006237@29.5943166254406,-90.6704321050124.jpg",1,101,279,261,89,362,368
"Morganza_all/006238@29.5942358025128,-90.6702196854537.jpg",1,23,268,437,115,460,383
"Morganza_all/006239@29.5941817353844,-90.6700451300806.jpg",1,128,270,392,123,520,393
"Morganza_all/006240@29.5940613852484,-90.6699014405345.jpg",1,81,265,485,131,566,396
"Morganza_all/006241@29.5939874580937,-90.6697422147507.jpg",3,152,268,426,117,578,385
"Morganza_all/006242@29.5939068760727,-90.6695830333077.jpg",1,168,242,397,156,565,398
"Morganza_all/006243@29.5938063078821,-90.6694087871249.jpg",1,140,260,359,125,499,385
"Morganza_all/006244@29.5937322260176,-90.6692191367099.jpg",1,112,260,417,127,529,387
"Morganza_all/006245@29.5936450933414,-90.66907522847.jpg",1,170,267,393,119,563,386
"Morganza_all/006246@29.5935710495817,-90.6688931928107.jpg",1,159,221,334,176,493,397
"Morganza_all/006247@29.5934704804735,-90.668718947905.jpg",3,152,272,375,119,527,391
"Morganza_all/006248@29.5933963590016,-90.6685216844461.jpg",1,128,273,396,117,524,390
"Morganza_all/006250@29.5932284876892,-90.6681882042462.jpg",1,171,243,282,161,453,404
"Morganza_all/006251@29.5930675015998,-90.6679002715433.jpg",1,179,259,455,136,634,395
"Morganza_all/006252@29.59300011088,-90.6677181935735.jpg",1,174,221,435,166,609,387
"Morganza_all/006253@29.5929327970791,-90.6675513126944.jpg",1,235,272,402,117,637,389
"Morganza_all/006254@29.5928255328377,-90.667369500352.jpg",3,219,275,377,128,596,403
"Morganza_all/006255@29.5927382435484,-90.6671951699289.jpg",1,178,279,349,123,527,402
"Morganza_all/006256@29.5926508767938,-90.667005643007.jpg",1,208,298,338,100,546,398
"Morganza_all/006257@29.5925634433981,-90.6668084710093.jpg",1,126,297,367,114,493,411
"Morganza_all/006258@29.5924961285985,-90.6666416229327.jpg",1,140,301,353,113,493,414
"Morganza_all/006259@29.5924023657567,-90.666497731375.jpg",1,195,298,367,106,562,404
"Morganza_all/006260@29.5923417937814,-90.666353650502.jpg",1,217,273,412,131,629,404
"Morganza_all/006261@29.5922212072863,-90.6661643148952.jpg",1,112,275,426,127,538,402
"Morganza_all/006262@29.5921471208857,-90.6659747013451.jpg",1,145,287,382,106,527,393
"Morganza_all/006263@29.5920666504228,-90.6658383366597.jpg",1,166,288,311,109,477,397
"Morganza_all/006264@29.5919860137677,-90.6656639645269.jpg",1,167,290,346,110,513,400
"Morganza_all/006265@29.5919053493819,-90.6654895928583.jpg",3,150,280,427,129,577,409
"Morganza_all/006266@29.5917980822785,-90.6653077845893.jpg",1,118,296,356,113,474,409
"Morganza_all/006267@29.5917506244729,-90.6651255776528.jpg",3,142,296,314,102,456,398
"Morganza_all/006268@29.591656910095,-90.6649969168824.jpg",3,256,284,311,112,567,396
"Morganza_all/006269@29.5915495648188,-90.6647999129584.jpg",1,100,275,449,118,549,393
"Morganza_all/006270@29.5914623107844,-90.6646331695746.jpg",1,183,287,323,108,506,395
"Morganza_all/006271@29.5914017254137,-90.664481476961.jpg",3,136,257,316,128,452,385
"Morganza_all/006272@29.5913078551555,-90.6643223925852.jpg",1,214,301,296,100,510,401
"Morganza_all/006273@29.5912136742748,-90.6641024907156.jpg",3,73,293,401,113,474,406
"Morganza_all/006274@29.5911198811445,-90.6639586035615.jpg",1,115,295,293,111,408,406
"Morganza_all/006275@29.5910656502965,-90.6637536324177.jpg",1,126,243,423,183,549,426
"Morganza_all/006276@29.5915329249299,-90.6667545093818.jpg",1,218,279,261,130,479,409
"Morganza_all/006278@29.5920775227161,-90.6666672211756.jpg",1,18,253,462,134,480,387
"Morganza_all/006279@29.5921516855258,-90.6668720632961.jpg",1,40,259,386,129,426,388
"Morganza_all/006281@29.5917949372487,-90.6673003046745.jpg",3,183,274,269,91,452,365
"Morganza_all/006282@29.59223205002,-90.6669932009086.jpg",1,142,259,329,139,471,398
"Morganza_all/006283@29.592319339579,-90.6671675302746.jpg",1,150,268,341,126,491,394
"Morganza_all/006284@29.5924067724353,-90.6673647021052.jpg",1,17,269,395,130,412,399
"Morganza_all/006289@29.5925547204851,-90.6677059250053.jpg",3,112,301,391,100,503,401
"Morganza_all/006292@29.5926683302317,-90.6678268743118.jpg",1,145,298,418,117,563,415
"Morganza_all/006293@29.5927556957992,-90.668016401983.jpg",1,89,284,363,114,452,398
"Morganza_all/006297@29.5929237606401,-90.6683879510918.jpg",1,43,287,384,111,427,398
"Morganza_all/006298@29.593017625961,-90.668547041845.jpg",1,86,281,331,119,417,400
"Morganza_all/006299@29.5925207110901,-90.6688621523778.jpg",1,168,274,260,89,428,363
"Morganza_all/006302@29.5931855460384,-90.6688957504754.jpg",1,30,276,403,121,433,397
"Morganza_all/006305@29.593252973699,-90.6690854437543.jpg",1,33,283,364,107,397,390
"Morganza_all/006306@29.5933402604737,-90.669259776721.jpg",1,34,277,343,118,377,395
"Morganza_all/006309@29.5934340092223,-90.6693960578364.jpg",1,98,273,337,122,435,395
"Morganza_all/006310@29.5935015130928,-90.6696009488563.jpg",1,68,295,329,91,397,386
"Morganza_all/006311@29.5935952998654,-90.6697448132526.jpg",1,129,287,301,106,430,393
"Morganza_all/006314@29.5936691115887,-90.669881227244.jpg",1,188,277,366,120,554,397
"Morganza_all/006315@29.5937498195109,-90.6700708026745.jpg",1,117,286,312,108,429,394
"Morganza_all/006318@29.5938504143205,-90.6702450492417.jpg",1,114,288,376,107,490,395
"Morganza_all/006319@29.5939244562026,-90.6704270864082.jpg",1,84,253,379,154,463,407
"Morganza_all/006320@29.5934606783933,-90.6707267737594.jpg",3,129,273,375,131,504,404
"Morganza_all/006321@29.5936769912676,-90.6714402214346.jpg",1,186,262,219,107,405,369
"Morganza_all/006322@29.5938559099022,-90.6713325620564.jpg",1,158,270,215,101,373,371
"Morganza_all/006323@29.5937711599934,-90.6716601670769.jpg",1,191,257,217,108,408,365
"Morganza_all/006326@29.5933114754242,-90.676576719183.jpg",2,125,244,516,105,641,349
"Morganza_all/006329@29.5934484075024,-90.6724418051306.jpg",1,233,273,198,93,431,366
"Morganza_all/006330@29.5935644685454,-90.6727117300469.jpg",1,216,274,225,104,441,378
"Morganza_all/006331@29.5937083423853,-90.6728092027079.jpg",1,244,193,318,186,562,379
"Morganza_all/006334@29.593824526575,-90.6731037333934.jpg",1,197,210,305,177,502,387
"Morganza_all/006345@29.5940783168843,-90.6722571972222.jpg",3,170,250,178,125,348,375
"Morganza_all/006347@29.5942377168208,-90.6725924420013.jpg",3,230,239,168,132,398,371
"Morganza_all/006348@29.5942744017159,-90.6727562580791.jpg",1,128,265,269,103,397,368
"Morganza_all/006349@29.5943896771622,-90.6728703448144.jpg",1,133,284,272,87,405,371
"Morganza_all/006350@29.5946353804148,-90.6732624464131.jpg",1,216,263,175,109,391,372
"Morganza_all/006351@29.5948019549269,-90.6735976473759.jpg",1,222,258,176,118,398,376
"Morganza_all/006352@29.5948960557228,-90.6737774799157.jpg",1,162,216,232,152,394,368
"Morganza_all/006356@29.594701034928,-90.6720644220932.jpg",1,189,237,349,130,538,367
"Morganza_all/006357@29.5951155318962,-90.671807414943.jpg",1,63,243,366,121,429,364
"Morganza_all/006358@29.5952203410107,-90.6726925944763.jpg",2,1,265,385,137,386,402
"Morganza_all/006361@29.5959365911066,-90.6739920807314.jpg",2,0,226,641,177,641,403
"Morganza_all/006364@29.5967200876503,-90.6715589350142.jpg",1,206,262,287,111,493,373
"Morganza_all/006368@29.5959777861439,-90.6707845981085.jpg",1,171,262,333,126,504,388
"Morganza_all/006369@29.5957244006654,-90.6702941244194.jpg",1,148,252,335,134,483,386
"Morganza_all/006370@29.5954924757325,-90.6697952985632.jpg",1,215,254,313,132,528,386
"Morganza_all/006375@29.5958180027507,-90.6689564763229.jpg",1,194,232,245,141,439,373
"Morganza_all/006377@29.5965668280425,-90.6681886552215.jpg",1,263,267,208,106,471,373
"Morganza_all/006391@29.5965189897661,-90.6672374520817.jpg",1,198,265,141,89,339,354
"Morganza_all/006392@29.5977248759354,-90.6675411335611.jpg",1,166,242,448,118,614,360
"Morganza_all/006396@29.5986573707108,-90.6704797711906.jpg",1,281,298,144,82,425,380
"Morganza_all/006400@29.5987586944377,-90.6735141543263.jpg",1,117,313,280,124,397,437
"Morganza_all/006411@29.5570547732604,-90.6280212611309.jpg",1,131,231,385,200,516,431
"Morganza_all/006412@29.557422782208,-90.6283193020871.jpg",1,95,276,252,131,347,407
"Morganza_all/006413@29.5577084809084,-90.6281259598332.jpg",1,158,284,318,93,476,377
"Morganza_all/006414@29.5579228612309,-90.627996906498.jpg",3,182,269,299,107,481,376
"Morganza_all/006415@29.5581852516468,-90.6279130594362.jpg",1,32,272,446,107,478,379
"Morganza_all/006416@29.5584631008578,-90.6277380130097.jpg",1,1,279,507,90,508,369
"Morganza_all/006417@29.5588520151204,-90.6274801829227.jpg",1,18,289,482,109,500,398
"Morganza_all/006419@29.5575203800982,-90.6272162345955.jpg",1,126,255,373,152,499,407
"Morganza_all/006420@29.5572234682014,-90.6268083641739.jpg",1,126,272,481,110,607,382
"Morganza_all/006422@29.5579706991304,-90.6265297626682.jpg",1,101,258,531,151,632,409
"Morganza_all/006423@29.558219748653,-90.6269197611161.jpg",3,178,295,314,105,492,400
"Morganza_all/006424@29.5579343187782,-90.6271677722454.jpg",1,221,285,129,83,350,368
"Morganza_all/006425@29.5580077253071,-90.6274861314991.jpg",3,169,290,347,117,516,407
"Morganza_all/006426@29.5583118676458,-90.6262813876929.jpg",2,1,249,316,158,317,407
"Morganza_all/006427@29.558698432647,-90.6270621742534.jpg",1,58,278,421,139,479,417
"Morganza_all/006428@29.559087885735,-90.6269045494064.jpg",3,83,287,400,95,483,382
"Morganza_all/006429@29.5589024795621,-90.6264958553334.jpg",2,233,288,408,124,641,412
"Morganza_all/006430@29.558868151351,-90.6260405824457.jpg",2,11,290,315,89,326,379
"Morganza_all/006432@29.5593103592921,-90.6268027681341.jpg",3,147,290,337,97,484,387
"Morganza_all/006433@29.5594398007554,-90.6271753721889.jpg",1,71,309,488,96,559,405
"Morganza_all/006434@29.5595248855021,-90.6267010110119.jpg",1,219,292,305,99,524,391
"Morganza_all/006437@29.5594878537672,-90.6257446594409.jpg",2,10,291,425,95,435,386
"Morganza_all/006438@29.5595143560438,-90.6262273553427.jpg",2,192,292,449,110,641,402
"Morganza_all/006439@29.559707415216,-90.6265812986803.jpg",1,114,279,412,172,526,451
"Morganza_all/006441@29.5601073966372,-90.6268973602734.jpg",1,39,262,581,147,620,409
"Morganza_all/006442@29.5600889206215,-90.6264237264539.jpg",3,109,303,349,92,458,395
"Morganza_all/006443@29.5599194838707,-90.6260240381467.jpg",2,172,309,469,120,641,429
"Morganza_all/006444@29.5598693306697,-90.6255870845681.jpg",3,0,267,439,146,439,413
"Morganza_all/006445@29.5600838561035,-90.625485355728.jpg",3,0,278,435,127,435,405
"Morganza_all/006446@29.5602453197309,-90.6258850686413.jpg",3,124,289,405,109,529,398
"Morganza_all/006447@29.5605018760487,-90.6261930512244.jpg",3,1,280,457,107,458,387
"Morganza_all/006448@29.5603616427281,-90.6267771103465.jpg",1,109,259,403,141,512,400
"Morganza_all/006449@29.5606238849854,-90.6266659251879.jpg",3,130,229,292,163,422,392
"Morganza_all/006450@29.5607906678611,-90.6265736565215.jpg",3,103,281,382,122,485,403
"Morganza_all/006451@29.5609815433875,-90.6265176419147.jpg",3,201,284,251,102,452,386
"Morganza_all/006452@29.5612355926661,-90.6263609669075.jpg",2,3,280,513,102,516,382
"Morganza_all/006453@29.5608513841499,-90.6260174585646.jpg",1,85,245,339,149,424,394
"Morganza_all/006454@29.5607221853053,-90.6256903950815.jpg",2,189,283,452,100,641,383
"Morganza_all/006457@29.5607271581734,-90.6251345910082.jpg",1,10,280,421,104,431,384
"Morganza_all/006459@29.5613157263259,-90.6249755475409.jpg",1,66,276,382,126,448,402
"Morganza_all/006461@29.5617082290566,-90.6253827537057.jpg",1,222,292,374,84,596,376
"Morganza_all/006472@29.5572257004181,-90.6074052929457.jpg",1,145,215,331,142,476,357
"Morganza_all/006473@29.5578023809394,-90.607333017305.jpg",1,167,231,346,142,513,373
"Morganza_all/006475@29.5592056187996,-90.6076528952604.jpg",2,5,278,303,98,308,376
"Morganza_all/006478@29.5551167014126,-90.6094897553451.jpg",1,236,240,286,130,522,370
"Morganza_all/006482@29.5585582239239,-90.6261923018385.jpg",3,120,283,271,122,391,405
"Morganza_all/006485@29.5889675946097,-90.6575254081896.jpg",1,81,284,351,103,432,387
"Morganza_all/006487@29.5892623081085,-90.658443691707.jpg",1,29,294,354,110,383,404
"Morganza_all/006493@29.5918357942843,-90.6638972145019.jpg",1,122,252,250,111,372,363
"Morganza_all/006495@29.5917401756694,-90.6636328626484.jpg",1,32,246,358,141,390,387
"Morganza_all/006497@29.5925477642427,-90.6698382813505.jpg",1,239,274,337,103,576,377
"Morganza_all/006499@29.6048555841635,-90.7053367206426.jpg",2,1,266,502,373,503,639
"Morganza_all/006504@29.6052415378918,-90.7056407071787.jpg",2,0,292,563,140,563,432
"Morganza_all/006505@29.6049048181126,-90.7055799758509.jpg",1,160,219,394,216,554,435
"Morganza_all/006506@29.6044861259224,-90.7056061702184.jpg",1,327,298,157,125,484,423
"Morganza_all/006508@29.603895513419,-90.7055705691785.jpg",1,4,221,493,248,497,469
"Morganza_all/006509@29.6036621045461,-90.7055720324245.jpg",2,2,257,636,194,638,451
"Morganza_all/006510@29.6034559890112,-90.7055419197391.jpg",1,87,251,446,200,533,451
"Morganza_all/006511@29.6033186605565,-90.7055427806909.jpg",1,136,262,418,203,554,465
"Morganza_all/006512@29.6032022569651,-90.7056063514113.jpg",2,194,255,447,217,641,472
"Morganza_all/006539@29.5966401066582,-90.6756115805653.jpg",2,0,50,641,409,641,459
"Morganza_all/006540@29.596987569751,-90.6762819423064.jpg",3,13,287,475,102,488,389
"Morganza_all/006545@29.5987029631251,-90.6752617200277.jpg",1,112,262,278,152,390,414
"Morganza_all/006550@29.5994200724736,-90.6753062212613.jpg",1,120,278,304,120,424,398
"Morganza_all/006553@29.5986774916922,-90.6759017232182.jpg",1,191,290,168,127,359,417
"Morganza_all/006572@29.5975979123881,-90.6764830014557.jpg",1,236,301,142,109,378,410
"Morganza_all/006573@29.5973836946877,-90.6766484697069.jpg",1,276,308,110,93,386,401
"Morganza_all/006574@29.5973213182941,-90.677075398672.jpg",2,4,264,540,178,544,442
"Morganza_all/006575@29.5974356047468,-90.6769926495688.jpg",2,94,269,547,154,641,423
"Morganza_all/006576@29.5975426316094,-90.6768934911729.jpg",2,0,281,488,145,488,426
"Morganza_all/006581@29.5978167165691,-90.6772280034717.jpg",1,101,283,280,93,381,376
"Morganza_all/006582@29.5975731192636,-90.677254237282.jpg",1,152,253,383,142,535,395
"Morganza_all/006584@29.5978904162421,-90.6776294679744.jpg",1,190,279,374,84,564,363
"Morganza_all/006590@29.5990680757456,-90.678023709025.jpg",1,261,296,108,97,369,393
"Morganza_all/006591@29.5988029877279,-90.6780582631001.jpg",1,163,265,306,106,469,371
"Morganza_all/006592@29.5987709433131,-90.6773858170633.jpg",1,200,279,209,94,409,373
"Morganza_all/006596@29.5980433632844,-90.6781124466132.jpg",1,32,233,609,188,641,421
"Morganza_all/006600@29.5977719451295,-90.6783110738478.jpg",1,127,277,325,101,452,378
"Morganza_all/006601@29.603491569221,-90.7076179400187.jpg",1,12,278,337,154,349,432
"Morganza_all/006602@29.6036673911095,-90.7075985585773.jpg",1,225,270,341,121,566,391
"Morganza_all/006603@29.6038032297462,-90.7075793954542.jpg",1,102,262,394,127,496,389
"Morganza_all/006604@29.603971164256,-90.7075783460344.jpg",2,272,171,366,310,638,481
"Morganza_all/006606@29.6039136045425,-90.7072492997522.jpg",3,212,207,391,194,603,401
"Morganza_all/006608@29.6034565303411,-90.7069776642546.jpg",1,22,307,295,111,317,418
"Morganza_all/006614@29.6030267171524,-90.7086502449094.jpg",1,53,229,278,147,331,376
"Morganza_all/006615@29.6028652624865,-90.7087473225846.jpg",1,18,265,441,104,459,369
"Morganza_all/006617@29.6032819557433,-90.7080996357136.jpg",2,206,243,435,177,641,420
"Morganza_all/006618@29.6031260381547,-90.7081006092217.jpg",1,137,267,305,149,442,416
"Morganza_all/006619@29.6029522345465,-90.7081222742097.jpg",1,53,257,405,152,458,409
"Morganza_all/006620@29.6028086663054,-90.7081986612316.jpg",3,68,257,375,135,443,392
"Morganza_all/006621@29.6032137605557,-90.707633427296.jpg",5,291,267,94,112,385,379
"Morganza_all/006624@29.6030728731473,-90.7070098009216.jpg",1,300,277,251,102,551,379
"Morganza_all/006625@29.6030583340871,-90.7077373290794.jpg",1,105,251,388,140,493,391
"Morganza_all/006626@29.60290264559,-90.7077863212473.jpg",1,239,215,288,208,527,423
"Morganza_all/006629@29.5974828390271,-90.6778372000779.jpg",1,193,276,203,103,396,379
"Morganza_all/006645@29.6011049885194,-90.7020684761508.jpg",1,233,311,167,104,400,415
"Morganza_all/006646@29.6012216173506,-90.7020520388771.jpg",1,304,309,159,96,463,405
"Morganza_all/006648@29.6014824217921,-90.7020346926548.jpg",1,274,287,153,134,427,421
"Morganza_all/006649@29.6015991639397,-90.7020417920162.jpg",1,280,312,135,87,415,399
"Morganza_all/006650@29.6017157446645,-90.7020096527923.jpg",1,54,280,381,105,435,385
"Morganza_all/006657@29.6023239732516,-90.7028543053903.jpg",1,170,266,265,103,435,369
"Morganza_all/006663@29.5997148910884,-90.702823594968.jpg",2,4,242,332,165,336,407
"Morganza_all/006665@29.6003323057616,-90.7027254330963.jpg",2,7,245,512,215,519,460
"Morganza_all/006666@29.600496926715,-90.7026929610729.jpg",2,15,245,445,192,460,437
"Morganza_all/006667@29.6006753348404,-90.7026682688348.jpg",1,156,252,257,149,413,401
"Morganza_all/006668@29.600784937873,-90.7026204411224.jpg",1,148,239,225,157,373,396
"Morganza_all/006669@29.6010181474881,-90.7025718347324.jpg",2,0,262,484,148,484,410
"Morganza_all/006670@29.6012031759914,-90.7024999627989.jpg",1,82,267,351,99,433,366
"Morganza_all/006671@29.6013816699694,-90.7024988383681.jpg",1,86,270,402,140,488,410
"Morganza_all/006672@29.6017454570506,-90.7024808445169.jpg",1,73,277,308,139,381,416
"Morganza_all/006673@29.6017403857899,-90.7028501128682.jpg",1,15,283,387,126,402,409
"Morganza_all/006674@29.6015893355007,-90.7028510638902.jpg",2,90,290,551,144,641,434
"Morganza_all/006675@29.6014247521858,-90.7028913710846.jpg",3,192,272,397,138,589,410
"Morganza_all/006677@29.6011021959012,-90.7029169705762.jpg",1,151,301,387,117,538,418
"Morganza_all/006678@29.6009721576829,-90.7030042290123.jpg",1,217,302,214,116,431,418
"Morganza_all/006679@29.6007250371389,-90.7030136197638.jpg",2,17,276,624,144,641,420
"Morganza_all/006680@29.6003337789348,-90.7030318158704.jpg",2,238,259,403,167,641,426
"Morganza_all/006681@29.5999976140532,-90.7030810688214.jpg",1,175,256,301,197,476,453
"Morganza_all/006683@29.5996687870447,-90.7032323842896.jpg",1,236,301,190,94,426,395
"Morganza_all/006684@29.5997936871543,-90.7035065536487.jpg",1,212,215,355,264,567,479
"Morganza_all/006685@29.6001088029287,-90.7033631918278.jpg",2,1,276,499,114,500,390
"Morganza_all/006686@29.6003355532958,-90.7034010359163.jpg",1,204,258,232,200,436,458
"Morganza_all/006688@29.600740183538,-90.7033042157295.jpg",1,211,256,401,156,612,412
"Morganza_all/006689@29.601035306512,-90.7032866569321.jpg",3,115,286,296,140,411,426
"Morganza_all/006691@29.601405628454,-90.7031978868087.jpg",3,218,295,344,115,562,410
"Morganza_all/006692@29.6017211488815,-90.7031330613335.jpg",1,39,280,468,132,507,412
"Morganza_all/006693@29.6026311690398,-90.7039129519668.jpg",1,275,251,293,175,568,426
"Morganza_all/006694@29.6024939161154,-90.7039295484.jpg",1,211,222,244,191,455,413
"Morganza_all/006695@29.6023772116833,-90.7039302819261.jpg",1,203,244,255,171,458,415
"Morganza_all/006696@29.6022259727297,-90.7038919297598.jpg",1,263,230,320,170,583,400
"Morganza_all/006698@29.6015319246678,-90.7037627456937.jpg",1,113,223,278,191,391,414
"Morganza_all/006699@29.6014090622189,-90.7039127981294.jpg",1,95,240,301,153,396,393
"Morganza_all/006700@29.6012857093724,-90.7039607111394.jpg",3,175,237,265,200,440,437
"Morganza_all/006701@29.6011484084177,-90.703961574068.jpg",2,243,275,397,157,640,432
"Morganza_all/006702@29.6017709253785,-90.7034941177744.jpg",2,2,251,639,178,641,429
"Morganza_all/006703@29.6015926201725,-90.7035345417511.jpg",2,3,273,427,136,430,409
"Morganza_all/006704@29.6014210487774,-90.7035513228946.jpg",2,2,262,491,138,493,400
"Morganza_all/006706@29.6011052916218,-90.7035611754561.jpg",2,200,266,441,160,641,426
"Morganza_all/006707@29.6008311149752,-90.7036571746713.jpg",3,3,272,391,162,394,434
"Morganza_all/006708@29.6005978192807,-90.7036822103011.jpg",1,50,260,276,134,326,394
"Morganza_all/006713@29.5999118253255,-90.7038043661836.jpg",1,241,282,177,132,418,414
"Morganza_all/006714@29.5999132959776,-90.7041107476871.jpg",1,193,283,187,88,380,371
"Morganza_all/006715@29.6000781812275,-90.7041332802085.jpg",3,66,248,320,166,386,414
"Morganza_all/006716@29.6002637005879,-90.704163518384.jpg",1,73,226,563,213,636,439
"Morganza_all/006717@29.6004764273565,-90.7041386131967.jpg",1,136,227,411,233,547,460
"Morganza_all/006718@29.6006543182209,-90.7040118167642.jpg",2,11,261,394,149,405,410
"Morganza_all/006719@29.60089460177,-90.7040103067222.jpg",2,0,243,517,215,517,458
"Morganza_all/006721@29.6000050061743,-90.7046208126541.jpg",1,207,260,188,115,395,375
"Morganza_all/006722@29.6001077250247,-90.7045651639505.jpg",3,286,282,260,143,546,425
"Morganza_all/006723@29.6002378876953,-90.7045093742685.jpg",1,252,268,324,159,576,427
"Morganza_all/006724@29.6003889755777,-90.7045162607571.jpg",1,216,282,188,93,404,375
"Morganza_all/006725@29.6006701130725,-90.7044437893021.jpg",1,193,271,332,134,525,405
"Morganza_all/006726@29.600800491548,-90.7044272685167.jpg",1,278,274,212,129,490,403
"Morganza_all/006727@29.6009310206439,-90.7044421507751.jpg",2,4,273,633,186,637,459
"Morganza_all/006728@29.601205245837,-90.7043618868386.jpg",1,295,246,328,210,623,456
"Morganza_all/006729@29.601328862532,-90.7043689457144.jpg",1,278,281,200,112,478,393
"Morganza_all/006731@29.6017547785752,-90.7044212752869.jpg",1,291,265,291,153,582,418
"Morganza_all/006733@29.6020084723146,-90.7043489749541.jpg",1,225,290,123,101,348,391
"Morganza_all/006734@29.6021594095536,-90.7043244578504.jpg",1,203,295,185,100,388,395
"Morganza_all/006735@29.6022692393165,-90.7043237679678.jpg",1,178,278,194,122,372,400
"Morganza_all/006736@29.6024065677676,-90.7043229053533.jpg",1,178,292,270,98,448,390
"Morganza_all/006737@29.6026742847595,-90.7043133568312.jpg",1,164,299,230,88,394,387
"Morganza_all/006738@29.6027585647937,-90.7047135036228.jpg",2,1,287,480,106,481,393
"Morganza_all/006740@29.6016466062771,-90.7047676217469.jpg",2,294,182,347,309,641,491
"Morganza_all/006741@29.6015230271649,-90.7047683974416.jpg",1,114,271,371,200,485,471
"Morganza_all/006742@29.6013103757008,-90.7048090346207.jpg",1,166,301,212,165,378,466
"Morganza_all/006743@29.6011731877125,-90.7048334644921.jpg",2,321,291,320,174,641,465
"Morganza_all/006744@29.600994731269,-90.7048424198031.jpg",1,188,172,453,337,641,509
"Morganza_all/006745@29.6008299968215,-90.7048513204296.jpg",2,0,156,424,404,424,560
"Morganza_all/006746@29.6006998066598,-90.7049071416355.jpg",1,194,289,249,156,443,445
"Morganza_all/006747@29.6005833656686,-90.7049628449547.jpg",1,171,239,289,182,460,421
"Morganza_all/006748@29.6005408546841,-90.7046881544276.jpg",1,14,125,454,403,468,528
"Morganza_all/006749@29.6003500799217,-90.7049957441126.jpg",1,127,253,356,190,483,443
"Morganza_all/006750@29.6000686785599,-90.7050132116572.jpg",1,86,291,484,142,570,433
"Morganza_all/006751@29.5998972199,-90.7050535578175.jpg",1,189,265,266,187,455,452
"Morganza_all/006752@29.5998446380959,-90.7055409910541.jpg",1,87,119,384,389,471,508
"Morganza_all/006753@29.6000584933865,-90.7057517673377.jpg",1,108,205,511,357,619,562
"Morganza_all/006754@29.60013946034,-90.7054605703934.jpg",1,177,201,378,320,555,521
"Morganza_all/006755@29.6002161276051,-90.7056957755825.jpg",1,34,172,468,334,502,506
"Morganza_all/006757@29.6003518110773,-90.7053570977937.jpg",1,187,287,197,117,384,404
"Morganza_all/006758@29.6004426141687,-90.7056786541227.jpg",3,77,201,339,264,416,465
"Morganza_all/006759@29.6004688541324,-90.7054270697667.jpg",1,151,237,371,324,522,561
"Morganza_all/006760@29.6005649520374,-90.7054186319618.jpg",1,54,260,349,243,403,503
"Morganza_all/006761@29.6006746689446,-90.7053943753013.jpg",1,114,268,379,229,493,497
"Morganza_all/006762@29.6006758349292,-90.7056378902125.jpg",1,187,270,353,189,540,459
"Morganza_all/006763@29.6008062512144,-90.7056292374761.jpg",1,86,236,298,286,384,522
"Morganza_all/006764@29.6009572638678,-90.705620424145.jpg",2,1,201,367,338,368,539
"Morganza_all/006765@29.6008042571826,-90.7052128481508.jpg",3,187,245,141,127,328,372
"Morganza_all/006766@29.6009551945887,-90.7051883326441.jpg",1,187,271,304,126,491,397
"Morganza_all/006768@29.6011356450433,-90.7055957371812.jpg",1,48,239,479,198,527,437
"Morganza_all/006769@29.601293204011,-90.705524042977.jpg",2,0,189,370,332,370,521
"Morganza_all/006770@29.6012369723564,-90.705249436329.jpg",1,142,226,331,252,473,478
"Morganza_all/006771@29.6013603632078,-90.7052093600024.jpg",1,186,254,294,188,480,442
"Morganza_all/006772@29.601437605331,-90.7055702754268.jpg",3,82,254,313,195,395,449
"Morganza_all/006773@29.6015606578781,-90.7054595262886.jpg",2,3,215,590,347,593,562
"Morganza_all/006774@29.6014977395376,-90.7052242318818.jpg",1,174,246,375,229,549,475
"Morganza_all/006775@29.6016418398039,-90.7052075944391.jpg",1,115,208,341,237,456,445
"Morganza_all/006776@29.6017665854018,-90.7054503683131.jpg",2,75,155,566,486,641,641
"Morganza_all/006778@29.602131087491,-90.7055816302386.jpg",3,164,273,308,176,472,449
"Morganza_all/006779@29.602323857455,-90.705690431836.jpg",2,18,252,623,209,641,461
"Morganza_all/006780@29.6023435888293,-90.7055095908356.jpg",2,1,253,640,206,641,459
"Morganza_all/006781@29.6025088500003,-90.7056106980986.jpg",1,217,243,252,182,469,425
"Morganza_all/006782@29.6026665218104,-90.7055625713926.jpg",1,232,250,239,162,471,412
"Morganza_all/006783@29.6028997325029,-90.7055139709412.jpg",2,0,225,360,273,360,498
"Morganza_all/006784@29.6025759718741,-90.7052881761943.jpg",1,198,253,422,265,620,518
"Morganza_all/006785@29.6023218260878,-90.7052662010513.jpg",1,1,229,411,251,412,480
"Morganza_all/006787@29.6036785233498,-90.7046998930156.jpg",1,125,270,482,140,607,410
"Morganza_all/006788@29.604220917533,-90.7047043235301.jpg",1,214,300,346,220,560,520
"Morganza_all/006789@29.604399185519,-90.7046560652651.jpg",2,0,279,435,105,435,384
"Morganza_all/006790@29.6049831016442,-90.704723108434.jpg",2,81,259,560,178,641,437
"Morganza_all/006791@29.6049435652834,-90.7050690350995.jpg",1,220,276,188,134,408,410
"Morganza_all/006792@29.6046620511755,-90.7050629657796.jpg",1,180,302,392,116,572,418
"Morganza_all/006793@29.6045112267317,-90.7051110512744.jpg",1,143,307,299,84,442,391
"Morganza_all/006794@29.6043393540741,-90.7050649904252.jpg",1,98,302,402,149,500,451
"Morganza_all/006795@29.6039823284122,-90.7050593634564.jpg",1,172,282,302,185,474,467
"Morganza_all/006796@29.6031791019128,-90.7050722698973.jpg",1,292,276,229,131,521,407
"Morganza_all/006799@29.6036262914463,-90.7052658548494.jpg",1,109,245,377,233,486,478
"Morganza_all/006800@29.603811735468,-90.7052804256656.jpg",1,61,222,560,287,621,509
"Morganza_all/006801@29.6039629361796,-90.705310882326.jpg",2,1,124,545,369,546,493
"Morganza_all/006802@29.6041963075196,-90.7053015831724.jpg",1,73,292,418,173,491,465
"Morganza_all/006803@29.6044641751309,-90.7053234727595.jpg",3,69,289,372,131,441,420
"Morganza_all/006805@29.6103561521399,-90.6933478634237.jpg",6,272,284,81,87,353,371
"Morganza_all/006816@29.6043085584649,-90.7098071630529.jpg",1,283,232,301,185,584,417
"Morganza_all/006817@29.6035285924281,-90.7099349328019.jpg",1,269,246,360,168,629,414
"Morganza_all/006818@29.6033641870004,-90.7100015350297.jpg",2,18,237,623,210,641,447
"Morganza_all/006820@29.6025412793236,-90.7101377823109.jpg",1,214,182,273,247,487,429
"Morganza_all/006823@29.6067565501402,-90.7081465739162.jpg",1,117,250,348,123,465,373
"Morganza_all/006827@29.6063301927742,-90.7076093595631.jpg",1,172,298,469,88,641,386
"Morganza_all/006829@29.60609602503,-90.707135017823.jpg",3,209,239,191,161,400,400
"Morganza_all/006830@29.605928336525,-90.7071818217173.jpg",1,79,254,409,153,488,407
"Morganza_all/006831@29.6058265752127,-90.7076399471007.jpg",1,121,273,370,129,491,402
"Morganza_all/006832@29.605752776901,-90.7072561151823.jpg",1,191,236,316,168,507,404
"Morganza_all/006833@29.6057197471753,-90.70703670326.jpg",1,222,238,319,168,541,406
"Morganza_all/006836@29.6050464634883,-90.7083768675936.jpg",3,21,248,312,153,333,401
"Morganza_all/006837@29.6049436520423,-90.7086154090032.jpg",1,150,259,194,137,344,396
"Morganza_all/006838@29.6049102320866,-90.7083136485461.jpg",1,174,261,225,135,399,396
"Morganza_all/006839@29.6044868147489,-90.7083986433433.jpg",2,1,204,633,183,634,387
"Morganza_all/006840@29.6055626542371,-90.707632470364.jpg",1,244,251,244,174,488,425
"Morganza_all/006841@29.6054111879414,-90.7077248953584.jpg",1,101,262,207,147,308,409
"Morganza_all/006842@29.6052351640903,-90.707707711996.jpg",1,178,270,249,160,427,430
"Morganza_all/006843@29.6053051192472,-90.7072863544598.jpg",1,230,240,200,147,430,387
"Morganza_all/006844@29.6051693679442,-90.707323800801.jpg",1,256,252,190,128,446,380
"Morganza_all/006845@29.6051681446743,-90.7070676250663.jpg",1,238,274,403,163,641,437
"Morganza_all/006848@29.6047879703707,-90.7078294556484.jpg",3,268,244,373,184,641,428
"Morganza_all/006850@29.6044926793046,-90.7079502495347.jpg",2,5,190,380,275,385,465
"Morganza_all/006851@29.6042826063986,-90.7074940480325.jpg",2,11,230,339,188,350,418
"Morganza_all/006852@29.6045784211102,-90.7074830420086.jpg",1,159,290,340,115,499,405
"Morganza_all/006853@29.604762114118,-90.707436170683.jpg",4,291,276,84,88,375,364
"Morganza_all/006854@29.6046967267026,-90.7071437682876.jpg",1,142,277,167,110,309,387
"Morganza_all/006855@29.60425705495,-90.707164800622.jpg",1,95,273,277,156,372,429
"Morganza_all/006857@29.6040291757431,-90.7080080557921.jpg",5,133,234,393,189,526,423
"Morganza_all/006858@29.6037813462005,-90.7080187605572.jpg",5,82,290,408,108,490,398
"Morganza_all/006859@29.6035257325652,-90.7080752365562.jpg",2,0,253,414,195,414,448
"Morganza_all/006860@29.6036304192253,-90.7082301282737.jpg",4,248,294,91,86,339,380
"Morganza_all/006861@29.6027348368977,-90.7078079807523.jpg",1,38,237,464,181,502,418
"Morganza_all/006862@29.6027151170868,-90.7074443708409.jpg",1,117,267,311,128,428,395
"Morganza_all/006863@29.6026903572266,-90.70728668454.jpg",1,196,262,244,111,440,373
"Morganza_all/006864@29.6026711933262,-90.7070397529325.jpg",1,179,248,253,120,432,368
"Morganza_all/006865@29.6026030189438,-90.70909207972.jpg",3,142,232,298,187,440,419
"Morganza_all/006868@29.6024609989979,-90.7082351625948.jpg",1,157,259,215,148,372,407
"Morganza_all/006869@29.6024052191384,-90.7078580590337.jpg",1,197,274,379,127,576,401
"Morganza_all/006870@29.6023370885822,-90.707405574241.jpg",1,101,275,401,137,502,412
"Morganza_all/006871@29.6024070537471,-90.7069865257416.jpg",1,98,240,254,189,352,429
"Morganza_all/006872@29.6024051761518,-90.7091070328245.jpg",1,185,221,339,220,524,441
"Morganza_all/006873@29.6021535443424,-90.709156652034.jpg",2,2,218,639,221,641,439
"Morganza_all/006874@29.6023914874839,-90.7087502776238.jpg",1,202,229,291,222,493,451
"Morganza_all/006875@29.602205961039,-90.7088337848688.jpg",1,74,265,459,157,533,422
"Morganza_all/006876@29.6020561361667,-90.7088552988503.jpg",1,2,130,542,328,544,458
"Morganza_all/006877@29.6020011051245,-90.7086292033644.jpg",2,1,237,332,242,333,479
"Morganza_all/006878@29.6019396261311,-90.708313907164.jpg",2,3,236,408,211,411,447
"Morganza_all/006879@29.602125419057,-90.7082921364262.jpg",1,274,256,219,170,493,426
"Morganza_all/006880@29.6023232617577,-90.7082771817535.jpg",1,47,252,340,175,387,427
"Morganza_all/006881@29.6022313828453,-90.7078728646044.jpg",3,145,202,263,232,408,434
"Morganza_all/006882@29.6020815910009,-90.7079012711674.jpg",1,230,240,266,172,496,412
"Morganza_all/006883@29.6018840429489,-90.70797799494.jpg",2,0,236,436,203,436,439
"Morganza_all/006884@29.6020255809946,-90.7074761515442.jpg",1,161,257,280,149,441,406
"Morganza_all/006885@29.6018578049398,-90.7075046395695.jpg",3,143,265,382,161,525,426
"Morganza_all/006886@29.6021314764951,-90.7070431284601.jpg",1,136,253,385,181,521,434
"Morganza_all/006887@29.6019755641747,-90.7070509634384.jpg",1,237,214,313,236,550,450
"Morganza_all/006888@29.6017958316948,-90.7070864182604.jpg",1,151,177,392,263,543,440
"Morganza_all/006889@29.6016640567745,-90.7071215415898.jpg",1,190,274,382,167,572,441
"Morganza_all/006890@29.6018659820224,-90.7092202146572.jpg",1,183,247,261,178,444,425
"Morganza_all/006891@29.6017460980135,-90.7092346815353.jpg",1,153,230,260,219,413,449
"Morganza_all/006892@29.6016382635817,-90.7092559331293.jpg",1,75,205,292,248,367,453
"Morganza_all/006893@29.6014943354081,-90.709256830102.jpg",3,137,212,306,233,443,445
"Morganza_all/006894@29.6013206021932,-90.709299103229.jpg",1,103,187,442,269,545,456
"Morganza_all/006896@29.6017924496835,-90.7088912739756.jpg",1,235,258,325,157,560,415
"Morganza_all/006898@29.6017182297493,-90.7084182182491.jpg",1,57,243,470,189,527,432
"Morganza_all/006899@29.6015504259895,-90.7084467047803.jpg",1,230,269,194,127,424,396
"Morganza_all/006901@29.6016125583887,-90.7088992555739.jpg",1,215,229,228,178,443,407
"Morganza_all/006902@29.6014386893069,-90.7089071995916.jpg",1,184,246,251,158,435,404
"Morganza_all/006903@29.6012589940038,-90.7089563388295.jpg",2,0,249,484,193,484,442
"Morganza_all/006905@29.6013765896255,-90.7084615092028.jpg",1,185,270,249,133,434,403
"Morganza_all/006906@29.6016621232717,-90.7079725209491.jpg",2,277,227,364,235,641,462
"Morganza_all/006908@29.6013265761498,-90.7080363548266.jpg",1,156,240,373,202,529,442
"Morganza_all/006909@29.6011648275462,-90.7080716953592.jpg",2,0,262,512,147,512,409
"Morganza_all/006910@29.6010245370783,-90.7075784766229.jpg",2,1,251,401,208,402,459
"Morganza_all/006914@29.60147424024,-90.7075619468319.jpg",1,221,291,129,123,350,414
"Morganza_all/006915@29.6015880637225,-90.7075337647099.jpg",2,0,207,641,233,641,440
"Morganza_all/006916@29.6016369330678,-90.7077187380892.jpg",2,299,232,342,318,641,550
"Morganza_all/006917@29.6013944795822,-90.7071849972957.jpg",2,182,273,459,136,641,409
"Morganza_all/006918@29.601208686686,-90.7072067384626.jpg",1,172,236,344,194,516,430
"Morganza_all/006919@29.6010528018501,-90.707214572942.jpg",1,123,219,254,193,377,412
"Morganza_all/006920@29.6008609212231,-90.7072226324555.jpg",1,170,209,292,192,462,401
"Morganza_all/006921@29.6009954707959,-90.7090266113926.jpg",1,259,254,310,140,569,394
"Morganza_all/006922@29.6006777441586,-90.7090560627899.jpg",1,261,270,189,130,450,400
"Morganza_all/006923@29.6005279519011,-90.7090844356765.jpg",1,55,206,446,212,501,418
"Morganza_all/006925@29.6005024371181,-90.7087620597691.jpg",1,40,249,260,177,300,426
"Morganza_all/006926@29.6005195059294,-90.708569816841.jpg",2,2,223,639,211,641,434
"Morganza_all/006927@29.600747191354,-90.7085272061608.jpg",1,93,251,359,150,452,401
"Morganza_all/006928@29.6009275403708,-90.7086152897343.jpg",2,6,196,635,248,641,444
"Morganza_all/006929@29.6009946211892,-90.7088481989128.jpg",4,228,252,107,91,335,343
"Morganza_all/006930@29.600919354372,-90.7081555770911.jpg",2,62,218,579,239,641,457
"Morganza_all/006934@29.600305583786,-90.70772705551.jpg",2,0,267,412,159,412,426
"Morganza_all/006935@29.6004853768265,-90.7076984932222.jpg",2,7,268,447,156,454,424
"Morganza_all/006936@29.6006829626929,-90.7076354892939.jpg",1,106,259,228,169,334,428
"Morganza_all/006938@29.6006993365997,-90.7072922720241.jpg",1,262,220,292,204,554,424
"Morganza_all/006939@29.6005976663434,-90.7073546770714.jpg",1,294,252,347,162,641,414
"Morganza_all/006940@29.6004416832501,-90.7073419325941.jpg",1,207,244,354,180,561,424
"Morganza_all/006941@29.6003035858998,-90.7073084656169.jpg",5,253,249,91,89,344,338
"Morganza_all/006942@29.600154023406,-90.7073848892563.jpg",1,249,211,315,231,564,442
"Morganza_all/006944@29.5998544724968,-90.7074485306323.jpg",4,253,296,120,92,373,388
"Morganza_all/006945@29.5998860834037,-90.7077914452362.jpg",1,20,286,347,145,367,431
"Morganza_all/006946@29.6000721985792,-90.7078314725449.jpg",1,172,140,410,361,582,501
"Morganza_all/006948@29.6000504448356,-90.7082982278896.jpg",1,192,290,445,117,637,407
"Morganza_all/006950@29.59986052616,-90.7087180137786.jpg",1,37,221,340,165,377,386
"Morganza_all/006951@29.6001781927015,-90.7086817336444.jpg",2,162,224,479,207,641,431
"Morganza_all/006953@29.6002340355137,-90.7090725483698.jpg",2,40,249,601,188,641,437
"Morganza_all/006955@29.5997574005031,-90.7097343041602.jpg",3,46,240,407,142,453,382
"Morganza_all/006956@29.600326073915,-90.7095111563171.jpg",1,90,232,243,203,333,435
"Morganza_all/006969@29.5966757343815,-90.6769976297285.jpg",5,272,297,147,111,419,408
"Morganza_all/006973@29.5970230261136,-90.6776351473182.jpg",2,277,296,364,99,641,395
"Morganza_all/006981@29.596917939118,-90.678127991125.jpg",6,235,279,136,81,371,360
"Morganza_all/007116@29.5964382766638,-90.6796896517209.jpg",6,244,279,111,83,355,362
"Morganza_all/007117@29.5963298296805,-90.679509904573.jpg",6,247,284,119,87,366,371
"Morganza_all/007157@29.5962781754446,-90.6806503957346.jpg",6,277,284,90,82,367,366
"Morganza_all/007239@29.599658213055,-90.6981966979013.jpg",1,269,286,176,100,445,386
"Morganza_all/007240@29.5997071558238,-90.6983770686545.jpg",1,279,268,218,127,497,395
"Morganza_all/007242@29.5996331277732,-90.6986839280087.jpg",1,246,259,250,156,496,415
"Morganza_all/007243@29.5996613318144,-90.6988408618802.jpg",1,244,238,244,172,488,410
"Morganza_all/007244@29.5996345723324,-90.6989824421831.jpg",1,295,289,216,123,511,412
"Morganza_all/007245@29.5996352944333,-90.6991317150063.jpg",1,258,289,235,129,493,418
"Morganza_all/007246@29.5996773992827,-90.6993199961049.jpg",1,236,268,307,127,543,395
"Morganza_all/007247@29.5996644475614,-90.6994850573648.jpg",3,318,215,279,200,597,415
"Morganza_all/007249@29.5996865248212,-90.6997913077442.jpg",1,209,271,221,140,430,411
"Morganza_all/007250@29.5997216677067,-90.6999560647636.jpg",1,263,249,218,130,481,379
"Morganza_all/007251@29.5997223886991,-90.7001053377237.jpg",1,221,94,341,314,562,408
"Morganza_all/007259@29.5997307239708,-90.7018336192051.jpg",3,34,272,462,140,496,412
"Morganza_all/007260@29.6000254304164,-90.7017296198892.jpg",1,230,314,133,109,363,423
"Morganza_all/007261@29.5997086135757,-90.7015195018327.jpg",1,241,246,400,180,641,426
"Morganza_all/007262@29.5997352244401,-90.7013465193958.jpg",1,259,270,204,153,463,423
"Morganza_all/007263@29.599727733385,-90.7012129909824.jpg",1,352,266,235,145,587,411
"Morganza_all/007264@29.5997407734309,-90.7010714977796.jpg",1,252,314,189,100,441,414
"Morganza_all/007265@29.5997055457682,-90.7008831724078.jpg",1,316,254,170,145,486,399
"Morganza_all/007266@29.5996704799542,-90.7007341478982.jpg",1,286,294,264,107,550,401
"Morganza_all/007267@29.5996902424579,-90.7005611771188.jpg",1,308,256,224,136,532,392
"Morganza_all/007268@29.5996895219844,-90.7004119042033.jpg",1,235,265,325,139,560,404
"Morganza_all/007295@29.6006346342448,-90.7013486784584.jpg",3,268,325,194,118,462,443
"Morganza_all/007296@29.6006359593444,-90.701623659147.jpg",1,150,319,183,120,333,439
"Morganza_all/007307@29.6015764486033,-90.7016019926637.jpg",1,115,295,424,123,539,418
"Morganza_all/007308@29.6015550950411,-90.701445011807.jpg",1,21,299,423,113,444,412
"Morganza_all/007309@29.6015475284012,-90.7012957793219.jpg",2,1,303,431,107,432,410
"Morganza_all/007327@29.6029133111606,-90.7090201929808.jpg",4,294,294,126,92,420,386
"Morganza_all/007369@29.6051595282101,-90.6605278479509.jpg",1,108,253,212,131,320,384
"Morganza_all/007376@29.6055070695819,-90.6599442586536.jpg",1,107,291,406,81,513,372
"Morganza_all/007380@29.6062938570044,-90.6599062086874.jpg",3,220,269,213,93,433,362
"Morganza_all/007381@29.6064121302564,-90.6606504361187.jpg",3,165,262,322,115,487,377
"Morganza_all/007382@29.6065944752078,-90.6599369459923.jpg",3,221,279,272,89,493,368
"Morganza_all/007386@29.6071204687942,-90.6606620414743.jpg",1,205,282,145,85,350,367
"Morganza_all/007389@29.6076854524803,-90.660625486648.jpg",3,137,302,427,92,564,394
"Morganza_all/007392@29.6081425906273,-90.6604832582648.jpg",3,203,254,220,109,423,363
"Morganza_all/007394@29.6077114315946,-90.6601095324819.jpg",1,215,249,203,128,418,377
"Morganza_all/007395@29.6074821273191,-90.660037405008.jpg",1,252,280,109,95,361,375
"Morganza_all/007420@29.6064748731632,-90.6652310183877.jpg",3,272,281,244,81,516,362
"Morganza_all/007448@29.6043213267239,-90.6554793245035.jpg",3,105,270,277,104,382,374
"Morganza_all/007478@29.6007871914444,-90.6458508375939.jpg",1,68,270,449,153,517,423
"Morganza_all/007480@29.6009945074961,-90.6446658745041.jpg",1,120,265,304,109,424,374
"Morganza_all/007481@29.5994134911154,-90.6447531164876.jpg",3,153,271,237,85,390,356
"Morganza_all/007483@29.5984321469972,-90.6446758492723.jpg",3,87,281,295,84,382,365
"Morganza_all/007484@29.6012648815626,-90.6440531744816.jpg",1,175,287,195,86,370,373
"Morganza_all/007488@29.5978781245273,-90.6446414907664.jpg",1,211,244,231,95,442,339
"Morganza_all/007502@29.6011024972777,-90.6373119579262.jpg",6,279,283,97,88,376,371
"Morganza_all/007573@29.5875673146616,-90.6163021922846.jpg",1,194,289,435,133,629,422
"Morganza_all/007575@29.5872466622748,-90.6168039914972.jpg",2,4,253,388,120,392,373
"Morganza_all/007580@29.587354821494,-90.6158843768125.jpg",1,48,261,410,126,458,387
"Morganza_all/007624@29.6061266596708,-90.6598794518853.jpg",1,243,281,324,86,567,367
"Morganza_all/007625@29.5929340660239,-90.7423478803667.jpg",3,54,176,442,225,496,401
"Morganza_all/007634@29.5920206655473,-90.7451596802023.jpg",1,52,246,297,141,349,387
"Morganza_all/007636@29.5922988229828,-90.7457975878049.jpg",1,13,255,351,137,364,392
"Morganza_all/007637@29.5928455431749,-90.7467871125721.jpg",2,1,245,305,170,306,415
"Morganza_all/007639@29.5930804410698,-90.7470816598645.jpg",1,41,298,255,103,296,401
"Morganza_all/007646@29.5939057480848,-90.7488046179893.jpg",1,104,276,281,145,385,421
"Morganza_all/007653@29.5952936623934,-90.747612830247.jpg",1,242,297,199,87,441,384
"Morganza_all/007659@29.5944857933894,-90.7479230162175.jpg",1,79,268,313,109,392,377
"Morganza_all/007660@29.5948962940682,-90.7483024444721.jpg",1,235,264,311,126,546,390
"Morganza_all/007661@29.5943263215078,-90.7495753798647.jpg",2,2,270,639,148,641,418
"Morganza_all/007662@29.5945035127026,-90.7500229732883.jpg",1,31,282,487,155,518,437
"Morganza_all/007664@29.5949109649245,-90.7497247030991.jpg",1,172,263,295,101,467,364
"Morganza_all/007665@29.5953186137892,-90.7494645650794.jpg",2,0,259,641,117,641,376
"Morganza_all/007666@29.5951419310584,-90.7491314989247.jpg",1,79,239,445,139,524,378
"Morganza_all/007668@29.5958995148821,-90.7487738812917.jpg",2,1,240,640,109,641,349
"Morganza_all/007670@29.5951894671436,-90.7504390054424.jpg",1,248,262,174,84,422,346
"Morganza_all/007672@29.595766201702,-90.7506838466713.jpg",1,126,252,298,135,424,387
"Morganza_all/007673@29.5961269159234,-90.7511304130066.jpg",1,123,265,250,128,373,393
"Morganza_all/007676@29.597255400394,-90.7516297900645.jpg",1,206,251,224,87,430,338
"Morganza_all/007682@29.5991761615967,-90.7577377665491.jpg",3,0,262,441,137,441,399
"Morganza_all/007683@29.5994942841327,-90.7579841453031.jpg",2,223,167,282,201,505,368
"Morganza_all/007684@29.5997116550466,-90.7580879001581.jpg",2,175,274,260,97,435,371
"Morganza_all/007689@29.6004908114523,-90.7588375879978.jpg",1,167,277,215,91,382,368
"Morganza_all/007690@29.6006837850572,-90.7590846911278.jpg",3,101,237,372,128,473,365
"Morganza_all/007691@29.6008436253922,-90.7593892548119.jpg",3,142,260,277,116,419,376
"Morganza_all/007692@29.6009778564293,-90.7595603262313.jpg",3,224,207,278,177,502,384
"Morganza_all/007693@29.6006951615856,-90.7578722409862.jpg",2,11,257,630,126,641,383
"Morganza_all/007694@29.6007711965285,-90.7580913481853.jpg",2,296,233,345,145,641,378
"Morganza_all/007695@29.601006180222,-90.7584050450814.jpg",3,302,246,255,116,557,362
"Morganza_all/007696@29.6011995873107,-90.758757151455.jpg",1,167,229,304,122,471,351
"Morganza_all/007697@29.6014267388684,-90.7591854361996.jpg",1,158,207,411,164,569,371
"Morganza_all/007698@29.6016112685895,-90.759413490167.jpg",1,105,191,382,177,487,368
"Morganza_all/007699@29.6012041846646,-90.7598072409176.jpg",3,94,248,379,136,473,384
"Morganza_all/007700@29.6013636894342,-90.7600354387853.jpg",1,95,262,387,107,482,369
"Morganza_all/007701@29.6017208098684,-90.7596610751278.jpg",3,187,138,275,229,462,367
"Morganza_all/007702@29.6019056727304,-90.7599654996066.jpg",3,144,194,415,168,559,362
"Morganza_all/007703@29.6015316369053,-90.760282689577.jpg",1,152,296,325,88,477,384
"Morganza_all/007704@29.6016912659368,-90.7605395233163.jpg",2,3,250,446,130,449,380
"Morganza_all/007705@29.6020820776107,-90.7602413384118.jpg",1,126,210,375,168,501,378
"Morganza_all/007706@29.6021915756708,-90.7604793910939.jpg",1,193,208,441,165,634,373
"Morganza_all/007707@29.601859170686,-90.7607772099791.jpg",1,76,290,395,114,471,404
"Morganza_all/007708@29.6020857467125,-90.7610814300184.jpg",2,6,265,618,149,624,414
"Morganza_all/007709@29.6024014462302,-90.7607741094467.jpg",1,225,225,391,168,616,393
"Morganza_all/007711@29.6023123634825,-90.7613951543278.jpg",1,8,278,507,137,515,415
"Morganza_all/007715@29.585584313555,-90.7279986281258.jpg",3,226,243,310,105,536,348
"Morganza_all/007717@29.5864191433183,-90.7288866733014.jpg",1,109,228,505,115,614,343
"Morganza_all/007725@29.5875230703023,-90.7322392850271.jpg",1,222,268,308,90,530,358
"Morganza_all/007726@29.5876111818977,-90.7327140009009.jpg",2,114,190,527,203,641,393
"Morganza_all/007727@29.5879255866221,-90.7325646176223.jpg",2,228,272,413,113,641,385
"Morganza_all/007738@29.5902083882444,-90.7391813954645.jpg",1,249,241,382,132,631,373
"Morganza_all/007743@29.5911271937671,-90.7396593863628.jpg",6,259,281,142,95,401,376
"Morganza_all/007746@29.5910591092908,-90.7404381732246.jpg",1,79,221,393,199,472,420
"Morganza_all/007747@29.591202063353,-90.7403799683132.jpg",1,133,263,427,157,560,420
"Morganza_all/007748@29.5914735238873,-90.7402308895831.jpg",1,98,260,373,167,471,427
"Morganza_all/007749@29.5916093281826,-90.7401727264806.jpg",1,138,162,430,256,568,418
"Morganza_all/007751@29.5911197959673,-90.7411916558789.jpg",5,281,292,91,81,372,373
"Morganza_all/007752@29.5913688181747,-90.740829638587.jpg",1,100,287,370,142,470,429
"Morganza_all/007753@29.5916617186169,-90.7406722218516.jpg",1,122,292,374,128,496,420
"Morganza_all/007754@29.5917689065413,-90.7406224407145.jpg",1,105,281,376,138,481,419
"Morganza_all/007760@29.5925180129011,-90.7415766920991.jpg",1,142,262,277,89,419,351
"Morganza_all/007767@29.5869700924375,-90.7340854905424.jpg",3,4,193,442,189,446,382
"Morganza_all/007768@29.5876351483596,-90.7357199337383.jpg",1,140,169,326,202,466,371
"Morganza_all/007769@29.5878206527785,-90.7362011830426.jpg",1,86,245,394,131,480,376
"Morganza_all/007770@29.5881186032923,-90.7372270476408.jpg",1,206,243,356,119,562,362
"Morganza_all/007771@29.5884433981649,-90.7381164296406.jpg",1,277,190,324,164,601,354
"Morganza_all/007772@29.5884911897761,-90.7385460876229.jpg",3,169,215,344,139,513,354
"Morganza_all/007780@29.5936468358335,-90.7513689532692.jpg",1,90,232,381,152,471,384
"Morganza_all/007781@29.5935202021105,-90.7511834188904.jpg",1,63,238,375,135,438,373
"Morganza_all/007782@29.593430543856,-90.7509892060136.jpg",1,46,228,380,158,426,386
"Morganza_all/007783@29.5933260157713,-90.7507781520711.jpg",1,135,257,298,138,433,395
"Morganza_all/007784@29.5932067782364,-90.7505925445275.jpg",1,73,238,396,145,469,383
"Morganza_all/007785@29.5931170814744,-90.7503898690708.jpg",1,145,256,354,131,499,387
"Morganza_all/007786@29.5930051929043,-90.7501873231947.jpg",3,163,247,289,126,452,373
"Morganza_all/007787@29.5929007490016,-90.7500016622403.jpg",3,210,243,337,136,547,379
"Morganza_all/007788@29.5927961438438,-90.7497736516029.jpg",3,219,231,307,152,526,383
"Morganza_all/007789@29.5926991993841,-90.7496048755526.jpg",3,153,276,413,102,566,378
"Morganza_all/007790@29.5925798095445,-90.7493854473476.jpg",1,148,188,385,182,533,370
"Morganza_all/007791@29.5924902617492,-90.7492166288936.jpg",1,112,223,464,175,576,398
"Morganza_all/007792@29.5922886822549,-90.7488198455726.jpg",1,79,291,419,106,498,397
"Morganza_all/007793@29.5922136259502,-90.7485832011636.jpg",1,174,262,269,89,443,351
"Morganza_all/007794@29.592035737,-90.7485165290618.jpg",1,196,246,228,112,424,358
"Morganza_all/007796@29.5927256922073,-90.7480960067963.jpg",1,261,246,205,91,466,337
"Morganza_all/007826@29.6117896791351,-90.7795692383715.jpg",3,184,290,319,89,503,379
"Morganza_all/007827@29.6121265704619,-90.7800438681889.jpg",3,83,270,239,107,322,377
"Morganza_all/007828@29.6121414720745,-90.7792876154793.jpg",1,223,274,211,110,434,384
"Morganza_all/007830@29.6130932463423,-90.7817580530317.jpg",1,319,294,227,88,546,382
"Morganza_all/007836@29.6149645587383,-90.7855183480959.jpg",1,112,269,238,116,350,385
"Morganza_all/007837@29.6152084210276,-90.7853927020704.jpg",1,160,267,145,102,305,369
"Morganza_all/007838@29.6152836369126,-90.7860656202563.jpg",3,210,270,378,105,588,375
"Morganza_all/007849@29.5888279181252,-90.742760994241.jpg",1,155,199,388,186,543,385
"Morganza_all/007851@29.5905597918844,-90.7428185228857.jpg",1,206,245,218,93,424,338
"Morganza_all/007857@29.5912818320712,-90.7417906825739.jpg",1,164,279,219,82,383,361
"Morganza_all/007862@29.5871993873052,-90.734706386078.jpg",1,170,204,343,148,513,352
"Morganza_all/007874@29.601618400564,-90.7350292314587.jpg",1,252,258,201,146,453,404
"Morganza_all/007875@29.6017827913538,-90.7349627031135.jpg",1,210,276,240,105,450,381
"Morganza_all/007876@29.6012425249656,-90.7358345469934.jpg",1,262,217,258,148,520,365
"Morganza_all/007878@29.6009969219348,-90.7353689171349.jpg",1,4,251,457,153,461,404
"Morganza_all/007879@29.6015234198057,-90.734620097192.jpg",1,89,254,442,199,531,453
"Morganza_all/007880@29.6012943851131,-90.7346460422956.jpg",1,248,290,124,91,372,381
"Morganza_all/007881@29.6009444739686,-90.7348611967981.jpg",5,252,299,92,94,344,393
"Morganza_all/007885@29.6012423461456,-90.7342284399129.jpg",1,172,290,271,201,443,491
"Morganza_all/007886@29.6005850287351,-90.7345601307464.jpg",1,159,190,462,412,621,602
"Morganza_all/007887@29.6006919148128,-90.7344447635123.jpg",2,322,187,319,454,641,641
"Morganza_all/007888@29.6004765333116,-90.7343231423553.jpg",1,18,268,389,129,407,397
"Morganza_all/007889@29.600869621345,-90.7341569113786.jpg",2,225,255,416,335,641,590
"Morganza_all/007891@29.6004673713808,-90.7338888926974.jpg",5,244,301,84,90,328,391
"Morganza_all/007892@29.5999420720044,-90.733334826356.jpg",1,148,234,295,207,443,441
"Morganza_all/007893@29.6000000266421,-90.7334819632207.jpg",2,1,161,412,327,413,488
"Morganza_all/007894@29.6000579436959,-90.733620919151.jpg",2,154,237,487,233,641,470
"Morganza_all/007895@29.600229323537,-90.7335133780186.jpg",2,264,191,377,290,641,481
"Morganza_all/007896@29.6000922000449,-90.7332765631349.jpg",1,159,182,347,261,506,443
"Morganza_all/007898@29.6004498959167,-90.7332006616527.jpg",1,322,277,266,146,588,423
"Morganza_all/007900@29.5997025213027,-90.7326315370282.jpg",1,166,261,226,119,392,380
"Morganza_all/007901@29.5998663375522,-90.7324338881752.jpg",2,6,282,380,114,386,396
"Morganza_all/007902@29.6000737825368,-90.7323834610099.jpg",1,127,254,292,125,419,379
"Morganza_all/007903@29.6003710412628,-90.7316196153868.jpg",3,54,288,420,104,474,392
"Morganza_all/007904@29.6002282414282,-90.7317105940706.jpg",1,192,291,352,104,544,395
"Morganza_all/007905@29.5999781168911,-90.73182682408.jpg",3,84,274,332,114,416,388
"Morganza_all/007906@29.5997000424273,-90.7320907050288.jpg",2,261,248,380,177,641,425
"Morganza_all/007907@29.599485871205,-90.7322395057177.jpg",1,173,270,267,128,440,398
"Morganza_all/007908@29.5991536451664,-90.7316269302512.jpg",2,6,287,562,131,568,418
"Morganza_all/007909@29.5993395005536,-90.7315520562252.jpg",1,167,264,321,195,488,459
"Morganza_all/007910@29.599489439751,-90.7314528224633.jpg",1,160,242,273,164,433,406
"Morganza_all/007914@29.6002251566717,-90.7310386725796.jpg",1,148,288,232,93,380,381
"Morganza_all/007915@29.59992706992,-90.7300653150821.jpg",1,57,282,393,120,450,402
"Morganza_all/007917@29.5998272243138,-90.7301560683271.jpg",1,80,238,296,169,376,407
"Morganza_all/007918@29.5996270051157,-90.7302228190581.jpg",2,10,282,425,123,435,405
"Morganza_all/007920@29.5993400130136,-90.7301016396183.jpg",1,211,269,271,155,482,424
"Morganza_all/007921@29.5992054569149,-90.7304302355016.jpg",1,143,188,382,233,525,421
"Morganza_all/007922@29.5990483035661,-90.7305213012295.jpg",1,125,281,306,113,431,394
"Morganza_all/007923@29.598941157253,-90.7305793092745.jpg",5,261,291,92,99,353,390
"Morganza_all/007924@29.5988181771508,-90.730309659879.jpg",2,0,264,519,144,519,408
"Morganza_all/007925@29.5987764673868,-90.7305803005396.jpg",1,127,262,206,154,333,416
"Morganza_all/007926@29.5988130240999,-90.7307439882673.jpg",1,73,260,414,149,487,409
"Morganza_all/007927@29.5991304759489,-90.7312583151779.jpg",1,170,240,345,191,515,431
"Morganza_all/007928@29.5993447213547,-90.7311259064753.jpg",1,211,268,359,115,570,383
"Morganza_all/007929@29.5993647297478,-90.7308062130351.jpg",3,188,287,242,122,430,409
"Morganza_all/007930@29.5995162120392,-90.7310429364831.jpg",1,172,262,407,128,579,390
"Morganza_all/007932@29.5996718319637,-90.7306240935085.jpg",3,70,261,391,136,461,397
"Morganza_all/007933@29.5997732597328,-90.7308775126283.jpg",1,257,256,283,142,540,398
"Morganza_all/007935@29.5998576491646,-90.7305410361467.jpg",1,109,236,345,202,454,438
"Morganza_all/007936@29.6000090666926,-90.7307695479587.jpg",5,253,295,87,82,340,377
"Morganza_all/007937@29.5999503554866,-90.7304585075617.jpg",1,230,221,349,209,579,430
"Morganza_all/007938@29.6000719417251,-90.7304250187888.jpg",1,208,270,257,132,465,402
"Morganza_all/007939@29.600130351624,-90.7306704848039.jpg",1,120,266,447,150,567,416
"Morganza_all/007942@29.5985258573476,-90.728935939273.jpg",1,16,206,601,230,617,436
"Morganza_all/007943@29.5988263087433,-90.7288685816915.jpg",3,62,160,386,273,448,433
"Morganza_all/007944@29.5989837733511,-90.7288512372711.jpg",1,112,182,326,247,438,429
"Morganza_all/007945@29.5991410867914,-90.7288011057527.jpg",1,106,131,404,316,510,447
"Morganza_all/007946@29.5994490930724,-90.7288156404154.jpg",2,301,219,340,223,641,442
"Morganza_all/007947@29.5996201667199,-90.7286425487791.jpg",3,128,157,351,233,479,390
"Morganza_all/007948@29.5997631051304,-90.7285761093431.jpg",5,263,284,87,81,350,365
"Morganza_all/007949@29.5999279461978,-90.7286079020727.jpg",1,223,278,242,129,465,407
"Morganza_all/007950@29.6000423444168,-90.7285662416705.jpg",1,165,273,293,127,458,400
"Morganza_all/007952@29.5988459335276,-90.7284669220899.jpg",1,173,224,231,178,404,402
"Morganza_all/007953@29.5990677796036,-90.7284328256531.jpg",1,214,274,207,133,421,407
"Morganza_all/007954@29.5992252818963,-90.7284236615404.jpg",1,188,285,366,136,554,421
"Morganza_all/007955@29.5993395666741,-90.7283574266222.jpg",1,301,265,129,150,430,415
"Morganza_all/007956@29.5994608497855,-90.7282583612083.jpg",2,143,218,498,312,641,530
"Morganza_all/007957@29.5995614125732,-90.7283232983092.jpg",2,5,70,524,419,529,489
"Morganza_all/007959@29.5983430712952,-90.7281258144664.jpg",2,152,173,489,254,641,427
"Morganza_all/007960@29.5986146690654,-90.7280094472934.jpg",5,308,281,102,86,410,367
"Morganza_all/007962@29.5992657283891,-90.7278743913277.jpg",1,139,116,502,334,641,450
"Morganza_all/007963@29.5994444423936,-90.7278077661704.jpg",1,21,158,444,327,465,485
"Morganza_all/007964@29.5994882552754,-90.7279877727035.jpg",3,86,270,457,201,543,471
"Morganza_all/007965@29.5996878025791,-90.7277817192724.jpg",2,117,1,524,449,641,450
"Morganza_all/007966@29.599916560546,-90.7276901841283.jpg",1,128,185,365,247,493,432
"Morganza_all/007967@29.5983629587359,-90.7277815178018.jpg",2,16,250,625,181,641,431
"Morganza_all/007973@29.5991345431819,-90.7273835224758.jpg",2,189,282,452,146,641,428
"Morganza_all/007974@29.5991497029789,-90.7275637015958.jpg",2,0,282,604,137,604,419
"Morganza_all/007975@29.5989495127406,-90.7276304883573.jpg",1,139,280,208,161,347,441
"Morganza_all/007976@29.5987636216571,-90.7276971569075.jpg",1,227,277,224,182,451,459
"Morganza_all/007977@29.5989557158317,-90.7274255736814.jpg",1,278,286,193,162,471,448
"Morganza_all/007978@29.5988269533345,-90.7274591406109.jpg",1,161,276,209,147,370,423
"Morganza_all/007979@29.59869818038,-90.727484494831.jpg",1,88,279,251,190,339,469
"Morganza_all/007981@29.5982724802867,-90.7267987493654.jpg",2,1,201,640,149,641,350
"Morganza_all/007982@29.5984866454874,-90.7266499703091.jpg",1,320,281,245,101,565,382
"Morganza_all/007983@29.5993284443249,-90.7274970757948.jpg",3,120,160,371,241,491,401
"Morganza_all/007984@29.5994927933529,-90.7274223240847.jpg",1,258,289,143,102,401,391
"Morganza_all/007985@29.5996573971255,-90.7273967527778.jpg",1,172,165,392,240,564,405
"Morganza_all/007986@29.5989939970986,-90.7264092629659.jpg",1,181,235,199,158,380,393
"Morganza_all/007987@29.5993019002647,-90.7264073968712.jpg",3,109,290,284,81,393,371
"Morganza_all/007988@29.5994089584637,-90.7263248093743.jpg",3,213,251,190,123,403,374
"Morganza_all/007989@29.5995377310456,-90.7262994220174.jpg",3,121,246,246,119,367,365
"Morganza_all/007990@29.5996878559614,-90.7262411484846.jpg",3,164,207,279,186,443,393
"Morganza_all/007991@29.5998169321401,-90.7262813354706.jpg",3,279,270,209,92,488,362
"Morganza_all/007992@29.5999380894979,-90.7261495110689.jpg",1,170,236,249,156,419,392
"Morganza_all/007993@29.5999001133844,-90.7272314060435.jpg",2,0,268,641,113,641,381
"Morganza_all/007995@29.5995691303521,-90.7253486914344.jpg",1,214,222,358,153,572,375
"Morganza_all/007996@29.5997765726131,-90.7252982497419.jpg",1,212,245,318,133,530,378
"Morganza_all/007997@29.5998721172166,-90.7242815815108.jpg",3,109,268,344,136,453,404
"Morganza_all/007998@29.5997883524953,-90.7247491808448.jpg",1,159,277,312,121,471,398
"Morganza_all/007999@29.5994734242234,-90.7247838513446.jpg",2,4,240,364,167,368,407
"Morganza_all/008000@29.5994715220009,-90.7243741378904.jpg",1,148,203,231,183,379,386
"Morganza_all/008001@29.5991631802935,-90.7258346369809.jpg",1,202,261,396,162,598,423
"Morganza_all/008002@29.5991038495066,-90.7253924854658.jpg",1,24,210,561,161,585,371
"Morganza_all/008003@29.5987985770862,-90.7259679372556.jpg",3,138,226,289,191,427,417
"Morganza_all/008004@29.598602803383,-90.7254447088764.jpg",1,172,168,332,242,504,410
"Morganza_all/008005@29.598369403073,-90.7260770845139.jpg",2,5,182,636,205,641,387
"Morganza_all/008006@29.5983250835287,-90.7257823584254.jpg",1,25,230,449,132,474,362
"Morganza_all/008007@29.5982165066656,-90.7255371726433.jpg",1,174,216,429,148,603,364
"Morganza_all/008008@29.5981572129705,-90.7251032378957.jpg",1,40,246,471,170,511,416
"Morganza_all/008009@29.5982132762294,-90.7248406905239.jpg",3,103,244,537,114,640,358
"Morganza_all/008010@29.5982260814987,-90.7245128304896.jpg",1,50,214,522,223,572,437
"Morganza_all/008011@29.5984480786498,-90.7245114808489.jpg",1,90,317,298,82,388,399
"Morganza_all/008012@29.5985076299917,-90.7249945965845.jpg",1,150,229,319,176,469,405
"Morganza_all/008013@29.5986647898222,-90.7249116723648.jpg",3,169,243,282,139,451,382
"Morganza_all/008014@29.5985986213757,-90.7245433533996.jpg",3,190,253,248,144,438,397
"Morganza_all/008015@29.5987702981367,-90.7245013406648.jpg",1,73,265,354,126,427,391
"Morganza_all/008016@29.5989008857309,-90.7248610875857.jpg",1,197,252,282,132,479,384
"Morganza_all/008017@29.599137030056,-90.7248268647876.jpg",3,207,228,333,178,540,406
"Morganza_all/008018@29.5990279083755,-90.7244588053009.jpg",3,95,254,326,147,421,401
"Morganza_all/008019@29.5983525974762,-90.7239958280488.jpg",1,226,173,356,208,582,381
"Morganza_all/008020@29.5993334026128,-90.7239324967755.jpg",3,183,257,287,118,470,375
"Morganza_all/008021@29.5994835264776,-90.7238742198134.jpg",3,120,196,351,206,471,402
"Morganza_all/008022@29.5996338894582,-90.7238733047058.jpg",3,157,223,325,157,482,380
"Morganza_all/008023@29.5998271080247,-90.7238393405877.jpg",3,140,237,370,151,510,388
"Morganza_all/008024@29.599581091905,-90.7233000229448.jpg",1,216,216,325,147,541,363
"Morganza_all/008025@29.59923743423,-90.723318510402.jpg",3,102,216,393,155,495,371
"Morganza_all/008027@29.5995142213893,-90.7227759782464.jpg",1,40,153,454,259,494,412
"Morganza_all/008029@29.5996384489142,-90.7217754975815.jpg",1,41,194,355,248,396,442
"Morganza_all/008030@29.5994381468701,-90.7218176901596.jpg",1,18,177,345,235,363,412
"Morganza_all/008031@29.5992735060306,-90.7218350895445.jpg",1,184,228,227,195,411,423
"Morganza_all/008032@29.5995080715453,-90.7214567200742.jpg",1,224,176,297,251,521,427
"Morganza_all/008033@29.5994988287974,-90.7210142947415.jpg",3,199,216,317,173,516,389
"Morganza_all/008034@29.5995123518755,-90.7208421217849.jpg",3,160,212,363,187,523,399
"Morganza_all/008035@29.5991689624805,-90.7209179792519.jpg",1,81,204,292,185,373,389
"Morganza_all/008036@29.5993866405886,-90.7215230066596.jpg",1,230,183,318,240,548,423
"Morganza_all/008037@29.599243132268,-90.7214665516149.jpg",1,211,192,323,223,534,415
"Morganza_all/008039@29.5986878648701,-90.7221746306418.jpg",3,131,210,367,161,498,371
"Morganza_all/008045@29.5988937277791,-90.7233206040878.jpg",3,189,264,362,100,551,364
"Morganza_all/008046@29.5986936645741,-90.7234201547513.jpg",3,115,271,319,86,434,357
"Morganza_all/008047@29.5984000225759,-90.7234137304995.jpg",1,15,93,517,299,532,392
"Morganza_all/008049@29.5991997476164,-90.7198443147828.jpg",1,142,233,363,192,505,425
"Morganza_all/008050@29.5993777563982,-90.7196219836109.jpg",4,284,254,102,93,386,347
"Morganza_all/008052@29.5994295735693,-90.7199822088897.jpg",6,267,287,119,87,386,374
"Morganza_all/008053@29.5994446777792,-90.7201542065385.jpg",1,187,265,262,128,449,393
"Morganza_all/008054@29.5996391980315,-90.7203988320532.jpg",1,217,218,297,169,514,387
"Morganza_all/008055@29.5997537244416,-90.718857590531.jpg",5,269,252,84,83,353,335
"Morganza_all/008057@29.5995929568043,-90.7181702467731.jpg",2,1,72,574,346,575,418
"Morganza_all/008058@29.5996416751184,-90.7178749486736.jpg",2,252,71,389,415,641,486
"Morganza_all/008059@29.599684870763,-90.7148755426812.jpg",1,119,209,190,161,309,370
"Morganza_all/008060@29.5996771136766,-90.7147526507487.jpg",1,98,226,271,150,369,376
"Morganza_all/008061@29.5996190606616,-90.7145891316104.jpg",1,87,193,250,187,337,380
"Morganza_all/008062@29.5996676823838,-90.7142692568597.jpg",1,76,227,269,161,345,388
"Morganza_all/008063@29.5995693715827,-90.7131635959873.jpg",2,3,184,638,250,641,434
"Morganza_all/008064@29.5995879398637,-90.7125489081559.jpg",1,37,258,426,145,463,403
"Morganza_all/008066@29.5995789255625,-90.7106478820891.jpg",1,232,273,338,146,570,419
"Morganza_all/008067@29.6008502539505,-90.7369056291317.jpg",1,7,255,248,122,255,377
"Morganza_all/008068@29.6010309228761,-90.7363189216551.jpg",4,274,280,84,84,358,364
"Morganza_all/008071@29.6005453935613,-90.7353778122867.jpg",3,138,286,414,119,552,405
"Morganza_all/008072@29.600513885608,-90.7351682113346.jpg",1,175,267,221,162,396,429
"Morganza_all/008075@29.6002598502296,-90.7347414353469.jpg",3,203,271,344,151,547,422
"Morganza_all/008076@29.6001597540819,-90.7345672047978.jpg",3,219,282,376,125,595,407
"Morganza_all/008077@29.6000825642875,-90.7343928690599.jpg",1,57,252,558,178,615,430
"Morganza_all/008078@29.5998822510304,-90.7340181986682.jpg",2,224,241,417,210,641,451
"Morganza_all/008079@29.5997973758639,-90.7338351621346.jpg",1,214,291,397,121,611,412
"Morganza_all/008080@29.5996668074356,-90.7336786111534.jpg",1,11,283,422,137,433,420
"Morganza_all/008081@29.5993474584206,-90.7340039353615.jpg",2,4,267,465,163,469,430
"Morganza_all/008082@29.5995781106885,-90.7343259676122.jpg",2,0,258,412,123,412,381
"Morganza_all/008083@29.5996404104708,-90.7345878054454.jpg",4,248,262,121,88,369,350
"Morganza_all/008086@29.6000029838181,-90.735363555643.jpg",1,120,259,401,143,521,402
"Morganza_all/008087@29.5994527701232,-90.7353144179871.jpg",1,98,233,543,206,641,439
"Morganza_all/008088@29.5992248312035,-90.7355867362168.jpg",1,46,243,540,210,586,453
"Morganza_all/008089@29.5993868521803,-90.7359353926765.jpg",1,65,237,372,168,437,405
"Morganza_all/008090@29.5990547135765,-90.7351332204859.jpg",1,23,247,379,179,402,426
"Morganza_all/008091@29.5992526713718,-90.7349922013218.jpg",5,230,288,92,107,322,395
"Morganza_all/008092@29.5987227174443,-90.7343572955698.jpg",2,1,195,640,316,641,511
"Morganza_all/008093@29.5987126759966,-90.7338329080403.jpg",2,0,222,641,226,641,448
"Morganza_all/008094@29.5986420503325,-90.7334225395392.jpg",1,149,254,225,147,374,401
"Morganza_all/008095@29.5978758702189,-90.7329201812139.jpg",1,26,265,313,203,339,468
"Morganza_all/008096@29.5979899769938,-90.7328145894336.jpg",1,152,168,429,283,581,451
"Morganza_all/008097@29.598136916103,-90.7332070338795.jpg",1,110,212,273,241,383,453
"Morganza_all/008098@29.5981570208248,-90.7325950874596.jpg",1,104,251,389,211,493,462
"Morganza_all/008099@29.5980949172417,-90.7323769283992.jpg",1,65,276,272,103,337,379
"Morganza_all/008101@29.5979199488584,-90.7325353082773.jpg",1,9,101,380,319,389,420
"Morganza_all/008102@29.5973683825419,-90.7272156721499.jpg",2,1,183,301,301,302,484
"Morganza_all/008103@29.5974072650268,-90.7273640184432.jpg",4,266,303,129,104,395,407
"Morganza_all/008106@29.5975699263255,-90.7278525173501.jpg",4,302,299,98,81,400,380
"Morganza_all/008107@29.5975021883212,-90.7280714257973.jpg",1,79,248,289,169,368,417
"Morganza_all/008108@29.5975336268892,-90.72826352368.jpg",1,118,282,352,107,470,389
"Morganza_all/008109@29.5975727905279,-90.7284730700484.jpg",1,186,262,257,153,443,415
"Morganza_all/008110@29.5976117522748,-90.7286389116793.jpg",1,158,251,236,179,394,430
"Morganza_all/008112@29.5977300453978,-90.729442309094.jpg",5,250,293,129,106,379,399
"Morganza_all/008113@29.5977999191835,-90.7296866298622.jpg",2,106,223,535,254,641,477
"Morganza_all/008115@29.5973715855862,-90.7295668412364.jpg",1,195,212,390,252,585,464
"Morganza_all/008116@29.5971004974772,-90.728755621508.jpg",1,225,200,274,141,499,341
"Morganza_all/008117@29.5971147034664,-90.7301802096315.jpg",1,194,284,206,158,400,442
"Morganza_all/008118@29.5979080283537,-90.7299394366614.jpg",5,267,337,118,115,385,452
"Morganza_all/008119@29.5979469480012,-90.7300965321148.jpg",5,252,321,90,93,342,414
"Morganza_all/008120@29.5980580695066,-90.7310048847561.jpg",1,28,292,334,142,362,434
"Morganza_all/008121@29.5981275389628,-90.7311617971514.jpg",1,130,264,207,152,337,416
"Morganza_all/008122@29.5981361595438,-90.731380277025.jpg",2,4,204,302,241,306,445
"Morganza_all/008123@29.5982750170922,-90.7316766081341.jpg",1,288,270,141,148,429,418
"Morganza_all/008124@29.598367820652,-90.7319207940598.jpg",1,209,265,144,125,353,390
"Morganza_all/008125@29.5984525508053,-90.7320776159441.jpg",1,254,289,215,126,469,415
"Morganza_all/008126@29.5984988720587,-90.7321822145482.jpg",1,225,287,182,122,407,409
"Morganza_all/008127@29.5985071578849,-90.7323220319083.jpg",1,129,261,224,152,353,413
"Morganza_all/008128@29.5986149416072,-90.7325049273686.jpg",1,265,283,202,106,467,389
"Morganza_all/008129@29.5984143336792,-90.730408378065.jpg",1,85,296,406,103,491,399
"Morganza_all/008130@29.5984914887072,-90.7305739919418.jpg",2,184,152,457,390,641,542
"Morganza_all/008131@29.5985381728438,-90.7307572846209.jpg",2,2,201,359,347,361,548
"Morganza_all/008132@29.5985618422642,-90.7309231892471.jpg",2,1,262,363,201,364,463
"Morganza_all/008133@29.5987946410918,-90.7317171928493.jpg",2,0,170,634,303,634,473
"Morganza_all/008134@29.599064949915,-90.7323623910117.jpg",2,6,288,411,204,417,492
"Morganza_all/008135@29.5991805384016,-90.7325801998531.jpg",1,67,198,378,280,445,478
"Morganza_all/008136@29.5986690799006,-90.7326531860178.jpg",1,105,290,387,131,492,421
"Morganza_all/008138@29.5981863530858,-90.7290025252076.jpg",2,6,160,391,354,397,514
"Morganza_all/008139@29.5981315786227,-90.7287231540268.jpg",2,4,157,314,284,318,441
"Morganza_all/008140@29.5980455138599,-90.7282779259372.jpg",1,21,228,370,204,391,432
"Morganza_all/008141@29.598013846059,-90.7280421221585.jpg",1,43,286,442,195,485,481
"Morganza_all/008142@29.597927213458,-90.727474495902.jpg",2,4,248,637,206,641,454
"Morganza_all/008143@29.5978569315995,-90.7271427978208.jpg",2,1,218,468,229,469,447
"Morganza_all/008144@29.5977699845264,-90.7265140053247.jpg",2,6,176,337,295,343,471
"Morganza_all/008145@29.5977298058638,-90.726085934569.jpg",2,11,235,466,205,477,440
"Morganza_all/008146@29.5976905850012,-90.7258589255457.jpg",1,196,226,411,190,607,416
"Morganza_all/008147@29.597673959161,-90.7255706098513.jpg",3,194,281,326,120,520,401
"Morganza_all/008148@29.5970560480365,-90.7257491519497.jpg",4,259,279,176,135,435,414
"Morganza_all/008149@29.5973049359593,-90.7267091107512.jpg",2,2,179,639,310,641,489
"Morganza_all/008150@29.5970901481859,-90.7298220258807.jpg",2,1,244,340,166,341,410
"Morganza_all/008151@29.597250266543,-90.7297598600073.jpg",3,140,185,282,224,422,409
"Morganza_all/008153@29.597759751856,-90.7251245944122.jpg",1,134,264,323,180,457,444
"Morganza_all/008154@29.5971073269532,-90.7249646832703.jpg",2,1,237,474,183,475,420
"Morganza_all/008155@29.5977301858063,-90.7249281119128.jpg",1,162,279,259,132,421,411
"Morganza_all/008156@29.5976430735113,-90.7246746483774.jpg",1,156,297,305,115,461,412
"Morganza_all/008163@29.5973323364014,-90.7225296249436.jpg",5,286,273,111,87,397,360
"Morganza_all/008165@29.5972623706793,-90.7228824055651.jpg",1,194,152,273,286,467,438
"Morganza_all/008166@29.5972705883937,-90.7231118040056.jpg",2,7,94,345,326,352,420
"Morganza_all/008168@29.5980243189713,-90.7219600227488.jpg",3,102,87,539,397,641,484
"Morganza_all/008169@29.5974727618497,-90.7219306025702.jpg",2,1,143,476,308,477,451
"Morganza_all/008170@29.5976203617251,-90.7213315346554.jpg",2,2,0,639,462,641,462
"Morganza_all/008171@29.5977042290529,-90.7208885167738.jpg",2,4,3,623,512,627,515
"Morganza_all/008172@29.59781732313,-90.7205682567932.jpg",4,260,256,109,120,369,376
"Morganza_all/008173@29.5978809482785,-90.7203957800083.jpg",2,3,167,441,289,444,456
"Morganza_all/008174@29.5984821378158,-90.7203183436236.jpg",1,47,233,594,185,641,418
"Morganza_all/008175@29.598099802643,-90.7197225143665.jpg",1,21,200,339,230,360,430
"Morganza_all/008177@29.5988003699277,-90.7194560132449.jpg",1,255,275,205,126,460,401
"Morganza_all/008179@29.5984600618981,-90.7186632324623.jpg",1,230,220,335,254,565,474
"Morganza_all/008181@29.5986143625537,-90.7179657806319.jpg",2,0,70,477,403,477,473
"Morganza_all/008182@29.5989896437613,-90.7185862248048.jpg",1,217,298,165,92,382,390
"Morganza_all/008185@29.599143108653,-90.7177166846416.jpg",2,6,238,628,213,634,451
"Morganza_all/008186@29.598711313603,-90.7172604667471.jpg",4,311,298,88,82,399,380
"Morganza_all/008187@29.598745653476,-90.7169488653683.jpg",1,37,146,365,278,402,424
"Morganza_all/008189@29.5992046787597,-90.717101735787.jpg",1,195,274,191,106,386,380
"Morganza_all/008190@29.5992244491872,-90.7167328592468.jpg",1,176,284,422,89,598,373
"Morganza_all/008191@29.5981874304302,-90.7109622589569.jpg",1,213,257,276,111,489,368
"Morganza_all/008192@29.5979089392286,-90.7126438339337.jpg",1,51,241,360,168,411,409
"Morganza_all/008193@29.597751593088,-90.7126857778423.jpg",1,209,195,320,200,529,395
"Morganza_all/008196@29.596707323745,-90.7197841289556.jpg",2,2,118,639,432,641,550
"Morganza_all/008197@29.596856141699,-90.719447258306.jpg",2,4,63,637,401,641,464
"Morganza_all/008198@29.5970708740814,-90.7194213672515.jpg",1,206,212,309,177,515,389
"Morganza_all/008199@29.5973355555864,-90.7193623824902.jpg",1,290,218,271,175,561,393
"Morganza_all/008200@29.5979290958561,-90.7191784433419.jpg",2,4,27,637,420,641,447
"Morganza_all/008201@29.5978297182523,-90.7193675339635.jpg",2,12,54,629,421,641,475
"Morganza_all/008202@29.5978450041013,-90.719572283743.jpg",2,4,167,637,315,641,482
"Morganza_all/008203@29.5976149091236,-90.719377032065.jpg",2,6,108,635,342,641,450
"Morganza_all/008204@29.5977026837252,-90.719769818061.jpg",2,5,174,473,308,478,482
"Morganza_all/008208@29.5972579744672,-90.7211491709791.jpg",3,4,19,637,480,641,499
"Morganza_all/008210@29.5970519871381,-90.7215109959062.jpg",3,1,127,426,227,427,354
"Morganza_all/008211@29.5966160492395,-90.7217021066182.jpg",5,279,276,93,90,372,366
"Morganza_all/008213@29.5965355831279,-90.7213420656749.jpg",1,164,279,437,144,601,423
"Morganza_all/008214@29.5964083132753,-90.7216951943269.jpg",2,170,234,471,261,641,495
"Morganza_all/008215@29.5962723917604,-90.7217205990114.jpg",1,148,107,478,304,626,411
"Morganza_all/008216@29.5959071921185,-90.7217310418431.jpg",3,27,45,471,393,498,438
"Morganza_all/008217@29.5958763099079,-90.7212477652944.jpg",1,103,174,417,205,520,379
"Morganza_all/008218@29.5956492005475,-90.7216916496393.jpg",1,114,254,485,235,599,489
"Morganza_all/008219@29.5954204359346,-90.7217749822312.jpg",1,102,166,300,265,402,431
"Morganza_all/008220@29.5954194037194,-90.7215537251825.jpg",3,71,195,331,244,402,439
"Morganza_all/008221@29.595683818661,-90.7214374189007.jpg",5,278,251,99,117,377,368
"Morganza_all/008222@29.5951269467515,-90.7218013487315.jpg",2,1,110,640,385,641,495
"Morganza_all/008223@29.5946404961866,-90.7219108280899.jpg",1,26,229,583,194,609,423
"Morganza_all/008225@29.5952296825101,-90.7238738026615.jpg",2,6,221,631,161,637,382
"Morganza_all/008226@29.5951654553064,-90.7254638431191.jpg",2,10,182,631,362,641,544
"Morganza_all/008227@29.5954511496607,-90.72529823816.jpg",5,249,241,106,99,355,340
"Morganza_all/008228@29.5950273775269,-90.7250304001814.jpg",2,4,234,509,255,513,489
"Morganza_all/008229@29.5949615897449,-90.7247440272227.jpg",5,274,256,89,82,363,338
"Morganza_all/008230@29.5954838353779,-90.7246261312983.jpg",2,92,0,507,426,599,426
"Morganza_all/008231@29.595521045819,-90.7249290726806.jpg",2,7,297,634,188,641,485
"Morganza_all/008232@29.5949483861442,-90.7234412338125.jpg",2,0,0,641,479,641,479
"Morganza_all/008234@29.595057555823,-90.7222770212576.jpg",2,16,0,622,484,638,484
"Morganza_all/008236@29.5964531660786,-90.7220964205975.jpg",2,0,0,629,418,629,418
"Morganza_all/008237@29.5970224475279,-90.7228550140157.jpg",2,0,0,633,478,633,478
"Morganza_all/008238@29.596777638352,-90.7225697285774.jpg",2,0,0,631,462,631,462
"Morganza_all/008239@29.596822804296,-90.7230447102741.jpg",2,0,92,641,430,641,522
"Morganza_all/008240@29.5966370681204,-90.7231441721354.jpg",2,0,157,527,338,527,495
"Morganza_all/008241@29.5965917115792,-90.7226281927933.jpg",2,0,167,640,328,640,495
"Morganza_all/008242@29.5963913818909,-90.7226704140146.jpg",2,3,120,638,412,641,532
"Morganza_all/008243@29.5964511687358,-90.7232026664998.jpg",2,0,0,534,475,534,475
"Morganza_all/008244@29.5960907428693,-90.7226968217417.jpg",1,57,177,361,258,418,435
"Morganza_all/008245@29.5961349167265,-90.7229587538388.jpg",2,0,0,641,531,641,531
"Morganza_all/008246@29.5961433142281,-90.7232209041242.jpg",1,200,177,340,216,540,393
"Morganza_all/008247@29.595685526865,-90.7233384155393.jpg",2,259,187,380,206,639,393
"Morganza_all/008248@29.5959575779153,-90.7233203649838.jpg",1,237,234,271,196,508,430
"Morganza_all/008249@29.5956055992347,-90.7230930957313.jpg",2,0,200,326,203,326,403
"Morganza_all/008250@29.5968248249767,-90.7234789868417.jpg",2,150,277,491,102,641,379
"Morganza_all/008251@29.5968114889262,-90.7236921219301.jpg",2,0,49,638,438,638,487
"Morganza_all/008252@29.5968343641704,-90.7239869731496.jpg",2,0,22,637,465,637,487
"Morganza_all/008254@29.5962096115097,-90.7236220308929.jpg",2,132,152,509,285,641,437
"Morganza_all/008255@29.5960521475811,-90.7236393830551.jpg",3,202,199,316,210,518,409
"Morganza_all/008256@29.5959089722949,-90.7236484357153.jpg",1,170,206,331,203,501,409
"Morganza_all/008257@29.5957172287094,-90.7239937705003.jpg",2,0,182,371,272,371,454
"Morganza_all/008258@29.5957700612188,-90.7245752112595.jpg",2,2,74,505,365,507,439
"Morganza_all/008259@29.5958067394949,-90.7247634656079.jpg",1,90,206,297,205,387,411
"Morganza_all/008260@29.5958217993273,-90.7249272455357.jpg",2,0,193,551,341,551,534
"Morganza_all/008261@29.596007689018,-90.7248605738024.jpg",1,110,157,410,258,520,415
"Morganza_all/008262@29.5959848051063,-90.724557512417.jpg",1,225,158,416,295,641,453
"Morganza_all/008263@29.5961062376089,-90.7244912317628.jpg",1,198,79,443,383,641,462
"Morganza_all/008264@29.5963282727617,-90.7244980628995.jpg",2,0,0,640,502,640,502
"Morganza_all/008265@29.5967224793794,-90.7245694216883.jpg",2,0,95,641,403,641,498
"Morganza_all/008268@29.596288704229,-90.7252276103032.jpg",1,47,125,565,306,612,431
"Morganza_all/008270@29.5997014149975,-90.7214555387196.jpg",1,189,273,452,185,641,458
"Morganza_all/008273@29.596791531416,-90.7280145517525.jpg",3,178,234,235,139,413,373
"Morganza_all/008274@29.5970656710493,-90.7278293237228.jpg",2,1,201,577,211,578,412
"Morganza_all/008275@29.59709678718,-90.7279515057976.jpg",2,3,190,332,211,335,401
"Morganza_all/008276@29.5971894088366,-90.7281607280844.jpg",2,144,72,497,397,641,469
"Morganza_all/008278@29.5969710293891,-90.7271831187339.jpg",1,366,214,234,157,600,371
"Morganza_all/008279@29.5967878570107,-90.7272191857513.jpg",1,324,233,211,131,535,364
"Morganza_all/008280@29.5967356517282,-90.7274904521265.jpg",1,257,193,253,181,510,374
"Morganza_all/008281@29.5966047638556,-90.7256207728733.jpg",2,0,0,605,411,605,411
"Morganza_all/008282@29.5970782455728,-90.7187290759062.jpg",3,157,216,240,168,397,384
"Morganza_all/008283@29.5971907193895,-90.7182777013982.jpg",3,147,207,325,213,472,420
"Morganza_all/008284@29.5973542942694,-90.7180390668733.jpg",3,131,206,276,183,407,389
"Morganza_all/008285@29.5979131447425,-90.7180929957245.jpg",2,0,0,640,467,640,467
"Morganza_all/008291@29.5996153058527,-90.7299631963659.jpg",1,219,270,422,162,641,432
"Morganza_all/008292@29.5977692830162,-90.7326501817851.jpg",2,2,130,420,332,422,462
"Morganza_all/008296@29.5979059348241,-90.7316381085965.jpg",2,247,92,394,452,641,544
"Morganza_all/008297@29.5978040581491,-90.7316220752227.jpg",4,282,302,106,92,388,394
"Morganza_all/008299@29.5975281326965,-90.7317069288455.jpg",3,181,204,403,345,584,549
"Morganza_all/008300@29.5979071252396,-90.7319095584216.jpg",2,40,232,601,201,641,433
"Morganza_all/008302@29.5981887357247,-90.7324167992871.jpg",1,159,268,258,174,417,442
"Morganza_all/008303@29.5979174219733,-90.7316184677382.jpg",2,199,83,442,543,641,626
"Morganza_all/008306@29.5980351827735,-90.7319079083041.jpg",1,70,226,260,164,330,390
"Morganza_all/008310@29.5979059348241,-90.7316381085965.jpg",2,217,65,424,524,641,589
"Morganza_all/008313@29.5979071252396,-90.7319095584216.jpg",2,34,221,607,221,641,442
"Morganza_all/008314@29.5992430817557,-90.7179712312318.jpg",1,96,259,260,216,356,475
"Morganza_all/008317@29.5979059348241,-90.7316381085965.jpg",2,243,72,398,540,641,612
"Morganza_all/008320@29.5979071252396,-90.7319095584216.jpg",2,34,226,607,219,641,445
"Morganza_all/008322@29.5995792523849,-90.7195412643247.jpg",2,2,204,566,186,568,390
"Morganza_all/008324@29.5988545026758,-90.7205465233217.jpg",3,47,223,243,172,290,395
"Morganza_all/008325@29.5983720283589,-90.7230178367599.jpg",2,0,183,485,231,485,414
"Morganza_all/008335@29.5988285354367,-90.7276527744763.jpg",1,148,275,260,164,408,439
"Morganza_all/008336@29.599178135541,-90.7274680606014.jpg",2,211,284,430,139,641,423
"Morganza_all/008337@29.599102308444,-90.7273109673052.jpg",2,6,278,545,144,551,422
"Morganza_all/008341@29.6014948545011,-90.7359298656874.jpg",5,297,274,83,82,380,356
"Morganza_all/008342@29.601364423541,-90.7360624593.jpg",1,91,279,488,136,579,415
"Morganza_all/008344@29.5983670887002,-90.7320550014595.jpg",1,116,286,220,125,336,411
"Morganza_all/008345@29.5982795506959,-90.7317596828489.jpg",1,137,291,195,143,332,434
"Morganza_all/008349@29.5994486286094,-90.7204286958956.jpg",1,141,266,233,120,374,386
"Morganza_all/008350@29.5996129190231,-90.7247698191751.jpg",3,150,263,255,139,405,402
"Morganza_all/008352@29.5990143584499,-90.7240223237524.jpg",3,32,177,385,180,417,357
"Morganza_all/008353@29.5987211081187,-90.7285313637076.jpg",1,140,281,355,117,495,398
"Morganza_all/008355@29.5989705802876,-90.7266794173616.jpg",1,332,234,263,176,595,410
"Morganza_all/008364@29.6110886537239,-90.7423941138953.jpg",1,266,199,238,203,504,402
"Morganza_all/008365@29.6109610319939,-90.7426817167079.jpg",3,122,183,252,217,374,400
"Morganza_all/008366@29.6108052629821,-90.7430760107344.jpg",3,209,227,295,177,504,404
"Morganza_all/008367@29.6108426675582,-90.7418382944058.jpg",1,202,168,181,212,383,380
"Morganza_all/008368@29.6106796131245,-90.7422080542509.jpg",1,151,189,210,185,361,374
"Morganza_all/008369@29.6104600160242,-90.7427420417467.jpg",2,2,138,504,313,506,451
"Morganza_all/008370@29.6103964078264,-90.7429309215336.jpg",1,239,210,112,164,351,374
"Morganza_all/008371@29.6103399025884,-90.7431033319404.jpg",5,222,252,82,86,304,338
"Morganza_all/008375@29.6096763810366,-90.743656325703.jpg",1,161,282,208,96,369,378
"Morganza_all/008377@29.6098528444266,-90.7430816250922.jpg",3,50,281,319,102,369,383
"Morganza_all/008379@29.6101437542715,-90.7424816692259.jpg",2,12,264,571,211,583,475
"Morganza_all/008380@29.6091673304285,-90.7435200080384.jpg",1,254,255,230,85,484,340
"Morganza_all/008381@29.6093669020795,-90.7433139656446.jpg",3,172,270,467,139,639,409
"Morganza_all/008382@29.609494451396,-90.7430099729893.jpg",3,159,287,462,123,621,410
"Morganza_all/008383@29.6095580598513,-90.7428211264227.jpg",1,220,247,406,166,626,413
"Morganza_all/008384@29.6096432921079,-90.7426649119546.jpg",1,204,271,437,139,641,410
"Morganza_all/008385@29.6096997597633,-90.7424842891352.jpg",1,198,292,410,115,608,407
"Morganza_all/008387@29.6098621962003,-90.7419834026951.jpg",1,144,285,374,122,518,407
"Morganza_all/008388@29.6099690054197,-90.7418434553123.jpg",1,62,287,413,111,475,398
"Morganza_all/008389@29.6100397987813,-90.7416627467853.jpg",1,160,290,389,108,549,398
"Morganza_all/008390@29.6101106288217,-90.7414902199318.jpg",1,138,279,353,116,491,395
"Morganza_all/008391@29.6102784883518,-90.7421858443535.jpg",3,21,276,620,182,641,458
"Morganza_all/008392@29.6103062646316,-90.74199717592.jpg",1,66,291,375,116,441,407
"Morganza_all/008393@29.6103558034164,-90.7418657483976.jpg",1,156,297,325,112,481,409
"Morganza_all/008394@29.6105127151935,-90.7417255041744.jpg",1,114,298,359,87,473,385
"Morganza_all/008395@29.6235301542034,-90.7502284286794.jpg",1,190,283,326,96,516,379
"Morganza_all/008396@29.6237055270793,-90.7503417839965.jpg",1,62,273,289,105,351,378
"Morganza_all/008397@29.6239897552254,-90.7505879248678.jpg",2,0,243,554,145,554,388
"Morganza_all/008398@29.6237660687646,-90.7508465589146.jpg",1,7,278,443,145,450,423
"Morganza_all/008399@29.6240750954541,-90.7510544104457.jpg",1,59,283,430,114,489,397
"Morganza_all/008400@29.6242590958912,-90.7512344430239.jpg",2,1,259,612,167,613,426
"Morganza_all/008401@29.6248420011081,-90.7512405591478.jpg",1,24,295,341,92,365,387
"Morganza_all/008402@29.6250756704024,-90.7513535788376.jpg",2,1,281,398,113,399,394
"Morganza_all/008403@29.6248106030101,-90.751669643404.jpg",1,34,287,393,111,427,398
"Morganza_all/008404@29.6250948011537,-90.7519157909217.jpg",2,3,261,472,159,475,420
"Morganza_all/008405@29.606922124115,-90.7407176568663.jpg",1,330,342,281,113,611,455
"Morganza_all/008408@29.605681475743,-90.7419214594566.jpg",3,252,261,244,90,496,351
"Morganza_all/008410@29.6053931633368,-90.7415052315773.jpg",1,90,248,475,118,565,366
"Morganza_all/008413@29.6056052819996,-90.7409057324903.jpg",4,149,274,286,109,435,383
"Morganza_all/008414@29.6056972818391,-90.7406593569651.jpg",3,33,284,449,89,482,373
"Morganza_all/008415@29.6058246863769,-90.7403307960288.jpg",4,172,220,250,163,422,383
"Morganza_all/008416@29.6059454595157,-90.7401170076604.jpg",2,192,279,317,101,509,380
"Morganza_all/008417@29.6060587117707,-90.739821319303.jpg",1,248,236,370,186,618,422
"Morganza_all/008418@29.6055492215719,-90.7395949032396.jpg",1,40,279,469,90,509,369
"Morganza_all/008419@29.6054502224658,-90.7398741108793.jpg",1,170,253,300,125,470,378
"Morganza_all/008420@29.6053083809197,-90.7401781484863.jpg",1,176,253,351,107,527,360
"Morganza_all/008421@29.6051526935192,-90.7405888186642.jpg",1,155,242,486,123,641,365
"Morganza_all/008422@29.6048974107573,-90.7411475994246.jpg",1,101,273,540,95,641,368
"Morganza_all/008425@29.6043862191271,-90.7405442026855.jpg",1,222,275,147,86,369,361
"Morganza_all/008428@29.6039832037914,-90.7401040557451.jpg",1,159,265,252,103,411,368
"Morganza_all/008429@29.6038466581181,-90.7399983460573.jpg",1,92,260,349,125,441,385
"Morganza_all/008430@29.6035805580786,-90.7397458836302.jpg",2,203,231,438,166,641,397
"Morganza_all/008431@29.603357596113,-90.7395341376396.jpg",4,264,239,82,88,346,327
"Morganza_all/008432@29.6036217298952,-90.7393522925643.jpg",1,219,262,256,131,475,393
"Morganza_all/008433@29.603721247661,-90.7391877865269.jpg",1,158,249,465,148,623,397
"Morganza_all/008434@29.6038277664163,-90.7389904806034.jpg",1,204,254,357,154,561,408
"Morganza_all/008435@29.6039058073609,-90.7388261328395.jpg",1,222,243,316,150,538,393
"Morganza_all/008436@29.603991109223,-90.7386863181116.jpg",1,223,249,307,146,530,395
"Morganza_all/008437@29.6040477572582,-90.7385466733407.jpg",1,146,254,356,146,502,400
"Morganza_all/008438@29.6041330215586,-90.73839864527.jpg",1,183,237,343,169,526,406
"Morganza_all/008439@29.6042539403718,-90.7382176469142.jpg",1,171,215,422,186,593,401
"Morganza_all/008440@29.6043032150975,-90.7380288923585.jpg",1,233,247,205,151,438,398
"Morganza_all/008441@29.6043812546929,-90.7378645115978.jpg",1,262,250,256,123,518,373
"Morganza_all/008442@29.6050572972968,-90.7384997052688.jpg",1,127,212,329,170,456,382
"Morganza_all/008443@29.604950779284,-90.7386970141369.jpg",1,103,221,409,188,512,409
"Morganza_all/008444@29.6048799529069,-90.7388695340762.jpg",1,103,243,450,150,553,393
"Morganza_all/008445@29.6047733696163,-90.7390586294053.jpg",1,112,212,434,189,546,401
"Morganza_all/008446@29.6046811405331,-90.7392476706382.jpg",1,95,232,488,161,583,393
"Morganza_all/008447@29.6046031733187,-90.7394284137698.jpg",1,108,236,410,156,518,392
"Morganza_all/008448@29.6045181304167,-90.7396255934214.jpg",1,137,240,413,157,550,397
"Morganza_all/008449@29.6039378028609,-90.7395634866025.jpg",1,216,242,302,133,518,375
"Morganza_all/008450@29.6040587974004,-90.7393988528738.jpg",1,114,265,341,116,455,381
"Morganza_all/008451@29.6041440628055,-90.7392508569794.jpg",1,87,267,293,121,380,388
"Morganza_all/008452@29.6042364404938,-90.7390946054902.jpg",3,71,280,344,113,415,393
"Morganza_all/008453@29.6043071928485,-90.7389056924439.jpg",1,79,282,344,117,423,399
"Morganza_all/008454@29.6043925320347,-90.7387740901513.jpg",1,113,255,271,144,384,399
"Morganza_all/008455@29.6044990872748,-90.7385849639345.jpg",1,36,272,375,117,411,389
"Morganza_all/008456@29.6045627636085,-90.7384124869271.jpg",1,34,264,348,116,382,380
"Morganza_all/008457@29.6046337010605,-90.7382645745865.jpg",1,58,286,380,90,438,376
"Morganza_all/008458@29.6047260679316,-90.7381001397721.jpg",1,68,259,362,115,430,374
"Morganza_all/008461@29.6032737234723,-90.7384119635587.jpg",1,171,240,376,155,547,395
"Morganza_all/008464@29.6035367300235,-90.7379760833314.jpg",1,136,255,455,144,591,399
"Morganza_all/008465@29.6036576109539,-90.7377868726759.jpg",1,38,273,388,128,426,401
"Morganza_all/008466@29.6037072944799,-90.7376882403484.jpg",1,158,240,285,169,443,409
"Morganza_all/008467@29.6038068103008,-90.7375237639836.jpg",1,217,191,424,243,641,434
"Morganza_all/008468@29.6038919245614,-90.7373429782535.jpg",1,79,226,431,211,510,437
"Morganza_all/008469@29.6030858435491,-90.736462749659.jpg",1,234,266,266,115,500,381
"Morganza_all/008470@29.6029789557036,-90.7365781174971.jpg",3,249,294,270,117,519,411
"Morganza_all/008473@29.6033666495574,-90.7367970563851.jpg",1,144,281,402,118,546,399
"Morganza_all/008474@29.6032457327019,-90.7369780548525.jpg",1,11,279,439,121,450,400
"Morganza_all/008476@29.6030106754435,-90.7372580685822.jpg",1,144,265,214,133,358,398
"Morganza_all/008477@29.602616140589,-90.7371129291274.jpg",1,258,275,249,115,507,390
"Morganza_all/008478@29.6028979405272,-90.7376602968721.jpg",1,35,282,338,86,373,368
"Morganza_all/008479@29.6026051554076,-90.7378423154902.jpg",1,207,257,209,197,416,454
"Morganza_all/008481@29.6026856231036,-90.7382187857833.jpg",1,76,254,345,111,421,365
"Morganza_all/008482@29.6027444644849,-90.7385625959964.jpg",2,226,151,415,247,641,398
"Morganza_all/008483@29.6019722116493,-90.7372396740954.jpg",1,324,243,214,188,538,431
"Morganza_all/008484@29.602321567671,-90.7369016175323.jpg",6,244,282,115,90,359,372
"Morganza_all/008488@29.6255709497507,-90.7522561307745.jpg",1,7,266,412,115,419,381
"Morganza_all/008490@29.6258276018825,-90.7519210405559.jpg",1,145,275,401,162,546,437
"Morganza_all/008491@29.6261283793924,-90.7521480527772.jpg",1,140,248,501,191,641,439
"Morganza_all/008492@29.6263873966991,-90.7523466980093.jpg",2,5,290,569,116,574,406
"Morganza_all/008493@29.6260057596799,-90.7526634087071.jpg",1,65,284,313,97,378,381
"Morganza_all/008495@29.626671325581,-90.7525261259069.jpg",1,67,301,223,112,290,413
"Morganza_all/008496@29.6232457409193,-90.7499346395274.jpg",1,247,249,271,139,518,388
"Morganza_all/008498@29.6226861080125,-90.7495471540986.jpg",2,1,222,640,182,641,404
"Morganza_all/008499@29.6225795418204,-90.7499289849959.jpg",1,217,292,136,126,353,418
"Morganza_all/008501@29.6222772757928,-90.749368470295.jpg",1,192,305,449,126,641,431
"Morganza_all/008503@29.6217526675975,-90.7493619937207.jpg",2,4,279,637,155,641,434
"Morganza_all/008504@29.6222180297327,-90.7491496022927.jpg",1,54,287,319,126,373,413
"Morganza_all/008505@29.6219928180853,-90.7490651510333.jpg",1,60,277,253,124,313,401
"Morganza_all/008506@29.6218173592485,-90.7489327589395.jpg",1,59,291,420,99,479,390
"Morganza_all/008508@29.6212828045988,-90.7485641794879.jpg",1,123,298,200,114,323,412
"Morganza_all/008509@29.6210324687796,-90.7484512994115.jpg",2,0,279,341,133,341,412
"Morganza_all/008510@29.6208590064662,-90.7487667926156.jpg",1,49,209,555,201,604,410
"Morganza_all/008511@29.6210177438919,-90.7488802394657.jpg",2,2,240,454,183,456,423
"Morganza_all/008512@29.6211428979501,-90.7489366957778.jpg",2,73,252,568,178,641,430
"Morganza_all/008515@29.620115892885,-90.7483113118264.jpg",1,34,254,332,143,366,397
"Morganza_all/008516@29.6202390059717,-90.7479103192051.jpg",1,305,305,186,100,491,405
"Morganza_all/008518@29.6198193407172,-90.7476340181051.jpg",1,32,275,348,135,380,410
"Morganza_all/008519@29.6196585562527,-90.7479923322015.jpg",1,236,294,193,93,429,387
"Morganza_all/008520@29.6194895193492,-90.7479004129263.jpg",1,66,294,289,96,355,390
"Morganza_all/008522@29.619063675664,-90.7476384386411.jpg",1,85,284,326,96,411,380
"Morganza_all/008523@29.6188385906574,-90.7475825697538.jpg",1,153,259,275,166,428,425
"Morganza_all/008524@29.6194374155583,-90.7474218286794.jpg",1,50,208,330,216,380,424
"Morganza_all/008526@29.6189992461491,-90.7471956501044.jpg",1,166,227,315,218,481,445
"Morganza_all/008527@29.6182002370945,-90.747278977012.jpg",2,1,153,640,306,641,459
"Morganza_all/008529@29.6183296531386,-90.7468922423136.jpg",1,53,267,405,106,458,373
"Morganza_all/008530@29.6180354924195,-90.7467510181762.jpg",2,1,237,581,132,582,369
"Morganza_all/008532@29.6175053281913,-90.7469042147023.jpg",2,1,276,519,137,520,413
"Morganza_all/008533@29.6177096727003,-90.7465098988619.jpg",1,140,303,244,84,384,387
"Morganza_all/008535@29.6172777805041,-90.7462980111461.jpg",1,76,301,286,110,362,411
"Morganza_all/008537@29.6170673497432,-90.7467209379367.jpg",1,21,299,443,96,464,395
"Morganza_all/008539@29.6166646808637,-90.7460586116302.jpg",2,7,273,379,148,386,421
"Morganza_all/008541@29.6162202348449,-90.745825338021.jpg",1,77,292,261,112,338,404
"Morganza_all/008542@29.6159852892187,-90.7463556289573.jpg",1,147,285,291,145,438,430
"Morganza_all/008545@29.6154472516488,-90.7461443680476.jpg",2,11,163,409,290,420,453
"Morganza_all/008547@29.6159013328385,-90.7457414491146.jpg",1,66,292,480,87,546,379
"Morganza_all/008548@29.6156884066202,-90.7456068989718.jpg",1,153,275,334,105,487,380
"Morganza_all/008553@29.6147607961525,-90.7452942954258.jpg",1,9,276,498,119,507,395
"Morganza_all/008555@29.6145222909992,-90.7458950647443.jpg",1,10,308,319,127,329,435
"Morganza_all/008557@29.6141703626377,-90.7457867289843.jpg",1,76,307,297,96,373,403
"Morganza_all/008558@29.6142228461748,-90.7451949219838.jpg",2,2,229,406,136,408,365
"Morganza_all/008559@29.6137880163657,-90.745039775216.jpg",2,2,292,628,106,630,398
"Morganza_all/008560@29.6139838822044,-90.745693189931.jpg",1,112,292,295,110,407,402
"Morganza_all/008561@29.6138182573306,-90.7456389304442.jpg",1,119,298,307,103,426,401
"Morganza_all/008562@29.6136455890592,-90.745553210108.jpg",1,95,298,299,103,394,401
"Morganza_all/008563@29.6133829329725,-90.7453733541735.jpg",1,85,299,276,91,361,390
"Morganza_all/008564@29.613346496283,-90.744931938269.jpg",2,1,295,522,114,523,409
"Morganza_all/008565@29.6131118533559,-90.744854482955.jpg",1,54,279,424,140,478,419
"Morganza_all/008567@29.6127830442322,-90.7452901437019.jpg",1,25,298,419,104,444,402
"Morganza_all/008568@29.6129325574735,-90.7448239716324.jpg",1,57,247,370,146,427,393
"Morganza_all/008570@29.6122658439734,-90.7452064170689.jpg",1,182,303,146,87,328,390
"Morganza_all/008572@29.6124217360491,-90.7446298112022.jpg",1,253,298,304,117,557,415
"Morganza_all/008573@29.6122010468383,-90.7445917077331.jpg",1,93,277,379,109,472,386
"Morganza_all/008574@29.6119735181141,-90.7445614807739.jpg",1,17,234,449,159,466,393
"Morganza_all/008575@29.6116586284249,-90.7450286204381.jpg",1,224,288,147,105,371,393
"Morganza_all/008576@29.6117663224179,-90.7444602002987.jpg",2,1,269,501,140,502,409
"Morganza_all/008577@29.6115455620645,-90.7444062683381.jpg",1,204,285,155,114,359,399
"Morganza_all/008579@29.6068709178612,-90.7437062350865.jpg",1,230,299,218,87,448,386
"Morganza_all/008580@29.606897986567,-90.743353688244.jpg",1,58,298,380,85,438,383
"Morganza_all/008584@29.6077178694765,-90.7441274016425.jpg",1,84,300,374,93,458,393
"Morganza_all/008587@29.6082608077728,-90.7438373649874.jpg",1,35,303,283,102,318,405
"Morganza_all/008588@29.6084327117825,-90.7438445664404.jpg",1,65,323,265,96,330,419
"Morganza_all/008589@29.608356348911,-90.7443776958584.jpg",1,136,320,142,114,278,434
"Morganza_all/008590@29.6086213359651,-90.74438431929.jpg",1,154,301,160,88,314,389
"Morganza_all/008591@29.6088200894425,-90.7439897829298.jpg",2,0,300,337,109,337,409
"Morganza_all/008592@29.6090638210457,-90.7440457172402.jpg",1,112,226,346,209,458,435
"Morganza_all/008595@29.609493930648,-90.7441415284856.jpg",2,0,305,523,116,523,421
"Morganza_all/008596@29.6096972115457,-90.7447549663334.jpg",1,7,297,192,121,199,418
"Morganza_all/008597@29.6099188777188,-90.7446798983093.jpg",1,213,276,193,112,406,388
"Morganza_all/008598@29.6100742834316,-90.7442036651215.jpg",2,11,260,630,147,641,407
"Morganza_all/008599@29.6100981519878,-90.7447362138097.jpg",3,111,291,270,110,381,401
"Morganza_all/008600@29.6104065977579,-90.7448491398776.jpg",1,142,306,360,89,502,395
"Morganza_all/008601@29.6103035776848,-90.7442351076321.jpg",2,1,280,377,129,378,409
"Morganza_all/008602@29.610635854996,-90.7448723705283.jpg",1,68,306,284,87,352,393
"Morganza_all/008603@29.6106619700366,-90.744306764699.jpg",2,1,289,640,111,641,400
"Morganza_all/008604@29.6108509968816,-90.7449366896802.jpg",1,194,298,134,89,328,387
"Morganza_all/008605@29.6111872228708,-90.7448609479158.jpg",1,147,263,220,145,367,408
"Morganza_all/008606@29.610955758039,-90.7443460104736.jpg",1,79,206,440,189,519,395
"Morganza_all/008607@29.6111921925312,-90.7443691978836.jpg",2,0,262,570,137,570,399
"Morganza_all/008609@29.6051650411993,-90.7434183384554.jpg",1,215,285,309,99,524,384
"Morganza_all/008611@29.6048358096283,-90.7432454410316.jpg",1,237,276,245,106,482,382
"Morganza_all/008613@29.6043519449554,-90.7426626416844.jpg",2,206,256,435,207,641,463
"Morganza_all/008614@29.6046515706592,-90.743045477164.jpg",1,246,287,300,88,546,375
"Morganza_all/008615@29.6061943161904,-90.7429839561565.jpg",1,109,271,363,127,472,398
"Morganza_all/008616@29.6060409309128,-90.7428449828902.jpg",1,111,276,377,119,488,395
"Morganza_all/008617@29.6058950445657,-90.7426797525816.jpg",1,72,303,370,97,442,400
"Morganza_all/008618@29.6056727941656,-90.7425150047851.jpg",1,63,303,440,98,503,401
"Morganza_all/008619@29.6055043279933,-90.7424285796957.jpg",1,212,292,137,123,349,415
"Morganza_all/008621@29.604983079845,-90.7420208069708.jpg",3,130,243,222,162,352,405
"Morganza_all/008622@29.6047149212611,-90.741847585167.jpg",1,106,268,313,127,419,395
"Morganza_all/008623@29.6045382458588,-90.7416300831751.jpg",1,64,302,357,88,421,390
"Morganza_all/008624@29.6042544973362,-90.7413782854387.jpg",1,79,290,314,101,393,391
"Morganza_all/008625@29.6055377018023,-90.7430490017194.jpg",1,23,280,269,135,292,415
"Morganza_all/008626@29.6053153455809,-90.7428667579497.jpg",3,109,265,254,122,363,387
"Morganza_all/008627@29.6051314997843,-90.7427542102438.jpg",1,30,278,323,107,353,385
"Morganza_all/008628@29.6049858377242,-90.7426326895534.jpg",1,165,287,259,104,424,391
"Morganza_all/008629@29.6048479108052,-90.7425373365393.jpg",1,222,289,276,115,498,404
"Morganza_all/008630@29.6041498819191,-90.7418946316723.jpg",1,98,247,501,191,599,438
"Morganza_all/008631@29.6038428053262,-90.7415555229144.jpg",1,70,305,230,137,300,442
"Morganza_all/008632@29.6031746906844,-90.7407727807751.jpg",2,4,268,407,173,411,441
"Morganza_all/008633@29.6034560189267,-90.7404826830204.jpg",4,238,259,101,81,339,340
"Morganza_all/008634@29.6037170997871,-90.74078706717.jpg",1,244,273,247,128,491,401
"Morganza_all/008635@29.6040005215777,-90.7409601941246.jpg",1,0,260,418,143,418,403
"Morganza_all/008636@29.6041161354116,-90.7411868029386.jpg",1,106,262,225,145,331,407
"Morganza_all/008637@29.6038163537452,-90.7424647530431.jpg",2,19,165,621,255,640,420
"Morganza_all/008639@29.6034771626222,-90.7417849435539.jpg",1,43,239,326,134,369,373
"Morganza_all/008640@29.6030006993378,-90.7411496904064.jpg",1,178,268,146,87,324,355
"Morganza_all/008641@29.6019860883193,-90.7414441191873.jpg",1,155,265,399,117,554,382
"Morganza_all/008642@29.6023797266528,-90.7406551082996.jpg",1,139,252,397,152,536,404
"Morganza_all/008643@29.6030716771296,-90.7399517401924.jpg",1,23,303,349,118,372,421
"Morganza_all/008644@29.6026443814005,-90.7400591532044.jpg",2,4,257,393,164,397,421
"Morganza_all/008646@29.602244340705,-90.7394321766994.jpg",1,11,292,327,131,338,423
"Morganza_all/008647@29.6026414136861,-90.7394036093484.jpg",5,229,302,96,93,325,395
"Morganza_all/008648@29.6024327965736,-90.7388803797204.jpg",1,154,318,306,89,460,407
"Morganza_all/008649@29.602136527023,-90.7392405194819.jpg",2,4,284,504,159,508,443
"Morganza_all/008650@29.6019518461971,-90.7389444385501.jpg",2,1,266,313,163,314,429
"Morganza_all/008651@29.6023250217567,-90.7386974704253.jpg",1,181,257,254,155,435,412
"Morganza_all/008652@29.6021945780421,-90.7385671207191.jpg",1,146,307,249,85,395,392
"Morganza_all/008653@29.601805070672,-90.7385781820363.jpg",2,6,174,327,260,333,434
"Morganza_all/008654@29.6021169572186,-90.7382966169108.jpg",2,3,292,343,116,346,408
"Morganza_all/008655@29.602347752872,-90.7403406239473.jpg",2,96,243,545,189,641,432
"Morganza_all/008656@29.6022034446354,-90.7405250588078.jpg",2,262,210,379,259,641,469
"Morganza_all/008658@29.6017250604863,-90.741157234024.jpg",1,159,227,206,221,365,448
"Morganza_all/008659@29.6016855616988,-90.7408690082338.jpg",1,77,298,382,117,459,415
"Morganza_all/008660@29.6015004377408,-90.7404680169892.jpg",2,8,246,390,164,398,410
"Morganza_all/008661@29.6013238787317,-90.7402767672195.jpg",2,54,249,587,154,641,403
"Morganza_all/008662@29.6014453714083,-90.7401187123233.jpg",1,81,257,471,116,552,373
"Morganza_all/008663@29.6011773563991,-90.7399717128711.jpg",1,34,171,607,246,641,417
"Morganza_all/008664@29.6010616613945,-90.7397276484182.jpg",3,89,259,473,138,562,397
"Morganza_all/008665@29.6009767424702,-90.7395271095838.jpg",1,71,266,516,135,587,401
"Morganza_all/008666@29.6008156022495,-90.7393707307089.jpg",1,5,292,579,97,584,389
"Morganza_all/008675@29.6019243792201,-90.7379393809523.jpg",3,47,266,414,160,461,426
"Morganza_all/008676@29.6017551038277,-90.7376694235473.jpg",1,126,268,255,173,381,441
"Morganza_all/008678@29.6007157404909,-90.7375619791896.jpg",1,193,265,201,115,394,380
"Morganza_all/008680@29.6008700719797,-90.7379019733946.jpg",3,273,228,187,132,460,360
"Morganza_all/008681@29.6009774907681,-90.7380062139688.jpg",1,261,214,215,151,476,365
"Morganza_all/008682@29.600932800925,-90.7382599456711.jpg",1,218,257,190,106,408,363
"Morganza_all/008683@29.6005408453289,-90.7377378492187.jpg",3,164,207,477,238,641,445
"Morganza_all/008684@29.6301217529833,-90.7536118936296.jpg",1,68,250,475,141,543,391
"Morganza_all/008685@29.630030127686,-90.7539485883376.jpg",1,148,298,315,90,463,388
"Morganza_all/008688@29.6297605152824,-90.7545322335548.jpg",1,190,306,273,81,463,387
"Morganza_all/008691@29.6291128941555,-90.7538636872033.jpg",1,251,276,241,134,492,410
"Morganza_all/008692@29.6294824287961,-90.7531974703453.jpg",2,3,279,373,116,376,395
"Morganza_all/008693@29.6288893564817,-90.7535288522663.jpg",1,269,265,210,86,479,351
"Morganza_all/008696@29.6291359998299,-90.7526091499472.jpg",1,29,280,463,96,492,376
"Morganza_all/008699@29.6279098808911,-90.7523293327408.jpg",1,84,277,431,139,515,416
"Morganza_all/008700@29.6280379869574,-90.7521400200528.jpg",2,93,274,548,112,641,386
"Morganza_all/008701@29.628136893916,-90.7518279018664.jpg",1,99,275,447,120,546,395
"Morganza_all/008706@29.6272904293279,-90.7515540428178.jpg",2,1,127,640,300,641,427
"Morganza_all/008711@29.6266893027701,-90.7516805403338.jpg",1,161,272,462,94,623,366
"Morganza_all/008716@29.6268589695187,-90.751171232563.jpg",1,139,177,332,238,471,415
"Morganza_all/008717@29.6268145329932,-90.7508435525757.jpg",1,130,215,295,156,425,371
"Morganza_all/008727@29.6211895410682,-90.7479140772993.jpg",1,197,262,303,86,500,348
"Morganza_all/008728@29.6209094955522,-90.7477435879379.jpg",1,247,246,219,119,466,365
"Morganza_all/008729@29.6206936964402,-90.7475317771284.jpg",2,3,278,455,161,458,439
"Morganza_all/008731@29.6209568430269,-90.7471204249453.jpg",1,59,265,361,115,420,380
"Morganza_all/008734@29.6212702328954,-90.7465437931787.jpg",3,163,243,278,102,441,345
"Morganza_all/008735@29.6213478888043,-90.7462974369783.jpg",1,51,257,348,129,399,386
"Morganza_all/008736@29.621440008794,-90.7460756077106.jpg",1,54,284,401,109,455,393
"Morganza_all/008737@29.6186891627963,-90.7442804378849.jpg",1,81,272,329,105,410,377
"Morganza_all/008738@29.6189691759517,-90.7444426996531.jpg",1,106,298,349,89,455,387
"Morganza_all/008739@29.6188984892582,-90.7446480332192.jpg",1,100,292,370,94,470,386
"Morganza_all/008740@29.6185970733328,-90.7445022625478.jpg",1,207,279,271,89,478,368
"Morganza_all/008741@29.6185047353465,-90.7446749283241.jpg",3,103,276,277,92,380,368
"Morganza_all/008742@29.6188062152996,-90.7448288818601.jpg",3,96,293,295,93,391,386
"Morganza_all/008743@29.6187283875401,-90.7450424396255.jpg",1,92,262,481,139,573,401
"Morganza_all/008744@29.6184271191911,-90.7449294613972.jpg",1,106,264,495,168,601,432
"Morganza_all/008745@29.6181639794528,-90.7453408089453.jpg",1,176,239,210,112,386,351
"Morganza_all/008746@29.6180008324042,-90.7456859792938.jpg",2,3,215,575,127,578,342
"Morganza_all/008749@29.6183761291239,-90.746339472322.jpg",2,269,257,367,177,636,434
"Morganza_all/008750@29.6182100815031,-90.7460371783828.jpg",1,338,259,293,150,631,409
"Morganza_all/008754@29.6175913188713,-90.7453933314849.jpg",2,136,229,505,157,641,386
"Morganza_all/008755@29.6177689389495,-90.7450808395884.jpg",1,209,200,391,190,600,390
"Morganza_all/008756@29.617582221107,-90.7449590064257.jpg",1,117,233,333,135,450,368
"Morganza_all/008758@29.6174652060297,-90.7444187830053.jpg",6,106,192,443,202,549,394
"Morganza_all/008759@29.6177736518551,-90.744531684933.jpg",2,15,269,572,133,587,402
"Morganza_all/008760@29.6180106382415,-90.7446778332964.jpg",1,88,212,359,180,447,392
"Morganza_all/008761@29.6181386049707,-90.7444721961589.jpg",1,196,257,445,146,641,403
"Morganza_all/008762@29.6179017656386,-90.7443588413052.jpg",1,53,281,435,126,488,407
"Morganza_all/008763@29.6175643988626,-90.7441805219925.jpg",1,138,206,466,176,604,382
"Morganza_all/008764@29.6176206843033,-90.743958878606.jpg",1,100,272,541,104,641,376
"Morganza_all/008765@29.6179724793805,-90.7441535094172.jpg",1,4,296,471,94,475,390
"Morganza_all/008766@29.6182166526077,-90.7443077977059.jpg",1,140,290,442,93,582,383
"Morganza_all/008767@29.6183088521805,-90.7441105529782.jpg",1,208,278,365,104,573,382
"Morganza_all/008768@29.6166156497082,-90.7455185592716.jpg",1,218,275,241,96,459,371
"Morganza_all/008770@29.6163358950786,-90.7454136697955.jpg",3,201,267,321,130,522,397
"Morganza_all/008773@29.6154104121471,-90.7450421074758.jpg",1,266,269,360,152,626,421
"Morganza_all/008775@29.6149083287424,-90.7448647269186.jpg",1,209,272,282,121,491,393
"Morganza_all/008776@29.6143200635398,-90.7446387283909.jpg",1,247,259,283,108,530,367
"Morganza_all/008777@29.6145566451522,-90.7446947093859.jpg",3,208,260,231,88,439,348
"Morganza_all/008785@29.6119537719479,-90.7420857910923.jpg",3,123,295,301,106,424,401
"Morganza_all/008786@29.6119043068511,-90.7422336162245.jpg",3,139,273,308,125,447,398
"Morganza_all/008787@29.6118407362581,-90.7424306811295.jpg",1,120,293,222,85,342,378
"Morganza_all/008788@29.6117697941231,-90.7425786011648.jpg",1,175,292,244,103,419,395
"Morganza_all/008789@29.611720586697,-90.7427837631482.jpg",1,93,295,304,97,397,392
"Morganza_all/008790@29.611599329641,-90.7428910366173.jpg",1,169,281,285,106,454,387
"Morganza_all/008791@29.6115716257327,-90.7430960713372.jpg",3,139,284,340,119,479,403
"Morganza_all/008792@29.6114936532309,-90.74327682391.jpg",1,85,286,386,113,471,399
"Morganza_all/008793@29.6114585873845,-90.7434409589178.jpg",1,32,261,359,170,391,431
"Morganza_all/008794@29.6111671207256,-90.7439180008149.jpg",1,226,270,248,118,474,388
"Morganza_all/008795@29.6108153620059,-90.7437315660466.jpg",3,151,274,320,99,471,373
"Morganza_all/008802@29.6333641879843,-90.7575711595755.jpg",2,18,278,622,127,640,405
"Morganza_all/008803@29.6323690320089,-90.7566619477481.jpg",2,5,266,636,119,641,385
"Morganza_all/008804@29.6335705207929,-90.7560206989851.jpg",2,6,171,635,241,641,412
"Morganza_all/008806@29.6320304055352,-90.7566059813188.jpg",3,92,237,403,186,495,423
"Morganza_all/008808@29.6320027227755,-90.7557643919963.jpg",1,82,248,344,111,426,359
"Morganza_all/008809@29.6324379498032,-90.7547646331128.jpg",2,0,211,641,173,641,384
"Morganza_all/008810@29.6313892874708,-90.7562254100864.jpg",1,117,251,430,104,547,355
"Morganza_all/008811@29.6314683404427,-90.7560236622069.jpg",1,50,251,435,141,485,392
"Morganza_all/008812@29.6315554483934,-90.7558401868731.jpg",1,73,281,417,106,490,387
"Morganza_all/008813@29.6316504371887,-90.7556291867156.jpg",1,62,280,377,111,439,391
"Morganza_all/008815@29.6318245582555,-90.755234787316.jpg",3,119,307,330,88,449,395
"Morganza_all/008816@29.6319197478579,-90.7550695518772.jpg",1,161,295,324,98,485,393
"Morganza_all/008817@29.6319667373784,-90.7548496993466.jpg",1,161,308,352,89,513,397
"Morganza_all/008818@29.6320456396338,-90.7546205024162.jpg",1,152,308,336,85,488,393
"Morganza_all/008819@29.6321246498458,-90.7544096239369.jpg",1,101,298,335,109,436,407
"Morganza_all/008821@29.6310359149608,-90.7558431838489.jpg",2,280,260,361,99,641,359
"Morganza_all/008822@29.6312738501413,-90.7554209399547.jpg",3,146,265,308,129,454,394
"Morganza_all/008823@29.631368838402,-90.7552099714685.jpg",3,67,284,428,117,495,401
"Morganza_all/008824@29.6314558241941,-90.7549990488105.jpg",3,80,309,418,94,498,403
"Morganza_all/008825@29.6315265503343,-90.7547241650511.jpg",3,170,300,307,86,477,386
"Morganza_all/008826@29.6317166857341,-90.754338800133.jpg",3,145,276,472,129,617,405
"Morganza_all/008827@29.6307226984721,-90.7555064635098.jpg",2,189,221,452,154,641,375
"Morganza_all/008829@29.630936250391,-90.7549928907712.jpg",3,153,297,352,84,505,381
"Morganza_all/008832@29.6312371079856,-90.7543415738189.jpg",1,106,299,327,83,433,382
"Morganza_all/008833@29.6302732066765,-90.7550790627021.jpg",1,165,203,317,184,482,387
"Morganza_all/008834@29.6304005916795,-90.7549685380727.jpg",1,112,295,348,92,460,387
"Morganza_all/008835@29.6305276409022,-90.7547756733714.jpg",1,119,266,352,127,471,393
"Morganza_all/008836@29.6306704647872,-90.754536982004.jpg",1,228,289,322,95,550,384
"Morganza_all/008837@29.630741634195,-90.754362727123.jpg",1,126,291,337,104,463,395
"Morganza_all/008838@29.6308206439966,-90.754151851187.jpg",3,134,301,318,81,452,382
"Morganza_all/008839@29.6309074259132,-90.7538951633693.jpg",2,0,274,472,150,472,424
"Morganza_all/008840@29.6301204840233,-90.754887814928.jpg",1,116,273,377,112,493,385
"Morganza_all/008841@29.6302150272991,-90.7545761903704.jpg",1,163,293,358,103,521,396
"Morganza_all/008842@29.6302860757478,-90.7543745213082.jpg",3,220,276,303,113,523,389
"Morganza_all/008843@29.6303809409886,-90.7541360759325.jpg",1,183,297,298,93,481,390
"Morganza_all/008844@29.6304760484314,-90.7539525546377.jpg",1,201,298,369,98,570,396
"Morganza_all/008845@29.6304911358772,-90.7537511771076.jpg",3,196,289,267,120,463,409
"Morganza_all/008846@29.6258645618908,-90.7498406606061.jpg",1,40,243,344,141,384,384
"Morganza_all/008847@29.6257210017044,-90.749775904046.jpg",1,100,240,280,118,380,358
"Morganza_all/008849@29.6246707735363,-90.7503887254115.jpg",1,290,265,199,130,489,395
"Morganza_all/008850@29.6248722600837,-90.7505925136718.jpg",1,274,240,303,167,577,407
"Morganza_all/008851@29.6239447485415,-90.7498108701612.jpg",3,120,216,360,150,480,366
"Morganza_all/008853@29.6210380129881,-90.7458648604236.jpg",1,201,244,352,122,553,366
"Morganza_all/008854@29.6209099340186,-90.746045921824.jpg",1,171,241,367,128,538,369
"Morganza_all/008855@29.6206900280458,-90.7465143986839.jpg",1,223,229,375,128,598,357
"Morganza_all/008856@29.6205693912186,-90.746761004906.jpg",1,224,246,282,122,506,368
"Morganza_all/008858@29.620285721391,-90.7473855487269.jpg",1,168,193,288,207,456,400
"Morganza_all/008859@29.6200773918556,-90.7472392543708.jpg",2,73,223,568,205,641,428
"Morganza_all/008860@29.620154380248,-90.7468371774222.jpg",1,189,287,436,105,625,392
"Morganza_all/008861@29.6202392506289,-90.7465989963651.jpg",1,102,270,535,123,637,393
"Morganza_all/008862@29.6203028274675,-90.7464019175763.jpg",3,186,246,327,128,513,374
"Morganza_all/008863@29.620366339877,-90.7461966559297.jpg",1,139,276,382,114,521,390
"Morganza_all/008864@29.6204935655056,-90.7458188941209.jpg",1,120,270,384,107,504,377
"Morganza_all/008865@29.6205788013016,-90.7456626651426.jpg",1,170,281,381,92,551,373
"Morganza_all/008866@29.6206639634144,-90.7454900388402.jpg",1,175,286,302,97,477,383
"Morganza_all/008867@29.6203120968312,-90.7452790011005.jpg",1,105,290,369,94,474,384
"Morganza_all/008868@29.620219969006,-90.745492645684.jpg",1,26,293,372,104,398,397
"Morganza_all/008869@29.6200992238254,-90.7457146407947.jpg",1,91,296,397,107,488,403
"Morganza_all/008870@29.6200143184004,-90.7459446395284.jpg",1,83,299,432,90,515,389
"Morganza_all/008871@29.6199508890768,-90.7461745119233.jpg",1,150,231,365,170,515,401
"Morganza_all/008872@29.6198659827041,-90.7464044784542.jpg",1,70,284,349,109,419,393
"Morganza_all/008873@29.6197810027129,-90.7466180791528.jpg",1,88,293,337,94,425,387
"Morganza_all/008874@29.6196964987642,-90.746938212135.jpg",1,103,294,283,121,386,415
"Morganza_all/008875@29.6193445887946,-90.7467108058129.jpg",1,65,296,283,107,348,403
"Morganza_all/008876@29.6194079181859,-90.7464645384579.jpg",3,179,303,389,104,568,407
"Morganza_all/008877@29.6194855648167,-90.7462100039202.jpg",1,139,295,385,103,524,398
"Morganza_all/008878@29.6195706175776,-90.746012800385.jpg",1,145,285,390,116,535,401
"Morganza_all/008879@29.6196342303355,-90.7458239367209.jpg",3,164,284,351,109,515,393
"Morganza_all/008881@29.6197972674162,-90.7454541498559.jpg",1,143,299,260,86,403,385
"Morganza_all/008882@29.619882429257,-90.7452815247236.jpg",1,86,293,383,119,469,412
"Morganza_all/008883@29.6199458938622,-90.7450598661263.jpg",1,12,296,374,102,386,398
"Morganza_all/008884@29.6200526421151,-90.7449117253497.jpg",1,46,275,337,118,383,393
"Morganza_all/008885@29.6196865488523,-90.744717171897.jpg",1,200,273,233,137,433,410
"Morganza_all/008887@29.6195379232942,-90.7451114236421.jpg",3,126,275,395,131,521,406
"Morganza_all/008888@29.6194814521801,-90.7452920942.jpg",1,126,289,436,118,562,407
"Morganza_all/008889@29.6193891405145,-90.7454647291397.jpg",1,114,282,455,125,569,407
"Morganza_all/008890@29.6192259291304,-90.7458017524675.jpg",1,80,282,435,122,515,404
"Morganza_all/008891@29.6191553502456,-90.7460316336101.jpg",1,67,285,466,115,533,400
"Morganza_all/008892@29.619048784317,-90.7462207795862.jpg",1,120,285,393,113,513,398
"Morganza_all/008897@29.6190658908533,-90.7452453432125.jpg",1,85,276,357,128,442,404
"Morganza_all/008898@29.6191797060934,-90.7450725508103.jpg",1,214,262,286,134,500,396
"Morganza_all/008899@29.6192288528716,-90.7448591921535.jpg",1,118,265,439,118,557,383
"Morganza_all/008900@29.6193211542281,-90.7446783111436.jpg",1,129,262,432,120,561,382
"Morganza_all/008901@29.6120053063336,-90.744077562509.jpg",1,135,218,506,180,641,398
"Morganza_all/008904@29.6119445719677,-90.7433157390239.jpg",3,197,270,270,95,467,365
"Morganza_all/008905@29.6119795915061,-90.7431352388488.jpg",1,207,264,355,118,562,382
"Morganza_all/008907@29.6121141518914,-90.742806618282.jpg",1,233,253,346,123,579,376
"Morganza_all/008909@29.612255694629,-90.7424287987503.jpg",1,150,263,361,108,511,371
"Morganza_all/008910@29.612348186857,-90.742297115341.jpg",1,260,258,308,120,568,378
"Morganza_all/008912@29.6126924750608,-90.7424180387438.jpg",1,107,241,534,154,641,395
"Morganza_all/008913@29.6127346428901,-90.7422374632295.jpg",1,129,243,512,161,641,404
"Morganza_all/008917@29.6075314212781,-90.7428248646148.jpg",1,83,278,540,104,623,382
"Morganza_all/008918@29.6079258583312,-90.7413638194094.jpg",1,155,267,314,173,469,440
"Morganza_all/008921@29.6073441718704,-90.7410066872395.jpg",2,0,124,641,371,641,495
"Morganza_all/008922@29.6074432103573,-90.7407356571494.jpg",1,26,210,334,134,360,344
"Morganza_all/008923@29.6352032626899,-90.7593584601929.jpg",1,42,266,404,118,446,384
"Morganza_all/008927@29.6340517255907,-90.7588122268697.jpg",1,102,148,511,299,613,447
"Morganza_all/008932@29.6325745199461,-90.7580486722023.jpg",2,6,99,441,280,447,379
"Morganza_all/008933@29.6323070956688,-90.7578310048837.jpg",1,131,238,266,130,397,368
"Morganza_all/008934@29.6319481144903,-90.7576233712085.jpg",3,220,298,279,133,499,431
"Morganza_all/008936@29.6310940150761,-90.7565417186005.jpg",2,5,283,636,138,641,421
"Morganza_all/008937@29.6306423431859,-90.756086813923.jpg",2,40,273,601,110,641,383
"Morganza_all/008940@29.630006870924,-90.7554900098448.jpg",3,236,233,350,149,586,382
"Morganza_all/008941@29.6297306756302,-90.7551675591902.jpg",1,79,265,369,112,448,377
"Morganza_all/008942@29.6294575608084,-90.7555503720976.jpg",1,61,269,330,146,391,415
"Morganza_all/008943@29.6292573917062,-90.7554752929715.jpg",1,43,289,324,112,367,401
"Morganza_all/008944@29.6295217683935,-90.7550067278455.jpg",2,5,279,553,89,558,368
"Morganza_all/008945@29.629154057797,-90.7547038833543.jpg",2,3,257,573,90,576,347
"Morganza_all/008946@29.6288781274527,-90.7544481330347.jpg",1,14,267,444,87,458,354
"Morganza_all/008947@29.6287975940802,-90.7550681025065.jpg",2,1,273,640,138,641,411
"Morganza_all/008948@29.6282375559393,-90.7545852615804.jpg",1,260,298,210,109,470,407
"Morganza_all/008952@29.627983632682,-90.753652697069.jpg",2,6,252,405,137,411,389
"Morganza_all/008953@29.6277164959333,-90.7535017459584.jpg",2,2,254,331,166,333,420
"Morganza_all/008955@29.6266664519932,-90.7533076780666.jpg",1,29,235,383,191,412,426
"Morganza_all/008957@29.6273063897606,-90.7530275868674.jpg",1,123,284,291,101,414,385
"Morganza_all/008958@29.6274579440077,-90.7534079364177.jpg",2,266,219,375,308,641,527
"Morganza_all/008961@29.6019720591447,-90.7404205727765.jpg",2,371,275,270,232,641,507
"Morganza_all/008962@29.6019965650218,-90.7409507452192.jpg",1,156,268,378,217,534,485
"Morganza_all/008964@29.6019965650218,-90.7409507452192.jpg",1,153,269,362,212,515,481
"Morganza_all/008965@29.631576643059,-90.7545782651141.jpg",1,170,293,249,95,419,388
"Morganza_all/008966@29.6313556906372,-90.754093608934.jpg",1,52,299,574,146,626,445
"Morganza_all/008967@29.6260503858838,-90.7499666098572.jpg",1,85,269,259,90,344,359
"Morganza_all/008968@29.6019965650218,-90.7409507452192.jpg",1,161,272,359,218,520,490
"Morganza_all/008970@29.6037340066547,-90.7376360022497.jpg",1,9,260,305,158,314,418
"Morganza_all/008971@29.603553093371,-90.7372741924625.jpg",1,286,258,228,160,514,418
"Morganza_all/008972@29.6033959159838,-90.7375788542172.jpg",1,233,267,402,170,635,437
"Morganza_all/008973@29.603289790678,-90.7377412293624.jpg",1,149,256,372,151,521,407
"Morganza_all/008974@29.60319049562,-90.7378877667997.jpg",3,245,274,326,170,571,444
"Morganza_all/008975@29.6031360495458,-90.738045869149.jpg",2,206,270,435,178,641,448
"Morganza_all/008976@29.6029849216287,-90.7381690505036.jpg",1,157,221,296,195,453,416
"Morganza_all/008977@29.6029204936415,-90.7384061008127.jpg",3,12,229,433,219,445,448
"Morganza_all/008978@29.6062510204502,-90.7434790002695.jpg",1,93,309,452,81,545,390
"Morganza_all/008979@29.605998829391,-90.7433581992237.jpg",3,127,303,224,92,351,395
"Morganza_all/008983@29.6032479935088,-90.7385110506969.jpg",1,241,289,135,87,376,376
"Morganza_all/008985@29.6013720523889,-90.7378788496975.jpg",1,131,250,198,160,329,410
"Morganza_all/008990@29.6085910563486,-90.7439736339969.jpg",2,324,302,317,102,641,404
"Morganza_all/008991@29.6243366839791,-90.7508222142256.jpg",1,129,284,347,111,476,395
"Morganza_all/008993@29.616889681231,-90.746636091999.jpg",1,119,300,208,85,327,385
"Morganza_all/008995@29.6231289762541,-90.7503237705206.jpg",3,277,268,195,94,472,362
"Morganza_all/008999@29.6278905912684,-90.7542665333629.jpg",1,332,285,205,118,537,403
"Morganza_all/009000@29.6113091334406,-90.7439987670064.jpg",1,89,312,360,116,449,428
"Morganza_all/009002@29.6236577090458,-90.5958324812669.jpg",6,116,153,283,180,399,333
"Morganza_all/009003@29.6240579257087,-90.5969606290552.jpg",6,143,192,212,162,355,354
"Morganza_all/009004@29.6246660530615,-90.5968577980169.jpg",6,87,201,211,167,298,368
"Morganza_all/009005@29.6248663880609,-90.5968235277002.jpg",6,76,265,342,145,418,410
"Morganza_all/009006@29.6254330355627,-90.5969833115416.jpg",6,93,190,317,194,410,384
"Morganza_all/009007@29.6262205738393,-90.5969447220744.jpg",6,173,237,158,123,331,360
"Morganza_all/009008@29.6262017346364,-90.5961415849733.jpg",6,170,196,240,191,410,387
"Morganza_all/009009@29.6279469326658,-90.5970303850055.jpg",6,128,195,225,198,353,393
"Morganza_all/009010@29.6291755162785,-90.597742684902.jpg",6,164,161,238,220,402,381
"Morganza_all/009011@29.5679540603052,-90.4001798293004.jpg",6,156,139,235,130,391,269
"Morganza_all/009012@29.5704786886668,-90.397759181473.jpg",6,137,127,392,202,529,329
"Morganza_all/009013@29.5722285674091,-90.3959687338075.jpg",6,103,191,315,193,418,384
"Morganza_all/009014@29.5721929655757,-90.3973364113801.jpg",6,84,193,316,191,400,384
"Morganza_all/009015@29.5726760485958,-90.3971847965544.jpg",6,106,145,230,160,336,305
"Morganza_all/009016@29.5730987930284,-90.3970596663262.jpg",1,104,246,174,119,278,365
"Morganza_all/009017@29.573156967527,-90.3967302835295.jpg",3,129,223,373,167,502,390
"Morganza_all/009019@29.5734426250068,-90.3954208093699.jpg",6,118,230,326,173,444,403
"Morganza_all/009020@29.5738742578056,-90.3954773578601.jpg",6,117,238,309,165,426,403
"Morganza_all/009021@29.5742665668693,-90.3953265501044.jpg",6,166,241,186,148,352,389
"Morganza_all/009022@29.5746260606547,-90.3948212507104.jpg",5,183,273,170,87,353,360
"Morganza_all/009023@29.5746351713383,-90.3950375108645.jpg",3,235,265,258,114,493,379
"Morganza_all/009024@29.5747279522858,-90.3953135780956.jpg",1,160,268,391,120,551,388
"Morganza_all/009025@29.5747680532622,-90.3956334270567.jpg",1,134,268,440,116,574,384
"Morganza_all/009026@29.5741955622251,-90.3959763116224.jpg",1,176,305,228,94,404,399
"Morganza_all/009027@29.574847908869,-90.3962211581175.jpg",4,254,273,140,88,394,361
"Morganza_all/009028@29.5748644558135,-90.3964200781146.jpg",4,203,289,97,88,300,377
"Morganza_all/009029@29.5745458754362,-90.3963018769599.jpg",2,164,202,477,309,641,511
"Morganza_all/009030@29.5745264053739,-90.3967520836629.jpg",6,77,273,361,167,438,440
"Morganza_all/009034@29.5750103304641,-90.3977774136762.jpg",4,232,283,148,83,380,366
"Morganza_all/009035@29.5746252719307,-90.39788488871.jpg",6,221,268,105,90,326,358
"Morganza_all/009036@29.5750514133252,-90.398235739627.jpg",3,259,268,302,90,561,358
"Morganza_all/009038@29.5745606437041,-90.3983701221248.jpg",6,250,249,161,142,411,391
"Morganza_all/009039@29.5751454217248,-90.3986848892837.jpg",1,166,270,253,106,419,376
"Morganza_all/009040@29.5583092547365,-90.4045441908974.jpg",6,222,285,145,158,367,443
"Morganza_all/009041@29.565623928806,-90.4012313248215.jpg",6,196,239,193,147,389,386
"Morganza_all/009042@29.5667962293439,-90.4001300606174.jpg",6,186,221,144,109,330,330
"Morganza_all/009043@29.5673338787356,-90.4002029079245.jpg",6,162,157,207,233,369,390
"Morganza_all/009044@29.5671655010344,-90.4031207536676.jpg",6,127,202,284,185,411,387
"Morganza_all/009045@29.5722603744637,-90.3940848245484.jpg",1,92,262,475,160,567,422
"Morganza_all/009046@29.5726002947885,-90.3940108237576.jpg",1,106,261,464,168,570,429
"Morganza_all/009047@29.5729478787157,-90.393927910681.jpg",2,4,280,637,121,641,401
"Morganza_all/009048@29.5731640020532,-90.3938550699621.jpg",3,156,275,398,154,554,429
"Morganza_all/009049@29.5735655395284,-90.3937450984348.jpg",2,117,244,524,190,641,434
"Morganza_all/009050@29.5738435612067,-90.3936716762.jpg",2,33,250,608,189,641,439
"Morganza_all/009053@29.5746099923542,-90.3989235334179.jpg",2,0,270,572,124,572,394
"Morganza_all/009054@29.5744945329874,-90.3986476748615.jpg",6,183,221,283,212,466,433
"Morganza_all/009055@29.5747045874544,-90.3994592207796.jpg",2,150,262,491,115,641,377
"Morganza_all/009056@29.5742211937167,-90.3995675742521.jpg",1,173,270,347,93,520,363
"Morganza_all/009058@29.5738809166182,-90.3995880488532.jpg",1,208,255,355,123,563,378
"Morganza_all/009059@29.5738090080653,-90.3990521541748.jpg",1,0,274,438,112,438,386
"Morganza_all/009060@29.5734614500339,-90.3991159858123.jpg",3,81,257,303,126,384,383
"Morganza_all/009061@29.573593943505,-90.3996599651542.jpg",1,148,264,408,109,556,373
"Morganza_all/009062@29.5732085135231,-90.3997154963535.jpg",1,181,229,365,144,546,373
"Morganza_all/009063@29.573128735008,-90.3991363912657.jpg",1,108,236,363,144,471,380
"Morganza_all/009064@29.5728495365818,-90.3992341892599.jpg",3,100,279,352,94,452,373
"Morganza_all/009065@29.5728911688614,-90.3997703611064.jpg",1,62,204,445,177,507,381
"Morganza_all/009066@29.5725432681047,-90.3997822546774.jpg",1,178,263,441,121,619,384
"Morganza_all/009067@29.5725093555374,-90.3992719975119.jpg",3,116,256,388,140,504,396
"Morganza_all/009068@29.5722191010722,-90.3999410584583.jpg",1,260,276,358,90,618,366
"Morganza_all/009069@29.5721537695306,-90.3992666622588.jpg",1,161,286,284,89,445,375
"Morganza_all/009070@29.5718516107047,-90.3993300373188.jpg",1,104,259,371,121,475,380
"Morganza_all/009071@29.5719622526002,-90.3999953897246.jpg",1,143,234,358,127,501,361
"Morganza_all/009072@29.5716149679519,-90.4000938185209.jpg",1,184,237,396,128,580,365
"Morganza_all/009073@29.5713305921197,-90.3994647236207.jpg",1,70,209,290,185,360,394
"Morganza_all/009075@29.5748299213615,-90.4000638647085.jpg",6,71,194,373,208,444,402
"Morganza_all/009076@29.5749175312625,-90.4006774812495.jpg",6,158,237,200,176,358,413
"Morganza_all/009077@29.5755453774557,-90.4017361323032.jpg",6,203,189,231,165,434,354
"Morganza_all/009079@29.5748062010821,-90.4031103866317.jpg",2,0,204,641,186,641,390
"Morganza_all/009080@29.5743798512775,-90.4037980486178.jpg",3,234,268,339,114,573,382
"Morganza_all/009081@29.5742622807519,-90.4032192846025.jpg",2,0,214,454,165,454,379
"Morganza_all/009082@29.5741303451384,-90.4038176665398.jpg",1,191,197,438,207,629,404
"Morganza_all/009083@29.5740355837117,-90.403256026102.jpg",1,103,221,329,147,432,368
"Morganza_all/009084@29.5738205607764,-90.403872448632.jpg",2,0,203,551,192,551,395
"Morganza_all/009085@29.5733766704471,-90.4031496159339.jpg",6,175,229,260,158,435,387
"Morganza_all/009086@29.5733483871571,-90.4034268109662.jpg",1,72,241,337,149,409,390
"Morganza_all/009087@29.5734204958785,-90.4039973405302.jpg",1,168,266,348,122,516,388
"Morganza_all/009088@29.5731858068479,-90.4039735329739.jpg",3,193,163,348,208,541,371
"Morganza_all/009089@29.5731214443628,-90.4034289178109.jpg",1,111,211,260,185,371,396
"Morganza_all/009090@29.5727813234762,-90.4034753624889.jpg",4,289,281,107,101,396,382
"Morganza_all/009091@29.5726117606119,-90.4041000376732.jpg",1,145,201,340,173,485,374
"Morganza_all/009092@29.5723661960609,-90.403609014132.jpg",1,5,223,468,169,473,392
"Morganza_all/009093@29.5720032938647,-90.4036383671431.jpg",1,134,233,322,171,456,404
"Morganza_all/009094@29.5720824388565,-90.4041309013061.jpg",2,184,224,457,160,641,384
"Morganza_all/009095@29.5718182105891,-90.404211243358.jpg",1,197,221,341,148,538,369
"Morganza_all/009096@29.5712623099809,-90.4036971504871.jpg",3,200,247,252,135,452,382
"Morganza_all/009097@29.5708773692496,-90.4038218995535.jpg",1,200,283,167,96,367,379
"Morganza_all/009098@29.5706885706922,-90.4038669062834.jpg",1,91,229,275,173,366,402
"Morganza_all/009099@29.5700576808873,-90.4045131472793.jpg",1,228,179,271,184,499,363
"Morganza_all/009100@29.5699859151262,-90.4039945701748.jpg",1,156,244,318,145,474,389
"Morganza_all/009101@29.5701126043335,-90.4047895614139.jpg",4,257,266,129,102,386,368
"Morganza_all/009102@29.5637178721419,-90.4109061897285.jpg",6,0,283,354,209,354,492
"Morganza_all/009103@29.5649162488973,-90.4113451358043.jpg",6,137,277,298,193,435,470
"Morganza_all/009104@29.5642451511542,-90.4084351218442.jpg",6,278,257,163,81,441,338
"Morganza_all/009105@29.5707300880478,-90.4075963746164.jpg",6,140,149,229,198,369,347
"Morganza_all/009106@29.5700651245405,-90.4066332729606.jpg",6,109,162,230,159,339,321
"Morganza_all/009107@29.57052969454,-90.404932824045.jpg",3,0,254,593,142,593,396
"Morganza_all/009108@29.5706082220544,-90.4053388167045.jpg",1,218,246,365,156,583,402
"Morganza_all/009109@29.5706967593719,-90.4060908814111.jpg",1,95,262,416,126,511,388
"Morganza_all/009110@29.570896976224,-90.406590973293.jpg",1,49,215,538,169,587,384
"Morganza_all/009111@29.5709769424818,-90.4061315741768.jpg",1,79,247,510,165,589,412
"Morganza_all/009112@29.5709297949981,-90.4058810378804.jpg",2,66,243,575,165,641,408
"Morganza_all/009113@29.5708743838164,-90.4055353861917.jpg",1,25,256,499,155,524,411
"Morganza_all/009114@29.5707970823624,-90.4053024631835.jpg",5,219,261,146,133,365,394
"Morganza_all/009115@29.5707259939801,-90.4048790674565.jpg",3,0,216,418,189,418,405
"Morganza_all/009116@29.57104340207,-90.4048328704938.jpg",1,72,169,441,250,513,419
"Morganza_all/009117@29.5711068058706,-90.4052390052857.jpg",1,72,275,542,133,614,408
"Morganza_all/009118@29.5711388580567,-90.405489681559.jpg",1,63,263,425,146,488,409
"Morganza_all/009119@29.5712095495093,-90.4058611456546.jpg",1,145,217,450,191,595,408
"Morganza_all/009120@29.5712745413015,-90.4064922875934.jpg",2,181,261,460,148,641,409
"Morganza_all/009121@29.5717052513981,-90.4064190624852.jpg",1,8,210,591,197,599,407
"Morganza_all/009122@29.571453085644,-90.4060665781741.jpg",5,203,254,191,153,394,407
"Morganza_all/009123@29.5714742074909,-90.4058413931016.jpg",1,366,197,235,190,601,387
"Morganza_all/009124@29.5714243365874,-90.4052101101935.jpg",3,170,244,362,151,532,395
"Morganza_all/009125@29.5714739886797,-90.4047423375057.jpg",1,0,220,504,164,504,384
"Morganza_all/009126@29.5717234949712,-90.4047227224071.jpg",1,112,229,410,178,522,407
"Morganza_all/009127@29.5716584124371,-90.4051473525853.jpg",5,204,277,223,110,427,387
"Morganza_all/009128@29.5717381643993,-90.4057264539592.jpg",2,122,270,519,134,641,404
"Morganza_all/009129@29.5717932076806,-90.4060201743666.jpg",1,101,255,503,175,604,430
"Morganza_all/009130@29.5720830335467,-90.4063549776374.jpg",1,202,235,261,149,463,384
"Morganza_all/009131@29.5720650327724,-90.4059484178574.jpg",1,24,259,431,148,455,407
"Morganza_all/009132@29.5720255081693,-90.4057064594004.jpg",5,277,295,171,106,448,401
"Morganza_all/009133@29.5719772910851,-90.4053088309676.jpg",2,0,256,511,139,511,395
"Morganza_all/009134@29.5719303258093,-90.4050842440457.jpg",1,237,273,258,116,495,389
"Morganza_all/009135@29.5719575705861,-90.4046599634725.jpg",2,0,212,578,197,578,409
"Morganza_all/009136@29.5722100189332,-90.4050556988754.jpg",1,122,272,313,123,435,395
"Morganza_all/009137@29.5722039276864,-90.405263475805.jpg",1,0,254,408,125,408,379
"Morganza_all/009138@29.572252022465,-90.4056438040665.jpg",1,227,281,374,126,601,407
"Morganza_all/009139@29.5728387753258,-90.4062441385904.jpg",2,6,245,580,139,586,384
"Morganza_all/009140@29.5727300637826,-90.4058470668279.jpg",4,155,290,247,133,402,423
"Morganza_all/009141@29.5725617186309,-90.4055803465571.jpg",1,156,251,485,137,641,388
"Morganza_all/009142@29.5724834368752,-90.4052089479678.jpg",1,0,267,380,126,380,393
"Morganza_all/009143@29.5724894330037,-90.4049838691109.jpg",3,102,276,511,124,613,400
"Morganza_all/009144@29.5723882521546,-90.4045867302414.jpg",2,0,270,449,112,449,382
"Morganza_all/009145@29.5727509368789,-90.4045227780304.jpg",2,0,186,516,211,516,397
"Morganza_all/009146@29.5728561957779,-90.4054997273366.jpg",1,209,239,424,155,633,394
"Morganza_all/009147@29.5731786863581,-90.4061717831836.jpg",3,123,226,426,169,549,395
"Morganza_all/009148@29.5731126516068,-90.4053935063617.jpg",2,209,231,432,163,641,394
"Morganza_all/009149@29.5730110091391,-90.4049271281782.jpg",5,115,275,321,135,436,410
"Morganza_all/009150@29.5732115260883,-90.4043973592321.jpg",3,62,246,435,136,497,382
"Morganza_all/009151@29.5734915255788,-90.404412064933.jpg",2,0,209,587,207,587,416
"Morganza_all/009152@29.5732450848455,-90.4048643689147.jpg",5,216,313,169,110,385,423
"Morganza_all/009153@29.5694931018173,-90.3886741298035.jpg",1,50,265,391,179,441,444
"Morganza_all/009154@29.5698805228232,-90.3888954938999.jpg",2,0,268,628,150,628,418
"Morganza_all/009155@29.5699577288069,-90.3891111014809.jpg",2,0,277,639,180,639,457
"Morganza_all/009156@29.5695802391153,-90.3892185016781.jpg",1,43,282,597,147,640,429
"Morganza_all/009157@29.5692011289148,-90.3891009316279.jpg",2,0,273,640,170,640,443
"Morganza_all/009158@29.5691953744504,-90.3893519545373.jpg",2,0,271,555,182,555,453
"Morganza_all/009159@29.5687710792608,-90.389260762701.jpg",2,0,270,590,175,590,445
"Morganza_all/009160@29.5688555974881,-90.3894416960377.jpg",2,80,263,558,203,638,466
"Morganza_all/009161@29.5687447565757,-90.389806199839.jpg",2,0,295,641,180,641,475
"Morganza_all/009162@29.5688917626342,-90.3902634654323.jpg",1,102,275,384,114,486,389
"Morganza_all/009164@29.5692238811665,-90.3901564971213.jpg",1,0,276,632,134,632,410
"Morganza_all/009165@29.5692731404345,-90.3896454447677.jpg",2,0,283,538,161,538,444
"Morganza_all/009166@29.5694802621017,-90.390041558987.jpg",5,199,307,261,126,460,433
"Morganza_all/009167@29.5695297702848,-90.3895651378426.jpg",1,0,306,562,125,562,431
"Morganza_all/009168@29.5697635272077,-90.3894590933652.jpg",1,0,289,510,197,510,486
"Morganza_all/009169@29.5699749095134,-90.3893965137708.jpg",2,0,246,641,224,641,470
"Morganza_all/009170@29.5698426009638,-90.3899343046953.jpg",1,137,272,504,123,641,395
"Morganza_all/009171@29.5701899054929,-90.38983584216.jpg",1,150,285,454,122,604,407
"Morganza_all/009172@29.5704008245787,-90.3897127108688.jpg",2,0,210,641,406,641,616
"Morganza_all/009173@29.5727017664968,-90.3909032011675.jpg",1,174,272,414,146,588,418
"Morganza_all/009174@29.5726056866074,-90.3904527048391.jpg",2,65,289,576,169,641,458
"Morganza_all/009175@29.5729069785088,-90.3903878950005.jpg",2,54,259,587,212,641,471
"Morganza_all/009176@29.5730715385807,-90.3906784408842.jpg",2,234,254,407,235,641,489
"Morganza_all/009177@29.5731510185967,-90.3909697881474.jpg",2,323,225,318,272,641,497
"Morganza_all/009178@29.5732311699132,-90.3913584632487.jpg",1,34,257,421,194,455,451
"Morganza_all/009179@29.5734271293985,-90.3906308317579.jpg",5,134,287,183,126,317,413
"Morganza_all/009180@29.5734283387073,-90.3907989997505.jpg",1,197,286,259,124,456,410
"Morganza_all/009181@29.5735632981728,-90.3912756857902.jpg",5,236,283,197,132,433,415
"Morganza_all/009182@29.5737854294205,-90.3909638195948.jpg",1,123,287,279,116,402,403
"Morganza_all/009183@29.5737364666925,-90.3906102090344.jpg",3,250,270,246,93,496,363
"Morganza_all/009184@29.5737577654889,-90.3903444944356.jpg",1,176,260,328,107,504,367
"Morganza_all/009185@29.5736787300125,-90.3901151159299.jpg",2,186,229,455,204,641,433
"Morganza_all/009186@29.5716975469093,-90.3911250562977.jpg",2,203,221,437,305,640,526
"Morganza_all/009187@29.571898505365,-90.3910966151026.jpg",1,0,259,639,218,639,477
"Morganza_all/009188@29.5718568248068,-90.390681032437.jpg",1,24,254,608,207,632,461
"Morganza_all/009189@29.5720988912449,-90.3909885262589.jpg",1,7,253,564,242,571,495
"Morganza_all/009190@29.5722225607964,-90.3909696516569.jpg",1,221,241,347,273,568,514
"Morganza_all/009191@29.5722639586331,-90.3913498477407.jpg",1,0,261,447,199,447,460
"Morganza_all/009192@29.5722967948341,-90.3905352655329.jpg",2,0,196,554,387,554,583
"Morganza_all/009193@29.572469490856,-90.3908788354761.jpg",1,118,302,228,82,346,384
"Morganza_all/009194@29.5724862448719,-90.3910556955023.jpg",1,120,252,495,227,615,479
"Morganza_all/009195@29.5727962820792,-90.3911324324343.jpg",1,86,281,429,147,515,428
"Morganza_all/009196@29.5733728010815,-90.3916846184667.jpg",6,17,247,399,159,416,406
"Morganza_all/009197@29.5726380808549,-90.3928067351202.jpg",6,75,268,385,122,460,390
"Morganza_all/009199@29.574157262647,-90.3931819346006.jpg",5,196,302,208,121,404,423
"Morganza_all/009200@29.5738718314352,-90.3932996593932.jpg",2,0,271,562,171,562,442
"Morganza_all/009201@29.5735089570289,-90.3934093017046.jpg",2,0,280,641,168,641,448
"Morganza_all/009202@29.5731843554471,-90.3934565787619.jpg",3,48,271,532,121,580,392
"Morganza_all/009203@29.5728984801408,-90.3935123949827.jpg",1,106,267,534,137,640,404
"Morganza_all/009204@29.5725586868401,-90.3936040762507.jpg",2,0,268,571,152,571,420
"Morganza_all/009205@29.5722343751846,-90.3936956431265.jpg",2,0,277,641,148,641,425
"Morganza_all/009206@29.5717865477142,-90.3938237586456.jpg",2,0,287,604,126,604,413
"Morganza_all/009207@29.5715317341943,-90.3938969298315.jpg",3,51,300,458,118,509,418
"Morganza_all/009208@29.5713002837515,-90.3939876239983.jpg",2,0,287,502,177,502,464
"Morganza_all/009209@29.5709601096196,-90.3940262044273.jpg",5,247,309,166,100,413,409
"Morganza_all/009210@29.5707590238447,-90.3940369612303.jpg",4,227,292,84,142,311,434
"Morganza_all/009211@29.5704968003268,-90.394154461992.jpg",2,0,198,382,246,382,444
"Morganza_all/009212@29.5700412178988,-90.3942826459329.jpg",2,0,279,618,149,618,428
"Morganza_all/009213@29.5695698643169,-90.3943667155533.jpg",1,62,287,398,125,460,412
"Morganza_all/009214@29.5691993886111,-90.3944940996864.jpg",3,0,280,507,163,507,443
"Morganza_all/009215@29.5687049532339,-90.3945960944462.jpg",2,0,255,641,169,641,424
"Morganza_all/009216@29.5680560748028,-90.3947437956813.jpg",1,141,266,380,160,521,426
"Morganza_all/009217@29.5675695562961,-90.3948722636372.jpg",2,0,309,453,100,453,409
"Morganza_all/009218@29.5671367380056,-90.3949382571692.jpg",4,274,301,119,81,393,382
"Morganza_all/009219@29.566241179665,-90.3952121720777.jpg",2,0,251,641,139,641,390
"Morganza_all/009220@29.5652965434399,-90.3951147903696.jpg",6,127,262,240,155,367,417
"Morganza_all/009221@29.5642226240425,-90.3942487039606.jpg",6,97,228,294,209,391,437
"Morganza_all/009222@29.5643280004226,-90.3960000382942.jpg",6,181,152,245,178,426,330
"Morganza_all/009223@29.565849774036,-90.3956583365289.jpg",4,186,331,193,97,379,428
"Morganza_all/009224@29.5661280502193,-90.3956203430345.jpg",2,1,172,327,276,328,448
"Morganza_all/009225@29.5664832355012,-90.3955196596109.jpg",1,61,160,580,264,641,424
"Morganza_all/009226@29.5668384207034,-90.3954189754734.jpg",1,21,288,500,135,521,423
"Morganza_all/009227@29.5671471888545,-90.3953187252698.jpg",5,267,292,88,89,355,381
"Morganza_all/009228@29.5676804057679,-90.3952252433801.jpg",5,316,289,94,101,410,390
"Morganza_all/009230@29.5686302981337,-90.3949773657098.jpg",5,342,316,143,83,485,399
"Morganza_all/009231@29.5689780727712,-90.3949210076313.jpg",2,0,289,573,161,573,450
"Morganza_all/009232@29.5694032631131,-90.3948727634725.jpg",5,157,303,265,145,422,448
"Morganza_all/009233@29.569742613601,-90.3947191217839.jpg",1,180,177,324,247,504,424
"Morganza_all/009234@29.570074589682,-90.3946186490242.jpg",1,150,256,454,169,604,425
"Morganza_all/009235@29.5702908402529,-90.3945635215073.jpg",1,68,266,428,174,496,440
"Morganza_all/009236@29.5705688351359,-90.3944901356579.jpg",2,149,267,491,173,640,440
"Morganza_all/009237@29.5710788427141,-90.3943968322543.jpg",2,66,225,575,222,641,447
"Morganza_all/009238@29.5714498613881,-90.3943490926659.jpg",2,302,264,338,136,640,400
"Morganza_all/009240@29.5735248054118,-90.4048358225009.jpg",3,251,215,274,172,525,387
"Morganza_all/009241@29.5736049261598,-90.4054668382645.jpg",2,146,224,494,170,640,394
"Morganza_all/009242@29.5737450501829,-90.406028058339.jpg",1,65,201,548,197,613,398
"Morganza_all/009243@29.5736791067833,-90.4063315557055.jpg",4,268,262,151,91,419,353
"Morganza_all/009244@29.5738555018907,-90.4066674470163.jpg",3,175,265,262,104,437,369
"Morganza_all/009247@29.5810417169673,-90.4227682073979.jpg",1,157,252,450,165,607,417
"Morganza_all/009248@29.5813286752056,-90.4226963522089.jpg",4,259,294,268,124,527,418
"Morganza_all/009250@29.5818043456402,-90.4225622173566.jpg",1,67,277,534,113,601,390
"Morganza_all/009251@29.5820836490183,-90.4224731267821.jpg",1,48,284,509,112,557,396
"Morganza_all/009252@29.5827205816121,-90.4226836968794.jpg",6,167,276,233,119,400,395
"Morganza_all/009253@29.582754736131,-90.423245954345.jpg",6,278,226,165,163,443,389
"Morganza_all/009254@29.5819238405882,-90.4234266055448.jpg",6,263,178,106,157,369,335
"Morganza_all/009255@29.5792734617543,-90.4274231910195.jpg",6,188,199,257,211,445,410
"Morganza_all/009256@29.5799462829346,-90.4273565119346.jpg",6,203,229,189,164,392,393
"Morganza_all/009257@29.5800469166579,-90.427684494076.jpg",1,177,291,329,158,506,449
"Morganza_all/009258@29.5803740467571,-90.4279498356972.jpg",2,255,265,386,159,641,424
"Morganza_all/009259@29.5804238122687,-90.4274906839865.jpg",2,1,309,420,108,421,417
"Morganza_all/009260@29.5809250115104,-90.427763103975.jpg",5,150,275,152,132,302,407
"Morganza_all/009261@29.580914698731,-90.4273650558896.jpg",1,15,270,344,159,359,429
"Morganza_all/009262@29.5809644023745,-90.42689725012.jpg",6,193,259,237,117,430,376
"Morganza_all/009263@29.5813552872893,-90.427629372802.jpg",2,280,276,361,108,641,384
"Morganza_all/009264@29.5812620635698,-90.4272753638297.jpg",2,0,246,386,213,386,459
"Morganza_all/009265@29.5814353870613,-90.4271785938523.jpg",5,292,276,121,97,413,373
"Morganza_all/009266@29.5812878837732,-90.4266346724489.jpg",6,173,242,257,150,430,392
"Morganza_all/009267@29.5815538615562,-90.4268053652116.jpg",5,175,263,329,163,504,426
"Morganza_all/009268@29.5725687769602,-90.3885500870476.jpg",5,112,232,464,189,576,421
"Morganza_all/009269@29.5724626301215,-90.3888520213794.jpg",5,222,275,185,149,407,424
"Morganza_all/009270@29.5721980518914,-90.3886421080591.jpg",2,0,241,641,212,641,453
"Morganza_all/009271@29.5722387825696,-90.3889249452349.jpg",2,112,226,529,279,641,505
"Morganza_all/009272@29.5719819312197,-90.3887149278665.jpg",2,54,244,587,214,641,458
"Morganza_all/009273@29.5720075268316,-90.3890422006799.jpg",5,217,290,237,107,454,397
"Morganza_all/009274@29.5717660934577,-90.3888231983082.jpg",2,26,278,615,181,641,459
"Morganza_all/009276@29.5714106306605,-90.3888884914189.jpg",3,52,210,579,318,631,528
"Morganza_all/009277@29.5712180009992,-90.3889965106156.jpg",1,36,223,488,227,524,450
"Morganza_all/009278@29.5712970748302,-90.3892347534879.jpg",1,178,260,423,189,601,449
"Morganza_all/009279@29.5709262217269,-90.3893090610692.jpg",2,167,236,474,342,641,578
"Morganza_all/009280@29.5708395847904,-90.3890974409602.jpg",2,0,240,639,200,639,440
"Morganza_all/009281@29.5710595937142,-90.3895644713884.jpg",2,0,127,638,391,638,518
"Morganza_all/009283@29.5715077632255,-90.3894805963477.jpg",2,0,248,460,234,460,482
"Morganza_all/009284@29.5718471435375,-90.3893357726405.jpg",2,0,207,641,390,641,597
"Morganza_all/009285@29.5722720769239,-90.3892521149169.jpg",1,51,243,453,243,504,486
"Morganza_all/009286@29.5724956972523,-90.3891438029548.jpg",5,343,309,134,88,477,397
"Morganza_all/009287@29.5732983814104,-90.388870692274.jpg",2,0,271,550,205,550,476
"Morganza_all/009288@29.5743451517565,-90.3934899498144.jpg",2,0,188,639,280,639,468
"Morganza_all/009289@29.5741469843419,-90.3939078248218.jpg",3,225,279,224,83,449,362
"Morganza_all/009290@29.5742418476112,-90.3941901619927.jpg",6,181,261,249,183,430,444
"Morganza_all/009291@29.5738765901101,-90.3939634636466.jpg",2,0,242,641,195,641,437
"Morganza_all/009292@29.5736103169848,-90.3945943851082.jpg",6,101,263,337,155,438,418
"Morganza_all/009293@29.5724960372382,-90.3945782767499.jpg",6,125,258,343,174,468,432
"Morganza_all/009294@29.568022280712,-90.3871822686456.jpg",1,283,292,342,137,625,429
"Morganza_all/009296@29.5684368291184,-90.3869706716179.jpg",2,160,270,479,114,639,384
"Morganza_all/009297@29.5680406553816,-90.3865849738686.jpg",4,263,280,109,88,372,368
"Morganza_all/009298@29.5681991375236,-90.3865315714904.jpg",1,240,188,261,216,501,404
"Morganza_all/009299@29.5683501199011,-90.3864868591426.jpg",4,268,223,185,148,453,371
"Morganza_all/009300@29.5684858535075,-90.3864250207033.jpg",4,196,298,211,105,407,403
"Morganza_all/009301@29.568772916879,-90.3863703708393.jpg",2,0,253,359,196,359,449
"Morganza_all/009303@29.569258737778,-90.3865994453084.jpg",5,230,287,132,107,362,394
"Morganza_all/009304@29.5691154420899,-90.3866613554539.jpg",5,236,292,192,126,428,418
"Morganza_all/009305@29.56888146505,-90.3867328046266.jpg",2,316,268,325,193,641,461
"Morganza_all/009307@29.5694285309736,-90.3870651442439.jpg",4,263,318,104,138,367,456
"Morganza_all/009309@29.56886937503,-90.3871569659012.jpg",6,63,290,439,108,502,398
"Morganza_all/009310@29.5690372929687,-90.3873630625302.jpg",2,0,275,288,226,288,501
"Morganza_all/009311@29.5691604005077,-90.3876474719052.jpg",2,0,265,337,253,337,518
"Morganza_all/009312@29.5689718573482,-90.3877271407239.jpg",2,0,246,496,259,496,505
"Morganza_all/009313@29.5687449771918,-90.3877379332548.jpg",5,274,289,136,138,410,427
"Morganza_all/009314@29.5685694354218,-90.3875232578027.jpg",1,170,276,325,147,495,423
"Morganza_all/009315@29.5681244858081,-90.3877178383039.jpg",4,170,319,225,107,395,426
"Morganza_all/009316@29.5682323163028,-90.3879850881769.jpg",2,0,287,277,191,277,478
"Morganza_all/009317@29.5685641556727,-90.38784348104.jpg",2,0,273,264,161,264,434
"Morganza_all/009318@29.5684758804649,-90.3881904711291.jpg",2,285,244,356,213,641,457
"Morganza_all/009319@29.5687099481777,-90.3881276755988.jpg",2,151,228,490,222,641,450
"Morganza_all/009320@29.5687496574519,-90.3883869192721.jpg",1,46,234,530,240,576,474
"Morganza_all/009321@29.5690813101391,-90.388219362015.jpg",3,141,224,423,238,564,462
"Morganza_all/009322@29.5691325245616,-90.3879765925657.jpg",5,222,287,191,108,413,395
"Morganza_all/009323@29.5694512370136,-90.3881120299437.jpg",1,65,214,415,290,480,504
"Morganza_all/009324@29.5694269634012,-90.3878959246159.jpg",5,195,272,170,173,365,445
"Morganza_all/009325@29.569600257859,-90.3877990979409.jpg",5,186,287,195,161,381,448
"Morganza_all/009326@29.5696776530273,-90.3880406864034.jpg",2,0,206,640,322,640,528
"Morganza_all/009327@29.5696422762267,-90.3883784988238.jpg",2,0,252,636,203,636,455
"Morganza_all/009328@29.5693935834599,-90.3885106706074.jpg",1,91,275,445,167,536,442
"Morganza_all/009329@29.5692045132538,-90.3885211047837.jpg",1,0,293,574,130,574,423
"Morganza_all/009330@29.568957129651,-90.3888349619117.jpg",5,128,284,432,151,560,435
"Morganza_all/009331@29.5684727471529,-90.3888049259733.jpg",1,1,274,532,183,533,457
"Morganza_all/009332@29.5685496416853,-90.3889772794815.jpg",2,0,240,511,202,511,442
"Morganza_all/009333@29.5692518460867,-90.3887889288425.jpg",2,0,261,568,216,568,477
"Morganza_all/009334@29.5724624062594,-90.3866747094146.jpg",2,0,256,640,231,640,487
"Morganza_all/009335@29.5722000614644,-90.3867745214971.jpg",3,15,263,506,193,521,456
"Morganza_all/009336@29.5720613219535,-90.3868466456275.jpg",1,88,258,509,173,597,431
"Morganza_all/009337@29.5719069092323,-90.3868923667122.jpg",1,0,259,627,174,627,433
"Morganza_all/009338@29.5717217890355,-90.3869737684716.jpg",2,78,251,563,200,641,451
"Morganza_all/009339@29.5711430832601,-90.3871916731731.jpg",1,0,268,613,202,613,470
"Morganza_all/009340@29.570865384401,-90.3873093385161.jpg",2,291,254,350,173,641,427
"Morganza_all/009341@29.5706108576172,-90.3874179446803.jpg",1,113,242,521,201,634,443
"Morganza_all/009342@29.5703716571639,-90.3875087262029.jpg",2,18,240,619,237,637,477
"Morganza_all/009343@29.570186472803,-90.387581286506.jpg",1,18,234,579,212,597,446
"Morganza_all/009344@29.5703580273422,-90.387765520398.jpg",2,76,279,565,158,641,437
"Morganza_all/009345@29.5706280996659,-90.3876656083422.jpg",2,85,178,556,264,641,442
"Morganza_all/009346@29.5710449218871,-90.3875289197225.jpg",2,232,262,409,263,641,525
"Morganza_all/009347@29.5716081104486,-90.3873023239407.jpg",2,324,267,317,167,641,434
"Morganza_all/009348@29.5718781186106,-90.3871935701706.jpg",1,244,293,372,122,616,415
"Morganza_all/009349@29.5725028216313,-90.3869132872557.jpg",2,0,259,640,208,640,467
"Morganza_all/009350@29.5726744136382,-90.3871063952692.jpg",1,183,293,212,98,395,391
"Morganza_all/009351@29.5727686164369,-90.3872913634909.jpg",1,170,259,212,156,382,415
"Morganza_all/009353@29.5726022340676,-90.3878239886421.jpg",4,267,306,169,93,436,399
"Morganza_all/009354@29.5731219430425,-90.3880049731305.jpg",5,245,317,195,119,440,436
"Morganza_all/009355@29.5733920155331,-90.3879050589635.jpg",2,60,102,581,424,641,526
"Morganza_all/009356@29.5735811294553,-90.3883812301457.jpg",5,300,284,155,123,455,407
"Morganza_all/009357@29.5742532163283,-90.3903840931698.jpg",5,282,316,95,107,377,423
"Morganza_all/009359@29.5731591789149,-90.389951829352.jpg",2,0,224,641,287,641,511
"Morganza_all/009360@29.5727499539632,-90.3900707594168.jpg",2,0,227,638,212,638,439
"Morganza_all/009361@29.5724873519481,-90.3901351743376.jpg",2,0,223,468,244,468,467
"Morganza_all/009362@29.5722553671367,-90.39015506992.jpg",2,87,244,554,273,641,517
"Morganza_all/009363@29.5729011824178,-90.389582511091.jpg",1,87,287,492,148,579,435
"Morganza_all/009364@29.5727236239091,-90.3896372862909.jpg",1,66,307,490,145,556,452
"Morganza_all/009365@29.5725383111132,-90.3896921658057.jpg",1,54,294,509,161,563,455
"Morganza_all/009366@29.5723531528238,-90.3897646919262.jpg",1,131,292,438,139,569,431
"Morganza_all/009367@29.5721756580878,-90.3898283372066.jpg",2,0,295,639,200,639,495
"Morganza_all/009368@29.57203984638,-90.390307565185.jpg",2,0,262,612,221,612,483
"Morganza_all/009369@29.5719518736105,-90.3899100978984.jpg",2,0,262,615,272,615,534
"Morganza_all/009370@29.5718469334839,-90.3903801942621.jpg",2,0,267,590,248,590,515
"Morganza_all/009371@29.5716888895199,-90.3899214145924.jpg",2,41,279,597,154,638,433
"Morganza_all/009372@29.5716540203205,-90.3904527916032.jpg",1,50,240,449,260,499,500
"Morganza_all/009373@29.5714834883577,-90.390410166435.jpg",4,211,308,230,118,441,426
"Morganza_all/009374@29.5713444284834,-90.3904380262334.jpg",3,76,258,390,196,466,454
"Morganza_all/009375@29.5711440430542,-90.3905461153643.jpg",2,70,258,567,215,637,473
"Morganza_all/009376@29.5705106507029,-90.3906937007421.jpg",3,225,273,379,125,604,398
"Morganza_all/009377@29.5697845513801,-90.3908598357938.jpg",5,289,287,110,111,399,398
"Morganza_all/009378@29.5696964528904,-90.3904446674588.jpg",6,170,256,251,167,421,423
"Morganza_all/009379@29.5695764746525,-90.3909768343673.jpg",2,33,255,608,170,641,425
"Morganza_all/009380@29.5693880068079,-90.3905891931534.jpg",6,153,237,296,167,449,404
"Morganza_all/009381@29.5693064635652,-90.3910856068965.jpg",1,172,250,447,237,619,487
"Morganza_all/009382@29.5691209865858,-90.3911139017567.jpg",1,167,237,385,172,552,409
"Morganza_all/009383@29.5691037235535,-90.3908662414862.jpg",1,224,242,398,170,622,412
"Morganza_all/009384@29.5686196898487,-90.3913398884003.jpg",6,233,260,158,102,391,362
"Morganza_all/009385@29.568310352181,-90.391360476362.jpg",6,272,285,161,118,433,403
"Morganza_all/009386@29.5680709582131,-90.3914246982742.jpg",6,210,241,209,138,419,379
"Morganza_all/009387@29.5679568595339,-90.391700140813.jpg",6,51,236,431,130,482,366
"Morganza_all/009388@29.5678485716296,-90.3917011587382.jpg",6,91,218,256,177,347,395
"Morganza_all/009389@29.56767842128,-90.3917115976245.jpg",6,107,221,337,188,444,409
"Morganza_all/009390@29.5670761537314,-90.3918854276284.jpg",6,45,183,396,224,441,407
"Morganza_all/009391@29.5667666889992,-90.391888336047.jpg",6,0,274,496,172,496,446
"Morganza_all/009392@29.566634974428,-90.3918630244007.jpg",6,0,251,215,186,215,437
"Morganza_all/009393@29.5659139560508,-90.3927371209107.jpg",6,0,275,204,213,204,488
"Morganza_all/009394@29.5667168024181,-90.3924817656961.jpg",6,73,267,178,166,251,433
"Morganza_all/009395@29.5671342651129,-90.3924336163059.jpg",6,139,234,122,167,261,401
"Morganza_all/009396@29.5673110622106,-90.3922726260168.jpg",6,87,237,209,222,296,459
"Morganza_all/009397@29.5677974512344,-90.3921264680432.jpg",6,5,146,346,190,351,336
"Morganza_all/009398@29.5680138911833,-90.3920978530418.jpg",6,208,199,202,185,410,384
"Morganza_all/009400@29.5686468403128,-90.3918883447544.jpg",6,247,165,152,161,399,326
"Morganza_all/009401@29.5693015988623,-90.3914839375879.jpg",2,0,269,631,173,631,442
"Morganza_all/009402@29.5693043962306,-90.3918733251684.jpg",3,74,272,521,165,595,437
"Morganza_all/009403@29.5696211430678,-90.391808407938.jpg",2,35,207,606,198,641,405
"Morganza_all/009404@29.5699604899622,-90.3916547555341.jpg",3,85,219,518,226,603,445
"Morganza_all/009405@29.5696874618809,-90.3913475263826.jpg",1,279,273,241,154,520,427
"Morganza_all/009406@29.5698189222322,-90.3913374505083.jpg",1,156,302,190,151,346,453
"Morganza_all/009407@29.5699346740465,-90.3912921008277.jpg",5,301,301,150,131,451,432
"Morganza_all/009408@29.5700351076716,-90.3912734455344.jpg",1,57,268,315,188,372,456
"Morganza_all/009409@29.5702386737341,-90.3916078790848.jpg",3,175,251,367,133,542,384
"Morganza_all/009410@29.5701655501431,-90.3911217556713.jpg",4,111,294,299,141,410,435
"Morganza_all/009411@29.5704055167054,-90.391137209336.jpg",2,0,297,530,137,530,434
"Morganza_all/009412@29.5705013399935,-90.3915523085706.jpg",2,117,259,524,128,641,387
"Morganza_all/009413@29.5707097350289,-90.3914795371595.jpg",3,122,237,307,252,429,489
"Morganza_all/009414@29.5708330591258,-90.3914164051263.jpg",1,220,237,411,247,631,484
"Morganza_all/009415@29.5706109568798,-90.3906573350675.jpg",2,0,248,298,168,298,416
"Morganza_all/009416@29.5709535482293,-90.3909550395519.jpg",2,0,235,544,266,544,501
"Morganza_all/009417@29.5710723897806,-90.3913433737293.jpg",1,4,277,443,187,447,464
"Morganza_all/009418@29.571216214208,-90.3908994669293.jpg",2,12,204,537,241,549,445
"Morganza_all/009420@29.571388845524,-90.3912341631599.jpg",1,90,220,359,265,449,485
"Morganza_all/009421@29.5716096404075,-90.3907364603048.jpg",1,140,229,419,253,559,482
"Morganza_all/009422@29.5752196750057,-90.4059451642907.jpg",5,230,262,139,165,369,427
"Morganza_all/009423@29.5752708947524,-90.4057023892849.jpg",2,175,255,464,143,639,398
"Morganza_all/009424@29.5750510760906,-90.4045706913608.jpg",3,0,288,413,107,413,395
"Morganza_all/009426@29.5739445526647,-90.4042867148367.jpg",1,52,241,383,157,435,398
"Morganza_all/009427@29.5740004576504,-90.4047016132855.jpg",2,0,271,369,108,369,379
"Morganza_all/009428@29.5739965727791,-90.4052208811564.jpg",1,98,279,360,152,458,431
"Morganza_all/009429@29.5740920607462,-90.4058863943509.jpg",2,99,257,541,172,640,429
"Morganza_all/009430@29.5740592417227,-90.4065963207172.jpg",1,132,265,361,148,493,413
"Morganza_all/009431@29.574346280024,-90.4065331061176.jpg",2,0,243,640,198,640,441
"Morganza_all/009432@29.5742456208691,-90.4062051636429.jpg",2,0,251,615,184,615,435
"Morganza_all/009433@29.5746108492036,-90.4065046727898.jpg",1,0,270,584,159,584,429
"Morganza_all/009434@29.5744549022212,-90.4058483981573.jpg",5,199,238,263,200,462,438
"Morganza_all/009435@29.5744667802747,-90.4053896128843.jpg",3,1,262,537,136,538,398
"Morganza_all/009436@29.5745553125036,-90.4050686005748.jpg",2,0,212,641,198,641,410
"Morganza_all/009437@29.5743710446508,-90.4046894948457.jpg",3,0,289,469,101,469,390
"Morganza_all/009438@29.5747184830322,-90.4046084119507.jpg",2,0,275,369,135,369,410
"Morganza_all/009439@29.574897673677,-90.4053423644168.jpg",2,0,287,587,128,587,415
"Morganza_all/009440@29.5747349902468,-90.4058717585813.jpg",4,242,268,241,127,483,395
"Morganza_all/009441@29.5747064901344,-90.4061230046478.jpg",1,159,265,293,158,452,423
"Morganza_all/009442@29.5749028177659,-90.4060692793529.jpg",2,0,242,544,191,544,433
"Morganza_all/009443@29.5749988247331,-90.4057395142536.jpg",1,66,270,569,125,635,395
"Morganza_all/009444@29.5752984442961,-90.4063858113629.jpg",2,29,251,608,158,637,409
"Morganza_all/009445@29.5726204600547,-90.3882044035914.jpg",2,0,273,590,180,590,453
"Morganza_all/009446@29.5720520364434,-90.3877052671047.jpg",3,25,253,469,143,494,396
"Morganza_all/009447@29.5716975594432,-90.3879033408929.jpg",2,44,252,595,229,639,481
"Morganza_all/009448@29.5715719749829,-90.3876566974003.jpg",5,306,265,127,130,433,395
"Morganza_all/009449@29.5712417916743,-90.3880050058553.jpg",3,1,251,547,183,548,434
"Morganza_all/009450@29.5712324050116,-90.3877749774562.jpg",4,255,254,183,125,438,379
"Morganza_all/009451@29.5709865347355,-90.3880162545492.jpg",1,44,288,395,148,439,436
"Morganza_all/009452@29.5708021433574,-90.3881950094152.jpg",4,314,271,196,175,510,446
"Morganza_all/009453@29.5705300922912,-90.3880205620901.jpg",2,0,268,536,231,536,499
"Morganza_all/009454@29.5707271881017,-90.3885320663854.jpg",2,0,280,339,170,339,450
"Morganza_all/009455@29.5709141590846,-90.3887073177713.jpg",1,145,195,466,249,611,444
"Morganza_all/009456@29.5710357870743,-90.388405241911.jpg",2,0,193,518,351,518,544
"Morganza_all/009457@29.571261484389,-90.3885889681149.jpg",1,140,270,348,185,488,455
"Morganza_all/009458@29.5712520075292,-90.3883501007111.jpg",2,0,284,568,219,568,503
"Morganza_all/009459@29.5715087955307,-90.3885512449706.jpg",5,189,295,269,122,458,417
"Morganza_all/009460@29.5714756908481,-90.3882506270222.jpg",2,0,276,381,282,381,558
"Morganza_all/009461@29.5716607843405,-90.3881692280819.jpg",2,0,270,428,258,428,528
"Morganza_all/009462@29.5718712831177,-90.3883884890242.jpg",5,163,293,253,132,416,425
"Morganza_all/009463@29.5718697518186,-90.3881760961257.jpg",2,0,284,405,170,405,454
"Morganza_all/009464@29.5721102654895,-90.3882711907833.jpg",2,0,249,640,240,640,489
"Morganza_all/009465@29.573349937924,-90.3885073277666.jpg",2,0,276,337,136,337,412
"Morganza_all/009466@29.5731708486217,-90.3883496780012.jpg",2,86,265,555,177,641,442
"Morganza_all/009467@29.5730166907122,-90.3884308174683.jpg",2,0,261,580,184,580,445
"Morganza_all/009468@29.5728023561758,-90.3887514533217.jpg",5,197,320,165,107,362,427
"Morganza_all/009469@29.5754512643446,-90.4044631327771.jpg",2,0,273,515,131,515,404
"Morganza_all/009470@29.5756133707696,-90.4049203100549.jpg",5,216,260,299,168,515,428
"Morganza_all/009471@29.5753434796208,-90.40526899184.jpg",2,0,275,366,148,366,423
"Morganza_all/009472@29.5755503091589,-90.4056305591293.jpg",2,0,248,611,158,611,406
"Morganza_all/009473@29.5754546696637,-90.4060122309567.jpg",2,0,270,567,156,567,426
"Morganza_all/009474@29.5757036250869,-90.4059147293785.jpg",2,0,285,594,136,594,421
"Morganza_all/009475@29.5758506024262,-90.4063720501217.jpg",1,192,280,202,88,394,368
"Morganza_all/009476@29.5760836996644,-90.4061708473038.jpg",1,22,291,421,81,443,372
"Morganza_all/009477@29.5759073032932,-90.4058349493956.jpg",1,186,234,258,175,444,409
"Morganza_all/009478@29.5758377755606,-90.4056278966605.jpg",1,126,260,514,146,640,406
"Morganza_all/009479@29.5759401792251,-90.405133629067.jpg",2,0,279,461,106,461,385
"Morganza_all/009480@29.5759078474912,-90.4048396864379.jpg",2,193,249,444,161,637,410
"Morganza_all/009481@29.5761143652099,-90.4040934977645.jpg",4,319,262,131,103,450,365
"Morganza_all/009482@29.5763846828679,-90.4038053977486.jpg",4,211,290,172,101,383,391
"Morganza_all/009483@29.5761874179826,-90.4047938377233.jpg",2,152,262,487,156,639,418
"Morganza_all/009484@29.5765823734942,-90.4050151774169.jpg",5,219,296,252,119,471,415
"Morganza_all/009485@29.5767141687143,-90.4054639900437.jpg",5,219,244,247,129,466,373
"Morganza_all/009486@29.5760792911432,-90.4055477655101.jpg",5,296,290,134,103,430,393
"Morganza_all/009487@29.5761189996704,-90.4058156862725.jpg",2,0,223,637,250,637,473
"Morganza_all/009488@29.5765194950182,-90.405751385982.jpg",2,0,237,625,246,625,483
"Morganza_all/009489@29.5763327163956,-90.4060819963847.jpg",3,116,274,510,200,626,474
"Morganza_all/009490@29.5766047865039,-90.4060448718519.jpg",2,10,258,626,175,636,433
"Morganza_all/009491@29.5769749115161,-90.4059635503507.jpg",1,127,266,446,163,573,429
"Morganza_all/009492@29.576976197055,-90.4061452828544.jpg",2,239,239,401,206,640,445
"Morganza_all/009494@29.5764042901869,-90.4065746237344.jpg",6,214,247,143,124,357,371
"Morganza_all/009495@29.5766046885491,-90.407100697783.jpg",6,101,189,374,218,475,407
"Morganza_all/009496@29.576989387812,-90.4069413504462.jpg",6,146,237,306,182,452,419
"Morganza_all/009497@29.5773992805672,-90.4071366390805.jpg",1,217,252,316,141,533,393
"Morganza_all/009499@29.6212910467114,-90.5028955409141.jpg",1,136,252,375,148,511,400
"Morganza_all/009500@29.6214674424959,-90.5036577888923.jpg",3,200,218,323,144,523,362
"Morganza_all/009501@29.6210360102987,-90.5032686046082.jpg",1,50,246,490,155,540,401
"Morganza_all/009502@29.6211177843212,-90.5041407227626.jpg",3,195,203,276,154,471,357
"Morganza_all/009503@29.6206958264028,-90.5037405379506.jpg",3,182,226,311,154,493,380
"Morganza_all/009504@29.6202417995155,-90.5043007180098.jpg",3,113,268,394,123,507,391
"Morganza_all/009505@29.6206733666669,-90.5047117451352.jpg",3,109,210,392,159,501,369
"Morganza_all/009506@29.6203328333471,-90.5051291627616.jpg",1,122,212,363,166,485,378
"Morganza_all/009507@29.6199299073037,-90.5047288194366.jpg",1,199,273,289,123,488,396
"Morganza_all/009508@29.6199544337796,-90.5055905125969.jpg",1,98,216,389,168,487,384
"Morganza_all/009509@29.6195234204465,-90.5052667551439.jpg",1,112,276,376,118,488,394
"Morganza_all/009510@29.6195859874448,-90.5061172408954.jpg",3,57,236,370,137,427,373
"Morganza_all/009511@29.6191981113018,-90.506589582929.jpg",1,134,240,284,103,418,343
"Morganza_all/009512@29.6188049655666,-90.5062218893488.jpg",1,62,239,393,165,455,404
"Morganza_all/009513@29.6188396563737,-90.5071925744385.jpg",1,76,234,309,148,385,382
"Morganza_all/009514@29.6184234116009,-90.5076978744192.jpg",1,81,188,338,185,419,373
"Morganza_all/009515@29.6184649498249,-90.5067265323996.jpg",1,43,245,464,159,507,404
"Morganza_all/009516@29.6180109789341,-90.5072976068886.jpg",1,91,243,392,166,483,409
"Morganza_all/009517@29.6173453774559,-90.509081387079.jpg",1,148,207,410,177,558,384
"Morganza_all/009518@29.6142908457151,-90.5129903046076.jpg",6,123,232,325,192,448,424
"Morganza_all/009519@29.6193890330732,-90.511181128899.jpg",6,142,190,264,262,406,452
"Morganza_all/009520@29.6274973988704,-90.5044915898578.jpg",6,91,168,285,229,376,397
"Morganza_all/009521@29.6280688271885,-90.5044104985178.jpg",1,292,287,177,89,469,376
"Morganza_all/009522@29.6282373529534,-90.5054347452652.jpg",6,135,208,262,208,397,416
"Morganza_all/009523@29.6228864450926,-90.5171094984151.jpg",6,126,187,241,190,367,377
"Morganza_all/009524@29.6295066522699,-90.5056642865915.jpg",1,211,287,356,95,567,382
"Morganza_all/009525@29.6297178967424,-90.5059025788484.jpg",1,199,286,341,104,540,390
"Morganza_all/009526@29.6306693577457,-90.5071276869984.jpg",1,59,278,340,119,399,397
"Morganza_all/009527@29.6308422256771,-90.50733356594.jpg",1,173,290,289,116,462,406
"Morganza_all/009528@29.6310494814684,-90.5069390571624.jpg",2,5,290,572,161,577,451
"Morganza_all/009529@29.6312986026473,-90.5071443072514.jpg",1,81,287,539,131,620,418
"Morganza_all/009531@29.6308285947989,-90.5081956680308.jpg",6,286,270,134,103,420,373
"Morganza_all/009532@29.6311074378121,-90.508575277632.jpg",6,186,245,189,123,375,368
"Morganza_all/009533@29.6317266879089,-90.5085156262244.jpg",3,277,242,219,130,496,372
"Morganza_all/009534@29.6313292888696,-90.5089880945944.jpg",6,77,242,364,158,441,400
"Morganza_all/009535@29.6310069072177,-90.5092635268428.jpg",6,0,246,374,158,374,404
"Morganza_all/009536@29.6315150541408,-90.50972853886.jpg",6,97,197,396,198,493,395
"Morganza_all/009537@29.632197713668,-90.5090464159311.jpg",1,161,265,285,103,446,368
"Morganza_all/009538@29.6322846247307,-90.5092014493043.jpg",4,241,272,120,123,361,395
"Morganza_all/009539@29.6323854501569,-90.5092907699462.jpg",1,246,275,197,138,443,413
"Morganza_all/009541@29.6326666801271,-90.5095999541574.jpg",1,246,285,158,111,404,396
"Morganza_all/009542@29.632746183624,-90.5097140662212.jpg",1,241,272,160,135,401,407
"Morganza_all/009543@29.6329048539687,-90.5098930945523.jpg",1,261,280,152,129,413,409
"Morganza_all/009544@29.6329058316412,-90.510048836467.jpg",1,296,284,266,183,562,467
"Morganza_all/009546@29.6333338983311,-90.5097911982369.jpg",2,0,311,540,142,540,453
"Morganza_all/009547@29.6335714029475,-90.5099777949831.jpg",2,161,320,470,104,631,424
"Morganza_all/009548@29.6338313606709,-90.510319927898.jpg",1,62,297,481,134,543,431
"Morganza_all/009549@29.6335611396751,-90.5106254672635.jpg",1,55,261,420,137,475,398
"Morganza_all/009550@29.6336910526341,-90.5107883349426.jpg",1,75,263,501,153,576,416
"Morganza_all/009551@29.6342141323524,-90.5108332051961.jpg",2,0,235,639,205,639,440
"Morganza_all/009552@29.6339083128864,-90.5111718364437.jpg",1,63,257,235,132,298,389
"Morganza_all/009553@29.6341632746478,-90.5118583182052.jpg",1,262,259,280,102,542,361
"Morganza_all/009554@29.633574660601,-90.511641798158.jpg",1,4,242,409,141,413,383
"Morganza_all/009555@29.6348854583887,-90.511680238836.jpg",1,93,289,456,158,549,447
"Morganza_all/009556@29.6337811321161,-90.5125910110292.jpg",3,97,255,536,140,633,395
"Morganza_all/009557@29.6334007276324,-90.5124547789219.jpg",2,0,279,576,124,576,403
"Morganza_all/009558@29.632909578041,-90.511786607479.jpg",1,36,257,586,141,622,398
"Morganza_all/009559@29.6334331244117,-90.5130529008488.jpg",1,69,269,517,129,586,398
"Morganza_all/009560@29.6331663555365,-90.5127681699723.jpg",3,92,248,444,162,536,410
"Morganza_all/009561@29.632907225027,-90.5125571923646.jpg",1,86,278,382,126,468,404
"Morganza_all/009562@29.6327894855856,-90.5120499249838.jpg",1,126,259,418,158,544,417
"Morganza_all/009563@29.6325474757497,-90.512289626543.jpg",1,51,262,468,132,519,394
"Morganza_all/009564@29.6324197707919,-90.5124791908691.jpg",1,17,254,621,151,638,405
"Morganza_all/009565@29.6326795170196,-90.5127885601761.jpg",1,76,277,500,118,576,395
"Morganza_all/009566@29.6329459506795,-90.5130240933512.jpg",1,86,281,402,113,488,394
"Morganza_all/009567@29.6327541986223,-90.5132797808827.jpg",3,70,276,377,116,447,392
"Morganza_all/009568@29.6320505674464,-90.5129904471767.jpg",1,0,250,630,159,630,409
"Morganza_all/009569@29.632583717488,-90.5135025254245.jpg",1,76,282,414,119,490,401
"Morganza_all/009570@29.6328792639819,-90.5138115733196.jpg",1,62,273,508,121,570,394
"Morganza_all/009571@29.6326663414479,-90.514116631393.jpg",1,98,248,515,142,613,390
"Morganza_all/009572@29.6323565712858,-90.513824067833.jpg",1,13,292,555,115,568,407
"Morganza_all/009573@29.6321539529477,-90.5134896453923.jpg",1,109,256,427,151,536,407
"Morganza_all/009574@29.6317518680988,-90.5133207906544.jpg",1,109,252,500,178,609,430
"Morganza_all/009575@29.6319907233081,-90.5137286969392.jpg",1,114,280,404,132,518,412
"Morganza_all/009576@29.6314607272151,-90.5137166366363.jpg",1,30,218,394,182,424,400
"Morganza_all/009577@29.6320225513466,-90.5142366651322.jpg",1,13,287,456,122,469,409
"Morganza_all/009578@29.6324105404374,-90.5144384070616.jpg",2,0,272,621,127,621,399
"Morganza_all/009579@29.6322475648549,-90.5147184388183.jpg",1,184,267,234,106,418,373
"Morganza_all/009580@29.632045879266,-90.5156791630672.jpg",6,214,239,239,123,453,362
"Morganza_all/009581@29.6317102894298,-90.5146900332697.jpg",2,0,280,521,127,521,407
"Morganza_all/009582@29.6314865553401,-90.5144131663892.jpg",1,183,255,345,146,528,401
"Morganza_all/009583@29.6316436439527,-90.5154857174734.jpg",1,17,289,473,107,490,396
"Morganza_all/009584@29.6314260895737,-90.5150530509056.jpg",2,0,262,503,152,503,414
"Morganza_all/009585@29.6311521754422,-90.5147683788679.jpg",1,84,241,445,173,529,414
"Morganza_all/009586@29.6308785678203,-90.5145329039727.jpg",1,65,268,493,177,558,445
"Morganza_all/009587@29.6305372937314,-90.5149291527899.jpg",1,15,274,445,129,460,403
"Morganza_all/009588@29.630989277898,-90.5150566213538.jpg",1,108,283,419,115,527,398
"Morganza_all/009589@29.63133068618,-90.5158325365117.jpg",2,0,275,460,146,460,421
"Morganza_all/009590@29.6310140769857,-90.5155892256051.jpg",1,120,232,492,171,612,403
"Morganza_all/009591@29.6303461004205,-90.5152750062127.jpg",1,45,262,407,150,452,412
"Morganza_all/009592@29.6306268050693,-90.5155022084952.jpg",1,172,265,357,131,529,396
"Morganza_all/009593@29.6307227248591,-90.5159522650642.jpg",2,0,280,571,102,571,382
"Morganza_all/009594@29.6309971979844,-90.5163270839292.jpg",2,0,275,480,134,480,409
"Morganza_all/009595@29.6307980583543,-90.5165500531524.jpg",1,0,268,529,153,529,421
"Morganza_all/009596@29.6304954194965,-90.5162492139735.jpg",1,64,254,552,143,616,397
"Morganza_all/009597@29.6304565243958,-90.5157577099648.jpg",1,179,266,378,118,557,384
"Morganza_all/009598@29.6301611867775,-90.5154814291521.jpg",1,32,270,585,131,617,401
"Morganza_all/009599@29.6299622293175,-90.5157289798025.jpg",1,71,233,441,196,512,429
"Morganza_all/009600@29.6297629373013,-90.5159273346525.jpg",2,0,284,534,132,534,416
"Morganza_all/009601@29.6301373121441,-90.5162439529147.jpg",5,128,290,319,141,447,431
"Morganza_all/009602@29.6303466647613,-90.5165127535646.jpg",1,7,244,576,165,583,409
"Morganza_all/009603@29.6306061461729,-90.5167811149779.jpg",1,29,263,463,159,492,422
"Morganza_all/009604@29.6304569821144,-90.5169790602229.jpg",2,0,257,537,152,537,409
"Morganza_all/009605@29.6294436967177,-90.5164135424424.jpg",2,0,204,637,202,637,406
"Morganza_all/009606@29.6297962370926,-90.5166729896713.jpg",1,76,255,434,140,510,395
"Morganza_all/009607@29.6300055376988,-90.5169335753714.jpg",2,35,287,606,121,641,408
"Morganza_all/009608@29.6302582493197,-90.5172675891887.jpg",1,5,271,518,131,523,402
"Morganza_all/009609@29.6300948362729,-90.517473833019.jpg",2,0,275,623,128,623,403
"Morganza_all/009610@29.6291880432835,-90.5167599150017.jpg",1,62,204,566,218,628,422
"Morganza_all/009611@29.6296713548143,-90.5173215393688.jpg",2,1,276,523,121,524,397
"Morganza_all/009612@29.6298959495276,-90.5177377781403.jpg",1,48,279,484,129,532,408
"Morganza_all/009613@29.6295296730039,-90.5175686184045.jpg",2,39,280,499,132,538,412
"Morganza_all/009614@29.6290177601505,-90.5170154106602.jpg",1,225,252,392,150,617,402
"Morganza_all/009615@29.6286763254163,-90.5173870306566.jpg",5,308,226,127,101,435,327
"Morganza_all/009616@29.6290929866198,-90.5175967596543.jpg",1,134,212,374,181,508,393
"Morganza_all/009617@29.6289149917663,-90.5177621689419.jpg",1,84,290,437,122,521,412
"Morganza_all/009618@29.6291744197652,-90.5180223463667.jpg",1,55,291,480,110,535,401
"Morganza_all/009619@29.6293590315151,-90.517766735307.jpg",1,77,287,475,119,552,406
"Morganza_all/009620@29.6295412050692,-90.5182734672524.jpg",2,0,263,584,125,584,388
"Morganza_all/009621@29.6356300078117,-90.5135997439719.jpg",3,205,251,222,92,427,343
"Morganza_all/009622@29.6359709490487,-90.514180622928.jpg",6,154,206,264,165,418,371
"Morganza_all/009623@29.6363556015431,-90.5142223635458.jpg",1,246,271,144,88,390,359
"Morganza_all/009624@29.636592502526,-90.5144718753794.jpg",1,172,279,342,83,514,362
"Morganza_all/009625@29.5816694735895,-90.4271159127727.jpg",2,0,262,467,184,467,446
"Morganza_all/009626@29.5817851444537,-90.4274350809522.jpg",1,264,313,171,102,435,415
"Morganza_all/009627@29.5811877714919,-90.4241949071758.jpg",3,9,252,460,137,469,389
"Morganza_all/009628@29.5814822602443,-90.4241143672005.jpg",1,63,232,396,165,459,397
"Morganza_all/009629@29.5816826479415,-90.424649122898.jpg",4,208,268,208,123,416,391
"Morganza_all/009630@29.5817151428101,-90.4249690741354.jpg",1,60,232,397,139,457,371
"Morganza_all/009631@29.581421073546,-90.4251102340012.jpg",3,199,211,322,168,521,379
"Morganza_all/009632@29.5817717938574,-90.4255051670402.jpg",1,145,257,370,141,515,398
"Morganza_all/009633@29.5822554161899,-90.4254228845351.jpg",1,154,237,315,164,469,401
"Morganza_all/009634@29.5825872961025,-90.4252814130749.jpg",1,119,251,398,165,517,416
"Morganza_all/009635@29.5822815271273,-90.4248254433345.jpg",1,73,206,398,171,471,377
"Morganza_all/009636@29.5821957378974,-90.4244540622887.jpg",1,190,243,406,146,596,389
"Morganza_all/009637@29.5819956819944,-90.4239712127546.jpg",1,110,238,321,168,431,406
"Morganza_all/009638@29.5830932048942,-90.4262375147231.jpg",6,37,234,362,148,399,382
"Morganza_all/009639@29.583231651512,-90.4265651637314.jpg",5,230,290,126,89,356,379
"Morganza_all/009640@29.5833398813315,-90.4269017076818.jpg",2,222,175,419,295,641,470
"Morganza_all/009641@29.5837624149172,-90.4267421148975.jpg",2,0,242,640,255,640,497
"Morganza_all/009642@29.5838848115598,-90.4280306078558.jpg",6,33,270,409,175,442,445
"Morganza_all/009643@29.5827303974064,-90.4284737988589.jpg",6,105,271,233,171,338,442
"Morganza_all/009645@29.5790313739148,-90.4351193504944.jpg",6,37,165,322,202,359,367
"Morganza_all/009646@29.5795152121532,-90.4350717530453.jpg",6,0,225,347,196,347,421
"Morganza_all/009647@29.579385266199,-90.4348738666372.jpg",6,0,247,376,194,376,441
"Morganza_all/009648@29.5816565087126,-90.4340225969651.jpg",6,0,237,323,220,323,457
"Morganza_all/009649@29.5817296624202,-90.4336584347647.jpg",6,21,236,353,195,374,431
"Morganza_all/009651@29.5815091374591,-90.4312889839002.jpg",1,92,243,306,138,398,381
"Morganza_all/009652@29.5821656455121,-90.4310494061327.jpg",1,96,262,279,128,375,390
"Morganza_all/009653@29.5823058659973,-90.431636663929.jpg",3,148,246,441,133,589,379
"Morganza_all/009654@29.5826830652372,-90.4314861530053.jpg",1,243,189,253,190,496,379
"Morganza_all/009655@29.5824903267924,-90.4309599301218.jpg",1,87,264,348,140,435,404
"Morganza_all/009656@29.582837515403,-90.4308442947564.jpg",3,78,280,379,110,457,390
"Morganza_all/009657@29.582962076837,-90.4313537977494.jpg",1,191,234,407,128,598,362
"Morganza_all/009658@29.5832869966557,-90.431298959446.jpg",3,212,226,325,152,537,378
"Morganza_all/009659@29.5831619259881,-90.4307115283628.jpg",3,88,272,335,139,423,411
"Morganza_all/009660@29.5834941094784,-90.4306133306994.jpg",3,89,279,338,111,427,390
"Morganza_all/009661@29.5836113206613,-90.4311575426559.jpg",1,224,238,389,132,613,370
"Morganza_all/009662@29.5837655904701,-90.4304897233498.jpg",1,52,268,397,137,449,405
"Morganza_all/009663@29.5842660576737,-90.4295591210527.jpg",4,288,270,109,92,397,362
"Morganza_all/009664@29.582963317541,-90.4238672237027.jpg",3,80,247,360,110,440,357
"Morganza_all/009665@29.5833877061345,-90.4250664129069.jpg",6,106,223,319,156,425,379
"Morganza_all/009666@29.5822809187968,-90.425829452115.jpg",6,187,219,136,108,323,327
"Morganza_all/009667@29.5818430362027,-90.427053747589.jpg",1,72,276,266,202,338,478
"Morganza_all/009668@29.5819742774783,-90.4274333703005.jpg",5,26,248,557,267,583,515
"Morganza_all/009669@29.5821701077727,-90.4273104405142.jpg",5,166,277,338,163,504,440
"Morganza_all/009671@29.5823663242408,-90.4272394184653.jpg",2,137,269,504,175,641,444
"Morganza_all/009672@29.5825704342087,-90.4272202680023.jpg",5,254,311,208,93,462,404
"Morganza_all/009673@29.582514747657,-90.4268226240908.jpg",3,15,216,437,226,452,442
"Morganza_all/009675@29.5825356981363,-90.4265714645022.jpg",2,98,189,543,281,641,470
"Morganza_all/009676@29.5827890974727,-90.4271144344472.jpg",1,48,279,493,158,541,437
"Morganza_all/009677@29.5829627198895,-90.4270609200287.jpg",3,161,239,465,200,626,439
"Morganza_all/009678@29.5828543705972,-90.4267070428077.jpg",2,0,223,308,204,308,427
"Morganza_all/009679@29.5842183441965,-90.430321189026.jpg",1,114,212,308,164,422,376
"Morganza_all/009680@29.5843585083818,-90.4308998062531.jpg",1,161,215,451,167,612,382
"Morganza_all/009681@29.584474944356,-90.4313315210358.jpg",1,112,270,252,105,364,375
"Morganza_all/009683@29.5838804717348,-90.4328947840962.jpg",6,222,254,176,127,398,381
"Morganza_all/009684@29.5840452267301,-90.4326509813348.jpg",6,263,71,189,217,452,288
"Morganza_all/009686@29.5837565980026,-90.4324804726052.jpg",6,173,193,153,102,326,295
"Morganza_all/009687@29.5835091686717,-90.4328029182474.jpg",6,0,211,382,223,382,434
"Morganza_all/009688@29.5846685642069,-90.4330867611246.jpg",1,167,275,196,101,363,376
"Morganza_all/009689@29.5842232776516,-90.4332379123487.jpg",6,111,225,302,124,413,349
"Morganza_all/009690@29.5840051441913,-90.4334216295177.jpg",6,115,200,242,82,357,282
"Morganza_all/009691@29.5847715320646,-90.4337609554794.jpg",1,90,254,402,130,492,384
"Morganza_all/009692@29.5847216259233,-90.4342028207677.jpg",1,150,270,266,97,416,367
"Morganza_all/009693@29.5848778461685,-90.4349197996892.jpg",1,120,267,254,162,374,429
"Morganza_all/009694@29.5849256495901,-90.4352742356411.jpg",3,183,303,246,101,429,404
"Morganza_all/009695@29.5847519643506,-90.435319053788.jpg",3,175,301,242,100,417,401
"Morganza_all/009696@29.5832801934253,-90.4358169206051.jpg",6,59,243,467,184,526,427
"Morganza_all/009697@29.58406902435,-90.4361214529673.jpg",6,0,201,394,200,394,401
"Morganza_all/009698@29.5843220563456,-90.4366125141636.jpg",6,23,248,337,196,360,444
"Morganza_all/009699@29.5835369881039,-90.4368618947618.jpg",6,27,276,351,199,378,475
"Morganza_all/009700@29.5831866888252,-90.4365274756559.jpg",6,167,201,219,198,386,399
"Morganza_all/009701@29.5790684581292,-90.4383299169772.jpg",6,177,200,192,164,369,364
"Morganza_all/009702@29.5836054568459,-90.440245398519.jpg",6,0,160,221,82,221,242
"Morganza_all/009703@29.5840572206722,-90.4399298005026.jpg",6,66,177,322,131,388,308
"Morganza_all/009704@29.5845934322035,-90.4397951724194.jpg",6,48,181,236,108,284,289
"Morganza_all/009705@29.5851511497978,-90.4394872758265.jpg",6,181,212,277,115,458,327
"Morganza_all/009707@29.5856097652246,-90.4390677187051.jpg",1,200,284,220,89,420,373
"Morganza_all/009708@29.5851830560671,-90.4386214576056.jpg",6,126,232,281,155,407,387
"Morganza_all/009709@29.5853096569796,-90.4383260574628.jpg",6,145,204,384,227,529,431
"Morganza_all/009710@29.585178447258,-90.4379464078376.jpg",6,115,202,275,249,390,451
"Morganza_all/009711@29.5846290581466,-90.437258896356.jpg",6,173,176,249,244,422,420
"Morganza_all/009712@29.5852805272496,-90.4373829136138.jpg",1,255,275,133,94,388,369
"Morganza_all/009713@29.5849901021231,-90.436952745698.jpg",6,35,129,442,214,477,343
"Morganza_all/009715@29.5863708776111,-90.439744705453.jpg",3,78,262,497,169,575,431
"Morganza_all/009716@29.5858087939682,-90.4394121571442.jpg",1,213,264,228,127,441,391
"Morganza_all/009717@29.5858258651419,-90.4396976232053.jpg",1,215,253,202,104,417,357
"Morganza_all/009720@29.5859521020671,-90.4404581783816.jpg",6,174,262,252,135,426,397
"Morganza_all/009721@29.5854884130251,-90.4401334021765.jpg",6,89,263,225,172,314,435
"Morganza_all/009722@29.5852903025314,-90.4399274533113.jpg",6,30,172,281,102,311,274
"Morganza_all/009723@29.5850132552857,-90.4403453547994.jpg",6,0,168,281,126,281,294
"Morganza_all/009724@29.5853154927665,-90.4402907468265.jpg",6,0,195,242,154,242,349
"Morganza_all/009725@29.5851564382147,-90.4413740657424.jpg",6,0,209,378,194,378,403
"Morganza_all/009726@29.5845296884375,-90.4415440693646.jpg",6,0,171,386,211,386,382
"Morganza_all/009727@29.5834430790817,-90.4419518954805.jpg",6,59,211,293,183,352,394
"Morganza_all/009728@29.5831824626494,-90.4436765633739.jpg",6,203,199,409,177,612,376
"Morganza_all/009729@29.5849022471396,-90.4429342535983.jpg",6,20,228,419,232,439,460
"Morganza_all/009730@29.585219197962,-90.4428188944445.jpg",6,197,225,259,210,456,435
"Morganza_all/009731@29.5855509477808,-90.4426515211127.jpg",6,90,229,277,193,367,422
"Morganza_all/009732@29.5858600736685,-90.4425016209323.jpg",6,0,150,368,142,368,292
"Morganza_all/009733@29.586237312632,-90.4423511138813.jpg",6,26,174,416,150,442,324
"Morganza_all/009734@29.5862198354932,-90.4420050839256.jpg",6,137,236,373,115,510,351
"Morganza_all/009735@29.5864945599911,-90.4412409533941.jpg",1,232,292,238,84,470,376
"Morganza_all/009736@29.5865043007803,-90.4415611276262.jpg",3,244,277,189,83,433,360
"Morganza_all/009737@29.5865740661326,-90.4418115177241.jpg",6,142,257,282,122,424,379
"Morganza_all/009738@29.5867934474317,-90.4418095648823.jpg",1,206,283,238,90,444,373
"Morganza_all/009740@29.5866315579435,-90.4424774542019.jpg",6,31,273,426,185,457,458
"Morganza_all/009741@29.5871146927611,-90.4423260038011.jpg",1,286,264,175,129,461,393
"Morganza_all/009742@29.5867161790055,-90.4426844200807.jpg",6,98,160,237,132,335,292
"Morganza_all/009744@29.5864026958178,-90.4433103930619.jpg",6,0,179,360,123,360,302
"Morganza_all/009745@29.5855658553847,-90.4437332934732.jpg",6,0,206,314,172,314,378
"Morganza_all/009746@29.5875233773305,-90.4434648922174.jpg",6,0,281,413,137,413,418
"Morganza_all/009747@29.5877159754557,-90.4439738301347.jpg",6,0,223,265,190,265,413
"Morganza_all/009750@29.5881382450912,-90.4448875851299.jpg",6,1,233,462,262,463,495
"Morganza_all/009751@29.5871422741249,-90.444160686994.jpg",6,0,168,408,109,408,277
"Morganza_all/009752@29.5869986856507,-90.4441792979414.jpg",6,0,177,263,137,263,314
"Morganza_all/009753@29.5865683653417,-90.4443129343315.jpg",6,34,190,447,175,481,365
"Morganza_all/009754@29.5856437343211,-90.4440614806821.jpg",6,0,272,386,152,386,424
"Morganza_all/009755@29.5697343932619,-90.4530382852492.jpg",6,0,146,408,144,408,290
"Morganza_all/009756@29.5826032452399,-90.449757461477.jpg",6,0,166,394,253,394,419
"Morganza_all/009757@29.5874136789265,-90.4484946284553.jpg",6,1,249,369,251,370,500
"Morganza_all/009758@29.5881885513303,-90.4489724765659.jpg",6,20,273,393,165,413,438
"Morganza_all/009759@29.5875077980101,-90.445628882269.jpg",6,224,224,316,202,540,426
"Morganza_all/009760@29.5888619273267,-90.445625532238.jpg",3,258,232,203,141,461,373
"Morganza_all/009761@29.58897690867,-90.4458495413243.jpg",1,285,252,200,116,485,368
"Morganza_all/009762@29.5892287641898,-90.4461762316526.jpg",1,159,260,204,132,363,392
"Morganza_all/009765@29.5895134193064,-90.4457582299813.jpg",3,65,287,417,123,482,410
"Morganza_all/009766@29.588948933412,-90.447303914216.jpg",6,129,232,295,166,424,398
"Morganza_all/009767@29.5885257317386,-90.4473682570082.jpg",6,0,215,460,192,460,407
"Morganza_all/009768@29.5883078707768,-90.4475952109742.jpg",6,77,246,267,151,344,397
"Morganza_all/009769@29.590172639644,-90.4470334151989.jpg",1,157,292,278,131,435,423
"Morganza_all/009771@29.5898414174547,-90.44839527435.jpg",6,150,256,258,101,408,357
"Morganza_all/009773@29.5900620520037,-90.449700339969.jpg",3,170,265,209,98,379,363
"Morganza_all/009775@29.5889897249865,-90.4499867758636.jpg",6,181,226,257,153,438,379
"Morganza_all/009776@29.5803518427559,-90.4558356646521.jpg",6,129,234,240,134,369,368
"Morganza_all/009778@29.5895546955789,-90.4507521222143.jpg",6,2,238,360,171,362,409
"Morganza_all/009779@29.5890183561804,-90.4508693628421.jpg",6,192,270,261,125,453,395
"Morganza_all/009780@29.5898815459881,-90.4509829560691.jpg",3,190,268,246,95,436,363
"Morganza_all/009782@29.5896894198372,-90.4516597695024.jpg",1,192,280,266,91,458,371
"Morganza_all/009783@29.5896691503669,-90.4520234816776.jpg",1,150,278,332,97,482,375
"Morganza_all/009784@29.589603651464,-90.4524048966706.jpg",1,120,215,252,198,372,413
"Morganza_all/009785@29.5891109909216,-90.4533959634635.jpg",6,180,221,251,132,431,353
"Morganza_all/009787@29.5890655455893,-90.4545129147681.jpg",1,219,260,230,93,449,353
"Morganza_all/009788@29.588880414153,-90.4551117819382.jpg",4,312,303,119,92,431,395
"Morganza_all/009789@29.5886186745274,-90.4555641631735.jpg",6,111,265,272,190,383,455
"Morganza_all/009790@29.5880862695202,-90.4562699278609.jpg",6,0,262,549,241,549,503
"Morganza_all/009791@29.5877776790945,-90.4565063080745.jpg",6,125,251,225,175,350,426
"Morganza_all/009792@29.5888676916585,-90.4566006263931.jpg",3,208,289,378,89,586,378
"Morganza_all/009793@29.5889324969304,-90.457240564469.jpg",2,212,265,427,109,639,374
"Morganza_all/009795@29.5884864123004,-90.4595468397576.jpg",6,41,226,248,140,289,366
"Morganza_all/009796@29.5879664578341,-90.4598543051328.jpg",6,0,199,441,207,441,406
"Morganza_all/009797@29.5871400176528,-90.4595758911073.jpg",6,0,210,328,224,328,434
"Morganza_all/009798@29.5872127161557,-90.460267665239.jpg",6,68,221,242,185,310,406
"Morganza_all/009799@29.583239700529,-90.4612024214235.jpg",6,55,189,277,254,332,443
"Morganza_all/009800@29.5765921411083,-90.4695956886561.jpg",6,4,248,287,222,291,470
"Morganza_all/009801@29.5768335247278,-90.4694897582783.jpg",6,90,189,333,222,423,411
"Morganza_all/009802@29.5773760549214,-90.469161985208.jpg",6,0,130,366,128,366,258
"Morganza_all/009803@29.5787035634549,-90.4735499540999.jpg",6,41,207,260,139,301,346
"Morganza_all/009804@29.5833942846191,-90.4713026683366.jpg",6,0,223,344,118,344,341
"Morganza_all/009805@29.5840511206335,-90.4710979229851.jpg",6,69,233,347,136,416,369
"Morganza_all/009806@29.5870752748651,-90.4708122545566.jpg",6,133,221,328,142,461,363
"Morganza_all/009807@29.5902169725326,-90.469997527045.jpg",6,99,243,251,155,350,398
"Morganza_all/009808@29.5914797361857,-90.4687575153149.jpg",5,286,287,158,89,444,376
"Morganza_all/009809@29.5908934893982,-90.4704850542833.jpg",6,134,204,243,153,377,357
"Morganza_all/009810@29.591883830088,-90.4715325347197.jpg",6,0,193,308,125,308,318
"Morganza_all/009811@29.5921312434075,-90.4723440491907.jpg",6,0,193,320,142,320,335
"Morganza_all/009812@29.5911725800526,-90.4715126971054.jpg",6,0,222,209,125,209,347
"Morganza_all/009813@29.5909039609588,-90.4720776206005.jpg",6,0,204,247,137,247,341
"Morganza_all/009814@29.5970412414228,-90.4862087381684.jpg",3,366,282,272,119,638,401
"Morganza_all/009816@29.5964510196409,-90.4868528671729.jpg",6,1,242,436,196,437,438
"Morganza_all/009817@29.5965525734196,-90.4870568522722.jpg",6,78,226,363,207,441,433
"Morganza_all/009823@29.5981807630215,-90.4896735020919.jpg",6,91,262,352,119,443,381
"Morganza_all/009825@29.5987808659683,-90.4894472042502.jpg",2,351,294,290,97,641,391
"Morganza_all/009826@29.5998133200414,-90.4896351724365.jpg",2,0,279,453,150,453,429
"Morganza_all/009827@29.5996445125297,-90.4901118713424.jpg",2,266,270,372,159,638,429
"Morganza_all/009828@29.5993714928531,-90.4899748665009.jpg",1,314,284,260,148,574,432
"Morganza_all/009829@29.5994053088373,-90.4907776475701.jpg",6,145,240,266,172,411,412
"Morganza_all/009830@29.5990595780202,-90.4904691614271.jpg",6,0,194,317,109,317,303
"Morganza_all/009831@29.5989580130637,-90.4913795933765.jpg",6,0,170,379,101,379,271
"Morganza_all/009832@29.5982119877755,-90.4923036486888.jpg",6,0,270,412,96,412,366
"Morganza_all/009833@29.595940244557,-90.4954119420275.jpg",6,0,209,282,196,282,405
"Morganza_all/009834@29.5956784112343,-90.4959057841203.jpg",6,0,262,322,143,322,405
"Morganza_all/009835@29.5886138202805,-90.5043796934612.jpg",6,17,245,319,142,336,387
"Morganza_all/009836@29.5998574881561,-90.4995879692524.jpg",6,0,278,372,164,372,442
"Morganza_all/009837@29.6012824043938,-90.4977237118757.jpg",6,0,236,247,150,247,386
"Morganza_all/009839@29.5997092120387,-90.4919814079213.jpg",6,0,204,380,101,380,305
"Morganza_all/009840@29.5999051372195,-90.4914441302075.jpg",6,0,189,341,92,341,281
"Morganza_all/009841@29.6000683599544,-90.4912146217076.jpg",6,0,196,381,136,381,332
"Morganza_all/009842@29.6011771631534,-90.4910961996772.jpg",1,246,266,316,116,562,382
"Morganza_all/009843@29.6011730201474,-90.4904514670965.jpg",2,0,312,300,138,300,450
"Morganza_all/009844@29.6011180667337,-90.4913446598411.jpg",6,59,261,295,140,354,401
"Morganza_all/009845@29.6009800929898,-90.4914549172794.jpg",6,0,290,557,147,557,437
"Morganza_all/009846@29.6007808573465,-90.4914764481307.jpg",6,42,330,331,134,373,464
"Morganza_all/009849@29.6037237332298,-90.4921460533204.jpg",1,317,287,216,84,533,371
"Morganza_all/009850@29.6036563821462,-90.4924541263165.jpg",6,10,176,312,189,322,365
"Morganza_all/009852@29.6049578316164,-90.4926415755557.jpg",6,17,161,321,190,338,351
"Morganza_all/009854@29.6064738968092,-90.4924998868314.jpg",6,47,201,476,219,523,420
"Morganza_all/009855@29.6062505827442,-90.4928191899384.jpg",6,0,220,254,255,254,475
"Morganza_all/009856@29.6058376196895,-90.4933087246294.jpg",6,0,205,369,323,369,528
"Morganza_all/009858@29.6033179500416,-90.495105416882.jpg",6,175,255,259,133,434,388
"Morganza_all/009859@29.6072781027903,-90.4921955597366.jpg",1,274,287,272,110,546,397
"Morganza_all/009860@29.6068491172142,-90.492883618388.jpg",6,26,190,346,187,372,377
"Morganza_all/009861@29.6092906755514,-90.492426636683.jpg",1,69,215,443,227,512,442
"Morganza_all/009862@29.6092138711566,-90.4926157551802.jpg",1,133,276,255,127,388,403
"Morganza_all/009863@29.6086237443466,-90.4925116043178.jpg",1,123,254,326,136,449,390
"Morganza_all/009864@29.6091031540712,-90.4929242087178.jpg",1,142,281,312,103,454,384
"Morganza_all/009865@29.6088798114933,-90.4932435194933.jpg",1,67,284,205,115,272,399
"Morganza_all/009867@29.6085776568688,-90.4934345268104.jpg",1,65,287,321,131,386,418
"Morganza_all/009869@29.6084661755875,-90.4936239339781.jpg",4,112,284,215,114,327,398
"Morganza_all/009870@29.6082683367044,-90.4938636609141.jpg",1,200,281,190,129,390,410
"Morganza_all/009871@29.6078675780303,-90.4935495876972.jpg",3,12,253,457,150,469,403
"Morganza_all/009872@29.6079843940843,-90.4941934191463.jpg",3,62,254,444,138,506,392
"Morganza_all/009873@29.6074637462519,-90.4941085036649.jpg",1,211,252,295,145,506,397
"Morganza_all/009874@29.6076925221989,-90.4946422279555.jpg",5,295,262,114,96,409,358
"Morganza_all/009875@29.6073138115345,-90.495062054032.jpg",1,172,254,267,144,439,398
"Morganza_all/009876@29.606999159601,-90.494657979677.jpg",1,122,282,452,124,574,406
"Morganza_all/009877@29.6065819672836,-90.4944829181613.jpg",6,106,258,302,174,408,432
"Morganza_all/009878@29.606428669383,-90.4949107340675.jpg",6,110,242,339,157,449,399
"Morganza_all/009879@29.606922478749,-90.4948669166808.jpg",1,157,257,370,160,527,417
"Morganza_all/009880@29.6067845656429,-90.4949871193838.jpg",1,192,273,316,154,508,427
"Morganza_all/009881@29.6070904635371,-90.4953813228657.jpg",1,123,287,316,117,439,404
"Morganza_all/009882@29.606560584093,-90.4952072328557.jpg",1,158,287,349,109,507,396
"Morganza_all/009883@29.606771334677,-90.4956320019747.jpg",1,161,281,322,190,483,471
"Morganza_all/009884@29.606746425937,-90.4958008535915.jpg",1,178,292,201,95,379,387
"Morganza_all/009885@29.6066608003887,-90.4959701813963.jpg",3,187,295,147,81,334,376
"Morganza_all/009886@29.6063803831579,-90.4954963997058.jpg",3,194,290,309,108,503,398
"Morganza_all/009887@29.6065402735299,-90.4961001496514.jpg",3,175,276,244,108,419,384
"Morganza_all/009890@29.6062217763575,-90.4964500100721.jpg",1,161,284,321,131,482,415
"Morganza_all/009891@29.6058476072569,-90.4962249878719.jpg",5,410,303,99,88,509,391
"Morganza_all/009892@29.6060412837634,-90.4966895810758.jpg",2,0,267,518,117,518,384
"Morganza_all/009893@29.6057186712312,-90.4963946757853.jpg",2,68,259,571,160,639,419
"Morganza_all/009894@29.6055549964906,-90.4965547723537.jpg",1,161,291,434,104,595,395
"Morganza_all/009895@29.6058435659131,-90.4969491519519.jpg",1,75,268,384,135,459,403
"Morganza_all/009896@29.6056199605008,-90.4972287633067.jpg",1,134,279,249,139,383,418
"Morganza_all/009897@29.6054176871551,-90.4967741555058.jpg",1,263,280,119,106,382,386
"Morganza_all/009898@29.6055341710271,-90.4973683513447.jpg",1,171,265,293,142,464,407
"Morganza_all/009899@29.6050304695693,-90.4972237413348.jpg",3,122,259,421,98,543,357
"Morganza_all/009900@29.6053102486477,-90.4975983688569.jpg",3,17,272,578,146,595,418
"Morganza_all/009901@29.6046864260525,-90.4976432571002.jpg",1,111,266,324,131,435,397
"Morganza_all/009902@29.6051215342513,-90.4979074240258.jpg",1,132,271,362,127,494,398
"Morganza_all/009903@29.6050794963641,-90.4981160970952.jpg",1,339,281,160,114,499,395
"Morganza_all/009904@29.6048725452109,-90.4982864633037.jpg",1,181,91,306,308,487,399
"Morganza_all/009905@29.6046139101616,-90.4985068540518.jpg",2,0,264,634,145,634,409
"Morganza_all/009906@29.6042571316699,-90.4982915953227.jpg",1,153,294,310,111,463,405
"Morganza_all/009907@29.6043304604679,-90.4989158832346.jpg",1,208,278,171,115,379,393
"Morganza_all/009908@29.6038695932096,-90.4986915787407.jpg",3,185,298,330,86,515,384
"Morganza_all/009909@29.603784686061,-90.4989700564599.jpg",1,67,288,452,157,519,445
"Morganza_all/009910@29.6039860053497,-90.4992758556388.jpg",4,263,308,177,106,440,414
"Morganza_all/009911@29.6038828622188,-90.4994155841456.jpg",1,139,278,319,140,458,418
"Morganza_all/009912@29.6035950575651,-90.4991402429158.jpg",3,150,292,410,128,560,420
"Morganza_all/009913@29.6035263376247,-90.4992400029747.jpg",1,236,284,191,123,427,407
"Morganza_all/009914@29.6033878526793,-90.4992709253123.jpg",4,240,314,171,106,411,420
"Morganza_all/009915@29.603129440791,-90.4995309895471.jpg",4,282,301,116,97,398,398
"Morganza_all/009916@29.6030269554401,-90.4997698982035.jpg",1,134,289,302,136,436,425
"Morganza_all/009917@29.6033839205019,-90.5000148953329.jpg",1,126,259,361,169,487,428
"Morganza_all/009918@29.6032037091471,-90.5003040758246.jpg",2,306,271,334,163,640,434
"Morganza_all/009919@29.6029421717794,-90.5000681649632.jpg",2,0,298,543,128,543,426
"Morganza_all/009920@29.607880217138,-90.5061812167487.jpg",6,167,233,250,127,417,360
"Morganza_all/009921@29.6068807886056,-90.5049131453917.jpg",6,28,256,517,150,545,406
"Morganza_all/009922@29.6116852741943,-90.4929278071583.jpg",6,35,211,342,196,377,407
"Morganza_all/009923@29.6121665216121,-90.4921601272137.jpg",1,239,235,266,140,505,375
"Morganza_all/009924@29.6124441520131,-90.4923432531974.jpg",3,175,262,332,116,507,378
"Morganza_all/009925@29.6134070367129,-90.4923569752605.jpg",2,0,286,391,177,391,463
"Morganza_all/009926@29.6133534343693,-90.4929138055907.jpg",3,231,259,369,106,600,365
"Morganza_all/009927@29.6131805161969,-90.4927079877363.jpg",1,343,254,258,126,601,380
"Morganza_all/009928@29.6127933870325,-90.4932894243475.jpg",6,272,221,156,109,428,330
"Morganza_all/009929@29.6125284442972,-90.4935971045067.jpg",6,0,237,337,112,337,349
"Morganza_all/009930@29.6120323878453,-90.4950303863853.jpg",6,0,240,369,123,369,363
"Morganza_all/009931@29.6141884595398,-90.4938013742208.jpg",1,301,291,308,93,609,384
"Morganza_all/009932@29.614006657038,-90.4936938185547.jpg",1,258,288,274,82,532,370
"Morganza_all/009933@29.6144457223481,-90.4952720242784.jpg",6,0,286,278,176,278,462
"Morganza_all/009934@29.6139728566928,-90.4958650959365.jpg",6,0,250,297,271,297,521
"Morganza_all/009935@29.6168432389966,-90.497521174509.jpg",3,200,289,369,82,569,371
"Morganza_all/009936@29.6131058332411,-90.50192702002.jpg",6,0,190,278,134,278,324
"Morganza_all/009937@29.6128881792676,-90.5021797462194.jpg",6,43,252,407,126,450,378
"Morganza_all/009938@29.6133586383892,-90.5042159000984.jpg",6,0,199,333,147,333,346
"Morganza_all/009939@29.6178218494506,-90.4985058094995.jpg",3,253,274,191,108,444,382
"Morganza_all/009940@29.6228952086352,-90.5018129926158.jpg",3,231,229,231,120,462,349
"Morganza_all/009941@29.6221766807225,-90.5012516414475.jpg",4,262,263,123,86,385,349
"Morganza_all/009942@29.621662700249,-90.5013759228717.jpg",6,0,265,403,164,403,429
"Morganza_all/009943@29.62128427216,-90.5018263719864.jpg",6,54,181,301,115,355,296
"Morganza_all/009944@29.6219241666183,-90.5020174547546.jpg",3,48,284,418,92,466,376
"Morganza_all/009945@29.6225352550535,-90.5021760460206.jpg",1,131,220,361,151,492,371
"Morganza_all/009946@29.6222337682951,-90.5027349780195.jpg",1,182,210,281,158,463,368
"Morganza_all/009947@29.621602076096,-90.5023365354623.jpg",1,168,254,299,132,467,386
"Morganza_all/009948@29.6218077639415,-90.5032076304135.jpg",1,160,232,350,137,510,369
"Morganza_all/009949@29.6400602843191,-90.5191998849108.jpg",2,112,248,529,154,641,402
"Morganza_all/009950@29.639916908933,-90.5194449545022.jpg",2,192,268,449,128,641,396
"Morganza_all/009951@29.6395618069751,-90.5199064025869.jpg",3,119,233,402,151,521,384
"Morganza_all/009952@29.6393591492519,-90.5202105031423.jpg",2,0,255,638,148,638,403
"Morganza_all/009953@29.6390878112778,-90.5204371230104.jpg",2,0,249,633,160,633,409
"Morganza_all/009954@29.6389103355891,-90.5206824652664.jpg",1,197,249,282,152,479,401
"Morganza_all/009955@29.6386992119975,-90.5209963894979.jpg",2,206,265,431,144,637,409
"Morganza_all/009956@29.6383516957029,-90.5213114188135.jpg",2,89,262,550,164,639,426
"Morganza_all/009957@29.6381281202789,-90.5209912654786.jpg",2,0,259,607,149,607,408
"Morganza_all/009959@29.6373566680183,-90.5202853195111.jpg",2,0,284,551,133,551,417
"Morganza_all/009960@29.6370475425596,-90.5199170748604.jpg",3,103,265,414,168,517,433
"Morganza_all/009961@29.6367901684082,-90.519645995297.jpg",3,23,287,439,115,462,402
"Morganza_all/009962@29.6365586699401,-90.5194234983766.jpg",1,48,298,504,109,552,407
"Morganza_all/009963@29.6368288556898,-90.5190115450148.jpg",1,65,280,482,135,547,415
"Morganza_all/009964@29.6370659720467,-90.5187656880805.jpg",2,111,273,530,134,641,407
"Morganza_all/009965@29.6372937757568,-90.5183931095007.jpg",1,0,284,378,153,378,437
"Morganza_all/009966@29.6375646858963,-90.5180982140815.jpg",2,23,276,618,132,641,408
"Morganza_all/009967@29.6377922116202,-90.5176768106376.jpg",1,84,280,509,158,593,438
"Morganza_all/009968@29.6380121552749,-90.5174116026569.jpg",1,79,298,541,122,620,420
"Morganza_all/009969@29.6383419786538,-90.5169991514845.jpg",4,208,280,150,148,358,428
"Morganza_all/009970@29.6381096859459,-90.5166498033933.jpg",1,0,257,631,138,631,395
"Morganza_all/009971@29.6378851269664,-90.516173596747.jpg",6,0,207,377,114,377,321
"Morganza_all/009972@29.642294614918,-90.5233803954007.jpg",6,0,248,491,151,491,399
"Morganza_all/009973@29.6419423936405,-90.5229344326231.jpg",6,0,228,412,240,412,468
"Morganza_all/009974@29.6422160466659,-90.5217028815031.jpg",1,101,250,453,81,554,331
"Morganza_all/009975@29.6414097638808,-90.5222557860803.jpg",6,0,193,324,227,324,420
"Morganza_all/009976@29.6411430252111,-90.5218481732494.jpg",6,0,144,389,196,389,340
"Morganza_all/009977@29.637890671684,-90.5168785216826.jpg",1,107,205,513,212,620,417
"Morganza_all/009978@29.6377348170775,-90.5171503221906.jpg",1,39,291,498,128,537,419
"Morganza_all/009979@29.6375504615223,-90.5174469390961.jpg",2,0,267,477,150,477,417
"Morganza_all/009980@29.6373727726786,-90.5176615299337.jpg",1,0,262,614,139,614,401
"Morganza_all/009981@29.6371452596115,-90.5179256955717.jpg",2,77,284,564,132,641,416
"Morganza_all/009982@29.6368473862494,-90.5183953899776.jpg",1,46,282,594,143,640,425
"Morganza_all/009983@29.6365840688158,-90.5186598439364.jpg",4,232,259,172,98,404,357
"Morganza_all/009984@29.6364206263179,-90.5188661302275.jpg",1,112,279,359,136,471,415
"Morganza_all/009985@29.6362506953205,-90.5191790229697.jpg",2,54,279,587,158,641,437
"Morganza_all/009986@29.6360871500405,-90.5193688768629.jpg",1,40,281,539,142,579,423
"Morganza_all/009987@29.6359238354696,-90.519591528632.jpg",2,0,280,620,129,620,409
"Morganza_all/009988@29.6355119060758,-90.5201441080349.jpg",2,74,258,563,162,637,420
"Morganza_all/009989@29.6352702646106,-90.5204411779706.jpg",1,22,267,601,130,623,397
"Morganza_all/009990@29.6351211966651,-90.5206555262138.jpg",3,81,283,442,143,523,426
"Morganza_all/009991@29.6349650294827,-90.5208781157094.jpg",1,64,287,533,134,597,421
"Morganza_all/009992@29.6348015326104,-90.5210761797154.jpg",2,94,273,539,157,633,430
"Morganza_all/009993@29.6346310889166,-90.5213070993718.jpg",3,1,276,636,152,637,428
"Morganza_all/009994@29.6344676928954,-90.5215215611398.jpg",3,0,270,570,147,570,417
"Morganza_all/009995@29.6342618511943,-90.5218183344133.jpg",3,29,262,612,157,641,419
"Morganza_all/009996@29.6340271801476,-90.5220825403345.jpg",2,260,268,381,133,641,401
"Morganza_all/009997@29.6337714609977,-90.5224206990317.jpg",1,209,286,315,130,524,416
"Morganza_all/009998@29.6336579899795,-90.5226019531896.jpg",3,40,274,575,137,615,411
"Morganza_all/009999@29.6334379204954,-90.5229152367817.jpg",2,0,257,611,161,611,418
"Morganza_all/010000@29.6332529442978,-90.5231134682584.jpg",5,275,305,176,134,451,439
"Morganza_all/010001@29.6331039732465,-90.5233442071048.jpg",2,0,260,526,141,526,401
"Morganza_all/010002@29.6329114420063,-90.5234769309561.jpg",1,233,265,208,124,441,389
"Morganza_all/010003@29.6327986272033,-90.5237647276847.jpg",2,174,265,467,157,641,422
"Morganza_all/010004@29.6326778025391,-90.5239132701741.jpg",1,166,276,440,147,606,423
"Morganza_all/010005@29.6325144802321,-90.5241359069468.jpg",2,0,265,411,168,411,433
"Morganza_all/010006@29.6323226053691,-90.5243751733164.jpg",1,191,290,388,139,579,429
"Morganza_all/010007@29.6320738276666,-90.5246804651799.jpg",3,139,288,358,124,497,412
"Morganza_all/010008@29.6319604545995,-90.5248781124188.jpg",1,26,272,534,151,560,423
"Morganza_all/010009@29.6317127639537,-90.5253555720639.jpg",3,203,284,392,103,595,387
"Morganza_all/010010@29.6313080605475,-90.5259244139749.jpg",5,102,268,357,169,459,437
"Morganza_all/010011@29.6321666284097,-90.5257945397756.jpg",5,137,262,270,109,407,371
"Morganza_all/010012@29.6317401443628,-90.5263143910412.jpg",3,114,262,329,135,443,397
"Morganza_all/010013@29.6312648389793,-90.5270477606344.jpg",1,185,234,297,131,482,365
"Morganza_all/010014@29.630931655198,-90.5264356726431.jpg",3,84,264,390,117,474,381
"Morganza_all/010015@29.6305764721329,-90.5269057739839.jpg",5,220,232,212,122,432,354
"Morganza_all/010016@29.6301073837168,-90.5274833367504.jpg",1,207,248,270,120,477,368
"Morganza_all/010017@29.6307340120825,-90.5280684795512.jpg",1,179,259,182,120,361,379
"Morganza_all/010018@29.6305204754026,-90.5282833250613.jpg",6,201,274,218,97,419,371
"Morganza_all/010019@29.6297383734802,-90.5280355060613.jpg",1,75,225,428,150,503,375
"Morganza_all/010020@29.6303148196016,-90.5286128696302.jpg",6,0,256,413,212,413,468
"Morganza_all/010021@29.6294972675265,-90.5284227148172.jpg",1,159,265,272,158,431,423
"Morganza_all/010022@29.6294741945645,-90.5293327525209.jpg",5,96,283,287,115,383,398
"Morganza_all/010023@29.6291927597638,-90.528982542812.jpg",2,76,229,562,212,638,441
"Morganza_all/010024@29.6289508971574,-90.5292467762074.jpg",1,203,216,417,218,620,434
"Morganza_all/010025@29.6286881332359,-90.5296095700935.jpg",1,45,145,497,269,542,414
"Morganza_all/010026@29.6290930860922,-90.5302456619135.jpg",1,7,227,369,210,376,437
"Morganza_all/010027@29.6286932537624,-90.5304455942896.jpg",5,304,276,129,86,433,362
"Morganza_all/010028@29.6283402160837,-90.5300959587069.jpg",5,250,253,227,113,477,366
"Morganza_all/010029@29.6285155936741,-90.5306683264111.jpg",1,184,243,269,118,453,361
"Morganza_all/010030@29.6281062033328,-90.5304748849745.jpg",1,0,279,538,191,538,470
"Morganza_all/010031@29.6278786645712,-90.5307390285149.jpg",2,0,257,641,224,641,481
"Morganza_all/010032@29.6282667011606,-90.5309572243839.jpg",5,310,234,164,100,474,334
"Morganza_all/010033@29.6276156456531,-90.5310608038353.jpg",2,0,259,584,163,584,422
"Morganza_all/010034@29.6275489508611,-90.5318646278524.jpg",1,291,270,147,121,438,391
"Morganza_all/010035@29.627076035113,-90.5318192176662.jpg",2,0,260,640,189,640,449
"Morganza_all/010036@29.6268557432072,-90.5320996646253.jpg",1,0,219,546,280,546,499
"Morganza_all/010037@29.6264793638757,-90.5326190919888.jpg",2,84,6,387,483,471,489
"Morganza_all/010038@29.6260602522908,-90.5331798061628.jpg",1,0,244,560,182,560,426
"Morganza_all/010039@29.6255413064632,-90.5338069068638.jpg",2,0,201,532,221,532,422
"Morganza_all/010040@29.6255699725191,-90.534986990504.jpg",6,106,238,378,164,484,402
"Morganza_all/010041@29.626782462783,-90.5341740383559.jpg",1,68,223,541,169,609,392
"Morganza_all/010043@29.6288569098226,-90.5314443071035.jpg",1,193,210,229,155,422,365
"Morganza_all/010044@29.6290487248147,-90.5311886641001.jpg",3,171,233,276,154,447,387
"Morganza_all/010045@29.6295166755391,-90.5304225913181.jpg",3,121,281,304,92,425,373
"Morganza_all/010048@29.6308874697805,-90.5285672837832.jpg",4,161,280,278,130,439,410
"Morganza_all/010049@29.6309369057273,-90.5296242831378.jpg",4,200,287,219,144,419,431
"Morganza_all/010050@29.6315774939798,-90.5289797814541.jpg",1,212,273,173,91,385,364
"Morganza_all/010051@29.6315204224931,-90.5278490237474.jpg",3,62,270,400,106,462,376
"Morganza_all/010053@29.6323087427768,-90.5267770538895.jpg",5,113,277,411,92,524,369
"Morganza_all/010054@29.6326213489599,-90.5263728857477.jpg",5,200,272,213,103,413,375
"Morganza_all/010055@29.6303194756641,-90.5312765313263.jpg",6,0,211,484,160,484,371
"Morganza_all/010057@29.6317482756303,-90.5283715020771.jpg",5,216,300,191,87,407,387
"Morganza_all/010058@29.6319541826155,-90.5280829648267.jpg",5,156,295,283,130,439,425
"Morganza_all/010059@29.6324955797745,-90.5287835730776.jpg",1,197,195,395,204,592,399
"Morganza_all/010060@29.6328865220313,-90.5283049663021.jpg",3,194,266,324,112,518,378
"Morganza_all/010061@29.6323615132326,-90.5279403389864.jpg",3,54,262,386,107,440,369
"Morganza_all/010062@29.6328019775987,-90.5273629643491.jpg",3,34,291,438,81,472,372
"Morganza_all/010065@29.6341102243221,-90.526991759939.jpg",3,43,262,542,158,585,420
"Morganza_all/010066@29.6342378494041,-90.5267858118356.jpg",1,29,275,478,148,507,423
"Morganza_all/010067@29.6338857600753,-90.5265919133938.jpg",1,117,295,406,123,523,418
"Morganza_all/010068@29.6337053839638,-90.5263720167083.jpg",5,237,262,282,147,519,409
"Morganza_all/010069@29.6328588974815,-90.5255383960344.jpg",5,197,263,198,129,395,392
"Morganza_all/010070@29.6324048300711,-90.5250666288705.jpg",1,215,269,205,113,420,382
"Morganza_all/010071@29.632690725051,-90.5249741382104.jpg",1,86,249,316,149,402,398
"Morganza_all/010072@29.6328563726727,-90.5251285503513.jpg",1,129,276,330,114,459,390
"Morganza_all/010073@29.6330577999013,-90.5252744585992.jpg",2,0,261,554,159,554,420
"Morganza_all/010074@29.6333965512051,-90.5256242090273.jpg",2,0,279,477,132,477,411
"Morganza_all/010075@29.6336128322411,-90.5258601824017.jpg",5,95,237,361,143,456,380
"Morganza_all/010076@29.6338000331205,-90.526022639259.jpg",1,54,239,527,159,581,398
"Morganza_all/010077@29.6340810218293,-90.5262990767104.jpg",1,126,259,334,132,460,391
"Morganza_all/010078@29.6343765886807,-90.5266163823.jpg",2,0,251,551,153,551,404
"Morganza_all/010079@29.6346181203829,-90.5262947467099.jpg",2,0,257,641,157,641,414
"Morganza_all/010080@29.6343433225418,-90.5258625058218.jpg",1,186,259,442,154,628,413
"Morganza_all/010081@29.6341416940227,-90.5256837963687.jpg",1,269,207,280,178,549,385
"Morganza_all/010082@29.6339398632506,-90.5254722895536.jpg",1,202,210,315,189,517,399
"Morganza_all/010083@29.6336665548606,-90.5252777603768.jpg",1,137,245,421,228,558,473
"Morganza_all/010084@29.6332922018783,-90.5249610971698.jpg",2,146,250,485,171,631,421
"Morganza_all/010085@29.6330969405923,-90.5246511736994.jpg",1,165,240,393,159,558,399
"Morganza_all/010086@29.6328376773955,-90.5244155514532.jpg",5,308,260,174,122,482,382
"Morganza_all/010087@29.6331009557898,-90.5241429073418.jpg",1,114,228,437,168,551,396
"Morganza_all/010088@29.6333959212308,-90.5243618412304.jpg",1,58,241,484,179,542,420
"Morganza_all/010089@29.6335549253958,-90.5245982746196.jpg",2,0,162,633,264,633,426
"Morganza_all/010090@29.6339006765643,-90.5249233839487.jpg",1,142,243,495,149,637,392
"Morganza_all/010091@29.634110465735,-90.5252659614483.jpg",1,211,237,200,130,411,367
"Morganza_all/010092@29.6344917657553,-90.5255498039073.jpg",2,226,211,415,206,641,417
"Morganza_all/010093@29.6348891576389,-90.5261204087381.jpg",3,211,226,222,145,433,371
"Morganza_all/010094@29.6349518984223,-90.5258411968908.jpg",2,0,273,547,148,547,421
"Morganza_all/010095@29.6352788787566,-90.5254450834237.jpg",2,0,248,640,156,640,404
"Morganza_all/010096@29.6348406025058,-90.5252108991232.jpg",1,156,284,455,121,611,405
"Morganza_all/010097@29.6344305979972,-90.5249191045344.jpg",2,44,276,596,142,640,418
"Morganza_all/010098@29.6341495052732,-90.5246262709167.jpg",2,0,185,640,240,640,425
"Morganza_all/010099@29.6338394551184,-90.524284473433.jpg",1,0,281,477,118,477,399
"Morganza_all/010100@29.6332917172642,-90.5237233133543.jpg",1,40,279,591,144,631,423
"Morganza_all/010101@29.6335474397774,-90.5233851596052.jpg",1,62,268,498,164,560,432
"Morganza_all/010102@29.6338356111263,-90.5236615309069.jpg",2,0,286,503,126,503,412
"Morganza_all/010103@29.634059426869,-90.5239548240115.jpg",1,71,261,530,128,601,389
"Morganza_all/010104@29.6343980530266,-90.5242881745811.jpg",1,97,282,355,131,452,413
"Morganza_all/010105@29.635046704464,-90.5249551134259.jpg",1,84,286,386,118,470,404
"Morganza_all/010106@29.6355133315475,-90.5251398993521.jpg",2,0,276,576,127,576,403
"Morganza_all/010107@29.6358187324192,-90.5247275554985.jpg",2,0,265,582,131,582,396
"Morganza_all/010108@29.6354026892506,-90.5246161469314.jpg",1,41,279,528,132,569,411
"Morganza_all/010109@29.6346965545647,-90.5239168727048.jpg",1,214,262,426,138,640,400
"Morganza_all/010110@29.6343292236257,-90.5235755703589.jpg",1,156,277,470,110,626,387
"Morganza_all/010111@29.6340486065815,-90.5233647048391.jpg",2,103,275,532,141,635,416
"Morganza_all/010112@29.6338103890518,-90.5230551298058.jpg",5,0,299,450,123,450,422
"Morganza_all/010113@29.6340810443669,-90.5228152194777.jpg",5,236,287,197,108,433,395
"Morganza_all/010114@29.6342901303132,-90.5230430624575.jpg",3,106,272,414,104,520,376
"Morganza_all/010115@29.6345565960832,-90.5232868105449.jpg",3,124,273,239,131,363,404
"Morganza_all/010116@29.6348879731132,-90.5236038191463.jpg",1,213,232,311,163,524,395
"Morganza_all/010117@29.6351259134183,-90.5238642323709.jpg",2,86,220,555,198,641,418
"Morganza_all/010118@29.6355725827444,-90.5242950821543.jpg",3,232,255,323,159,555,414
"Morganza_all/010119@29.6361168032812,-90.5242906837764.jpg",2,0,266,640,140,640,406
"Morganza_all/010120@29.6358854339502,-90.5239318442646.jpg",1,89,269,430,121,519,390
"Morganza_all/010121@29.6355182548301,-90.5236151210185.jpg",1,95,276,347,122,442,398
"Morganza_all/010122@29.6351941286925,-90.5233144517744.jpg",1,76,130,385,311,461,441
"Morganza_all/010123@29.6348336923733,-90.5229320783662.jpg",3,159,283,458,141,617,424
"Morganza_all/010124@29.6345959298423,-90.5226962823511.jpg",1,103,223,491,203,594,426
"Morganza_all/010125@29.6342578296861,-90.5224531159861.jpg",2,0,245,639,219,639,464
"Morganza_all/010126@29.6348369682379,-90.5223008562281.jpg",3,37,284,514,145,551,429
"Morganza_all/010127@29.6350752381225,-90.5226186165148.jpg",2,167,250,474,154,641,404
"Morganza_all/010128@29.6354207915282,-90.5229109253821.jpg",2,96,259,545,186,641,445
"Morganza_all/010129@29.6360768020032,-90.5236106030607.jpg",3,39,257,486,156,525,413
"Morganza_all/010130@29.6363871572707,-90.5240015729404.jpg",2,0,255,615,166,615,421
"Morganza_all/010131@29.6366143558837,-90.5236800404578.jpg",2,258,272,383,142,641,414
"Morganza_all/010132@29.6361953483741,-90.5230932101206.jpg",1,36,254,441,123,477,377
"Morganza_all/010133@29.6359208207886,-90.5227019536563.jpg",1,285,276,145,93,430,369
"Morganza_all/010134@29.6353522586899,-90.5222474811569.jpg",1,82,265,439,122,521,387
"Morganza_all/010135@29.6350066531789,-90.521946990912.jpg",1,36,279,465,140,501,419
"Morganza_all/010136@29.6348117632115,-90.5217026649552.jpg",2,0,297,574,118,574,415
"Morganza_all/010137@29.6350104550673,-90.5214059478021.jpg",1,10,268,561,151,571,419
"Morganza_all/010138@29.6353198023565,-90.5216329455265.jpg",2,59,285,582,135,641,420
"Morganza_all/010139@29.6355725294548,-90.5219669887154.jpg",1,134,259,430,131,564,390
"Morganza_all/010140@29.6361702250526,-90.5225031942716.jpg",2,0,202,625,216,625,418
"Morganza_all/010141@29.6364662062011,-90.522886061607.jpg",2,0,253,615,120,615,373
"Morganza_all/010142@29.636926598072,-90.523218462652.jpg",2,128,275,513,145,641,420
"Morganza_all/010143@29.6371040428141,-90.5229628994815.jpg",1,150,270,420,164,570,434
"Morganza_all/010144@29.6368647096875,-90.5224729842207.jpg",1,245,277,272,111,517,388
"Morganza_all/010145@29.6361305695148,-90.5218804960552.jpg",1,35,272,538,140,573,412
"Morganza_all/010146@29.6358137179779,-90.521596171733.jpg",1,1,276,612,221,613,497
"Morganza_all/010147@29.6353016697999,-90.521018294039.jpg",1,0,281,570,139,570,420
"Morganza_all/010148@29.6355436680619,-90.5207786072107.jpg",1,51,292,332,113,383,405
"Morganza_all/010149@29.6359559655802,-90.5214392636674.jpg",1,146,276,343,135,489,411
"Morganza_all/010150@29.6360764321607,-90.5212333312128.jpg",2,0,273,639,163,639,436
"Morganza_all/010151@29.6363939209448,-90.5216160515431.jpg",1,53,298,457,126,510,424
"Morganza_all/010152@29.6366457076711,-90.5218025346482.jpg",1,48,273,461,142,509,415
"Morganza_all/010153@29.6370569356792,-90.522291054552.jpg",1,148,279,326,122,474,401
"Morganza_all/010154@29.6372961958328,-90.5227646019851.jpg",1,0,243,622,174,622,417
"Morganza_all/010155@29.6375019382669,-90.5224514220404.jpg",2,99,260,541,155,640,415
"Morganza_all/010156@29.6377293590273,-90.5221708660888.jpg",2,53,254,588,157,641,411
"Morganza_all/010157@29.6373986377165,-90.5219604034421.jpg",1,0,158,595,265,595,423
"Morganza_all/010158@29.637103313246,-90.5216840851703.jpg",1,231,249,381,157,612,406
"Morganza_all/010159@29.6368728733928,-90.5214809965674.jpg",1,87,267,465,142,552,409
"Morganza_all/010160@29.6366495364618,-90.5212614824512.jpg",1,0,213,506,195,506,408
"Morganza_all/010161@29.636346830295,-90.5209524276902.jpg",1,71,262,421,139,492,401
"Morganza_all/010162@29.6360877636847,-90.52074960615.jpg",2,51,273,582,156,633,429
"Morganza_all/010163@29.6358413466665,-90.5202761273191.jpg",1,14,293,492,136,506,429
"Morganza_all/010164@29.6360836486148,-90.5200856355642.jpg",2,0,254,638,153,638,407
"Morganza_all/010165@29.6365811201088,-90.5206226148995.jpg",2,0,259,519,172,519,431
"Morganza_all/010166@29.63687639613,-90.5208907445782.jpg",2,0,275,527,145,527,420
"Morganza_all/010167@29.6371284885398,-90.5211264254341.jpg",1,142,280,484,127,626,407
"Morganza_all/010168@29.637402439465,-90.5214193159274.jpg",1,45,284,438,114,483,398
"Morganza_all/010169@29.637582901996,-90.521647395665.jpg",1,105,295,340,97,445,392
"Morganza_all/010170@29.6379423785738,-90.5218740250807.jpg",1,87,279,495,139,582,418
"Morganza_all/010171@29.638226620583,-90.521519219011.jpg",2,0,279,496,140,496,419
"Morganza_all/010172@29.6378741682752,-90.5212679482217.jpg",2,0,279,532,100,532,379
"Morganza_all/010173@29.6374276920196,-90.5208698697775.jpg",2,70,254,571,160,641,414
"Morganza_all/010174@29.6371752161004,-90.520576806344.jpg",1,62,266,465,132,527,398
"Morganza_all/010175@29.6368370886266,-90.5203254251551.jpg",3,168,282,428,169,596,451
"Morganza_all/010176@29.6365270274934,-90.5199836632928.jpg",2,0,274,460,138,460,412
"Morganza_all/010177@29.636274854567,-90.519739771507.jpg",2,0,253,579,171,579,424
"Morganza_all/010178@29.6431043494214,-90.52669248964.jpg",3,145,275,428,93,573,368
"Morganza_all/010179@29.6433670272691,-90.5263214515149.jpg",1,80,269,464,129,544,398
"Morganza_all/010180@29.6434555311153,-90.5267388323607.jpg",3,174,226,311,124,485,350
"Morganza_all/010181@29.6436455522239,-90.5273603671469.jpg",3,115,240,270,111,385,351
"Morganza_all/010183@29.6437889122392,-90.5285479256739.jpg",2,76,262,565,167,641,429
"Morganza_all/010184@29.6435690298059,-90.5288940291442.jpg",2,0,224,638,186,638,410
"Morganza_all/010185@29.6433845973731,-90.5291824256719.jpg",1,124,212,342,247,466,459
"Morganza_all/010186@29.6433798209516,-90.5284036651646.jpg",3,41,257,397,166,438,423
"Morganza_all/010187@29.6430560579642,-90.5281603114623.jpg",1,190,258,404,161,594,419
"Morganza_all/010188@29.6431954399934,-90.5287002780704.jpg",2,0,265,415,138,415,403
"Morganza_all/010189@29.6428860042116,-90.5284568086571.jpg",2,232,257,403,155,635,412
"Morganza_all/010190@29.6427586281593,-90.5287037893846.jpg",2,175,230,461,176,636,406
"Morganza_all/010191@29.6425529210271,-90.5290251574127.jpg",1,240,210,320,194,560,404
"Morganza_all/010192@29.6428693042718,-90.5292357693262.jpg",1,8,246,382,161,390,407
"Morganza_all/010193@29.6431931655777,-90.5294954951348.jpg",1,37,237,385,190,422,427
"Morganza_all/010194@29.6430793332301,-90.5296193721739.jpg",5,215,263,108,132,323,395
"Morganza_all/010195@29.6427132732417,-90.5294829476481.jpg",5,0,281,450,131,450,412
"Morganza_all/010196@29.6424037887351,-90.5292312925119.jpg",2,90,275,547,145,637,420
"Morganza_all/010197@29.6420495916949,-90.528693087731.jpg",6,126,226,276,131,402,357
"Morganza_all/010198@29.6428024198316,-90.5300069160558.jpg",3,51,251,475,128,526,379
"Morganza_all/010199@29.6425642409019,-90.5297055143323.jpg",2,0,282,375,110,375,392
"Morganza_all/010200@29.6422549576397,-90.5294866282181.jpg",1,211,248,396,161,607,409
"Morganza_all/010201@29.642077249135,-90.529701207768.jpg",2,181,270,452,128,633,398
"Morganza_all/010202@29.6419286180093,-90.5299893426509.jpg",2,101,285,536,124,637,409
"Morganza_all/010203@29.6424083094295,-90.5299690916014.jpg",2,0,292,389,131,389,423
"Morganza_all/010204@29.6422381511763,-90.5302491833994.jpg",2,0,294,444,119,444,413
"Morganza_all/010205@29.6425117807388,-90.5304929439376.jpg",2,0,231,347,238,347,469
"Morganza_all/010206@29.6429348177282,-90.5305797109878.jpg",1,129,280,302,124,431,404
"Morganza_all/010207@29.6431941700804,-90.5308317735293.jpg",2,0,243,504,221,504,464
"Morganza_all/010208@29.6436520342639,-90.530754311955.jpg",1,184,268,288,164,472,432
"Morganza_all/010209@29.6438295714214,-90.5305069608251.jpg",3,70,208,546,234,616,442
"Morganza_all/010211@29.643907043912,-90.5314655271678.jpg",5,218,220,208,112,426,332
"Morganza_all/010212@29.6434829774426,-90.5312147811282.jpg",3,65,287,400,117,465,404
"Morganza_all/010213@29.6442145542408,-90.5325698051383.jpg",2,0,246,615,183,615,429
"Morganza_all/010214@29.6446089140447,-90.5326486267652.jpg",2,0,226,638,274,638,500
"Morganza_all/010215@29.6445248826969,-90.5329608345803.jpg",1,241,231,360,204,601,435
"Morganza_all/010216@29.6443121655155,-90.5333068420583.jpg",1,262,253,379,146,641,399
"Morganza_all/010217@29.6448761095572,-90.5341877398517.jpg",6,1,263,378,165,379,428
"Morganza_all/010218@29.6450138194594,-90.5344571891061.jpg",2,0,113,601,252,601,365
"Morganza_all/010219@29.64425580874,-90.5334630598872.jpg",5,171,273,278,88,449,361
"Morganza_all/010220@29.6441490998309,-90.5335786917648.jpg",1,272,268,235,129,507,397
"Morganza_all/010221@29.6440711665136,-90.5337186800361.jpg",5,44,259,513,128,557,387
"Morganza_all/010222@29.6438726241875,-90.5340399846612.jpg",2,229,243,412,146,641,389
"Morganza_all/010223@29.6437021577358,-90.5342709031682.jpg",1,219,252,302,160,521,412
"Morganza_all/010224@29.6436313509103,-90.5344026484123.jpg",5,214,278,185,121,399,399
"Morganza_all/010225@29.6435546644719,-90.5347475644346.jpg",5,225,245,292,109,517,354
"Morganza_all/010226@29.6432701596398,-90.535069550885.jpg",2,84,174,557,218,641,392
"Morganza_all/010227@29.6433399509432,-90.5359462008717.jpg",6,235,229,218,133,453,362
"Morganza_all/010228@29.6425783577286,-90.5343618491122.jpg",2,26,161,615,242,641,403
"Morganza_all/010229@29.6438531999135,-90.5332039480241.jpg",2,0,301,638,121,638,422
"Morganza_all/010230@29.643658908551,-90.5330497346431.jpg",2,0,307,640,118,640,425
"Morganza_all/010231@29.6434367139204,-90.533018708304.jpg",6,0,232,463,155,463,387
"Morganza_all/010232@29.6435572989218,-90.532829206499.jpg",6,0,199,391,178,391,377
"Morganza_all/010233@29.643263048099,-90.532724966505.jpg",6,0,225,306,215,306,440
"Morganza_all/010234@29.643538717997,-90.5321324993027.jpg",6,27,201,362,233,389,434
"Morganza_all/010235@29.6435087126304,-90.5319113990441.jpg",6,0,257,245,227,245,484
"Morganza_all/010236@29.6431389606937,-90.5323406687919.jpg",6,29,190,383,262,412,452
"Morganza_all/010237@29.6428129601326,-90.5329007328979.jpg",6,120,192,174,145,294,337
"Morganza_all/010238@29.6431347038345,-90.531643849854.jpg",1,147,274,365,152,512,426
"Morganza_all/010239@29.6430567725786,-90.531783838213.jpg",1,214,265,283,184,497,449
"Morganza_all/010240@29.6429502655449,-90.5319322715426.jpg",1,130,269,322,177,452,446
"Morganza_all/010241@29.6428654847401,-90.5321214867007.jpg",1,178,261,276,163,454,424
"Morganza_all/010242@29.6427659265888,-90.5322370611832.jpg",1,159,254,252,160,411,414
"Morganza_all/010243@29.6426737956771,-90.5323935634618.jpg",1,95,273,391,163,486,436
"Morganza_all/010244@29.6425959637417,-90.5325499510586.jpg",1,0,254,515,169,515,423
"Morganza_all/010245@29.642489655848,-90.5327311523086.jpg",1,92,252,545,190,637,442
"Morganza_all/010246@29.6423762706978,-90.532928810995.jpg",2,0,272,608,146,608,418
"Morganza_all/010247@29.6421993065693,-90.5332663404885.jpg",1,183,261,400,140,583,401
"Morganza_all/010248@29.6420282416066,-90.5333988856874.jpg",1,157,279,472,163,629,442
"Morganza_all/010249@29.6419574855548,-90.533538813787.jpg",1,216,260,420,169,636,429
"Morganza_all/010250@29.6418435994877,-90.5336545002662.jpg",1,58,250,572,220,630,470
"Morganza_all/010251@29.6417799927452,-90.5337943708196.jpg",3,90,266,417,176,507,442
"Morganza_all/010252@29.6419669337689,-90.533915839119.jpg",1,114,289,332,129,446,418
"Morganza_all/010253@29.641513746378,-90.5335833462739.jpg",1,18,218,315,223,333,441
"Morganza_all/010254@29.6412685260991,-90.5332983973141.jpg",3,92,284,327,103,419,387
"Morganza_all/010255@29.6416548584978,-90.5332379214082.jpg",3,117,265,433,117,550,382
"Morganza_all/010256@29.6419815108661,-90.5327844200381.jpg",1,36,278,343,143,379,421
"Morganza_all/010257@29.6417221622527,-90.5325323554911.jpg",1,230,275,252,164,482,439
"Morganza_all/010258@29.6418642001327,-90.5323344683599.jpg",2,86,276,555,145,641,421
"Morganza_all/010259@29.6421374478061,-90.5325208167998.jpg",3,57,282,462,107,519,389
"Morganza_all/010260@29.642315539035,-90.5323636591156.jpg",1,76,259,421,194,497,453
"Morganza_all/010261@29.6419628797086,-90.5320795393762.jpg",1,198,276,268,148,466,424
"Morganza_all/010262@29.642083713575,-90.5319309929657.jpg",1,117,273,290,158,407,431
"Morganza_all/010263@29.6423356634307,-90.5321421287697.jpg",1,126,251,434,178,560,429
"Morganza_all/010264@29.6424568481169,-90.5320509991705.jpg",3,134,270,307,170,441,440
"Morganza_all/010265@29.6421828707838,-90.5317498488545.jpg",1,52,279,459,161,511,440
"Morganza_all/010266@29.6422969556366,-90.5316669606486.jpg",1,211,295,159,117,370,412
"Morganza_all/010267@29.6425270515399,-90.5318208825626.jpg",1,165,246,273,213,438,459
"Morganza_all/010268@29.6426624122289,-90.5317050212153.jpg",1,203,244,328,219,531,463
"Morganza_all/010269@29.6423316562546,-90.5314863322258.jpg",1,197,266,349,174,546,440
"Morganza_all/010270@29.6425377203393,-90.5312223558194.jpg",1,161,258,363,172,524,430
"Morganza_all/010272@29.6428541500902,-90.5314411591598.jpg",1,106,246,337,184,443,430
"Morganza_all/010273@29.6429315295217,-90.5312109836978.jpg",1,176,243,459,191,635,434
"Morganza_all/010274@29.642651052665,-90.5310164789051.jpg",1,123,281,339,148,462,429
"Morganza_all/010275@29.6427863625752,-90.5308924318183.jpg",1,246,282,176,125,422,407
"Morganza_all/010276@29.6412991904086,-90.5301173548361.jpg",6,0,230,385,220,385,450
"Morganza_all/010278@29.6416380791577,-90.5304917351697.jpg",2,239,273,400,134,639,407
"Morganza_all/010279@29.641474918943,-90.5307471819192.jpg",3,169,266,468,137,637,403
"Morganza_all/010280@29.6413046587091,-90.5310108695299.jpg",2,133,266,508,141,641,407
"Morganza_all/010281@29.6410803346415,-90.53062738523.jpg",5,139,280,354,110,493,390
"Morganza_all/010282@29.6408710839391,-90.5303749266413.jpg",1,95,206,481,243,576,449
"Morganza_all/010283@29.6408966004134,-90.5310305412179.jpg",5,252,292,237,107,489,399
"Morganza_all/010284@29.6406764105904,-90.5313274287832.jpg",1,36,272,565,142,601,414
"Morganza_all/010285@29.6406133075828,-90.5315492998851.jpg",2,5,282,450,106,455,388
"Morganza_all/010286@29.6407076920903,-90.531761661899.jpg",1,198,254,185,114,383,368
"Morganza_all/010287@29.6406809194954,-90.5320652152355.jpg",1,110,281,483,134,593,415
"Morganza_all/010288@29.6404072428233,-90.5318132705435.jpg",2,0,207,637,205,637,412
"Morganza_all/010289@29.6402509065565,-90.5320112700021.jpg",1,13,261,516,162,529,423
"Morganza_all/010290@29.6401596996294,-90.5323235221918.jpg",3,200,182,284,238,484,420
"Morganza_all/010291@29.6404817030175,-90.5322799589184.jpg",1,219,295,336,125,555,420
"Morganza_all/010292@29.6403544196848,-90.5325432974694.jpg",1,212,232,397,197,609,429
"Morganza_all/010293@29.6402127816609,-90.5328067501449.jpg",1,187,274,431,136,618,410
"Morganza_all/010294@29.6400459922279,-90.5324637920893.jpg",1,56,215,315,186,371,401
"Morganza_all/010295@29.6398962040719,-90.5325633639647.jpg",1,181,211,279,206,460,417
"Morganza_all/010296@29.6399405849573,-90.5327925261391.jpg",5,249,257,135,186,384,443
"Morganza_all/010297@29.639819872616,-90.5329656528277.jpg",5,284,284,187,100,471,384
"Morganza_all/010298@29.6397186905057,-90.5328107015081.jpg",5,281,261,170,140,451,401
"Morganza_all/010299@29.6397535929203,-90.532662878135.jpg",1,228,230,305,198,533,428
"Morganza_all/010300@29.6395668507671,-90.532574183323.jpg",2,10,281,631,148,641,429
"Morganza_all/010301@29.6397145365096,-90.5321303378305.jpg",5,149,280,218,101,367,381
"Morganza_all/010302@29.6400901621498,-90.5314878867596.jpg",1,30,269,466,229,496,498
"Morganza_all/010303@29.6398863791694,-90.5333012277473.jpg",1,156,284,478,125,634,409
"Morganza_all/010304@29.639716263875,-90.5335895225613.jpg",3,171,272,369,138,540,410
"Morganza_all/010305@29.6393971578051,-90.5341085222495.jpg",1,186,270,447,143,633,413
"Morganza_all/010306@29.6397285861506,-90.5344337975215.jpg",5,209,292,221,96,430,388
"Morganza_all/010307@29.6399269296206,-90.5340797069181.jpg",2,0,279,425,122,425,401
"Morganza_all/010308@29.6400041638472,-90.5338249559016.jpg",2,0,296,430,122,430,418
"Morganza_all/010309@29.6401816791318,-90.5335775879734.jpg",2,0,284,432,127,432,411
"Morganza_all/010310@29.6403663211137,-90.5333219774964.jpg",2,0,281,370,111,370,392
"Morganza_all/010311@29.6405223593931,-90.533074810954.jpg",2,0,292,414,122,414,414
"Morganza_all/010312@29.6406710973955,-90.5328030848513.jpg",2,0,290,378,150,378,440
"Morganza_all/010313@29.6408484606613,-90.5325311289322.jpg",2,0,303,465,92,465,395
"Morganza_all/010314@29.6409759216014,-90.5322923734074.jpg",2,0,295,474,116,474,411
"Morganza_all/010315@29.6411390073335,-90.5320287462958.jpg",2,0,295,409,114,409,409
"Morganza_all/010316@29.6414228032838,-90.5315919876253.jpg",1,149,279,463,140,612,419
"Morganza_all/010317@29.6416427430936,-90.5312541133959.jpg",2,0,295,389,117,389,412
"Morganza_all/010318@29.6417700513296,-90.5309907695959.jpg",2,0,292,408,117,408,409
"Morganza_all/010319@29.6419476113331,-90.5307515767175.jpg",2,0,296,447,109,447,405
"Morganza_all/010320@29.6420821685174,-90.5305045745124.jpg",2,0,284,389,117,389,401
"Morganza_all/010321@29.6424624537525,-90.530624486585.jpg",1,148,246,378,250,526,496
"Morganza_all/010322@29.6423702244203,-90.5307645894461.jpg",1,115,258,492,210,607,468
"Morganza_all/010323@29.6422925950714,-90.5309537786647.jpg",3,23,268,597,189,620,457
"Morganza_all/010324@29.6421861890821,-90.5311185806632.jpg",1,104,248,334,210,438,458
"Morganza_all/010325@29.6420939819599,-90.5312668988333.jpg",2,173,249,459,204,632,453
"Morganza_all/010326@29.6419943743283,-90.5313742573524.jpg",2,83,246,343,200,426,446
"Morganza_all/010327@29.6418881683002,-90.5315718591111.jpg",2,65,245,469,192,534,437
"Morganza_all/010328@29.6417744116938,-90.5317039478585.jpg",1,148,207,398,263,546,470
"Morganza_all/010329@29.6416896814116,-90.531901376885.jpg",1,156,251,303,219,459,470
"Morganza_all/010330@29.6416331759311,-90.5320329752114.jpg",1,46,268,550,169,596,437
"Morganza_all/010331@29.6415195690144,-90.532189647793.jpg",1,29,256,514,181,543,437
"Morganza_all/010332@29.6414203612196,-90.5323626058708.jpg",1,0,257,524,183,524,440
"Morganza_all/010333@29.6413639054356,-90.532502419454.jpg",2,93,246,541,228,634,474
"Morganza_all/010334@29.6412648248305,-90.532691776981.jpg",5,292,204,173,151,465,355
"Morganza_all/010335@29.6410947106933,-90.5329800453223.jpg",1,0,248,607,229,607,477
"Morganza_all/010336@29.6409522219104,-90.5331041763454.jpg",1,17,262,479,167,496,429
"Morganza_all/010337@29.6407037515084,-90.5334586730842.jpg",2,0,277,479,152,479,429
"Morganza_all/010338@29.6404630015888,-90.5339114489283.jpg",1,76,245,525,186,601,431
"Morganza_all/010339@29.6402715584835,-90.5342245002099.jpg",2,0,246,608,229,608,475
"Morganza_all/010340@29.6401578990924,-90.5343729838779.jpg",2,0,265,485,230,485,495
"Morganza_all/010341@29.6400514612995,-90.5345377789468.jpg",2,0,262,499,183,499,445
"Morganza_all/010342@29.6399521780489,-90.5346943319062.jpg",1,48,273,415,139,463,412
"Morganza_all/010343@29.6398815427658,-90.534858840704.jpg",2,0,278,459,192,459,470
"Morganza_all/010344@29.6396608454584,-90.5350737483765.jpg",1,36,234,429,164,465,398
"Morganza_all/010345@29.6396119629986,-90.5352791006684.jpg",3,0,261,405,172,405,433
"Morganza_all/010346@29.6395126788614,-90.5354356522053.jpg",5,204,312,214,110,418,422
"Morganza_all/010347@29.6394275939632,-90.5355756895259.jpg",2,0,271,491,237,491,508
"Morganza_all/010348@29.639364284141,-90.5357647238242.jpg",2,0,144,612,367,612,511
"Morganza_all/010349@29.6394238058025,-90.5361331561365.jpg",1,78,281,463,265,541,546
"Morganza_all/010350@29.6396843924031,-90.5365901454414.jpg",2,0,209,640,302,640,511
"Morganza_all/010351@29.6398966973934,-90.5361703763328.jpg",2,29,257,612,189,641,446
"Morganza_all/010352@29.6396233774389,-90.535975806591.jpg",5,206,247,308,134,514,381
"Morganza_all/010353@29.6396867373268,-90.5357949561943.jpg",1,131,268,438,160,569,428
"Morganza_all/010354@29.6399745560949,-90.5360222117461.jpg",1,217,290,224,139,441,429
"Morganza_all/010355@29.6401170975916,-90.5359063018598.jpg",1,165,273,411,176,576,449
"Morganza_all/010356@29.639786021892,-90.5356384047417.jpg",1,204,269,346,165,550,434
"Morganza_all/010357@29.6398925108507,-90.5354817955541.jpg",1,156,273,338,154,494,427
"Morganza_all/010358@29.6401732803001,-90.5357255077149.jpg",1,46,293,450,236,496,529
"Morganza_all/010359@29.6402654151968,-90.5355690124123.jpg",1,0,268,574,202,574,470
"Morganza_all/010360@29.6400062712703,-90.5353497135833.jpg",1,0,270,496,186,496,456
"Morganza_all/010361@29.6401264604612,-90.535094620824.jpg",1,83,280,471,169,554,449
"Morganza_all/010362@29.6403925325454,-90.535272877508.jpg",2,0,281,510,159,510,440
"Morganza_all/010363@29.6405564721342,-90.5351485792357.jpg",1,99,284,397,152,496,436
"Morganza_all/010364@29.6402256720553,-90.5349216991677.jpg",1,185,290,397,143,582,433
"Morganza_all/010365@29.6403536862307,-90.5347731015097.jpg",1,196,303,278,120,474,423
"Morganza_all/010366@29.6406273572184,-90.535025054159.jpg",1,34,281,412,145,446,426
"Morganza_all/010367@29.6407548950411,-90.5348027027232.jpg",1,204,242,349,193,553,435
"Morganza_all/010368@29.640573933891,-90.5344844382886.jpg",2,0,284,551,194,551,478
"Morganza_all/010369@29.6403956904124,-90.5346170050429.jpg",2,168,288,459,147,627,435
"Morganza_all/010370@29.6407580281904,-90.5341386433054.jpg",2,58,266,580,150,638,416
"Morganza_all/010371@29.6409887702483,-90.5343991226463.jpg",1,239,281,392,150,631,431
"Morganza_all/010372@29.6411378107534,-90.5341765979316.jpg",1,62,218,481,200,543,418
"Morganza_all/010373@29.641006250602,-90.5337431632842.jpg",2,0,268,640,130,640,398
"Morganza_all/010374@29.641279324073,-90.5338967447277.jpg",2,0,268,573,128,573,396
"Morganza_all/010375@29.6416461286649,-90.5341561385619.jpg",1,86,275,552,145,638,420
"Morganza_all/010376@29.6419345270252,-90.5344735798687.jpg",1,142,285,351,109,493,394
"Morganza_all/010377@29.641546868424,-90.5343209105006.jpg",1,36,273,449,153,485,426
"Morganza_all/010378@29.6413054942993,-90.5346671334131.jpg",1,148,265,310,135,458,400
"Morganza_all/010379@29.6411425030883,-90.5349471568949.jpg",2,0,291,617,182,617,473
"Morganza_all/010380@29.6415384078685,-90.5352801113494.jpg",1,79,291,453,157,532,448
"Morganza_all/010381@29.6414463455822,-90.5354530094079.jpg",1,71,277,362,148,433,425
"Morganza_all/010382@29.6410000622512,-90.5350794695416.jpg",3,109,262,455,167,564,429
"Morganza_all/010383@29.6409080277256,-90.5352523666355.jpg",1,117,273,454,158,571,431
"Morganza_all/010384@29.6413826871461,-90.5355846938673.jpg",1,149,282,436,126,585,408
"Morganza_all/010385@29.6412763252907,-90.5357577053107.jpg",2,0,281,485,189,485,470
"Morganza_all/010386@29.6408013670125,-90.5353761770868.jpg",1,109,269,384,171,493,440
"Morganza_all/010387@29.6407525836312,-90.5355979002596.jpg",1,0,278,540,201,540,479
"Morganza_all/010388@29.6411411104746,-90.5358981441808.jpg",2,0,284,365,180,365,464
"Morganza_all/010389@29.6408483571798,-90.5360398374701.jpg",2,42,261,599,260,641,521
"Morganza_all/010390@29.6405819649411,-90.5358042244461.jpg",2,139,235,502,196,641,431
"Morganza_all/010391@29.6404827024342,-90.5359689615207.jpg",1,107,275,293,134,400,409
"Morganza_all/010392@29.6409073301166,-90.5363180900844.jpg",1,88,279,364,136,452,415
"Morganza_all/010393@29.6408296206244,-90.5364908718316.jpg",1,24,273,466,200,490,473
"Morganza_all/010394@29.6403620134018,-90.5361420850974.jpg",1,69,276,449,155,518,431
"Morganza_all/010395@29.6402626010859,-90.5362822370827.jpg",1,0,270,466,212,466,482
"Morganza_all/010396@29.6401775152865,-90.536422274733.jpg",2,0,236,630,251,630,487
"Morganza_all/010397@29.6405085618813,-90.5366901757102.jpg",1,2,268,560,190,562,458
"Morganza_all/010398@29.6406381713662,-90.5368039193265.jpg",2,246,262,395,184,641,446
"Morganza_all/010399@29.6407301083261,-90.5366146239608.jpg",1,100,279,413,141,513,420
"Morganza_all/010400@29.6403675899064,-90.5370601761726.jpg",1,114,287,424,152,538,439
"Morganza_all/010401@29.640050445046,-90.5367265918292.jpg",2,0,277,631,171,631,448
"Morganza_all/010402@29.6399655854286,-90.536899428665.jpg",5,197,272,266,112,463,384
"Morganza_all/010403@29.6398802725383,-90.5370066970205.jpg",5,131,309,281,98,412,407
"Morganza_all/010404@29.6398023630471,-90.5371466764344.jpg",5,299,284,182,116,481,400
"Morganza_all/010406@29.6396193050033,-90.5376645837144.jpg",2,111,240,530,144,641,384
"Morganza_all/010407@29.6398997720377,-90.5378591012433.jpg",1,26,273,375,125,401,398
"Morganza_all/010408@29.6400343922652,-90.5376202979324.jpg",3,105,282,354,122,459,404
"Morganza_all/010409@29.640190537972,-90.5373895075086.jpg",1,129,246,370,177,499,423
"Morganza_all/010411@29.6397554719338,-90.5388603817155.jpg",1,182,268,359,172,541,440
"Morganza_all/010412@29.6402312628019,-90.5382007593908.jpg",1,114,232,443,177,557,409
"Morganza_all/010413@29.6405009515798,-90.5377969363009.jpg",5,344,270,114,97,458,367
"Morganza_all/010414@29.6406918338362,-90.5373855214397.jpg",1,73,277,484,127,557,404
"Morganza_all/010415@29.6404990194644,-90.5386577322647.jpg",1,55,291,301,111,356,402
"Morganza_all/010416@29.6405981361832,-90.5384683818734.jpg",2,0,294,495,131,495,425
"Morganza_all/010417@29.6407613833533,-90.5382293503367.jpg",1,85,291,342,112,427,403
"Morganza_all/010418@29.6409037281314,-90.5380806737717.jpg",2,0,278,412,121,412,399
"Morganza_all/010419@29.6408943636739,-90.5377200209841.jpg",1,228,274,113,96,341,370
"Morganza_all/010420@29.6411014349081,-90.5376200005054.jpg",2,0,298,581,144,581,442
"Morganza_all/010421@29.6413649671963,-90.5373801689369.jpg",1,244,280,376,183,620,463
"Morganza_all/010422@29.6414355781386,-90.5372156596992.jpg",1,101,279,340,124,441,403
"Morganza_all/010423@29.6415278143645,-90.5370755640903.jpg",1,10,293,398,130,408,423
"Morganza_all/010424@29.6417046165989,-90.5367052427281.jpg",2,0,256,616,203,616,459
"Morganza_all/010425@29.6413521659375,-90.5364539099596.jpg",2,0,269,587,176,587,445
"Morganza_all/010426@29.6411594222608,-90.536553819062.jpg",1,165,301,376,119,541,420
"Morganza_all/010427@29.6410743860716,-90.5367020735856.jpg",1,183,294,360,148,543,442
"Morganza_all/010428@29.640953596302,-90.5368587656221.jpg",1,102,288,469,149,571,437
"Morganza_all/010429@29.6418681095251,-90.5365071908115.jpg",2,0,276,589,170,589,446
"Morganza_all/010430@29.6419601731992,-90.536334292994.jpg",2,0,282,344,145,344,427
"Morganza_all/010431@29.6421803743422,-90.5360374126351.jpg",1,95,298,338,122,433,420
"Morganza_all/010432@29.6421358494613,-90.5357836275642.jpg",2,0,196,576,219,576,415
"Morganza_all/010433@29.6418692075007,-90.5355070270558.jpg",2,0,286,547,253,547,539
"Morganza_all/010434@29.6417199155237,-90.5356885663405.jpg",1,125,271,457,185,582,456
"Morganza_all/010435@29.6416134040657,-90.535836993533.jpg",1,74,255,527,196,601,451
"Morganza_all/010436@29.6415141415219,-90.5360017322726.jpg",1,224,269,369,161,593,430
"Morganza_all/010437@29.6414363550202,-90.5361662996527.jpg",1,14,279,585,166,599,445
"Morganza_all/010438@29.642450128674,-90.535649976518.jpg",1,95,287,353,166,448,453
"Morganza_all/010439@29.6425493905805,-90.5354852044105.jpg",5,280,317,165,130,445,447
"Morganza_all/010440@29.6427544151204,-90.535049077686.jpg",1,153,284,263,142,416,426
"Morganza_all/010441@29.6424303926168,-90.5347565339463.jpg",1,108,277,358,176,466,453
"Morganza_all/010442@29.6422158970042,-90.5348156336517.jpg",1,219,284,342,208,561,492
"Morganza_all/010443@29.642180942353,-90.5349552754494.jpg",1,171,263,295,171,466,434
"Morganza_all/010444@29.6386670321645,-90.5352499294319.jpg",1,225,290,210,127,435,417
"Morganza_all/010445@29.6387450394353,-90.5351263499671.jpg",1,279,302,156,110,435,412
"Morganza_all/010446@29.6387798944562,-90.5349703131788.jpg",5,200,298,282,128,482,426
"Morganza_all/010447@29.6389154576101,-90.5348872601582.jpg",1,221,284,234,99,455,383
"Morganza_all/010448@29.6389428133766,-90.5346738962547.jpg",5,210,313,170,118,380,431
"Morganza_all/010449@29.6421176336238,-90.5351443468184.jpg",1,99,262,502,171,601,433
"Morganza_all/010450@29.642011222369,-90.5353091440741.jpg",5,0,260,550,178,550,438
"Morganza_all/010451@29.642327146732,-90.5354459885361.jpg",5,73,288,338,146,411,434
"Morganza_all/010452@29.6386671443114,-90.5340940782302.jpg",2,0,242,639,140,639,382
"Morganza_all/010453@29.6382203490577,-90.5348108333134.jpg",2,0,257,397,130,397,387
"Morganza_all/010454@29.637438415099,-90.5357679803573.jpg",1,110,289,327,85,437,374
"Morganza_all/010455@29.6376206186984,-90.5362911856085.jpg",5,150,284,353,107,503,391
"Morganza_all/010456@29.6374420524161,-90.5363663935421.jpg",1,267,214,374,215,641,429
"Morganza_all/010457@29.6373007827255,-90.5366872157952.jpg",1,106,267,520,126,626,393
"Morganza_all/010459@29.6369888139528,-90.5372061362243.jpg",1,137,272,407,121,544,393
"Morganza_all/010460@29.6366058117513,-90.5378158037691.jpg",1,152,266,372,126,524,392
"Morganza_all/010461@29.6361597338833,-90.5374750387876.jpg",1,214,281,210,87,424,368
"Morganza_all/010462@29.6361946500848,-90.5385076598189.jpg",3,136,262,399,118,535,380
"Morganza_all/010463@29.6358064494769,-90.5382648028435.jpg",1,131,274,391,102,522,376
"Morganza_all/010465@29.6354019385798,-90.5388746297967.jpg",5,256,250,304,115,560,365
"Morganza_all/010466@29.6353507128212,-90.5398751260233.jpg",4,207,295,176,88,383,383
"Morganza_all/010468@29.6349396888525,-90.5405915480321.jpg",3,99,277,481,101,580,378
"Morganza_all/010469@29.6343935574535,-90.5402844003877.jpg",1,266,262,202,97,468,359
"Morganza_all/010470@29.6345327675482,-90.5419883244452.jpg",1,296,281,208,106,504,387
"Morganza_all/010471@29.6347849209804,-90.5422404521041.jpg",5,293,266,108,91,401,357
"Morganza_all/010472@29.6349069311399,-90.5422804721608.jpg",5,216,290,233,108,449,398
"Morganza_all/010473@29.6349986783538,-90.5420584256769.jpg",1,175,277,252,110,427,387
"Morganza_all/010474@29.6350838195679,-90.541926583946.jpg",1,196,278,164,113,360,391
"Morganza_all/010475@29.6351403074906,-90.5417950000317.jpg",1,283,294,148,93,431,387
"Morganza_all/010476@29.6352397257174,-90.5416548606923.jpg",1,160,298,298,140,458,438
"Morganza_all/010478@29.6354526407484,-90.5413334538364.jpg",1,134,200,351,193,485,393
"Morganza_all/010479@29.6350787226028,-90.541082290437.jpg",1,341,274,273,128,614,402
"Morganza_all/010480@29.6351776945095,-90.540868401025.jpg",1,186,322,206,107,392,429
"Morganza_all/010481@29.6353482220949,-90.5406456973217.jpg",1,147,258,263,172,410,430
"Morganza_all/010482@29.6354259372676,-90.5404729597372.jpg",1,253,311,179,118,432,429
"Morganza_all/010483@29.6357857279056,-90.540757002408.jpg",1,200,234,332,206,532,440
"Morganza_all/010484@29.635582434973,-90.5402995662858.jpg",1,16,305,469,116,485,421
"Morganza_all/010485@29.6358709669194,-90.5406415579061.jpg",1,212,280,189,129,401,409
"Morganza_all/010487@29.6360125932057,-90.5403781279609.jpg",1,261,287,164,124,425,411
"Morganza_all/010489@29.6359306155941,-90.5398459450167.jpg",1,18,295,595,142,613,437
"Morganza_all/010490@29.6362751886478,-90.5399825683986.jpg",1,182,271,252,115,434,386
"Morganza_all/010491@29.6359866052752,-90.5396323618632.jpg",1,118,301,265,127,383,428
"Morganza_all/010492@29.6360999510212,-90.5394265394204.jpg",5,308,312,176,92,484,404
"Morganza_all/010494@29.6365093775526,-90.5396282169116.jpg",1,241,260,292,145,533,405
"Morganza_all/010495@29.6365872897025,-90.5394882440338.jpg",1,206,277,280,142,486,419
"Morganza_all/010496@29.6362204955782,-90.5392288437705.jpg",1,57,319,342,129,399,448
"Morganza_all/010497@29.6363555153764,-90.5390556174021.jpg",1,4,308,443,105,447,413
"Morganza_all/010498@29.6367506158027,-90.5392574075383.jpg",1,141,245,252,129,393,374
"Morganza_all/010499@29.6368068528855,-90.5390848368549.jpg",1,192,233,414,218,606,451
"Morganza_all/010500@29.6368994163887,-90.5389939163684.jpg",1,247,268,308,135,555,403
"Morganza_all/010504@29.6368157660609,-90.5381912165917.jpg",1,246,303,141,119,387,422
"Morganza_all/010505@29.6371823138588,-90.5384096313715.jpg",1,129,277,165,114,294,391
"Morganza_all/010506@29.6372962539382,-90.5383021712294.jpg",1,226,241,163,134,389,375
"Morganza_all/010508@29.6369223796373,-90.5380591985597.jpg",3,244,261,157,121,401,382
"Morganza_all/010509@29.6370148431753,-90.5379519089399.jpg",1,245,306,167,130,412,436
"Morganza_all/010510@29.637085653585,-90.5378201749142.jpg",1,135,284,251,159,386,443
"Morganza_all/010511@29.6371850675571,-90.5376800289041.jpg",3,151,264,224,210,375,474
"Morganza_all/010512@29.6374165483172,-90.5380634885438.jpg",1,299,258,212,160,511,418
"Morganza_all/010513@29.6375087854639,-90.5379233993408.jpg",1,273,245,355,198,628,443
"Morganza_all/010514@29.6375868227556,-90.5377998231707.jpg",4,257,314,125,94,382,408
"Morganza_all/010515@29.6372916808084,-90.5375480413178.jpg",1,155,298,203,143,358,441
"Morganza_all/010516@29.637383419811,-90.5373259537298.jpg",1,85,296,462,84,547,380
"Morganza_all/010517@29.6377007124987,-90.5376841463271.jpg",1,270,278,181,111,451,389
"Morganza_all/010518@29.6377141164646,-90.537536467107.jpg",1,366,299,141,111,507,410
"Morganza_all/010519@29.6377921037297,-90.5374047062785.jpg",1,211,234,392,212,603,446
"Morganza_all/010520@29.637834387278,-90.5372895981797.jpg",4,190,289,138,100,328,389
"Morganza_all/010521@29.6375821469865,-90.5370292599667.jpg",1,120,278,345,140,465,418
"Morganza_all/010522@29.6376953890526,-90.5368070316285.jpg",1,210,313,130,81,340,394
"Morganza_all/010524@29.6378448044235,-90.5366500853283.jpg",3,183,272,258,145,441,417
"Morganza_all/010525@29.6378510853299,-90.5365024939275.jpg",1,138,296,251,102,389,398
"Morganza_all/010526@29.6379651732064,-90.5364196147249.jpg",1,224,305,149,93,373,398
"Morganza_all/010527@29.6383101702851,-90.5366299810479.jpg",1,301,269,278,178,579,447
"Morganza_all/010528@29.6383955826875,-90.5365391453132.jpg",3,260,286,182,135,442,421
"Morganza_all/010529@29.6384305390304,-90.5363995093489.jpg",5,222,289,243,102,465,391
"Morganza_all/010530@29.6380430320044,-90.5362714217136.jpg",1,188,320,181,98,369,418
"Morganza_all/010531@29.6381354665774,-90.5361641294604.jpg",1,259,314,183,126,442,440
"Morganza_all/010532@29.6382206018558,-90.5360322785851.jpg",3,130,285,286,167,416,452
"Morganza_all/010533@29.6385514277311,-90.5362591890373.jpg",1,183,269,212,156,395,425
"Morganza_all/010534@29.6386078600275,-90.5361193817199.jpg",1,220,259,273,184,493,443
"Morganza_all/010535@29.6386931446983,-90.5360121141907.jpg",1,263,283,156,132,419,415
"Morganza_all/010536@29.6387638536405,-90.5358640082203.jpg",1,262,244,269,237,531,481
"Morganza_all/010537@29.6383551190503,-90.5357770770487.jpg",3,186,285,196,169,382,454
"Morganza_all/010538@29.6384332040876,-90.5356616823155.jpg",1,207,293,215,149,422,442
"Morganza_all/010539@29.6389479515906,-90.5355182220269.jpg",5,396,242,125,97,521,339
"Morganza_all/010540@29.6389950904454,-90.53620645427.jpg",2,17,252,624,179,641,431
"Morganza_all/010541@29.6388536220945,-90.53649451349.jpg",1,87,277,386,139,473,416
"Morganza_all/010542@29.6387543090053,-90.5366510628542.jpg",1,73,263,416,146,489,409
"Morganza_all/010543@29.6390490543325,-90.5368372461841.jpg",2,22,241,619,174,641,415
"Morganza_all/010544@29.6386622225104,-90.5368157389726.jpg",2,122,254,519,244,641,498
"Morganza_all/010545@29.6389292100753,-90.5371497179112.jpg",3,17,287,478,111,495,398
"Morganza_all/010546@29.6384913528832,-90.5369810415409.jpg",1,141,282,368,112,509,394
"Morganza_all/010547@29.6386949062285,-90.5374794995347.jpg",2,0,286,502,159,502,445
"Morganza_all/010548@29.6383213786901,-90.5372939100005.jpg",1,112,240,472,154,584,394
"Morganza_all/010549@29.6388123980311,-90.5379622112218.jpg",1,10,271,452,214,462,485
"Morganza_all/010550@29.6385031783296,-90.5377515234409.jpg",2,112,258,529,174,641,432
"Morganza_all/010551@29.6386916069357,-90.5381189296746.jpg",2,0,243,518,251,518,494
"Morganza_all/010552@29.6384402410156,-90.5379979694048.jpg",1,109,270,532,118,641,388
"Morganza_all/010553@29.6381514533983,-90.5376149615304.jpg",1,9,275,545,116,554,391
"Morganza_all/010554@29.6379736321051,-90.5378131181398.jpg",1,18,259,593,132,611,391
"Morganza_all/010555@29.6385435534044,-90.5385054096835.jpg",2,0,282,418,197,418,479
"Morganza_all/010557@29.6382561363339,-90.5383437178063.jpg",1,14,296,511,154,525,450
"Morganza_all/010558@29.6382018594426,-90.5388442237105.jpg",3,122,275,252,117,374,392
"Morganza_all/010559@29.6379858501148,-90.5386491950204.jpg",1,29,134,428,281,457,415
"Morganza_all/010560@29.6380601369475,-90.5390912618576.jpg",1,124,274,252,127,376,401
"Morganza_all/010561@29.6378229717699,-90.5389537867475.jpg",1,300,228,256,181,556,409
"Morganza_all/010562@29.6377090588482,-90.5390612779725.jpg",1,166,275,219,119,385,394
"Morganza_all/010563@29.6378259495081,-90.5394456200902.jpg",2,3,257,638,201,641,458
"Morganza_all/010564@29.6376696514162,-90.5396518180947.jpg",2,3,302,460,181,463,483
"Morganza_all/010565@29.6374683392802,-90.5395222423518.jpg",2,4,260,637,204,641,464
"Morganza_all/010566@29.6376275420238,-90.5397915085386.jpg",1,143,251,178,169,321,420
"Morganza_all/010567@29.6373832004911,-90.5396540892681.jpg",1,204,273,248,148,452,421
"Morganza_all/010568@29.6372696339633,-90.5398189306105.jpg",3,152,284,261,103,413,387
"Morganza_all/010570@29.6374086705911,-90.5403096833645.jpg",2,0,281,431,141,431,422
"Morganza_all/010571@29.6371414156641,-90.5399347180778.jpg",1,148,268,242,155,390,423
"Morganza_all/010572@29.6370924262257,-90.5401236317785.jpg",2,3,278,638,144,641,422
"Morganza_all/010573@29.6371882120395,-90.5405655569421.jpg",1,114,235,515,211,629,446
"Morganza_all/010574@29.6369005719021,-90.5403710939524.jpg",1,43,237,519,241,562,478
"Morganza_all/010575@29.63680848073,-90.5405357635992.jpg",1,108,297,315,114,423,411
"Morganza_all/010576@29.6370317139926,-90.5407389527591.jpg",3,134,282,224,118,358,400
"Morganza_all/010577@29.6367306887151,-90.5407003511972.jpg",2,0,296,433,126,433,422
"Morganza_all/010578@29.6366168236158,-90.5408159917937.jpg",1,72,298,294,112,366,410
"Morganza_all/010579@29.636904633721,-90.5410432548124.jpg",4,253,292,196,84,449,376
"Morganza_all/010580@29.6368054142337,-90.5412161961418.jpg",1,43,264,412,147,455,411
"Morganza_all/010581@29.6367044893982,-90.5411022241842.jpg",1,190,177,347,283,537,460
"Morganza_all/010582@29.6364960512304,-90.5409809190594.jpg",1,99,237,429,258,528,495
"Morganza_all/010583@29.6363688000211,-90.5412524515274.jpg",2,5,241,636,271,641,512
"Morganza_all/010584@29.6366635388458,-90.5414386439685.jpg",1,104,231,404,236,508,467
"Morganza_all/010585@29.6364782873057,-90.5415958646585.jpg",1,242,288,152,101,394,389
"Morganza_all/010586@29.6362767077406,-90.5414171194886.jpg",1,172,292,318,122,490,414
"Morganza_all/010587@29.636198766033,-90.5415570906485.jpg",1,130,296,301,114,431,410
"Morganza_all/010588@29.6360922973033,-90.5417136873769.jpg",1,130,287,308,117,438,404
"Morganza_all/010589@29.635978502959,-90.5418457571687.jpg",2,4,268,472,171,476,439
"Morganza_all/010590@29.6362517646847,-90.5420321203963.jpg",1,102,264,387,169,489,433
"Morganza_all/010591@29.636052927283,-90.5423124008807.jpg",1,37,247,542,100,579,347
"Morganza_all/010592@29.635960487863,-90.5424197167014.jpg",1,288,222,169,198,457,420
"Morganza_all/010593@29.635832810745,-90.5426256486323.jpg",1,245,271,150,120,395,391
"Morganza_all/010594@29.6357556857404,-90.5428967813814.jpg",1,130,247,325,149,455,396
"Morganza_all/010595@29.6357652182946,-90.5421015355032.jpg",1,0,182,629,226,629,408
"Morganza_all/010596@29.6351013106049,-90.5424510892224.jpg",3,49,296,215,96,264,392
"Morganza_all/010598@29.6353142496461,-90.5421379001013.jpg",1,270,280,228,203,498,483
"Morganza_all/010600@29.6354772343608,-90.5418497204973.jpg",3,142,289,170,125,312,414
"Morganza_all/010601@29.6356904193553,-90.5415775115417.jpg",4,184,276,135,88,319,364
"Morganza_all/010602@29.6357897877473,-90.5414291557981.jpg",1,41,264,479,144,520,408
"Morganza_all/010603@29.6358892055806,-90.5412890151863.jpg",1,69,167,409,239,478,406
"Morganza_all/010604@29.63600285089,-90.541132361526.jpg",1,63,263,462,148,525,411
"Morganza_all/010605@29.6360734665537,-90.5409678637468.jpg",1,158,257,337,137,495,394
"Morganza_all/010606@29.6361656077202,-90.5408113796786.jpg",1,113,249,471,147,584,396
"Morganza_all/010607@29.6362431027309,-90.5405976262728.jpg",1,253,260,173,126,426,386
"Morganza_all/010608@29.6363858190487,-90.540514526353.jpg",1,179,261,429,152,608,413
"Morganza_all/010609@29.6364637101668,-90.5403663701237.jpg",3,150,258,404,136,554,394
"Morganza_all/010610@29.6365630276995,-90.5402098280277.jpg",3,176,274,431,130,607,404
"Morganza_all/010611@29.6366623175465,-90.5400532858388.jpg",1,198,269,405,135,603,404
"Morganza_all/010612@29.6367473575389,-90.5399050406963.jpg",1,113,278,373,113,486,391
"Morganza_all/010613@29.6368323975539,-90.5397568267788.jpg",3,126,263,426,156,552,419
"Morganza_all/010614@29.6369388914425,-90.5396002265933.jpg",1,97,254,394,132,491,386
"Morganza_all/010615@29.6370381805605,-90.5394436832121.jpg",1,65,263,455,167,520,430
"Morganza_all/010616@29.637123048992,-90.5392626691017.jpg",1,190,272,313,148,503,420
"Morganza_all/010617@29.6372439407621,-90.5391223540804.jpg",1,71,250,457,139,528,389
"Morganza_all/010618@29.6373218026158,-90.5389741642389.jpg",1,33,257,429,165,462,422
"Morganza_all/010619@29.6375341648456,-90.5385625941764.jpg",1,224,262,311,202,535,464
"Morganza_all/010621@29.637710446896,-90.5381103235538.jpg",5,205,301,247,86,452,387
"Morganza_all/010622@29.6378675877341,-90.5380435047422.jpg",1,182,271,427,132,609,403
"Morganza_all/010623@29.6392056115285,-90.5378525294978.jpg",5,209,296,235,108,444,404
"Morganza_all/010624@29.6390791617559,-90.5382552095006.jpg",2,4,280,637,229,641,509
"Morganza_all/010625@29.6389100288014,-90.5387074292971.jpg",2,0,286,625,89,625,375
"Morganza_all/010626@29.6389643777347,-90.5394038215347.jpg",1,200,228,305,167,505,395
"Morganza_all/010627@29.6385472773428,-90.5391201979058.jpg",1,232,225,352,204,584,429
"Morganza_all/010630@29.6383417431707,-90.5394743305595.jpg",3,327,253,216,126,543,379
"Morganza_all/010631@29.6386877548409,-90.5398486748347.jpg",3,270,254,151,131,421,385
"Morganza_all/010632@29.6386098423131,-90.5399886503692.jpg",2,0,269,612,144,612,413
"Morganza_all/010633@29.6384968428579,-90.5402518923822.jpg",2,0,25,641,519,641,544
"Morganza_all/010634@29.6383097093239,-90.5400976169184.jpg",5,273,287,203,118,476,405
"Morganza_all/010635@29.6377107091125,-90.5405204335864.jpg",4,306,274,121,92,427,366
"Morganza_all/010636@29.6379625460889,-90.5407151820699.jpg",3,168,258,295,159,463,417
"Morganza_all/010637@29.6381326770564,-90.5404269044165.jpg",3,248,250,224,100,472,350
"Morganza_all/010638@29.6378582074667,-90.5412242657928.jpg",3,92,266,465,115,557,381
"Morganza_all/010639@29.6374620204705,-90.5408421011708.jpg",1,166,255,262,175,428,430
"Morganza_all/010640@29.6373203163314,-90.5410973504249.jpg",3,176,264,363,127,539,391
"Morganza_all/010641@29.6376165401916,-90.5415294761093.jpg",3,217,267,390,101,607,368
"Morganza_all/010642@29.637524447568,-90.5416941458681.jpg",1,177,234,298,177,475,411
"Morganza_all/010643@29.6371434795655,-90.5414594320636.jpg",1,242,241,294,156,536,397
"Morganza_all/010644@29.636873087108,-90.5417484979321.jpg",1,44,285,466,95,510,380
"Morganza_all/010645@29.6373471642238,-90.5419824761365.jpg",1,206,257,259,147,465,404
"Morganza_all/010647@29.6371269989389,-90.542287513135.jpg",1,198,257,202,138,400,395
"Morganza_all/010648@29.6370489576077,-90.5424111167161.jpg",1,213,245,217,143,430,388
"Morganza_all/010649@29.6369494397085,-90.5425348582861.jpg",2,123,197,514,214,637,411
"Morganza_all/010650@29.6366608412932,-90.5421764578038.jpg",3,280,279,154,122,434,401
"Morganza_all/010651@29.6363772075779,-90.5426459331269.jpg",2,118,238,521,139,639,377
"Morganza_all/010652@29.6361643386531,-90.5429755241328.jpg",3,145,292,260,88,405,380
"Morganza_all/010654@29.6365175174486,-90.5433498157283.jpg",5,249,292,140,91,389,383
"Morganza_all/010655@29.6366023637739,-90.5431688060881.jpg",3,106,260,317,135,423,395
"Morganza_all/010656@29.6367157643808,-90.5429711704016.jpg",3,214,269,123,119,337,388
"Morganza_all/010657@29.6366856784278,-90.542733682457.jpg",1,166,237,358,212,524,449
"Morganza_all/010658@29.6368513544325,-90.5428963141748.jpg",1,369,257,245,167,614,424
"Morganza_all/010660@29.6373082477918,-90.5438436457422.jpg",1,111,293,203,101,314,394
"Morganza_all/010661@29.6373862137058,-90.5437118591015.jpg",1,306,294,178,92,484,386
"Morganza_all/010662@29.6370263800144,-90.5434195857485.jpg",1,176,267,208,101,384,368
"Morganza_all/010663@29.6371824646504,-90.543172411499.jpg",1,106,266,481,125,587,391
"Morganza_all/010664@29.6372372743301,-90.5427621267847.jpg",2,0,270,477,189,477,459
"Morganza_all/010665@29.6373884534684,-90.542892073105.jpg",1,166,265,365,199,531,464
"Morganza_all/010666@29.6375107323777,-90.5429812941437.jpg",1,132,268,248,231,380,499
"Morganza_all/010667@29.6377834986688,-90.5430856963599.jpg",5,224,302,196,85,420,387
"Morganza_all/010668@29.6379326745814,-90.542887775751.jpg",1,176,285,398,103,574,388
"Morganza_all/010669@29.6375083114123,-90.5425796130624.jpg",1,148,309,370,92,518,401
"Morganza_all/010671@29.6377791012911,-90.542356146351.jpg",2,64,233,577,211,641,444
"Morganza_all/010672@29.637997782881,-90.5418051746382.jpg",1,99,286,366,107,465,393
"Morganza_all/010673@29.6383580870784,-90.5421794126704.jpg",1,38,271,514,122,552,393
"Morganza_all/010674@29.638210324516,-90.5414264075326.jpg",1,96,258,449,164,545,422
"Morganza_all/010675@29.6383541796763,-90.5415318574137.jpg",1,228,279,210,106,438,385
"Morganza_all/010676@29.6384521125239,-90.5411457793293.jpg",5,0,247,444,123,444,370
"Morganza_all/010677@29.638436102338,-90.5408671906578.jpg",1,71,165,442,307,513,472
"Morganza_all/010678@29.6386925626178,-90.5406438306939.jpg",1,198,311,194,109,392,420
"Morganza_all/010679@29.6388063557392,-90.540511755955.jpg",1,16,280,598,118,614,398
"Morganza_all/010680@29.6389866584622,-90.5407234736424.jpg",1,221,263,263,128,484,391
"Morganza_all/010682@29.6391385329493,-90.5409681870323.jpg",1,315,289,164,132,479,421
"Morganza_all/010684@29.6388041583518,-90.5413315533989.jpg",2,92,295,549,87,641,382
"Morganza_all/010685@29.6393147021859,-90.5404913290139.jpg",2,2,152,639,291,641,443
"Morganza_all/010686@29.6391472607803,-90.5400417777825.jpg",2,0,255,607,172,607,427
"Morganza_all/010687@29.6394087858929,-90.5394740529006.jpg",2,0,180,626,312,626,492
"Morganza_all/010688@29.6396691480308,-90.5410787608188.jpg",1,8,281,571,100,579,381
"Morganza_all/010689@29.6394703126942,-90.5413590527654.jpg",1,176,282,428,112,604,394
"Morganza_all/010690@29.6397554013953,-90.5423159445026.jpg",6,17,253,428,202,445,455
"Morganza_all/010693@29.6390793227205,-90.5418376085565.jpg",1,251,268,212,178,463,446
"Morganza_all/010694@29.6388945927046,-90.5420767999525.jpg",1,30,289,551,100,581,389
"Morganza_all/010695@29.639023922828,-90.5421495649394.jpg",2,0,292,506,85,506,377
"Morganza_all/010696@29.639131776651,-90.5422224998437.jpg",2,0,293,497,90,497,383
"Morganza_all/010697@29.6392253806154,-90.5423037321258.jpg",6,106,252,249,179,355,431
"Morganza_all/010698@29.6393621348264,-90.542417425062.jpg",6,0,250,303,268,303,518
"Morganza_all/010699@29.6395849203458,-90.5425468394179.jpg",6,61,210,198,135,259,345
"Morganza_all/010702@29.6392677045043,-90.5433854983565.jpg",1,228,268,293,158,521,426
"Morganza_all/010703@29.6391861067325,-90.5429188640542.jpg",1,110,264,378,209,488,473
"Morganza_all/010705@29.6388365111519,-90.5431347698813.jpg",1,154,250,316,145,470,395
"Morganza_all/010706@29.6390487602642,-90.5427068342177.jpg",1,179,277,252,115,431,392
"Morganza_all/010707@29.6389975433616,-90.5425268628798.jpg",4,314,275,113,113,427,388
"Morganza_all/010708@29.6387165395534,-90.5422421821215.jpg",2,0,104,529,422,529,526
"Morganza_all/010709@29.6385963364557,-90.5424972627056.jpg",1,236,284,103,82,339,366
"Morganza_all/010710@29.6383911882932,-90.542916956271.jpg",1,57,246,266,152,323,398
"Morganza_all/010711@29.6381285622299,-90.5433043321462.jpg",2,0,230,450,184,450,414
"Morganza_all/010712@29.6382798120863,-90.5434506804292.jpg",1,123,246,238,167,361,413
"Morganza_all/010713@29.6384518746877,-90.5434821238723.jpg",3,100,288,254,97,354,385
"Morganza_all/010714@29.6386030038306,-90.5436038886841.jpg",3,85,272,379,143,464,415
"Morganza_all/010715@29.6387182806567,-90.5437177520975.jpg",1,136,269,267,141,403,410
"Morganza_all/010716@29.6389119179829,-90.5437653951318.jpg",3,197,293,194,103,391,396
"Morganza_all/010718@29.6379377599241,-90.5437320934225.jpg",1,230,246,208,154,438,400
"Morganza_all/010719@29.6380673633165,-90.543845843235.jpg",1,186,268,313,126,499,394
"Morganza_all/010720@29.6382398204383,-90.5439428548677.jpg",5,258,286,150,83,408,369
"Morganza_all/010721@29.6383693961479,-90.5440566055131.jpg",1,242,233,177,167,419,400
"Morganza_all/010722@29.6384916740708,-90.5441457973711.jpg",3,224,282,313,105,537,387
"Morganza_all/010723@29.6384378461633,-90.5447200844367.jpg",6,0,281,426,169,426,450
"Morganza_all/010724@29.6382793712338,-90.5445655749329.jpg",6,0,257,352,174,352,431
"Morganza_all/010725@29.6381354692904,-90.5444519366362.jpg",6,0,202,338,243,338,445
"Morganza_all/010728@29.6395170903747,-90.5455559529898.jpg",1,37,219,539,244,576,463
"Morganza_all/010729@29.6393425659208,-90.5451146329104.jpg",6,12,202,363,84,375,286
"Morganza_all/010730@29.6394195969134,-90.544827092197.jpg",2,236,252,405,164,641,416
"Morganza_all/010731@29.6397654455748,-90.5451768747216.jpg",1,197,286,190,151,387,437
"Morganza_all/010732@29.6398578657402,-90.5450614043533.jpg",1,329,289,230,117,559,406
"Morganza_all/010733@29.6400277104583,-90.5447239284563.jpg",2,0,265,546,112,546,377
"Morganza_all/010734@29.640098231994,-90.5445430265279.jpg",1,43,258,359,176,402,434
"Morganza_all/010735@29.640247043177,-90.5442795344037.jpg",1,185,277,210,109,395,386
"Morganza_all/010736@29.6403177120179,-90.5441232161832.jpg",1,203,268,239,120,442,388
"Morganza_all/010737@29.6404664454093,-90.5438515072707.jpg",1,169,277,240,120,409,397
"Morganza_all/010738@29.6405515391387,-90.5437114755315.jpg",1,229,272,238,115,467,387
"Morganza_all/010739@29.6406365834414,-90.5435632592152.jpg",1,176,278,228,111,404,389
"Morganza_all/010740@29.6407785391985,-90.5433489897041.jpg",2,84,277,546,122,630,399
"Morganza_all/010741@29.6405763912607,-90.5430800484796.jpg",2,0,261,636,136,636,397
"Morganza_all/010742@29.6404985958757,-90.5432446088173.jpg",1,203,284,234,118,437,402
"Morganza_all/010743@29.6404136508866,-90.5434092567975.jpg",1,250,276,242,111,492,387
"Morganza_all/010744@29.6403143075829,-90.5435575857333.jpg",1,294,283,231,111,525,394
"Morganza_all/010745@29.6402220369312,-90.5436976738878.jpg",1,317,278,231,133,548,411
"Morganza_all/010746@29.6400661267711,-90.5439694389621.jpg",1,320,272,212,105,532,377
"Morganza_all/010747@29.6403773177291,-90.5421306830669.jpg",1,40,211,471,138,511,349
"Morganza_all/010748@29.6409179972817,-90.5427248406734.jpg",1,0,241,631,150,631,391
"Morganza_all/010749@29.6413318508622,-90.5424756506332.jpg",2,10,299,591,130,601,429
"Morganza_all/010750@29.6410295683502,-90.5422239020792.jpg",1,267,285,317,104,584,389
"Morganza_all/010751@29.6413269058138,-90.5416558890591.jpg",1,211,279,323,132,534,411
"Morganza_all/010752@29.6416721200427,-90.5418991124027.jpg",1,0,263,551,192,551,455
"Morganza_all/010753@29.6417856174985,-90.541717834132.jpg",2,323,284,318,162,641,446
"Morganza_all/010754@29.641568644677,-90.5413670367802.jpg",2,24,190,617,213,641,403
"Morganza_all/010755@29.641982473735,-90.5411096548413.jpg",1,99,202,402,246,501,448
"Morganza_all/010756@29.641808776382,-90.5408076873613.jpg",1,100,288,453,85,553,373
"Morganza_all/010757@29.6421965980652,-90.5409931832859.jpg",1,44,304,342,131,386,435
"Morganza_all/010758@29.6422602124825,-90.5408533167251.jpg",3,160,282,275,177,435,459
"Morganza_all/010759@29.6423875122974,-90.540589952249.jpg",2,0,288,417,139,417,427
"Morganza_all/010760@29.642014462726,-90.5404781300085.jpg",3,106,265,468,129,574,394
"Morganza_all/010761@29.6426004248461,-90.540268551656.jpg",1,264,257,350,154,614,411
"Morganza_all/010762@29.6422339794086,-90.5400665186613.jpg",5,182,243,285,214,467,457
"Morganza_all/010763@29.64250280296,-90.539523304584.jpg",2,0,270,527,117,527,387
"Morganza_all/010764@29.6427628324139,-90.5398901612347.jpg",2,0,275,548,148,548,423
"Morganza_all/010765@29.6428977043041,-90.539692339392.jpg",2,0,222,539,239,539,461
"Morganza_all/010766@29.6430465057256,-90.5394288326877.jpg",2,164,301,477,121,641,422
"Morganza_all/010767@29.6430958413489,-90.5392972621327.jpg",2,0,261,337,151,337,412
"Morganza_all/010768@29.6432235352603,-90.5390994957807.jpg",5,270,298,210,109,480,407
"Morganza_all/010769@29.6433577603824,-90.5387950838198.jpg",2,0,269,636,160,636,429
"Morganza_all/010770@29.6430051922839,-90.5385191542546.jpg",2,0,237,509,189,509,426
"Morganza_all/010771@29.6428705208595,-90.5387497789248.jpg",5,225,282,329,118,554,400
"Morganza_all/010772@29.6428077526186,-90.5390290047673.jpg",1,100,289,231,126,331,415
"Morganza_all/010773@29.6427012373857,-90.5391774300184.jpg",1,0,254,601,198,601,452
"Morganza_all/010774@29.6431826667906,-90.5382636026905.jpg",5,249,257,257,111,506,368
"Morganza_all/010775@29.6435639385381,-90.5385475203846.jpg",2,91,267,550,190,641,457
"Morganza_all/010776@29.6436411814297,-90.5382927635593.jpg",3,107,233,316,168,423,401
"Morganza_all/010777@29.643747546618,-90.5381197507222.jpg",3,92,261,302,168,394,429
"Morganza_all/010778@29.643846314751,-90.5378730385048.jpg",2,173,281,464,171,637,452
"Morganza_all/010779@29.6435582231174,-90.5376047832271.jpg",2,0,174,637,334,637,508
"Morganza_all/010780@29.6434384266838,-90.5379254526765.jpg",1,162,252,264,147,426,399
"Morganza_all/010781@29.6433100387143,-90.5380084483093.jpg",1,179,290,202,130,381,420
"Morganza_all/010782@29.6432391785181,-90.5381320058444.jpg",1,121,277,215,138,336,415
"Morganza_all/010783@29.6436780462649,-90.5372841127915.jpg",2,0,254,486,179,486,433
"Morganza_all/010784@29.6438432315989,-90.5373647749526.jpg",1,136,238,297,184,433,422
"Morganza_all/010785@29.6439443363095,-90.5375033363496.jpg",1,85,249,404,194,489,443
"Morganza_all/010786@29.6441307766137,-90.5375428420684.jpg",1,79,251,428,187,507,438
"Morganza_all/010787@29.6442580699629,-90.5372794999401.jpg",1,24,237,325,245,349,482
"Morganza_all/010788@29.6443431067932,-90.5371312411917.jpg",1,11,275,357,169,368,444
"Morganza_all/010789@29.6444210936295,-90.5369994713216.jpg",1,12,283,389,149,401,432
"Morganza_all/010790@29.6442841854767,-90.5368611946607.jpg",1,117,271,424,171,541,442
"Morganza_all/010791@29.6441409738278,-90.5368623342077.jpg",1,142,211,338,190,480,401
"Morganza_all/010792@29.6439828603798,-90.5367733998709.jpg",1,137,242,293,180,430,422
"Morganza_all/010793@29.644224466612,-90.5364599425521.jpg",1,73,246,563,201,636,447
"Morganza_all/010794@29.644309104088,-90.5362461116345.jpg",1,273,255,272,160,545,415
"Morganza_all/010795@29.6445403400324,-90.5365886090173.jpg",1,103,263,429,163,532,426
"Morganza_all/010796@29.6446986748227,-90.536718498594.jpg",2,0,251,577,209,577,460
"Morganza_all/010797@29.6444013392671,-90.5361060111105.jpg",5,158,289,366,158,524,447
"Morganza_all/010798@29.6445221279283,-90.5359492812891.jpg",1,210,290,270,142,480,432
"Morganza_all/010799@29.6446090570789,-90.5361125732448.jpg",2,0,179,460,291,460,470
"Morganza_all/010800@29.6447813702791,-90.5361849609122.jpg",5,196,242,179,135,375,377
"Morganza_all/010801@29.64494683301,-90.5363066398068.jpg",2,0,185,449,345,449,530
"Morganza_all/010802@29.6451452811862,-90.5359689353422.jpg",1,73,184,568,341,641,525
"Morganza_all/010803@29.6450232467065,-90.535920702493.jpg",1,37,243,390,283,427,526
"Morganza_all/010804@29.6449226886454,-90.5358723301392.jpg",1,270,275,178,123,448,398
"Morganza_all/010805@29.6448432852109,-90.5357663678802.jpg",3,273,282,197,129,470,411
"Morganza_all/010806@29.6446927967743,-90.5357511653744.jpg",5,211,313,218,123,429,436
"Morganza_all/010807@29.6448769943352,-90.5354217908141.jpg",5,273,310,158,114,431,424
"Morganza_all/010808@29.64518992623,-90.5350667701245.jpg",1,255,285,173,110,428,395
"Morganza_all/010809@29.6454846737255,-90.5352529607598.jpg",1,188,232,216,158,404,390
"Morganza_all/010810@29.6456642144564,-90.5353335065867.jpg",1,142,285,334,179,476,464
"Morganza_all/010811@29.6454514637201,-90.5356795446596.jpg",5,64,259,297,133,361,392
"Morganza_all/010812@29.6456820807178,-90.5359154538244.jpg",5,0,275,371,92,371,367
"Morganza_all/010813@29.6458256411922,-90.5359717006604.jpg",3,157,257,238,165,395,422
"Morganza_all/010814@29.6459053707954,-90.5361268354589.jpg",1,256,310,123,91,379,401
"Morganza_all/010815@29.6459350427986,-90.5362987709229.jpg",1,0,214,466,187,466,401
"Morganza_all/010816@29.6457353986932,-90.5364397285429.jpg",2,223,303,418,129,641,432
"Morganza_all/010817@29.6455003222873,-90.5366465431147.jpg",1,155,254,282,218,437,472
"Morganza_all/010818@29.6452915092531,-90.5364596642228.jpg",5,218,261,148,124,366,385
"Morganza_all/010819@29.6452255586853,-90.5362142268174.jpg",2,2,192,639,449,641,641
"Morganza_all/010821@29.6452593403112,-90.5370583777213.jpg",2,0,206,430,270,430,476
"Morganza_all/010822@29.6450083440671,-90.5370029843802.jpg",1,117,195,345,262,462,457
"Morganza_all/010823@29.6449357925782,-90.536847793164.jpg",5,355,195,236,165,591,360
"Morganza_all/010824@29.6446228061855,-90.5371946227226.jpg",2,106,221,535,250,641,471
"Morganza_all/010825@29.644867222244,-90.5373484469899.jpg",5,292,286,204,115,496,401
"Morganza_all/010826@29.645083183599,-90.5375352701016.jpg",2,0,214,295,225,295,439
"Morganza_all/010827@29.644983968771,-90.5377082290386.jpg",2,0,260,513,218,513,478
"Morganza_all/010828@29.6448918313406,-90.5378647297492.jpg",1,52,254,455,234,507,488
"Morganza_all/010829@29.6447356846381,-90.5380954987918.jpg",1,64,253,577,290,641,543
"Morganza_all/010830@29.6445988274601,-90.5379654363368.jpg",5,204,292,333,159,537,451
"Morganza_all/010831@29.6444905736571,-90.5378269303881.jpg",1,214,229,266,214,480,443
"Morganza_all/010832@29.6443469366416,-90.5377624657413.jpg",1,5,242,636,232,641,474
"Morganza_all/010833@29.6445528143296,-90.5374656953577.jpg",1,258,236,360,200,618,436
"Morganza_all/010834@29.6445581829723,-90.5383510548372.jpg",2,0,274,487,188,487,462
"Morganza_all/010835@29.6445017483115,-90.5384908692072.jpg",1,0,256,372,185,372,441
"Morganza_all/010836@29.6444452639162,-90.5386224987717.jpg",1,0,181,347,298,347,479
"Morganza_all/010837@29.6443600762881,-90.5387461395229.jpg",1,14,216,479,235,493,451
"Morganza_all/010838@29.6443037130352,-90.538902354364.jpg",1,37,212,347,278,384,490
"Morganza_all/010839@29.6442187237616,-90.539058796179.jpg",1,0,221,594,273,594,494
"Morganza_all/010840@29.6439650745717,-90.5385607367611.jpg",2,0,213,637,205,637,418
"Morganza_all/010841@29.6440641911359,-90.5383713797172.jpg",3,235,246,294,193,529,439
"Morganza_all/010842@29.6442058128144,-90.5381079249976.jpg",5,176,213,377,214,553,427
"Morganza_all/010843@29.6443639970808,-90.538213231141.jpg",1,310,282,268,175,578,457
"Morganza_all/010844@29.6437170086139,-90.5389889865767.jpg",1,0,248,620,218,620,466
"Morganza_all/010845@29.6440694048352,-90.5392321495918.jpg",1,0,257,597,230,597,487
"Morganza_all/010846@29.6440059906836,-90.5394048211187.jpg",1,43,250,351,193,394,443
"Morganza_all/010847@29.6438993260652,-90.5395286309771.jpg",1,55,261,348,142,403,403
"Morganza_all/010848@29.6435967127732,-90.5392277146525.jpg",1,208,244,429,153,637,397
"Morganza_all/010849@29.6434758209226,-90.5393680384517.jpg",1,149,246,364,165,513,411
"Morganza_all/010850@29.6433842767731,-90.5396229074106.jpg",5,175,301,288,138,463,439
"Morganza_all/010851@29.6437502764985,-90.5397511538617.jpg",5,208,277,288,110,496,387
"Morganza_all/010852@29.6435088385702,-90.5400891867286.jpg",3,238,272,368,152,606,424
"Morganza_all/010853@29.6432002173478,-90.5399768544473.jpg",1,119,261,499,138,618,399
"Morganza_all/010854@29.6430514150168,-90.5402403922207.jpg",3,5,271,624,124,629,395
"Morganza_all/010855@29.642852432906,-90.5404961102689.jpg",1,183,247,335,161,518,408
"Morganza_all/010856@29.6432049747047,-90.5407638301319.jpg",2,242,268,399,237,641,505
"Morganza_all/010857@29.6433255212416,-90.5405661220599.jpg",1,147,248,238,165,385,413
"Morganza_all/010858@29.6434034123953,-90.5404179555993.jpg",1,127,275,310,136,437,411
"Morganza_all/010859@29.6430282600706,-90.5411505504214.jpg",2,0,1,641,576,641,577
"Morganza_all/010860@29.6426928951067,-90.5413499568687.jpg",2,0,256,641,183,641,439
"Morganza_all/010861@29.6425398586343,-90.5420971884256.jpg",2,0,181,641,314,641,495
"Morganza_all/010862@29.6423459953624,-90.5420167462399.jpg",3,248,239,214,137,462,376
"Morganza_all/010863@29.6419597082986,-90.5420853731279.jpg",2,0,80,637,533,637,613
"Morganza_all/010864@29.6422326730798,-90.5422225783753.jpg",1,198,289,148,91,346,380
"Morganza_all/010865@29.6422630290898,-90.5425092808081.jpg",2,0,262,454,216,454,478
"Morganza_all/010866@29.6418649841941,-90.5430043022653.jpg",1,85,292,464,124,549,416
"Morganza_all/010867@29.6414791904176,-90.5431548950019.jpg",2,2,206,639,208,641,414
"Morganza_all/010868@29.641177826556,-90.5442476114913.jpg",1,59,223,494,178,553,401
"Morganza_all/010869@29.6406575684958,-90.5446697949427.jpg",1,183,248,240,113,423,361
"Morganza_all/010870@29.6404081798889,-90.544876692326.jpg",2,0,209,568,230,568,439
"Morganza_all/010871@29.6405269248528,-90.5455725912954.jpg",2,212,204,429,246,641,450
"Morganza_all/010872@29.6404277976898,-90.5457619030392.jpg",2,0,226,637,241,637,467
"Morganza_all/010873@29.6403429261688,-90.5459347328664.jpg",2,0,195,641,240,641,435
"Morganza_all/010874@29.640215440395,-90.5461734695087.jpg",2,0,171,639,271,639,442
"Morganza_all/010875@29.6406166957454,-90.5462113007128.jpg",1,64,283,479,116,543,399
"Morganza_all/010876@29.6407442309015,-90.5459807789888.jpg",3,100,289,350,99,450,388
"Morganza_all/010877@29.6408338030776,-90.546586689776.jpg",1,171,283,367,121,538,404
"Morganza_all/010878@29.6409387037371,-90.5461677819149.jpg",1,131,270,461,100,592,370
"Morganza_all/010879@29.6413295618528,-90.5456646494802.jpg",2,0,225,640,298,640,523
"Morganza_all/010880@29.6409992721199,-90.5455196710385.jpg",2,0,287,460,188,460,475
"Morganza_all/010881@29.6411197273107,-90.5453055728134.jpg",1,84,267,499,113,583,380
"Morganza_all/010882@29.6413534378591,-90.5448692467351.jpg",2,16,218,625,392,641,610
"Morganza_all/010883@29.6416484179708,-90.5450964756447.jpg",2,96,248,545,174,641,422
"Morganza_all/010884@29.6415094484888,-90.5446138798673.jpg",2,0,288,542,158,542,446
"Morganza_all/010885@29.6417970055825,-90.5448001797845.jpg",2,0,276,548,189,548,465
"Morganza_all/010886@29.6416870335238,-90.5443747432569.jpg",1,21,278,486,91,507,369
"Morganza_all/010887@29.642052809839,-90.5444620509366.jpg",3,36,273,572,167,608,440
"Morganza_all/010888@29.6421659875533,-90.5442316053561.jpg",2,197,278,444,186,641,464
"Morganza_all/010889@29.6418066483622,-90.5440212864404.jpg",1,60,260,559,129,619,389
"Morganza_all/010890@29.6419976983299,-90.5436344943906.jpg",2,0,246,602,179,602,425
"Morganza_all/010891@29.6423503049385,-90.5439186236746.jpg",2,56,279,585,183,641,462
"Morganza_all/010892@29.6421038237671,-90.543420504819.jpg",1,78,267,356,141,434,408
"Morganza_all/010893@29.6423815177265,-90.5431559883224.jpg",1,243,294,231,108,474,402
"Morganza_all/010894@29.6426125381397,-90.5434656941121.jpg",2,124,201,517,210,641,411
"Morganza_all/010895@29.6428450075417,-90.5428243979831.jpg",5,158,263,262,113,420,376
"Morganza_all/010896@29.6426804677329,-90.5428502835841.jpg",1,231,271,231,154,462,425
"Morganza_all/010897@29.6427651651558,-90.5426446773596.jpg",5,282,306,128,81,410,387
"Morganza_all/010898@29.6425501718991,-90.5426217894951.jpg",2,0,280,359,146,359,426
"Morganza_all/010899@29.642606709656,-90.5424983491788.jpg",5,197,282,136,86,333,368
"Morganza_all/010901@29.6427765975046,-90.5421691071364.jpg",1,149,307,378,110,527,417
"Morganza_all/010902@29.6428916777434,-90.5422501725966.jpg",5,207,299,265,137,472,436
"Morganza_all/010903@29.6429353003297,-90.5423563891545.jpg",1,234,303,169,87,403,390
"Morganza_all/010904@29.6431365821214,-90.5424859778913.jpg",5,224,277,190,128,414,405
"Morganza_all/010905@29.6429686805663,-90.5419544347377.jpg",2,0,80,641,449,641,529
"Morganza_all/010906@29.6433202526088,-90.5420664333162.jpg",3,142,289,401,133,543,422
"Morganza_all/010907@29.6435965089098,-90.5415641477987.jpg",1,50,97,454,362,504,459
"Morganza_all/010908@29.6432873446612,-90.5413616548549.jpg",2,0,141,640,396,640,537
"Morganza_all/010909@29.6431666485258,-90.5415347767802.jpg",1,210,240,406,240,616,480
"Morganza_all/010910@29.64312438857,-90.541649857521.jpg",1,245,239,185,187,430,426
"Morganza_all/010911@29.643024970571,-90.5417900393828.jpg",1,79,285,470,133,549,418
"Morganza_all/010912@29.6437519190875,-90.5412103975513.jpg",1,188,268,453,179,641,447
"Morganza_all/010913@29.6438943662821,-90.541078121471.jpg",1,85,232,527,153,612,385
"Morganza_all/010914@29.6440078352844,-90.5408968699419.jpg",3,137,240,386,145,523,385
"Morganza_all/010915@29.6441062616525,-90.540592741558.jpg",2,0,254,641,200,641,454
"Morganza_all/010916@29.6439194534571,-90.5404876586661.jpg",2,0,220,638,212,638,432
"Morganza_all/010917@29.6437898471846,-90.5403739065514.jpg",2,0,240,636,189,636,429
"Morganza_all/010918@29.6436910248866,-90.5406124315747.jpg",1,210,272,268,159,478,431
"Morganza_all/010919@29.6436637585513,-90.5408422046253.jpg",5,141,272,347,105,488,377
"Morganza_all/010920@29.6443126412928,-90.5403779500053.jpg",2,2,211,639,249,641,460
"Morganza_all/010921@29.6443761064013,-90.5402134946883.jpg",1,150,227,419,192,569,419
"Morganza_all/010922@29.6445395329154,-90.5399990422061.jpg",3,165,229,299,207,464,436
"Morganza_all/010923@29.644681108153,-90.5397273723912.jpg",2,0,254,638,201,638,455
"Morganza_all/010924@29.6444440429482,-90.5396062874565.jpg",3,151,196,478,278,629,474
"Morganza_all/010925@29.6442436018215,-90.5396160933931.jpg",2,242,224,399,278,641,502
"Morganza_all/010926@29.6441726627184,-90.5397314035756.jpg",2,250,261,280,175,530,436
"Morganza_all/010927@29.6441162265854,-90.5398712166289.jpg",5,235,224,260,191,495,415
"Morganza_all/010928@29.6440817624708,-90.540092862897.jpg",1,219,256,345,158,564,414
"Morganza_all/010929@29.6448656132927,-90.5394471762413.jpg",4,123,250,352,179,475,429
"Morganza_all/010930@29.6445565946216,-90.5392692727201.jpg",2,0,255,635,183,635,438
"Morganza_all/010931@29.6445483034567,-90.5390807675416.jpg",1,172,242,315,207,487,449
"Morganza_all/010932@29.6446264136361,-90.5389735846066.jpg",2,246,250,395,181,641,431
"Morganza_all/010933@29.6446972748116,-90.5388500574344.jpg",1,315,226,326,231,641,457
"Morganza_all/010934@29.644768064019,-90.538710129041.jpg",1,270,238,345,196,615,434
"Morganza_all/010935@29.6449970590516,-90.5386836929008.jpg",2,0,258,333,205,333,463
"Morganza_all/010936@29.6452776735985,-90.5389028408432.jpg",2,0,6,641,577,641,583
"Morganza_all/010937@29.6449854629927,-90.5391346887333.jpg",2,27,263,614,179,641,442
"Morganza_all/010938@29.6449662699905,-90.5383314435338.jpg",1,18,219,569,279,587,498
"Morganza_all/010939@29.6453541224305,-90.5385169040175.jpg",2,45,237,596,184,641,421
"Morganza_all/010940@29.6455034404033,-90.5383435473128.jpg",2,0,7,459,572,459,579
"Morganza_all/010941@29.6455956059008,-90.5381870458682.jpg",1,23,81,412,478,435,559
"Morganza_all/010942@29.6456233647824,-90.5380392724974.jpg",5,185,270,166,183,351,453
"Morganza_all/010943@29.6457517029403,-90.5379480587518.jpg",2,0,69,457,425,457,494
"Morganza_all/010944@29.6457865613075,-90.5377920120235.jpg",1,122,275,256,152,378,427
"Morganza_all/010945@29.6458934728791,-90.537709184769.jpg",2,0,207,479,334,479,541
"Morganza_all/010946@29.645985090648,-90.5374625237053.jpg",1,17,60,467,381,484,441
"Morganza_all/010947@29.6461467434793,-90.5369611237832.jpg",5,266,248,217,146,483,394
"Morganza_all/010948@29.6460803237061,-90.5366337414855.jpg",2,0,57,639,454,639,511
"Morganza_all/010949@29.6457811888918,-90.5369066417089.jpg",2,121,55,520,420,641,475
"Morganza_all/010950@29.6457614047649,-90.537185566445.jpg",5,175,310,328,129,503,439
"Morganza_all/010951@29.6455958434885,-90.537047515625.jpg",5,146,282,281,150,427,432
"Morganza_all/010952@29.6455612844241,-90.5372527337052.jpg",1,226,283,333,142,559,425
"Morganza_all/010953@29.6455119010026,-90.5373760922943.jpg",5,149,302,143,101,292,403
"Morganza_all/010954@29.6454053378071,-90.5375163071085.jpg",5,137,217,401,261,538,478
"Morganza_all/010955@29.6453273009993,-90.5376399246317.jpg",1,202,255,375,221,577,476
"Morganza_all/010956@29.6452493908504,-90.5377799111702.jpg",1,283,223,317,206,600,429
"Morganza_all/010957@29.6451009406672,-90.5381008134721.jpg",5,217,268,190,168,407,436
"Morganza_all/010958@29.646241973369,-90.5361323397479.jpg",2,0,225,525,258,525,483
"Morganza_all/010959@29.6465318605878,-90.5366957236067.jpg",5,206,282,200,140,406,422
"Morganza_all/010960@29.6468314811578,-90.537685326749.jpg",1,91,150,440,311,531,461
"Morganza_all/010961@29.6470051358445,-90.5379790876261.jpg",2,13,246,356,190,369,436
"Morganza_all/010962@29.6474537951338,-90.5387461988176.jpg",2,0,147,641,402,641,549
"Morganza_all/010963@29.6463440423513,-90.5376072235133.jpg",5,143,282,449,168,592,450
"Morganza_all/010964@29.6465604011692,-90.5378596544232.jpg",2,0,21,639,564,639,585
"Morganza_all/010965@29.6464837058415,-90.53820460937.jpg",2,0,3,594,473,594,476
"Morganza_all/010966@29.6462238208076,-90.5378623293195.jpg",1,137,198,400,232,537,430
"Morganza_all/010967@29.6461240862222,-90.5379450996518.jpg",1,181,240,282,189,463,429
"Morganza_all/010968@29.6460532482157,-90.5380768457028.jpg",3,162,257,296,161,458,418
"Morganza_all/010969@29.6463265153709,-90.5382632488789.jpg",1,141,197,300,196,441,393
"Morganza_all/010970@29.646077832355,-90.5385849497589.jpg",1,16,261,458,106,474,367
"Morganza_all/010971@29.6456770936261,-90.5386373054343.jpg",1,177,260,317,186,494,446
"Morganza_all/010972@29.6456208573438,-90.5388099231417.jpg",2,0,239,549,301,549,540
"Morganza_all/010973@29.6458936766191,-90.538922538696.jpg",1,0,191,595,255,595,446
"Morganza_all/010974@29.6463532333356,-90.5391238360979.jpg",2,0,261,640,125,640,386
"Morganza_all/010975@29.6466341447461,-90.5393921601669.jpg",5,224,228,200,180,424,408
"Morganza_all/010976@29.6466973604858,-90.5391867132888.jpg",1,60,208,450,224,510,432
"Morganza_all/010977@29.6465937749722,-90.5386382441108.jpg",2,0,161,594,298,594,459
"Morganza_all/010978@29.6467138711317,-90.5383667373654.jpg",2,53,5,588,469,641,474
"Morganza_all/010979@29.6469720659619,-90.5384302631445.jpg",2,2,94,639,483,641,577
"Morganza_all/010980@29.6471095188456,-90.5386587365885.jpg",2,0,122,639,394,639,516
"Morganza_all/010981@29.6472539718227,-90.5388625363196.jpg",2,0,5,570,555,570,560
"Morganza_all/010982@29.6471925929283,-90.5393713285203.jpg",5,87,197,503,243,590,440
"Morganza_all/010983@29.646992598238,-90.5394548933461.jpg",1,277,233,276,206,553,439
"Morganza_all/010984@29.6469577876087,-90.5396191577094.jpg",2,2,184,639,305,641,489
"Morganza_all/010985@29.6468653724528,-90.5397346727732.jpg",2,0,177,638,389,638,566
"Morganza_all/010986@29.6470130235706,-90.5404631542505.jpg",4,172,279,378,163,550,442
"Morganza_all/010987@29.6469008649937,-90.5408657491536.jpg",4,168,296,341,173,509,469
"Morganza_all/010988@29.6467162233597,-90.5399408007962.jpg",2,0,150,573,328,573,478
"Morganza_all/010989@29.6466125814747,-90.5405647062919.jpg",2,0,271,607,160,607,431
"Morganza_all/010990@29.6463261801063,-90.5405751598584.jpg",3,40,265,488,192,528,457
"Morganza_all/010991@29.6464115677131,-90.5404843204335.jpg",1,258,260,353,150,611,410
"Morganza_all/010992@29.6465323394236,-90.5403193762309.jpg",5,159,271,191,140,350,411
"Morganza_all/010993@29.6466530339374,-90.5401462470188.jpg",1,228,167,265,207,493,374
"Morganza_all/010994@29.6462928949998,-90.5398047876681.jpg",1,86,52,383,443,469,495
"Morganza_all/010995@29.6461769203567,-90.5395761442051.jpg",4,224,248,279,136,503,384
"Morganza_all/010996@29.6460058985653,-90.5397168686633.jpg",1,219,280,264,126,483,406
"Morganza_all/010997@29.64601863794,-90.5394544329668.jpg",2,0,253,641,234,641,487
"Morganza_all/010998@29.6459284822142,-90.5399388596311.jpg",1,269,228,160,150,429,378
"Morganza_all/010999@29.645958743858,-90.5402091394524.jpg",2,201,232,440,221,641,453
"Morganza_all/011000@29.6460531420125,-90.5404215522343.jpg",2,0,119,640,449,640,568
"Morganza_all/011001@29.6461454807974,-90.5402978541722.jpg",1,65,245,426,184,491,429
"Morganza_all/011002@29.6453908379498,-90.5398529275263.jpg",2,7,186,634,373,641,559
"Morganza_all/011003@29.645202937806,-90.5395674662417.jpg",2,71,264,570,147,641,411
"Morganza_all/011004@29.6454512758299,-90.5391883830623.jpg",2,56,212,585,193,641,405
"Morganza_all/011005@29.6457108101262,-90.539473276212.jpg",1,47,132,424,337,471,469
"Morganza_all/011006@29.6464145397113,-90.540976196023.jpg",2,0,243,441,249,441,492
"Morganza_all/011007@29.6461989792363,-90.5408549043011.jpg",5,262,264,332,102,594,366
"Morganza_all/011009@29.6461804241774,-90.5413387639951.jpg",1,196,278,272,151,468,429
"Morganza_all/011010@29.6459814893521,-90.5416026726286.jpg",2,0,237,641,300,641,537
"Morganza_all/011011@29.6458582694278,-90.5413577148327.jpg",2,200,237,441,230,641,467
"Morganza_all/011012@29.645943261437,-90.5412012724072.jpg",2,171,104,470,363,641,467
"Morganza_all/011013@29.646021351221,-90.5410858731577.jpg",2,0,224,641,215,641,439
"Morganza_all/011014@29.6460849876686,-90.5409541863121.jpg",1,263,197,342,267,605,464
"Morganza_all/011015@29.6455931736961,-90.5413351939782.jpg",1,0,173,444,287,444,460
"Morganza_all/011016@29.6456491163496,-90.5411134062925.jpg",2,0,215,404,276,404,491
"Morganza_all/011017@29.6457128299525,-90.5409899359689.jpg",1,64,261,318,181,382,442
"Morganza_all/011018@29.6458261997344,-90.5407922800435.jpg",1,80,278,270,177,350,455
"Morganza_all/011019@29.6459472416611,-90.5406765404644.jpg",2,0,24,493,481,493,505
"Morganza_all/011020@29.6458467128563,-90.5406281626685.jpg",1,208,261,256,185,464,446
"Morganza_all/011021@29.6457312351284,-90.5404814927289.jpg",1,18,150,415,313,433,463
"Morganza_all/011022@29.6455587755013,-90.5403844797993.jpg",1,243,255,208,115,451,370
"Morganza_all/011023@29.6454742798587,-90.5406228955659.jpg",5,209,174,432,230,641,404
"Morganza_all/011024@29.6456539385391,-90.5407280684369.jpg",5,233,291,145,115,378,406
"Morganza_all/011025@29.6453537332474,-90.5408206078137.jpg",1,119,141,484,332,603,473
"Morganza_all/011026@29.6452834149859,-90.5410343236923.jpg",2,75,224,566,204,641,428
"Morganza_all/011027@29.6449045407961,-90.5399633459528.jpg",1,70,233,521,202,591,435
"Morganza_all/011028@29.645034318276,-90.5401099007668.jpg",1,102,195,288,242,390,437
"Morganza_all/011030@29.6452225419602,-90.540444533604.jpg",1,43,239,397,263,440,502
"Morganza_all/011031@29.6451014011138,-90.5405438717411.jpg",1,68,230,363,216,431,446
"Morganza_all/011032@29.6450523119058,-90.5407164307696.jpg",1,68,205,348,233,416,438
"Morganza_all/011033@29.6449673204714,-90.5408728722143.jpg",2,141,178,500,345,641,523
"Morganza_all/011034@29.6447584141583,-90.540669553193.jpg",3,170,250,388,206,558,456
"Morganza_all/011035@29.6446853220716,-90.5404242024361.jpg",1,128,201,271,259,399,460
"Morganza_all/011036@29.643284688424,-90.5444851451427.jpg",1,80,245,449,216,529,461
"Morganza_all/011037@29.6433410308293,-90.5443289352524.jpg",1,108,242,324,208,432,450
"Morganza_all/011038@29.643323278844,-90.5437552159455.jpg",1,89,250,418,208,507,458
"Morganza_all/011039@29.6432238584066,-90.5438953645158.jpg",1,27,254,393,199,420,453
"Morganza_all/011040@29.6431600926237,-90.5440106138954.jpg",1,107,230,382,262,489,492
"Morganza_all/011041@29.643060820011,-90.5441753785537.jpg",1,2,158,623,334,625,492
"Morganza_all/011042@29.6429405145391,-90.5444140673524.jpg",1,14,218,504,249,518,467
"Morganza_all/011043@29.6427600204704,-90.5441695336457.jpg",1,190,269,212,135,402,404
"Morganza_all/011045@29.6429921972468,-90.5434790680597.jpg",4,235,270,199,138,434,408
"Morganza_all/011046@29.6438917836346,-90.5454067445126.jpg",2,0,218,490,316,490,534
"Morganza_all/011047@29.6437782809021,-90.5455879909354.jpg",1,376,306,147,92,523,398
"Morganza_all/011048@29.643591082673,-90.5454172964976.jpg",1,0,176,406,257,406,433
"Morganza_all/011049@29.6435202153101,-90.5455408176554.jpg",1,89,221,345,251,434,472
"Morganza_all/011050@29.6434422200801,-90.5456726111638.jpg",1,106,244,356,227,462,471
"Morganza_all/011051@29.6436507248142,-90.5458103353443.jpg",1,267,262,341,187,608,449
"Morganza_all/011052@29.6433569273376,-90.5457798440719.jpg",1,134,190,308,274,442,464
"Morganza_all/011053@29.6432936030097,-90.5459689108151.jpg",2,0,219,528,256,528,475
"Morganza_all/011054@29.6430417029196,-90.5457577379735.jpg",2,0,261,509,190,509,451
"Morganza_all/011055@29.6431192769658,-90.5455603744951.jpg",1,71,240,494,214,565,454
"Morganza_all/011056@29.6432899111716,-90.5453540931879.jpg",1,185,216,400,247,585,463
"Morganza_all/011057@29.6430792382032,-90.5448556526186.jpg",2,182,226,459,226,641,452
"Morganza_all/011058@29.6429444570843,-90.5450698683985.jpg",2,0,207,430,239,430,446
"Morganza_all/011059@29.6428522123261,-90.5452099586233.jpg",1,0,142,377,357,377,499
"Morganza_all/011060@29.6427393992302,-90.5455059754244.jpg",2,0,258,497,219,497,477
"Morganza_all/011062@29.6424519143646,-90.5453361038762.jpg",2,0,250,441,222,441,472
"Morganza_all/011063@29.6425442359325,-90.5452041986069.jpg",1,218,264,400,182,618,446
"Morganza_all/011064@29.6421346209452,-90.5449696853446.jpg",2,0,266,527,149,527,415
"Morganza_all/011066@29.6425502032829,-90.5450073996178.jpg",1,186,271,279,151,465,422
"Morganza_all/011067@29.6426210207621,-90.5448756632988.jpg",5,210,286,302,103,512,389
"Morganza_all/011068@29.6426342633085,-90.5446952080762.jpg",5,204,306,196,87,400,393
"Morganza_all/011069@29.6432450969664,-90.5462398361029.jpg",2,0,215,638,266,638,481
"Morganza_all/011070@29.6433821427302,-90.5464027093287.jpg",2,0,251,641,274,641,525
"Morganza_all/011072@29.6430386584327,-90.5464463972632.jpg",1,71,254,387,164,458,418
"Morganza_all/011073@29.6430839983164,-90.546839546907.jpg",5,226,275,231,97,457,372
"Morganza_all/011074@29.6429534143354,-90.5465618450884.jpg",1,90,188,315,274,405,462
"Morganza_all/011075@29.6428897447516,-90.5466935244651.jpg",2,0,160,316,266,316,426
"Morganza_all/011076@29.6427902012607,-90.5468090842652.jpg",2,0,195,442,258,442,453
"Morganza_all/011077@29.642885957879,-90.5460623087647.jpg",1,14,250,603,195,617,445
"Morganza_all/011078@29.6427851357249,-90.5459647255082.jpg",2,228,270,413,242,641,512
"Morganza_all/011079@29.6425267475895,-90.545868382016.jpg",2,0,185,639,301,639,486
"Morganza_all/011080@29.6427508304533,-90.5462191364778.jpg",1,249,223,341,219,590,442
"Morganza_all/011081@29.6426802573246,-90.5463918260329.jpg",1,156,240,297,200,453,440
"Morganza_all/011082@29.6426312095087,-90.5465725625229.jpg",2,0,265,563,197,563,462
"Morganza_all/011083@29.6424306203882,-90.5465577693925.jpg",1,36,250,306,210,342,460
"Morganza_all/011084@29.6421718884301,-90.5464040390137.jpg",4,305,287,100,97,405,384
"Morganza_all/011085@29.6422713115522,-90.546263894408.jpg",1,50,232,325,230,375,462
"Morganza_all/011086@29.6423775888307,-90.5460744919653.jpg",2,217,262,424,184,641,446
"Morganza_all/011087@29.6423098843734,-90.5455339735026.jpg",2,169,206,472,272,641,478
"Morganza_all/011088@29.6421826235806,-90.5458054844744.jpg",1,245,261,396,143,641,404
"Morganza_all/011089@29.6420411557898,-90.5461017239714.jpg",2,170,214,471,266,641,480
"Morganza_all/011090@29.6418623379607,-90.546135932566.jpg",3,150,284,274,184,424,468
"Morganza_all/011091@29.6417182405218,-90.5459894872729.jpg",5,106,280,300,111,406,391
"Morganza_all/011092@29.6418227946262,-90.5455131895907.jpg",5,140,222,405,191,545,413
"Morganza_all/011093@29.6419077424403,-90.5453485725569.jpg",1,92,259,502,150,594,409
"Morganza_all/011094@29.6420730213372,-90.5454456469924.jpg",1,221,216,417,268,638,484
"Morganza_all/011095@29.6412288427675,-90.5467803342759.jpg",2,96,216,545,261,641,477
"Morganza_all/011096@29.6417207985336,-90.5464157700954.jpg",2,20,147,621,334,641,481
"Morganza_all/011097@29.6416867381741,-90.5467111632939.jpg",2,85,250,556,177,641,427
"Morganza_all/011098@29.641474033947,-90.5470653476265.jpg",2,99,256,542,194,641,450
"Morganza_all/011099@29.6420300751376,-90.5466428920164.jpg",1,16,243,416,196,432,439
"Morganza_all/011100@29.6421597250613,-90.546764834713.jpg",1,199,278,297,134,496,412
"Morganza_all/011101@29.6422677237093,-90.5468623617752.jpg",1,126,208,408,211,534,419
"Morganza_all/011102@29.6424042773126,-90.5469432634967.jpg",1,110,212,468,195,578,407
"Morganza_all/011103@29.6422692961871,-90.5471246741671.jpg",1,290,269,217,164,507,433
"Morganza_all/011104@29.642191277813,-90.5472482801106.jpg",3,144,266,290,165,434,431
"Morganza_all/011105@29.642142179591,-90.5474207993554.jpg",1,135,255,395,183,530,438
"Morganza_all/011106@29.6420497575462,-90.547536301659.jpg",1,91,249,418,217,509,466
"Morganza_all/011107@29.6416974534202,-90.5473013300065.jpg",2,0,228,396,200,396,428
"Morganza_all/011108@29.6417682732056,-90.5471695964326.jpg",1,50,223,401,235,451,458
"Morganza_all/011109@29.6418318451484,-90.5470215499573.jpg",1,8,258,387,206,395,464
"Morganza_all/011110@29.6426130756255,-90.5471301903458.jpg",2,0,223,334,221,334,444
"Morganza_all/011111@29.6428285103086,-90.5472268745025.jpg",3,186,265,272,150,458,415
"Morganza_all/011112@29.6427507589556,-90.5473996513122.jpg",2,204,155,437,375,641,530
"Morganza_all/011113@29.6425643706497,-90.5473683122777.jpg",5,228,260,242,121,470,381
"Morganza_all/011114@29.6424218955708,-90.5474923929463.jpg",1,50,248,354,201,404,449
"Morganza_all/011115@29.6423510754632,-90.547624127152.jpg",1,0,225,538,235,538,460
"Morganza_all/011116@29.6422730779477,-90.547755886019.jpg",1,0,214,406,253,406,467
"Morganza_all/011117@29.6417386077975,-90.5481945998358.jpg",6,297,254,156,82,453,336
"Morganza_all/011118@29.6301517776404,-90.5393342698688.jpg",6,0,246,348,277,348,523
"Morganza_all/011119@29.5720882156567,-90.3852178160388.jpg",2,0,261,383,235,383,496
"Morganza_all/011120@29.571197807938,-90.3851289121692.jpg",5,302,258,139,101,441,359
"Morganza_all/011121@29.5713322760551,-90.3855347722304.jpg",2,0,271,557,151,557,422
"Morganza_all/011122@29.571125035951,-90.3857668499189.jpg",5,213,274,223,133,436,407
"Morganza_all/011123@29.570820510141,-90.3853802792329.jpg",1,277,268,263,107,540,375
"Morganza_all/011124@29.5705964725248,-90.3854266608818.jpg",1,364,282,246,132,610,414
"Morganza_all/011125@29.5701496495114,-90.385696425309.jpg",1,162,261,228,129,390,390
"Morganza_all/011126@29.5700187014756,-90.3857773154157.jpg",5,172,280,290,107,462,387
"Morganza_all/011127@29.5697407480895,-90.3858595957864.jpg",3,153,276,305,107,458,383
"Morganza_all/011128@29.5697442655606,-90.3863463400663.jpg",1,237,278,396,155,633,433
"Morganza_all/011129@29.5699995223626,-90.3863350872567.jpg",1,101,285,387,112,488,397
"Morganza_all/011130@29.570230227671,-90.3861381816317.jpg",3,268,255,276,189,544,444
"Morganza_all/011131@29.5707868108355,-90.3860709775969.jpg",3,85,301,289,89,374,390
"Morganza_all/011132@29.5709480547383,-90.3859012775004.jpg",1,172,292,226,130,398,422
"Morganza_all/011133@29.5722292861818,-90.385464311246.jpg",1,238,313,283,147,521,460
"Morganza_all/011134@29.5719980699516,-90.3855904141575.jpg",2,0,247,641,365,641,612
"Morganza_all/011135@29.5718050316302,-90.3856453424101.jpg",4,200,289,191,129,391,418
"Morganza_all/011136@29.5714889918825,-90.3858076688416.jpg",2,0,261,620,220,620,481
"Morganza_all/011138@29.5703875175956,-90.3864907223317.jpg",6,148,280,228,113,376,393
"Morganza_all/011139@29.5706345084165,-90.3864087358821.jpg",6,0,296,333,176,333,472
"Morganza_all/011140@29.5709120146501,-90.3862645194591.jpg",6,42,296,300,115,342,411
"Morganza_all/011142@29.5716141958566,-90.3860011802753.jpg",2,7,245,634,313,641,558
"Morganza_all/011143@29.5722388690604,-90.3857209223792.jpg",2,0,254,641,268,641,522
"Morganza_all/011145@29.5716319521698,-90.3863196541133.jpg",5,217,285,165,118,382,403
"Morganza_all/011146@29.5700420475996,-90.3868657254195.jpg",1,55,303,318,98,373,401
"Morganza_all/011147@29.5701454835856,-90.3872630364965.jpg",2,0,254,538,248,538,502
"Morganza_all/011148@29.5705389690793,-90.3871088564327.jpg",2,0,259,328,225,328,484
"Morganza_all/011149@29.5708627651606,-90.3869464938381.jpg",3,47,247,453,180,500,427
"Morganza_all/011150@29.5713956928047,-90.3868175445591.jpg",2,0,233,638,274,638,507
"Morganza_all/011151@29.5715342042391,-90.3867100323995.jpg",1,40,209,471,268,511,477
"Morganza_all/011152@29.5716965356256,-90.3866907872406.jpg",2,0,256,634,216,634,472
"Morganza_all/011153@29.5720667481185,-90.3865279826759.jpg",1,99,238,530,246,629,484
"Morganza_all/011154@29.5723591328128,-90.3863039392534.jpg",5,302,289,155,119,457,408
"Morganza_all/011155@29.5568699423576,-90.3936589222023.jpg",6,0,266,371,100,371,366
"Morganza_all/011156@29.5576386599412,-90.3939516567833.jpg",6,18,257,319,137,337,394
"Morganza_all/011157@29.5592924194594,-90.3967051179619.jpg",6,0,262,317,234,317,496
"Morganza_all/011158@29.5610617161756,-90.3916466810484.jpg",6,0,254,338,260,338,514
"Morganza_all/011159@29.5630456588401,-90.3926087244049.jpg",6,0,224,294,296,294,520
"Morganza_all/011160@29.563357568145,-90.3925019599296.jpg",6,252,191,145,156,397,347
"Morganza_all/011161@29.5630826029636,-90.3921353471837.jpg",6,0,134,370,121,370,255
"Morganza_all/011164@29.5631127449083,-90.3907159096794.jpg",6,0,231,280,146,280,377
"Morganza_all/011167@29.5635985374595,-90.3909420985387.jpg",5,195,285,289,134,484,419
"Morganza_all/011168@29.5637511597178,-90.3911252773148.jpg",1,178,226,440,204,618,430
"Morganza_all/011169@29.5637427264163,-90.3913561169328.jpg",1,311,191,215,186,526,377
"Morganza_all/011172@29.5642233977725,-90.3922746111796.jpg",6,163,201,142,99,305,300
"Morganza_all/011174@29.5641259133593,-90.3913409693766.jpg",6,224,268,159,113,383,381
"Morganza_all/011175@29.5639686883448,-90.3891156498003.jpg",6,148,203,159,122,307,325
"Morganza_all/011176@29.5642516764464,-90.3891937301103.jpg",6,231,222,88,85,319,307
"Morganza_all/011178@29.5654413548296,-90.3891133133189.jpg",5,266,291,135,125,401,416
"Morganza_all/011179@29.5640289200976,-90.3904765278316.jpg",3,53,257,358,117,411,374
"Morganza_all/011180@29.5643711031753,-90.3903694706824.jpg",1,108,221,361,161,469,382
"Morganza_all/011181@29.5643463312259,-90.3911312237549.jpg",1,39,252,431,131,470,383
"Morganza_all/011183@29.5649241380144,-90.3915295929733.jpg",5,222,275,235,109,457,384
"Morganza_all/011184@29.5649204066467,-90.3910104427363.jpg",1,66,210,434,205,500,415
"Morganza_all/011185@29.56472105333,-90.3899392846633.jpg",1,40,184,530,206,570,390
"Morganza_all/011186@29.5652657931894,-90.3899456990527.jpg",5,255,267,206,100,461,367
"Morganza_all/011187@29.5650991290021,-90.390616469991.jpg",1,117,266,373,127,490,393
"Morganza_all/011188@29.5652329226724,-90.3909844140002.jpg",2,0,270,578,162,578,432
"Morganza_all/011189@29.5652866715348,-90.391445436091.jpg",4,148,303,339,84,487,387
"Morganza_all/011190@29.5655983309841,-90.3913040343863.jpg",1,134,282,404,111,538,393
"Morganza_all/011191@29.565880405834,-90.3912552350172.jpg",1,159,279,383,93,542,372
"Morganza_all/011192@29.5654614958639,-90.3905092222106.jpg",3,96,226,352,140,448,366
"Morganza_all/011193@29.5659170405071,-90.390735668539.jpg",2,0,285,559,147,559,432
"Morganza_all/011194@29.5656887384005,-90.3898493911768.jpg",1,187,266,314,123,501,389
"Morganza_all/011195@29.5658900499034,-90.3897898038141.jpg",1,183,261,304,124,487,385
"Morganza_all/011196@29.5660084388254,-90.3894194827027.jpg",1,172,243,275,122,447,365
"Morganza_all/011197@29.5661111853533,-90.3896838826118.jpg",3,178,259,406,121,584,380
"Morganza_all/011198@29.5662823318789,-90.3896361234412.jpg",1,163,250,321,141,484,391
"Morganza_all/011199@29.566199409103,-90.3893253894176.jpg",1,200,260,289,121,489,381
"Morganza_all/011200@29.5658608075179,-90.3885324465927.jpg",2,0,209,403,241,403,450
"Morganza_all/011201@29.5655937595583,-90.3878657604843.jpg",1,39,252,279,202,318,454
"Morganza_all/011202@29.5659079950297,-90.3880820154267.jpg",5,224,278,304,123,528,401
"Morganza_all/011203@29.5658942687376,-90.3875744675564.jpg",5,225,291,203,98,428,389
"Morganza_all/011204@29.5662023234297,-90.3883330618447.jpg",6,54,212,303,140,357,352
"Morganza_all/011205@29.5662857752428,-90.3887130576967.jpg",1,256,247,165,146,421,393
"Morganza_all/011207@29.5663102003093,-90.3879051454574.jpg",1,235,289,370,102,605,391
"Morganza_all/011208@29.5665030834011,-90.3880764000727.jpg",5,186,296,229,109,415,405
"Morganza_all/011209@29.5665113443817,-90.3878224661339.jpg",1,224,236,202,165,426,401
"Morganza_all/011210@29.5667123220651,-90.3877167302028.jpg",5,152,285,246,147,398,432
"Morganza_all/011211@29.5668428508903,-90.3876347482801.jpg",1,277,282,302,152,579,434
"Morganza_all/011213@29.567466605452,-90.3874096353852.jpg",2,143,278,498,159,641,437
"Morganza_all/011214@29.567697774986,-90.3872920677159.jpg",2,163,291,477,138,640,429
"Morganza_all/011215@29.5662187734047,-90.3906174463323.jpg",2,0,272,507,132,507,404
"Morganza_all/011216@29.566205555116,-90.3901791279375.jpg",3,116,285,429,99,545,384
"Morganza_all/011217@29.5665005435868,-90.3905225005514.jpg",1,19,277,467,137,486,414
"Morganza_all/011218@29.5665338614069,-90.3909490865585.jpg",2,12,267,629,120,641,387
"Morganza_all/011219@29.5668460458546,-90.3908769445886.jpg",1,144,259,414,129,558,388
"Morganza_all/011220@29.5664668648067,-90.3900497711865.jpg",1,85,278,373,122,458,400
"Morganza_all/011221@29.5667789654496,-90.389966051133.jpg",2,147,255,494,152,641,407
"Morganza_all/011222@29.5668723935895,-90.3903343804505.jpg",2,180,253,461,154,641,407
"Morganza_all/011223@29.5671475298259,-90.390724089958.jpg",1,86,257,547,162,633,419
"Morganza_all/011224@29.5674398623313,-90.390698281136.jpg",2,290,270,346,104,636,374
"Morganza_all/011225@29.5673159380381,-90.390295602331.jpg",4,238,307,181,97,419,404
"Morganza_all/011226@29.5671408059146,-90.3897895674179.jpg",1,118,181,370,235,488,416
"Morganza_all/011227@29.5674523250643,-90.3896251012363.jpg",1,102,285,536,126,638,411
"Morganza_all/011228@29.5676682958485,-90.3901999900111.jpg",2,0,308,425,187,425,495
"Morganza_all/011229@29.5678727615812,-90.3905788225655.jpg",1,99,291,450,111,549,402
"Morganza_all/011230@29.5672255393461,-90.3889464773945.jpg",1,57,264,474,107,531,371
"Morganza_all/011232@29.5678446899622,-90.3894829618188.jpg",2,120,291,517,117,637,408
"Morganza_all/011233@29.5679795387724,-90.3900008924597.jpg",2,0,279,596,133,596,412
"Morganza_all/011234@29.5682608657655,-90.3898482547631.jpg",1,165,282,333,91,498,373
"Morganza_all/011235@29.5681370219926,-90.3894571177401.jpg",1,229,275,275,109,504,384
"Morganza_all/011236@29.5681848350552,-90.3904951032441.jpg",3,158,223,360,187,518,410
"Morganza_all/011237@29.5685370269107,-90.3903764026415.jpg",1,59,270,472,131,531,401
"Morganza_all/011238@29.5665252044587,-90.3893944180788.jpg",3,127,215,347,155,474,370
"Morganza_all/011239@29.566721015637,-90.3882243297147.jpg",6,271,276,198,106,469,382
"Morganza_all/011240@29.5667840968222,-90.3885785362151.jpg",1,16,292,512,119,528,411
"Morganza_all/011241@29.567131185789,-90.3884541220296.jpg",1,169,220,362,217,531,437
"Morganza_all/011242@29.5670605073835,-90.3880913354107.jpg",1,179,197,383,228,562,425
"Morganza_all/011243@29.5665634161066,-90.3873518217732.jpg",2,0,288,569,123,569,411
"Morganza_all/011244@29.5668495081486,-90.3871587431521.jpg",5,56,293,262,143,318,436
"Morganza_all/011245@29.5670912622678,-90.3871131749343.jpg",5,155,273,257,158,412,431
"Morganza_all/011246@29.567272305509,-90.3870422279747.jpg",2,0,237,361,195,361,432
"Morganza_all/011247@29.5673615776209,-90.3868337054015.jpg",4,155,334,178,84,333,418
"Morganza_all/011248@29.567588457709,-90.3868229109717.jpg",1,2,272,324,117,326,389
"Morganza_all/011249@29.5676870355116,-90.3879036955872.jpg",1,190,247,169,109,359,356
"Morganza_all/011250@29.5674373445422,-90.3878974014931.jpg",1,308,256,132,128,440,384
"Morganza_all/011251@29.5675235491928,-90.3883119470263.jpg",5,291,273,136,86,427,359
"Morganza_all/011252@29.5776029419608,-90.4081213474176.jpg",3,258,275,253,83,511,358
"Morganza_all/011253@29.5764621926293,-90.4083482652766.jpg",6,163,237,237,97,400,334
"Morganza_all/011254@29.577680605087,-90.4084062573142.jpg",5,299,249,95,98,394,347
"Morganza_all/011255@29.5761469202938,-90.4086973596211.jpg",6,186,230,99,101,285,331
"Morganza_all/011256@29.5779119151623,-90.4090272237384.jpg",3,243,253,186,101,429,354
"Morganza_all/011257@29.5773400600595,-90.4094652345985.jpg",6,10,229,397,198,407,427
"Morganza_all/011258@29.5678392475493,-90.4149873899614.jpg",6,103,210,308,212,411,422
"Morganza_all/011260@29.5750140902481,-90.4154322253972.jpg",6,217,243,89,103,306,346
"Morganza_all/011263@29.5760283327617,-90.4111909112902.jpg",1,11,299,495,172,506,471
"Morganza_all/011264@29.5766025686088,-90.4110904270825.jpg",5,259,319,193,89,452,408
"Morganza_all/011265@29.5768745792682,-90.4110446651266.jpg",2,0,240,410,212,410,452
"Morganza_all/011266@29.5770937164633,-90.4110080098464.jpg",1,123,275,231,176,354,451
"Morganza_all/011267@29.5772823954816,-90.4109456803161.jpg",1,0,241,480,177,480,418
"Morganza_all/011268@29.577770303643,-90.4114777729698.jpg",5,230,254,221,108,451,362
"Morganza_all/011269@29.5775471150674,-90.4109345909851.jpg",2,0,287,552,208,552,495
"Morganza_all/011270@29.5778040625158,-90.4108976184668.jpg",2,0,297,399,160,399,457
"Morganza_all/011271@29.5780455813087,-90.4108174984498.jpg",2,0,295,457,146,457,441
"Morganza_all/011272@29.5785443518743,-90.4107436601045.jpg",2,3,259,638,204,641,463
"Morganza_all/011273@29.5783912293559,-90.4104854590364.jpg",1,273,275,248,94,521,369
"Morganza_all/011274@29.5780055510092,-90.4105063156826.jpg",1,0,300,504,149,504,449
"Morganza_all/011275@29.5783670808279,-90.4102779483461.jpg",3,300,278,214,88,514,366
"Morganza_all/011276@29.5781465420102,-90.4101155374754.jpg",1,136,271,191,121,327,392
"Morganza_all/011277@29.5779425565937,-90.4101520554434.jpg",6,224,244,220,132,444,376
"Morganza_all/011278@29.5782808235588,-90.4098460054837.jpg",1,49,268,190,81,239,349
"Morganza_all/011279@29.5779768307433,-90.409649758942.jpg",6,220,282,172,101,392,383
"Morganza_all/011281@29.5764555728607,-90.4127794111693.jpg",6,176,222,257,140,433,362
"Morganza_all/011282@29.5761718019482,-90.4165466787252.jpg",6,0,176,337,127,337,303
"Morganza_all/011283@29.577006145758,-90.414695644136.jpg",6,186,173,165,154,351,327
"Morganza_all/011284@29.5780742026717,-90.4148935494603.jpg",6,170,212,223,172,393,384
"Morganza_all/011285@29.5783160660376,-90.4137835480645.jpg",6,97,233,349,172,446,405
"Morganza_all/011286@29.5779783964986,-90.4141760950767.jpg",6,257,264,245,151,502,415
"Morganza_all/011287@29.5782055214149,-90.4141999656117.jpg",6,221,248,104,122,325,370
"Morganza_all/011288@29.5785379961058,-90.4141450048707.jpg",6,198,305,137,141,335,446
"Morganza_all/011289@29.5788252527141,-90.4130345793877.jpg",6,151,250,227,207,378,457
"Morganza_all/011290@29.5791021227422,-90.4136811315578.jpg",6,266,217,118,118,384,335
"Morganza_all/011292@29.5797488770837,-90.4142117894471.jpg",1,256,289,244,82,500,371
"Morganza_all/011293@29.5790948864455,-90.4148062935836.jpg",6,254,200,95,90,349,290
"Morganza_all/011294@29.5802524547723,-90.4159034828903.jpg",6,172,207,162,128,334,335
"Morganza_all/011296@29.580459799841,-90.4163429824765.jpg",6,0,223,351,209,351,432
"Morganza_all/011297@29.5805918314116,-90.4168351153497.jpg",6,104,261,242,180,346,441
"Morganza_all/011298@29.5809465968704,-90.4167193323007.jpg",1,290,284,217,81,507,365
"Morganza_all/011299@29.5810620511631,-90.4170038809995.jpg",1,242,276,269,87,511,363
"Morganza_all/011300@29.5810038534513,-90.4173333092198.jpg",6,232,212,156,133,388,345
"Morganza_all/011301@29.5807489929244,-90.4176731867912.jpg",6,313,220,152,96,465,316
"Morganza_all/011302@29.5809395130779,-90.4157067863022.jpg",2,0,312,427,127,427,439
"Morganza_all/011304@29.5814254024648,-90.4181170578564.jpg",6,236,220,134,94,370,314
"Morganza_all/011305@29.581397724403,-90.4184894671893.jpg",6,200,235,145,121,345,356
"Morganza_all/011306@29.5811329109523,-90.4184832341295.jpg",6,156,235,160,142,316,377
"Morganza_all/011307@29.5803006931623,-90.4184735005294.jpg",6,151,251,184,148,335,399
"Morganza_all/011308@29.5812031703803,-90.418794153608.jpg",6,224,246,145,124,369,370
"Morganza_all/011309@29.5709974623026,-90.4187402019853.jpg",6,180,223,191,164,371,387
"Morganza_all/011310@29.5708463482264,-90.4187675660771.jpg",6,287,228,104,90,391,318
"Morganza_all/011311@29.580760166098,-90.4192742059337.jpg",6,192,237,205,99,397,336
"Morganza_all/011312@29.5818098004888,-90.4189963232313.jpg",1,235,264,244,83,479,347
"Morganza_all/011313@29.5819475136187,-90.41922011038.jpg",1,242,275,249,81,491,356
"Morganza_all/011314@29.5816933995264,-90.4196638337423.jpg",6,107,209,235,114,342,323
"Morganza_all/011316@29.5814838720703,-90.4199946109411.jpg",6,0,225,364,200,364,425
"Morganza_all/011317@29.5822236293901,-90.4208447221441.jpg",6,144,216,161,135,305,351
"Morganza_all/011318@29.5826644718817,-90.4211436195611.jpg",1,234,273,220,106,454,379
"Morganza_all/011319@29.5826431706954,-90.4213428720183.jpg",1,269,270,170,90,439,360
"Morganza_all/011320@29.5822957222488,-90.4214239347382.jpg",6,155,181,260,130,415,311
"Morganza_all/011321@29.5820360021817,-90.4210627926305.jpg",6,151,259,259,97,410,356
"Morganza_all/011322@29.5826602210479,-90.4216196745407.jpg",2,0,259,243,142,243,401
"Morganza_all/011323@29.582805519213,-90.4218433981272.jpg",2,0,255,486,150,486,405
"Morganza_all/011324@29.5824280028258,-90.4219506887324.jpg",1,28,275,416,150,444,425
"Morganza_all/011325@29.5819806557629,-90.4218076137525.jpg",2,294,244,347,150,641,394
"Morganza_all/011326@29.5819295266937,-90.4220677309838.jpg",2,0,233,418,172,418,405
"Morganza_all/011328@29.5816427818349,-90.4221741940375.jpg",1,232,237,265,208,497,445
"Morganza_all/011329@29.5814314114422,-90.422236711494.jpg",3,275,242,232,200,507,442
"Morganza_all/011330@29.5812577634902,-90.4222902337069.jpg",5,259,306,190,120,449,426
"Morganza_all/011331@29.5809708653738,-90.422370709837.jpg",2,0,235,610,201,610,436
"Morganza_all/011332@29.5807218977434,-90.4224681756395.jpg",2,0,277,439,168,439,445
"Morganza_all/011333@29.58038189039,-90.422531861663.jpg",5,252,250,189,117,441,367
"Morganza_all/011334@29.5798459644265,-90.422701181015.jpg",2,2,218,526,197,528,415
"Morganza_all/011335@29.5793550822033,-90.4228267991697.jpg",2,0,253,584,147,584,400
"Morganza_all/011336@29.579255185536,-90.4226027005172.jpg",2,0,260,444,167,444,427
"Morganza_all/011339@29.5786368637037,-90.422893920959.jpg",4,315,237,116,90,431,327
"Morganza_all/011341@29.5776402744024,-90.4242703957897.jpg",6,100,145,181,119,281,264
"Morganza_all/011343@29.57850786816,-90.4239249824723.jpg",6,214,148,165,128,379,276
"Morganza_all/011345@29.5798215174778,-90.4235409047012.jpg",6,249,215,161,134,410,349
"Morganza_all/011346@29.5801810270957,-90.4230183444148.jpg",2,85,269,556,138,641,407
"Morganza_all/011347@29.593145615453,-90.4731669151087.jpg",1,87,296,489,167,576,463
"Morganza_all/011348@29.5923001243036,-90.4734425076928.jpg",6,262,216,217,166,479,382
"Morganza_all/011349@29.5920444082251,-90.4736697695088.jpg",6,0,222,412,294,412,516
"Morganza_all/011350@29.5923191073626,-90.4740309543255.jpg",6,203,188,196,148,399,336
"Morganza_all/011351@29.5914295462674,-90.4745059905408.jpg",6,218,204,170,91,388,295
"Morganza_all/011352@29.5900615394372,-90.4746994890654.jpg",6,246,211,164,89,410,300
"Morganza_all/011353@29.5909065271259,-90.4755058779342.jpg",6,0,189,374,101,374,290
"Morganza_all/011354@29.5921127584371,-90.4748636736485.jpg",6,0,197,354,90,354,287
"Morganza_all/011355@29.5932131473805,-90.4765507995896.jpg",6,0,192,436,159,436,351
"Morganza_all/011356@29.5930432928976,-90.4771841307266.jpg",6,143,224,257,174,400,398
"Morganza_all/011358@29.5939701356123,-90.4766221996412.jpg",1,170,320,163,91,333,411
"Morganza_all/011359@29.5940565685636,-90.477114866226.jpg",2,0,319,434,98,434,417
"Morganza_all/011361@29.5764502230654,-90.4869028814635.jpg",6,145,271,248,103,393,374
"Morganza_all/011362@29.5888122406144,-90.4823747546277.jpg",6,47,221,365,101,412,322
"Morganza_all/011363@29.5939100473638,-90.4782944578645.jpg",1,288,268,151,96,439,364
"Morganza_all/011364@29.5937041332104,-90.4788688807126.jpg",6,90,217,261,159,351,376
"Morganza_all/011367@29.5939860966686,-90.4798875201865.jpg",6,4,259,444,208,448,467
"Morganza_all/011368@29.5936263933586,-90.4818407590472.jpg",6,137,308,259,162,396,470
"Morganza_all/011369@29.593759367977,-90.4813643794305.jpg",6,30,272,339,215,369,487
"Morganza_all/011370@29.5944605675559,-90.481268265945.jpg",6,174,208,250,124,424,332
"Morganza_all/011374@29.5948988163289,-90.4814857708934.jpg",6,228,262,174,106,402,368
"Morganza_all/011375@29.5946993906128,-90.4816513705205.jpg",6,180,293,174,106,354,399
"Morganza_all/011376@29.5941954152343,-90.4823439587676.jpg",6,21,271,331,137,352,408
"Morganza_all/011377@29.5918652407015,-90.4841336376596.jpg",6,64,285,269,140,333,425
"Morganza_all/011378@29.5908195503695,-90.4863302401617.jpg",6,82,251,276,178,358,429
"Morganza_all/011379@29.5927534306153,-90.4913393127186.jpg",6,85,245,222,166,307,411
"Morganza_all/011380@29.5933141478103,-90.4890507778675.jpg",6,171,235,172,85,343,320
"Morganza_all/011381@29.5947200554595,-90.4871788797699.jpg",6,246,271,178,84,424,355
"Morganza_all/011383@29.5960554823745,-90.4877083992675.jpg",6,216,279,223,82,439,361
"Morganza_all/011385@29.5961810643572,-90.4871911099797.jpg",6,224,278,130,92,354,370
"Morganza_all/011386@29.5961073429869,-90.4868639532631.jpg",6,62,287,299,169,361,456
"Morganza_all/011387@29.5963599536175,-90.4860588078863.jpg",3,242,284,168,86,410,370
"Morganza_all/011388@29.596200163587,-90.4857159861494.jpg",3,130,299,242,94,372,393
"Morganza_all/011389@29.5959589175903,-90.486062200872.jpg",6,146,264,216,111,362,375
"Morganza_all/011390@29.5958921585208,-90.4857021994281.jpg",6,134,248,146,99,280,347
"Morganza_all/011391@29.594976001374,-90.4868899093611.jpg",6,169,211,215,137,384,348
"Morganza_all/011392@29.5950416794363,-90.4859716314139.jpg",6,199,190,117,100,316,290
"Morganza_all/011393@29.5954808997174,-90.4852304232991.jpg",6,110,191,172,102,282,293
"Morganza_all/011394@29.5958573041263,-90.4847437956484.jpg",6,224,223,115,95,339,318
"Morganza_all/011395@29.5958879603321,-90.4839486790134.jpg",5,231,271,215,109,446,380
"Morganza_all/011396@29.5958218053804,-90.4836870360008.jpg",3,169,278,315,109,484,387
"Morganza_all/011397@29.5957487658844,-90.483466420138.jpg",1,305,268,189,99,494,367
"Morganza_all/011399@29.5952703021855,-90.4836753214846.jpg",6,215,227,188,102,403,329
"Morganza_all/011400@29.5955869240291,-90.4828040565442.jpg",3,85,253,303,162,388,415
"Morganza_all/011401@29.595441001183,-90.4823874007692.jpg",3,185,257,208,116,393,373
"Morganza_all/011402@29.595309216382,-90.4819460199098.jpg",1,227,283,219,94,446,377
"Morganza_all/011403@29.5949545113337,-90.4824652581612.jpg",6,243,271,118,85,361,356
"Morganza_all/011404@29.5944857776563,-90.4830674281435.jpg",6,165,263,187,89,352,352
"Morganza_all/011405@29.5941241035705,-90.4836195040072.jpg",6,197,268,150,105,347,373
"Morganza_all/011406@29.5937474379667,-90.4840651621518.jpg",6,245,257,202,106,447,363
"Morganza_all/011407@29.5952426314932,-90.481618809097.jpg",1,200,245,196,143,396,388
"Morganza_all/011408@29.596361689179,-90.4841167481322.jpg",1,110,285,403,171,513,456
"Morganza_all/011409@29.5964788216527,-90.4845090793206.jpg",5,240,299,183,97,423,396
"Morganza_all/011410@29.5966385341948,-90.4848436881413.jpg",1,165,314,287,95,452,409
"Morganza_all/011411@29.596953296915,-90.4858980935461.jpg",3,66,293,250,115,316,408
"Morganza_all/011412@29.6438546003721,-90.5356463709177.jpg",6,203,231,128,99,331,330
"Morganza_all/011413@29.6438788737002,-90.536038427701.jpg",5,237,211,200,107,437,318
"Morganza_all/011414@29.6437156500475,-90.5367741411601.jpg",1,129,204,262,148,391,352
"Morganza_all/011415@29.6428270568518,-90.5369063786135.jpg",6,181,231,134,101,315,332
"Morganza_all/011416@29.642176942182,-90.5390980726548.jpg",1,273,274,173,106,446,380
"Morganza_all/011417@29.6418034454105,-90.5388172745839.jpg",6,175,278,115,85,290,363
"Morganza_all/011418@29.6415526832547,-90.5395453201082.jpg",2,76,240,565,163,641,403
"Morganza_all/011419@29.641039617008,-90.5390903809439.jpg",3,68,264,390,113,458,377
"Morganza_all/011420@29.6408270975639,-90.5389084770519.jpg",2,158,272,483,156,641,428
"Morganza_all/011421@29.6405603466671,-90.5394029681641.jpg",2,103,247,538,184,641,431
"Morganza_all/011422@29.6407431111546,-90.5394849714346.jpg",1,61,290,436,110,497,400
"Morganza_all/011423@29.6409630180121,-90.5396835336091.jpg",2,5,285,457,96,462,381
"Morganza_all/011424@29.6412121231447,-90.5398901759046.jpg",2,0,285,369,95,369,380
"Morganza_all/011425@29.6409375540519,-90.5402929330435.jpg",1,162,206,429,187,591,393
"Morganza_all/011426@29.6406519360279,-90.5400782060579.jpg",1,185,215,381,192,566,407
"Morganza_all/011427@29.6403517161858,-90.53986362752.jpg",5,197,206,299,153,496,359
"Morganza_all/011428@29.6402742054295,-90.5403065305142.jpg",2,0,237,636,286,636,523
"Morganza_all/011430@29.6407871160728,-90.5407364157314.jpg",1,112,285,499,136,611,421
"Morganza_all/011431@29.6444159225026,-90.540877237646.jpg",2,19,185,622,280,641,465
"Morganza_all/011432@29.6445815291931,-90.5410234778331.jpg",3,32,267,364,134,396,401
"Morganza_all/011433@29.6446477676581,-90.5413180877813.jpg",1,113,237,341,165,454,402
"Morganza_all/011434@29.6446274022712,-90.5415068200005.jpg",1,23,200,567,276,590,476
"Morganza_all/011435@29.6444643964825,-90.5417868416376.jpg",2,35,181,606,299,641,480
"Morganza_all/011436@29.6444203281045,-90.5416068359617.jpg",1,254,275,326,147,580,422
"Morganza_all/011437@29.6442765226369,-90.5415095956972.jpg",2,328,219,307,206,635,425
"Morganza_all/011438@29.6441111637427,-90.5414043097402.jpg",2,26,286,615,121,641,407
"Morganza_all/011439@29.6439273745279,-90.5417992733272.jpg",2,71,253,570,178,641,431
"Morganza_all/011440@29.6440638543631,-90.541871985082.jpg",1,79,279,397,157,476,436
"Morganza_all/011441@29.6443011647301,-90.5420340610702.jpg",2,0,187,523,261,523,448
"Morganza_all/011442@29.6440240664323,-90.5423969900107.jpg",3,18,205,424,185,442,390
"Morganza_all/011443@29.6439322198165,-90.5426026555102.jpg",1,64,214,467,224,531,438
"Morganza_all/011444@29.643679792527,-90.5423095182219.jpg",2,0,196,636,236,636,432
"Morganza_all/011445@29.6438066503198,-90.5419723960491.jpg",1,123,282,509,140,632,422
"Morganza_all/011446@29.6442129264751,-90.5428381813695.jpg",2,0,239,497,268,497,507
"Morganza_all/011447@29.644464238555,-90.5429509761183.jpg",1,103,286,306,115,409,401
"Morganza_all/011448@29.6446224191214,-90.5430563216665.jpg",2,184,245,457,282,641,527
"Morganza_all/011449@29.6447777124399,-90.5426779529028.jpg",1,0,228,339,236,339,464
"Morganza_all/011450@29.6448978665089,-90.5424146720967.jpg",2,0,254,494,178,494,432
"Morganza_all/011451@29.6445884563964,-90.5421711876277.jpg",2,0,208,621,303,621,511
"Morganza_all/011452@29.6444753041646,-90.5424098259843.jpg",1,83,238,476,205,559,443
"Morganza_all/011453@29.6443475557425,-90.5425993744652.jpg",1,229,256,302,202,531,458
"Morganza_all/011454@29.6442550886213,-90.5427066991308.jpg",1,246,267,262,158,508,425
"Morganza_all/011455@29.6447304813011,-90.5419733087255.jpg",2,0,235,538,219,538,454
"Morganza_all/011456@29.6450325443649,-90.5421840476863.jpg",2,11,181,630,307,641,488
"Morganza_all/011457@29.6451249343765,-90.5420685686961.jpg",1,120,235,290,221,410,456
"Morganza_all/011458@29.6452028270313,-90.5419203692615.jpg",1,104,226,297,228,401,454
"Morganza_all/011459@29.6452952166202,-90.5418048583518.jpg",1,0,260,454,236,454,496
"Morganza_all/011460@29.6454014380473,-90.5416072607255.jpg",1,133,282,359,158,492,440
"Morganza_all/011461@29.6450571638259,-90.5415198219289.jpg",1,137,289,360,109,497,398
"Morganza_all/011462@29.6449078414627,-90.5416931416429.jpg",1,171,243,279,193,450,436
"Morganza_all/011463@29.6448227994786,-90.5418413973521.jpg",1,224,254,299,171,523,425
"Morganza_all/011464@29.6456956817838,-90.5417115290572.jpg",2,0,210,538,267,538,477
"Morganza_all/011465@29.6456179650134,-90.5418842834027.jpg",1,288,227,347,195,635,422
"Morganza_all/011466@29.6455685774265,-90.5420076712563.jpg",1,228,170,413,285,641,455
"Morganza_all/011467@29.6454622564822,-90.5421888678422.jpg",1,80,227,293,181,373,408
"Morganza_all/011468@29.6452988263947,-90.5424033187259.jpg",2,0,203,508,347,508,550
"Morganza_all/011469@29.6453726065471,-90.5427634474695.jpg",1,164,272,416,192,580,464
"Morganza_all/011470@29.6453017416886,-90.5428869727045.jpg",1,114,281,320,203,434,484
"Morganza_all/011471@29.6452165995455,-90.543018827077.jpg",1,129,247,290,250,419,497
"Morganza_all/011472@29.6449751039215,-90.5433486723203.jpg",2,4,247,637,260,641,507
"Morganza_all/011473@29.6448097465083,-90.5432433825904.jpg",2,0,234,495,248,495,482
"Morganza_all/011474@29.644887739293,-90.5431115853886.jpg",1,109,205,352,283,461,488
"Morganza_all/011475@29.6449873565181,-90.5430042354468.jpg",3,147,224,258,205,405,429
"Morganza_all/011476@29.6450367452333,-90.542880880281.jpg",1,126,193,380,273,506,466
"Morganza_all/011477@29.6450859854678,-90.5427329079274.jpg",1,227,156,340,318,567,474
"Morganza_all/011478@29.6451639504301,-90.5426011416611.jpg",1,166,247,365,199,531,446
"Morganza_all/011479@29.6448835243559,-90.5436035101935.jpg",1,172,224,386,248,558,472
"Morganza_all/011480@29.6447840823194,-90.543735476204.jpg",1,278,271,281,209,559,480
"Morganza_all/011481@29.6446000119979,-90.5440894521075.jpg",1,256,291,262,134,518,425
"Morganza_all/011482@29.6443990496281,-90.5440172454338.jpg",1,40,215,312,209,352,424
"Morganza_all/011483@29.6444626672637,-90.5438773777175.jpg",1,27,232,397,198,424,430
"Morganza_all/011484@29.644540583922,-90.5437373970254.jpg",2,0,40,605,469,605,509
"Morganza_all/011485@29.6446822438729,-90.5434739484273.jpg",2,112,242,529,284,641,526
"Morganza_all/011486@29.644437884288,-90.5433282941369.jpg",2,117,169,524,284,641,453
"Morganza_all/011487@29.6443012296825,-90.5432309949473.jpg",1,255,214,374,212,629,426
"Morganza_all/011488@29.6440924753274,-90.5430522891797.jpg",2,64,230,577,221,641,451
"Morganza_all/011489@29.6439787289741,-90.5431925526172.jpg",1,153,250,280,212,433,462
"Morganza_all/011490@29.6439657353141,-90.5434139964759.jpg",1,139,256,376,149,515,405
"Morganza_all/011491@29.6438087400047,-90.5435054276802.jpg",1,92,244,375,239,467,483
"Morganza_all/011492@29.6437595481674,-90.54366158236.jpg",2,0,272,591,195,591,467
"Morganza_all/011493@29.6441252479712,-90.5437406733547.jpg",2,117,248,522,254,639,502
"Morganza_all/011494@29.6442535190551,-90.543633098798.jpg",1,78,230,557,252,635,482
"Morganza_all/011495@29.6442380077918,-90.5434364658324.jpg",1,255,292,193,124,448,416
"Morganza_all/011496@29.6437908580956,-90.5429153053837.jpg",1,23,278,528,147,551,425
"Morganza_all/011497@29.6435463992264,-90.5427532846012.jpg",2,202,238,436,220,638,458
"Morganza_all/011498@29.6432833291911,-90.5430668939442.jpg",2,0,200,524,257,524,457
"Morganza_all/011499@29.6435274913087,-90.5431797131788.jpg",1,130,263,410,117,540,380
"Morganza_all/011500@29.6433709405569,-90.5433449313275.jpg",1,98,299,469,145,567,444
"Morganza_all/011501@29.6438753882919,-90.5450625372675.jpg",2,263,281,378,155,641,436
"Morganza_all/011502@29.6440890017241,-90.5448559149911.jpg",2,255,225,386,234,641,459
"Morganza_all/011503@29.6440160158882,-90.5446269320498.jpg",2,0,261,507,169,507,430
"Morganza_all/011504@29.6441508456909,-90.5444209294864.jpg",1,72,251,396,171,468,422
"Morganza_all/011505@29.6438347551399,-90.5442594376614.jpg",2,0,225,589,192,589,417
"Morganza_all/011506@29.6436761812157,-90.544088551381.jpg",2,143,237,498,202,641,439
"Morganza_all/011507@29.6434477272899,-90.544205099504.jpg",5,266,264,154,120,420,384
"Morganza_all/011508@29.6436577618682,-90.5445969520397.jpg",1,193,258,373,158,566,416
"Morganza_all/011509@29.6435303771311,-90.5448520989232.jpg",1,0,219,616,237,616,456
"Morganza_all/011510@29.6433503769257,-90.5446895659939.jpg",2,0,209,426,259,426,468
"Morganza_all/011511@29.6431922962778,-90.5446006197793.jpg",1,47,261,437,190,484,451
"Morganza_all/011512@29.5718758601908,-90.3865722873368.jpg",1,315,285,270,127,585,412
"Morganza_all/011513@29.5718248057722,-90.3862429283163.jpg",2,0,247,325,316,325,563
"Morganza_all/011515@29.5658021019871,-90.3880833606661.jpg",4,270,317,169,81,439,398
"Morganza_all/011516@29.5648353525843,-90.3902194897783.jpg",1,26,209,314,168,340,377
"Morganza_all/011517@29.5709448350684,-90.3899922193705.jpg",1,172,256,220,104,392,360
"Morganza_all/011518@29.5667589409112,-90.3949995195292.jpg",1,224,138,408,254,632,392
"Morganza_all/011519@29.5650498102329,-90.3956216598968.jpg",6,260,290,187,96,447,386
"Morganza_all/011521@29.5707592004952,-90.4044230269255.jpg",1,54,191,379,187,433,378
"Morganza_all/011522@29.5728573580987,-90.4057844178495.jpg",3,48,253,552,151,600,404
"Morganza_all/011523@29.5775797202326,-90.4087939918458.jpg",6,136,233,291,108,427,341
"Morganza_all/011524@29.6437448876194,-90.5444608670291.jpg",1,199,232,354,236,553,468
"Morganza_all/011525@29.6425598160052,-90.5467002412069.jpg",5,228,226,348,218,576,444
"Morganza_all/011526@29.6425676510679,-90.5471860784155.jpg",1,249,213,344,233,593,446
"Morganza_all/011527@29.6456930209207,-90.5422322825342.jpg",5,268,290,232,116,500,406
"Morganza_all/011528@29.6446857377716,-90.5428943872016.jpg",1,92,256,297,194,389,450
"Morganza_all/011529@29.6434983823233,-90.5440726389528.jpg",1,176,303,261,133,437,436
"Morganza_all/011530@29.6414904522915,-90.5470058788922.jpg",5,301,280,147,93,448,373
"Morganza_all/011531@29.6415564478803,-90.5469364507318.jpg",2,260,274,381,213,641,487
"Morganza_all/011532@29.6423215607247,-90.5461321951895.jpg",1,85,254,418,209,503,463
"Morganza_all/011533@29.6420941467489,-90.5459320383144.jpg",1,318,240,267,199,585,439
"Morganza_all/011534@29.6455955980321,-90.5396342723256.jpg",1,81,187,415,293,496,480
"Morganza_all/011535@29.64047092069,-90.5463626994364.jpg",2,5,233,417,214,422,447
"Morganza_all/011536@29.6437307063114,-90.5404985664276.jpg",1,190,268,251,148,441,416
"Morganza_all/011537@29.6451308743597,-90.5380577612974.jpg",1,228,268,308,146,536,414
"Morganza_all/011538@29.6456748401533,-90.5369779116099.jpg",1,73,266,382,195,455,461
"Morganza_all/011539@29.6450131077838,-90.5350404454041.jpg",2,127,262,514,302,641,564
"Morganza_all/011540@29.6448564954152,-90.5362295379488.jpg",1,65,224,337,208,402,432
"Morganza_all/011541@29.6426480990589,-90.5400940245807.jpg",2,301,283,340,135,641,418
"Morganza_all/011542@29.6396638404648,-90.5445145923583.jpg",1,132,224,278,212,410,436
"Morganza_all/011543@29.6387536230727,-90.5451177278868.jpg",6,151,221,203,110,354,331
"Morganza_all/011544@29.6387341919134,-90.544913675834.jpg",6,242,188,126,98,368,286
"Morganza_all/011545@29.6389929774716,-90.5449616265538.jpg",6,235,230,90,94,325,324
"Morganza_all/011546@29.6388668245195,-90.5445708619175.jpg",1,223,215,348,233,571,448
"Morganza_all/011547@29.639183297603,-90.5439182269855.jpg",4,302,243,118,129,420,372
"Morganza_all/011548@29.6394106800725,-90.543587191426.jpg",5,275,288,118,82,393,370
"Morganza_all/011549@29.6396663288591,-90.5431142109173.jpg",5,217,296,161,99,378,395
"Morganza_all/011550@29.6394281615284,-90.5440746685029.jpg",2,147,233,494,227,641,460
"Morganza_all/011551@29.639677581278,-90.543772640085.jpg",2,117,232,524,199,641,431
"Morganza_all/011552@29.6398250612366,-90.5434755698233.jpg",5,255,240,120,153,375,393
"Morganza_all/011553@29.6399618494845,-90.5432160751742.jpg",2,83,222,558,203,641,425
"Morganza_all/011554@29.6438065128248,-90.5341524895572.jpg",4,296,289,181,112,477,401
"Morganza_all/011556@29.6425162469681,-90.5355564882088.jpg",1,144,288,248,151,392,439
"Morganza_all/011557@29.6423500676823,-90.5359095102927.jpg",3,181,281,252,151,433,432
"Morganza_all/011558@29.6420951562005,-90.5362054086452.jpg",1,34,276,395,152,429,428
"Morganza_all/011559@29.6438016086577,-90.5298070533814.jpg",2,0,247,483,136,483,383
"Morganza_all/011560@29.6436620521276,-90.5300412882531.jpg",2,32,246,604,150,636,396
"Morganza_all/011561@29.6443670828643,-90.5300625149208.jpg",2,94,229,547,189,641,418
"Morganza_all/011562@29.6435536786241,-90.530252858059.jpg",1,94,276,355,119,449,395
"Morganza_all/011563@29.6434643350071,-90.5303701476641.jpg",2,0,261,465,179,465,440
"Morganza_all/011564@29.6433713607211,-90.5305367648098.jpg",1,165,198,462,258,627,456
"Morganza_all/011565@29.6418689832617,-90.5330099621982.jpg",4,300,265,158,81,458,346
"Morganza_all/011567@29.6438470733024,-90.5290499539391.jpg",2,0,245,524,207,524,452
"Morganza_all/011568@29.6399011196968,-90.542808139606.jpg",5,318,259,87,84,405,343
"Morganza_all/011570@29.6445745816083,-90.5358109767609.jpg",5,102,270,381,184,483,454
"Morganza_all/011571@29.6449444321137,-90.537410354437.jpg",3,220,254,257,182,477,436
"Morganza_all/011572@29.6417898814144,-90.5348308686374.jpg",1,187,285,153,103,340,388
"Morganza_all/011573@29.6408901115723,-90.5369921155763.jpg",1,154,245,350,227,504,472
"Morganza_all/011574@29.6405541057539,-90.5376559254893.jpg",1,116,265,242,131,358,396
"Morganza_all/011575@29.640069729062,-90.5384275620356.jpg",4,311,273,120,102,431,375
"Morganza_all/011576@29.6437083148731,-90.5294096971836.jpg",1,46,291,531,125,577,416
"Morganza_all/011577@29.6432848402367,-90.5293234416062.jpg",1,98,245,341,216,439,461
"Morganza_all/011578@29.6435411784498,-90.5296172693543.jpg",1,251,275,228,149,479,424
"Morganza_all/011580@29.6433666947205,-90.5299004217835.jpg",2,255,285,386,132,641,417
"Morganza_all/011581@29.6432186696823,-90.5300316246264.jpg",2,267,271,374,130,641,401
"Morganza_all/011582@29.6431728279243,-90.5302158074204.jpg",3,296,249,285,187,581,436
"Morganza_all/011583@29.6431147223898,-90.5303238425832.jpg",2,12,239,629,190,641,429
"Morganza_all/011584@29.6425949183836,-90.5304939141042.jpg",2,24,256,496,221,520,477
"Morganza_all/011585@29.6385952997021,-90.5418648876072.jpg",1,224,261,250,185,474,446
"Morganza_all/011586@29.6376581806909,-90.5440673757422.jpg",1,160,253,237,128,397,381
"Morganza_all/011587@29.6440578305622,-90.5267656801035.jpg",1,34,284,536,166,570,450
"Morganza_all/011588@29.6437567794095,-90.5268443208075.jpg",4,295,254,163,112,458,366
"Morganza_all/011589@29.6441098914838,-90.5272673800905.jpg",2,207,283,434,174,641,457
"Morganza_all/011590@29.6442032532528,-90.5278046049131.jpg",1,275,299,196,116,471,415
"Morganza_all/011591@29.6439854686086,-90.5283712176238.jpg",1,137,249,258,155,395,404
"Morganza_all/011592@29.6442036135679,-90.5284994793255.jpg",1,140,250,270,178,410,428
"Morganza_all/011593@29.5934377444506,-90.4786119133307.jpg",6,179,205,206,141,385,346
"Morganza_all/011594@29.6324363957513,-90.5242230059393.jpg",5,242,279,248,101,490,380
"Morganza_all/011595@29.6373434766036,-90.5195594326644.jpg",1,76,281,458,123,534,404
"Morganza_all/011596@29.6370865181542,-90.5192756954144.jpg",1,86,280,484,121,570,401
"Morganza_all/011597@29.63692735981,-90.5201595867415.jpg",3,184,278,398,129,582,407
"Morganza_all/011598@29.6368714001721,-90.5221985312569.jpg",1,265,291,160,81,425,372
"Morganza_all/011599@29.6307570721165,-90.5072090542851.jpg",1,224,291,191,100,415,391
"Morganza_all/011600@29.6314771613531,-90.5088359451597.jpg",6,329,269,119,83,448,352
"Morganza_all/011601@29.6272167407549,-90.5315700325523.jpg",1,100,291,287,146,387,437
"Morganza_all/011602@29.6259937134876,-90.5352983313042.jpg",1,257,228,246,146,503,374
"Morganza_all/011603@29.6292779521012,-90.5309756222748.jpg",5,228,226,225,100,453,326
"Morganza_all/011604@29.6384159746562,-90.520602933169.jpg",1,0,289,546,115,546,404
"Morganza_all/011605@29.6386308173937,-90.5202902379461.jpg",2,60,265,581,133,641,398
"Morganza_all/011606@29.638889215544,-90.5199237672401.jpg",2,154,304,487,177,641,481
"Morganza_all/011607@29.6390986934797,-90.5196331166983.jpg",1,9,279,597,119,606,398
"Morganza_all/011608@29.6394422281652,-90.5192753625354.jpg",2,70,271,571,137,641,408
"Morganza_all/011609@29.6396855155188,-90.5195718093894.jpg",2,0,278,637,125,637,403
"Morganza_all/011610@29.6396260749431,-90.5188341309642.jpg",2,37,228,604,193,641,421
"Morganza_all/011611@29.6402262240173,-90.5178241026828.jpg",2,0,256,639,211,639,467
"Morganza_all/011612@29.6397358005114,-90.5183872053011.jpg",2,1,232,640,273,641,505
"Morganza_all/011613@29.639350720938,-90.5186793209107.jpg",1,51,285,468,90,519,375
"Morganza_all/011614@29.6391824498586,-90.5183163173107.jpg",1,47,278,490,115,537,393
"Morganza_all/011615@29.6391155473778,-90.5190298994566.jpg",1,46,275,412,119,458,394
"Morganza_all/011616@29.6388650422592,-90.519342888918.jpg",1,147,237,369,206,516,443
"Morganza_all/011618@29.6384813587155,-90.5189784905079.jpg",2,0,175,495,240,495,415
"Morganza_all/011619@29.6385552048859,-90.5184973295776.jpg",2,182,266,459,155,641,421
"Morganza_all/011620@29.6386822223187,-90.5186250768667.jpg",1,165,275,446,134,611,409
"Morganza_all/011621@29.6380920070448,-90.5185827564823.jpg",2,9,282,481,159,490,441
"Morganza_all/011622@29.6384163177137,-90.5182251903058.jpg",1,253,216,320,164,573,380
"Morganza_all/011623@29.6381017277334,-90.5179387749631.jpg",1,79,252,534,163,613,415
"Morganza_all/011624@29.6372767419805,-90.518975730281.jpg",1,86,267,485,110,571,377
"Morganza_all/011625@29.6376121622451,-90.5186400815738.jpg",1,41,240,516,169,557,409
"Morganza_all/011626@29.6378466711671,-90.518842313613.jpg",1,76,274,486,137,562,411
"Morganza_all/011627@29.6375913297072,-90.519262146522.jpg",1,113,240,448,173,561,413
"Morganza_all/011628@29.6379145286044,-90.5196113264614.jpg",2,12,228,629,170,641,398
"Morganza_all/011629@29.6386009900477,-90.5196842551814.jpg",2,7,271,525,137,532,408
"Morganza_all/011630@29.5829236971075,-90.4221574128684.jpg",2,0,216,326,242,326,458
"Morganza_all/011631@29.5815515894798,-90.4222015455912.jpg",4,318,280,82,100,400,380
"Morganza_all/011632@29.5825116729776,-90.4243253800091.jpg",1,47,227,504,167,551,394
"Morganza_all/011633@29.5824129195291,-90.4239089058201.jpg",2,233,250,408,133,641,383
"Morganza_all/011634@29.5817695609594,-90.4240640320908.jpg",1,60,221,405,157,465,378
"Morganza_all/011635@29.5808634065263,-90.4243372873642.jpg",1,85,256,233,138,318,394
"Morganza_all/011636@29.5805287241888,-90.4244591532468.jpg",2,281,276,360,94,641,370
"Morganza_all/011637@29.579980871022,-90.4245585387577.jpg",1,66,187,498,250,564,437
"Morganza_all/011639@29.5892641908169,-90.4462625690586.jpg",1,269,250,219,115,488,365
"Morganza_all/011640@29.5894379855685,-90.4478483480995.jpg",6,151,304,175,94,326,398
"Morganza_all/011641@29.5885606425929,-90.4570800182157.jpg",6,329,251,124,91,453,342
"Morganza_all/011642@29.6135445939756,-90.4924389356128.jpg",2,266,294,375,173,641,467
"Morganza_all/011643@29.6191895875517,-90.5058180285207.jpg",1,64,255,420,147,484,402
"Morganza_all/011644@29.6175343529091,-90.5086565888297.jpg",2,263,191,378,172,641,363
"Morganza_all/011645@29.6172198930764,-90.5083593411082.jpg",4,273,275,130,94,403,369
"Morganza_all/011646@29.5826029509699,-90.4248180916553.jpg",1,191,275,247,129,438,404
"Morganza_all/011647@29.5806121899963,-90.4278612908584.jpg",1,131,267,233,89,364,356
"Morganza_all/011648@29.5822209707219,-90.4368568734249.jpg",6,171,248,128,104,299,352
"Morganza_all/011649@29.6170226913233,-90.5087221428352.jpg",1,198,219,417,181,615,400
"Morganza_all/011650@29.6165924251183,-90.5098943447428.jpg",2,0,185,325,207,325,392
"Morganza_all/011651@29.6157133218417,-90.5107022210408.jpg",6,294,195,115,125,409,320
"Morganza_all/011652@29.6383696774231,-90.5199971169219.jpg",2,5,272,636,136,641,408
"Morganza_all/011653@29.6381551159296,-90.5203506379245.jpg",1,136,243,381,164,517,407
"Morganza_all/011654@29.6378847101513,-90.5201109816335.jpg",3,75,273,505,119,580,392
"Morganza_all/011655@29.6376914266196,-90.5199178237404.jpg",1,89,271,485,127,574,398
"Morganza_all/011656@29.5650498102329,-90.3956216598968.jpg",6,145,233,247,189,392,422
"Morganza_all/011660@29.6440226525975,-90.6856233068446.jpg",5,273,298,127,82,400,380
"Morganza_all/011661@29.644186134807,-90.6854168066215.jpg",2,249,297,392,87,641,384
"Morganza_all/011662@29.6443795774952,-90.6852186744659.jpg",1,205,285,210,118,415,403
"Morganza_all/011663@29.6445667244824,-90.6852602449933.jpg",1,238,226,161,179,399,405
"Morganza_all/011664@29.6447158813895,-90.6851822458532.jpg",1,130,289,248,140,378,429
"Morganza_all/011665@29.644842584561,-90.6850958291147.jpg",1,285,297,219,141,504,438
"Morganza_all/011666@29.644677326398,-90.6849428325683.jpg",1,370,285,250,158,620,443
"Morganza_all/011667@29.6448260174697,-90.6847706453444.jpg",1,173,291,450,118,623,409
"Morganza_all/011669@29.6451703088602,-90.6848369169768.jpg",5,129,302,140,105,269,407
"Morganza_all/011670@29.6450796497777,-90.6846491857377.jpg",1,336,288,161,146,497,434
"Morganza_all/011672@29.645288219809,-90.684485172041.jpg",1,94,293,467,160,561,453
"Morganza_all/011673@29.6455633312977,-90.6841752208934.jpg",1,138,284,480,112,618,396
"Morganza_all/011675@29.647133400992,-90.6811176265697.jpg",1,99,299,512,151,611,450
"Morganza_all/011678@29.6471094777033,-90.6823247524062.jpg",2,9,275,629,162,638,437
"Morganza_all/011680@29.6464622844366,-90.6814900791242.jpg",3,186,299,256,116,442,415
"Morganza_all/011681@29.6465479763058,-90.6821828976316.jpg",1,280,302,180,99,460,401
"Morganza_all/011684@29.6462051280677,-90.6824076688224.jpg",2,189,198,452,240,641,438
"Morganza_all/011686@29.6461486025678,-90.6830757529849.jpg",5,256,298,122,83,378,381
"Morganza_all/011689@29.6456659956108,-90.6822571065166.jpg",2,0,298,641,87,641,385
"Morganza_all/011690@29.6453013030818,-90.6826018969635.jpg",2,0,282,375,118,375,400
"Morganza_all/011691@29.6453786184441,-90.6831149749155.jpg",2,75,257,566,147,641,404
"Morganza_all/011692@29.6456273995125,-90.6835242494987.jpg",3,15,281,577,104,592,385
"Morganza_all/011693@29.6452850852353,-90.6838517643418.jpg",2,0,294,463,110,463,404
"Morganza_all/011694@29.6450733789998,-90.6833823415283.jpg",2,222,237,419,185,641,422
"Morganza_all/011695@29.6450554070945,-90.6827746885357.jpg",1,110,264,207,120,317,384
"Morganza_all/011696@29.6447727917864,-90.683084690728.jpg",1,85,285,188,144,273,429
"Morganza_all/011697@29.6448499208543,-90.6835549851265.jpg",2,453,297,188,90,641,387
"Morganza_all/011698@29.6449423188774,-90.6840936520042.jpg",1,33,296,479,102,512,398
"Morganza_all/011699@29.6445392917274,-90.6842503641625.jpg",1,228,304,330,91,558,395
"Morganza_all/011700@29.6444406437252,-90.6839599650069.jpg",1,222,202,285,225,507,427
"Morganza_all/011701@29.6442169729255,-90.6840897939752.jpg",2,179,271,457,183,636,454
"Morganza_all/011702@29.6443373819942,-90.6842431107279.jpg",2,183,268,449,178,632,446
"Morganza_all/011703@29.6443839259321,-90.6845851925366.jpg",1,123,301,200,101,323,402
"Morganza_all/011704@29.6442278823244,-90.6847830836132.jpg",1,45,271,509,154,554,425
"Morganza_all/011705@29.6439982817223,-90.6837145792984.jpg",1,9,227,319,167,328,394
"Morganza_all/011706@29.6437825719868,-90.6839471088378.jpg",1,113,285,377,92,490,377
"Morganza_all/011707@29.6436264445858,-90.6841278749216.jpg",1,132,240,280,204,412,444
"Morganza_all/011708@29.643470189838,-90.6842829532835.jpg",2,12,293,405,129,417,422
"Morganza_all/011709@29.6432010905717,-90.6843018234478.jpg",1,93,297,240,90,333,387
"Morganza_all/011711@29.6439419188404,-90.6844168662197.jpg",5,322,266,159,111,481,377
"Morganza_all/011712@29.6437556607135,-90.6845550451894.jpg",1,250,305,335,119,585,424
"Morganza_all/011714@29.6436094236123,-90.6852236611055.jpg",1,171,237,309,181,480,418
"Morganza_all/011715@29.6439152020006,-90.6850590214527.jpg",1,84,292,333,112,417,404
"Morganza_all/011716@29.6428873952217,-90.684372358327.jpg",1,188,299,293,86,481,385
"Morganza_all/011717@29.6431398831856,-90.6840197478839.jpg",6,243,269,175,83,418,352
"Morganza_all/011718@29.6421238616168,-90.6803639926378.jpg",2,0,243,398,137,398,380
"Morganza_all/011720@29.6427229396097,-90.6784335628849.jpg",6,234,272,129,92,363,364
"Morganza_all/011721@29.6415292617831,-90.6788840725226.jpg",6,169,267,228,86,397,353
"Morganza_all/011723@29.6403006844264,-90.6809579392087.jpg",6,21,179,345,123,366,302
"Morganza_all/011726@29.6396464117664,-90.6804375398322.jpg",1,72,268,465,130,537,398
"Morganza_all/011728@29.6391429761952,-90.6800063500319.jpg",3,88,281,412,121,500,402
"Morganza_all/011729@29.639443116135,-90.6798814337139.jpg",3,101,254,276,116,377,370
"Morganza_all/011730@29.6400585666709,-90.6797954124956.jpg",1,168,273,414,131,582,404
"Morganza_all/011731@29.6401405765981,-90.6790078937983.jpg",1,154,302,226,134,380,436
"Morganza_all/011732@29.6400199032588,-90.6792218288956.jpg",2,0,286,635,137,635,423
"Morganza_all/011733@29.6397063496304,-90.6795353959235.jpg",1,89,261,363,130,452,391
"Morganza_all/011734@29.6394415639239,-90.6795699265695.jpg",2,174,265,462,145,636,410
"Morganza_all/011735@29.6395693874745,-90.6793559464182.jpg",1,121,271,432,145,553,416
"Morganza_all/011737@29.6398254699417,-90.6790099535441.jpg",2,225,280,416,142,641,422
"Morganza_all/011738@29.64001027249,-90.6787300279145.jpg",2,0,271,632,137,632,408
"Morganza_all/011739@29.6402808438521,-90.678416738615.jpg",1,91,284,378,125,469,409
"Morganza_all/011740@29.6403766805069,-90.6775307532642.jpg",1,239,282,126,81,365,363
"Morganza_all/011741@29.6403058118233,-90.6776787929164.jpg",1,149,280,193,121,342,401
"Morganza_all/011742@29.6401990578167,-90.6778106666102.jpg",1,10,297,513,128,523,425
"Morganza_all/011743@29.6400783862731,-90.6780245717973.jpg",2,0,307,461,121,461,428
"Morganza_all/011744@29.6395665661802,-90.6787903159897.jpg",2,0,275,464,175,464,450
"Morganza_all/011745@29.6394316347379,-90.6790125278934.jpg",2,0,282,494,162,494,444
"Morganza_all/011746@29.6391968243381,-90.6793173947243.jpg",2,0,285,536,157,536,442
"Morganza_all/011747@29.6390049934125,-90.6796219479651.jpg",2,0,293,514,139,514,432
"Morganza_all/011748@29.6385539052927,-90.6796412942421.jpg",1,92,264,413,125,505,389
"Morganza_all/011749@29.6386817564631,-90.6794273158998.jpg",3,102,254,453,140,555,394
"Morganza_all/011750@29.638902404087,-90.6791553759936.jpg",1,44,236,449,156,493,392
"Morganza_all/011751@29.6390159410144,-90.6789496743908.jpg",1,177,254,351,140,528,394
"Morganza_all/011752@29.6392002524478,-90.6785713821364.jpg",1,85,238,418,145,503,383
"Morganza_all/011753@29.6394195469255,-90.6780288848621.jpg",3,148,233,382,144,530,377
"Morganza_all/011754@29.6396534530026,-90.6775437074885.jpg",1,140,250,375,130,515,380
"Morganza_all/011756@29.6394768701777,-90.6766021274726.jpg",3,72,268,356,95,428,363
"Morganza_all/011757@29.6393926602461,-90.6769469668595.jpg",1,182,256,341,131,523,387
"Morganza_all/011758@29.6392509238662,-90.6772430123923.jpg",1,174,264,361,125,535,389
"Morganza_all/011759@29.6390300345263,-90.6774658203752.jpg",1,225,279,207,104,432,383
"Morganza_all/011760@29.6389314135826,-90.6777943513182.jpg",1,117,255,341,129,458,384
"Morganza_all/011761@29.6388754581577,-90.6780652477244.jpg",1,156,241,327,140,483,381
"Morganza_all/011762@29.6384516996703,-90.6778138932744.jpg",6,85,249,366,92,451,341
"Morganza_all/011763@29.638536145116,-90.678952810893.jpg",2,0,195,638,257,638,452
"Morganza_all/011764@29.6383218984124,-90.6790689830051.jpg",3,242,258,247,121,489,379
"Morganza_all/011765@29.6378902692748,-90.6786783213013.jpg",6,213,235,146,109,359,344
"Morganza_all/011766@29.6370079878176,-90.6783889817153.jpg",1,103,247,336,185,439,432
"Morganza_all/011769@29.6364258028033,-90.6779665134275.jpg",1,165,268,234,154,399,422
"Morganza_all/011770@29.6365537467807,-90.6777771528261.jpg",1,74,263,336,180,410,443
"Morganza_all/011771@29.6366817178253,-90.6775877600832.jpg",1,104,280,382,97,486,377
"Morganza_all/011772@29.6368095792425,-90.6773819988638.jpg",2,0,261,608,164,608,425
"Morganza_all/011773@29.6370509880551,-90.6769623213651.jpg",3,76,247,512,157,588,404
"Morganza_all/011774@29.6372580834209,-90.6768462245846.jpg",1,326,299,221,92,547,391
"Morganza_all/011778@29.637783164372,-90.6758754438383.jpg",2,0,262,603,146,603,408
"Morganza_all/011779@29.6379416488864,-90.6760629600204.jpg",2,68,279,559,138,627,417
"Morganza_all/011780@29.6380422373772,-90.6761278696422.jpg",6,280,284,194,95,474,379
"Morganza_all/011785@29.6396613389913,-90.676256597908.jpg",6,41,275,275,85,316,360
"Morganza_all/011786@29.6399263292909,-90.6762630745598.jpg",6,62,224,299,146,361,370
"Morganza_all/011787@29.6401987018629,-90.6763104574278.jpg",6,64,253,269,180,333,433
"Morganza_all/011788@29.6390774210124,-90.6754898563135.jpg",6,0,242,313,287,313,529
"Morganza_all/011789@29.6385281969817,-90.6759279364666.jpg",6,182,258,98,114,280,372
"Morganza_all/011790@29.6382912165772,-90.6757983523028.jpg",6,274,259,111,93,385,352
"Morganza_all/011794@29.6391084518558,-90.6745387343582.jpg",3,144,278,300,92,444,370
"Morganza_all/011797@29.6395260649507,-90.673560447192.jpg",3,106,270,295,108,401,378
"Morganza_all/011798@29.6391263856333,-90.673833612198.jpg",1,144,294,332,92,476,386
"Morganza_all/011799@29.6387194600428,-90.6740822377248.jpg",1,45,265,473,143,518,408
"Morganza_all/011801@29.6380559009286,-90.6745702462501.jpg",1,205,295,287,91,492,386
"Morganza_all/011802@29.6376933256607,-90.6750972856044.jpg",1,147,254,250,127,397,381
"Morganza_all/011805@29.6371115592282,-90.6761913648747.jpg",3,207,278,399,127,606,405
"Morganza_all/011806@29.6369337339694,-90.6764302565551.jpg",3,130,282,411,120,541,402
"Morganza_all/011807@29.636713461477,-90.6767760112093.jpg",1,78,289,361,119,439,408
"Morganza_all/011808@29.6365216364325,-90.6770805617649.jpg",1,259,288,282,122,541,410
"Morganza_all/011809@29.6363723946805,-90.6773110788121.jpg",3,101,289,445,130,546,419
"Morganza_all/011810@29.6362084157503,-90.6774596912703.jpg",4,257,292,181,98,438,390
"Morganza_all/011811@29.6360086611035,-90.6776085690636.jpg",1,136,258,197,140,333,398
"Morganza_all/011812@29.6358287979542,-90.6774458099267.jpg",3,213,282,266,118,479,400
"Morganza_all/011813@29.6359635490934,-90.6771825892122.jpg",3,242,283,399,123,641,406
"Morganza_all/011814@29.6361412392455,-90.6769109334002.jpg",2,165,282,469,146,634,428
"Morganza_all/011815@29.6362906989328,-90.6767295836848.jpg",2,269,247,353,149,622,396
"Morganza_all/011816@29.6363829475404,-90.6765568560648.jpg",2,283,276,358,178,641,454
"Morganza_all/011817@29.636546487248,-90.6763262440194.jpg",1,230,278,298,161,528,439
"Morganza_all/011818@29.6366816470011,-90.6761450180497.jpg",3,384,243,228,178,612,421
"Morganza_all/011819@29.6368028904926,-90.6760458524335.jpg",2,0,245,262,164,262,409
"Morganza_all/011820@29.6368523221018,-90.6759061734192.jpg",3,286,268,252,142,538,410
"Morganza_all/011821@29.6370590464802,-90.6757162603431.jpg",2,0,276,299,219,299,495
"Morganza_all/011822@29.6373358831414,-90.6752225908381.jpg",1,377,289,101,82,478,371
"Morganza_all/011823@29.6375274568928,-90.6748688349487.jpg",5,299,287,198,83,497,370
"Morganza_all/011824@29.6374124586622,-90.6747876214281.jpg",1,217,277,135,108,352,385
"Morganza_all/011825@29.6371354455207,-90.6752403088177.jpg",1,238,173,389,270,627,443
"Morganza_all/011826@29.6369916568734,-90.6751264840467.jpg",1,256,186,371,252,627,438
"Morganza_all/011829@29.6368762061688,-90.6749550882797.jpg",1,116,284,347,156,463,440
"Morganza_all/011830@29.6367106665118,-90.6747922382503.jpg",1,120,292,442,106,562,398
"Morganza_all/011831@29.6368950894677,-90.6744385308066.jpg",2,154,271,487,170,641,441
"Morganza_all/011832@29.6367277085031,-90.6753331745466.jpg",3,75,282,448,104,523,386
"Morganza_all/011833@29.636394194385,-90.6759419509002.jpg",1,120,303,251,108,371,411
"Morganza_all/011834@29.6362303403446,-90.6761151807028.jpg",1,58,303,453,102,511,405
"Morganza_all/011835@29.6359389137119,-90.6765515535614.jpg",2,0,293,494,153,494,446
"Morganza_all/011836@29.6355411834342,-90.677209973365.jpg",2,0,271,357,189,357,460
"Morganza_all/011837@29.6352532947867,-90.6769249401551.jpg",1,177,253,330,163,507,416
"Morganza_all/011838@29.6353670610442,-90.6767602576114.jpg",1,211,280,147,108,358,388
"Morganza_all/011840@29.6355806489777,-90.6765129198808.jpg",3,86,291,377,82,463,373
"Morganza_all/011841@29.6357154394022,-90.6762579140363.jpg",1,179,257,297,154,476,411
"Morganza_all/011842@29.6358501471436,-90.6759865080135.jpg",2,64,279,577,122,641,401
"Morganza_all/011843@29.6360992357371,-90.6756733968895.jpg",2,200,268,441,132,641,400
"Morganza_all/011844@29.6362979603542,-90.6753195992364.jpg",1,337,276,244,170,581,446
"Morganza_all/011845@29.6364189152982,-90.6751630501949.jpg",1,185,254,360,156,545,410
"Morganza_all/011847@29.6384080680154,-90.6733956898451.jpg",6,266,304,137,93,403,397
"Morganza_all/011850@29.6386686424019,-90.6725249975402.jpg",6,238,230,128,98,366,328
"Morganza_all/011851@29.6393018001104,-90.6731110505187.jpg",6,259,172,137,104,396,276
"Morganza_all/011854@29.639094796136,-90.6718253963784.jpg",3,194,261,333,115,527,376
"Morganza_all/011856@29.6394982878695,-90.672314591514.jpg",1,230,273,211,93,441,366
"Morganza_all/011857@29.6397287004286,-90.6725590170646.jpg",1,187,271,333,92,520,363
"Morganza_all/011859@29.6397605782275,-90.6717800106675.jpg",3,177,226,278,170,455,396
"Morganza_all/011860@29.6395946209532,-90.6715351606895.jpg",1,162,274,311,128,473,402
"Morganza_all/011864@29.63931203481,-90.6708812252067.jpg",1,149,299,192,88,341,387
"Morganza_all/011865@29.638982173662,-90.6707932523607.jpg",1,150,292,200,83,350,375
"Morganza_all/011866@29.6387589762959,-90.6705569694196.jpg",3,30,286,348,94,378,380
"Morganza_all/011868@29.6383484667097,-90.6701006323282.jpg",2,14,289,357,84,371,373
"Morganza_all/011869@29.6381106927662,-90.6698153107684.jpg",1,32,268,290,142,322,410
"Morganza_all/011870@29.6379594594396,-90.6696441564069.jpg",1,132,209,218,208,350,417
"Morganza_all/011871@29.6378080739645,-90.6694484187733.jpg",3,119,290,259,83,378,373
"Morganza_all/011872@29.6376350873178,-90.6692282402769.jpg",3,68,294,237,105,305,399
"Morganza_all/011874@29.6369294748463,-90.6684787319373.jpg",6,0,225,370,133,370,358
"Morganza_all/011875@29.6366345007655,-90.6682101670044.jpg",6,0,245,284,135,284,380
"Morganza_all/011876@29.636375869951,-90.6680479471439.jpg",6,0,240,414,199,414,439
"Morganza_all/011877@29.6354977219704,-90.6685784251616.jpg",6,0,219,433,251,433,470
"Morganza_all/011878@29.6351687328449,-90.6700807150671.jpg",6,242,221,145,134,387,355
"Morganza_all/011879@29.6344513036995,-90.671241292748.jpg",6,249,249,127,128,376,377
"Morganza_all/011881@29.6339895907151,-90.6734084182364.jpg",2,0,304,441,129,441,433
"Morganza_all/011882@29.6338049231091,-90.673712919848.jpg",2,0,278,497,106,497,384
"Morganza_all/011885@29.6334492536371,-90.6741906955646.jpg",1,165,295,345,82,510,377
"Morganza_all/011886@29.6333717468418,-90.6744453214161.jpg",1,211,254,223,168,434,422
"Morganza_all/011887@29.6332298102877,-90.6747003707704.jpg",1,33,297,361,87,394,384
"Morganza_all/011888@29.6330379901937,-90.6750049461813.jpg",1,54,251,460,174,514,425
"Morganza_all/011889@29.6333826279136,-90.6751830127159.jpg",2,4,242,637,209,641,451
"Morganza_all/011892@29.634262555529,-90.6735787691908.jpg",3,194,272,388,134,582,406
"Morganza_all/011893@29.634426282544,-90.6733809554958.jpg",3,174,252,250,170,424,422
"Morganza_all/011894@29.6345112257263,-90.6731836606918.jpg",2,217,286,423,142,640,428
"Morganza_all/011895@29.634638860044,-90.6729287002554.jpg",1,123,236,513,175,636,411
"Morganza_all/011896@29.635036981922,-90.6723522346769.jpg",1,277,271,303,127,580,398
"Morganza_all/011897@29.6352431227769,-90.6720475849367.jpg",1,163,291,245,90,408,381
"Morganza_all/011898@29.6359051419179,-90.671256261402.jpg",5,87,248,461,177,548,425
"Morganza_all/011899@29.6360894865135,-90.6708943664475.jpg",5,233,263,235,130,468,393
"Morganza_all/011900@29.6363242360141,-90.6705813052796.jpg",3,167,273,455,114,622,387
"Morganza_all/011901@29.6366226956169,-90.6701202821316.jpg",2,255,299,386,87,641,386
"Morganza_all/011902@29.6368288311153,-90.6698155914923.jpg",3,300,266,223,104,523,370
"Morganza_all/011903@29.6369136859416,-90.6696018892674.jpg",3,196,289,203,95,399,384
"Morganza_all/011904@29.6370560690473,-90.6694370058196.jpg",2,219,281,422,92,641,373
"Morganza_all/011906@29.6373366308626,-90.669689270747.jpg",3,308,276,125,112,433,388
"Morganza_all/011908@29.6370959358181,-90.6702401013711.jpg",6,248,257,194,116,442,373
"Morganza_all/011909@29.6369247739017,-90.6703805897421.jpg",6,3,248,383,230,386,478
"Morganza_all/011910@29.6367952664393,-90.6702584932115.jpg",6,136,248,166,143,302,391
"Morganza_all/011911@29.6367045171971,-90.6707263261995.jpg",6,193,130,155,88,348,218
"Morganza_all/011912@29.6364072001717,-90.6714086948341.jpg",6,242,150,103,113,345,263
"Morganza_all/011913@29.6365510333417,-90.671530697663.jpg",6,140,183,102,96,242,279
"Morganza_all/011914@29.6366792023609,-90.6713823117378.jpg",6,0,186,357,141,357,327
"Morganza_all/011915@29.636720665596,-90.6710869287918.jpg",6,0,214,350,175,350,389
"Morganza_all/011916@29.6368932767109,-90.671233325764.jpg",6,64,223,220,143,284,366
"Morganza_all/011917@29.6370207830818,-90.6709537729939.jpg",6,0,214,367,298,367,512
"Morganza_all/011918@29.6380281994635,-90.6704962377786.jpg",1,242,271,376,121,618,392
"Morganza_all/011919@29.6380950578918,-90.6709712493734.jpg",6,207,255,115,144,322,399
"Morganza_all/011920@29.6386119397844,-90.6712219580962.jpg",1,87,280,332,143,419,423
"Morganza_all/011921@29.6385272063778,-90.6714602467239.jpg",1,50,183,569,350,619,533
"Morganza_all/011923@29.6381762828317,-90.6714543825458.jpg",6,0,216,416,98,416,314
"Morganza_all/011924@29.6380538845495,-90.6713240201542.jpg",6,99,223,215,151,314,374
"Morganza_all/011925@29.6379529627095,-90.6711935475011.jpg",6,0,170,320,172,320,342
"Morganza_all/011926@29.6378091705555,-90.6710797276134.jpg",6,177,218,191,138,368,356
"Morganza_all/011927@29.637715232312,-90.6709163771528.jpg",6,155,219,180,160,335,379
"Morganza_all/011928@29.6375569476243,-90.6707698846988.jpg",6,203,190,165,136,368,326
"Morganza_all/011929@29.6373991182222,-90.6707135440667.jpg",6,280,260,100,103,380,363
"Morganza_all/011930@29.6371930632916,-90.6710346028228.jpg",6,209,246,197,120,406,366
"Morganza_all/011932@29.6374019328772,-90.6712709464097.jpg",6,166,201,197,106,363,307
"Morganza_all/011933@29.6375027307371,-90.6713768660011.jpg",6,183,188,89,112,272,300
"Morganza_all/011934@29.6376106779908,-90.6714827070572.jpg",6,0,222,297,136,297,358
"Morganza_all/011935@29.6376899717661,-90.6715887692373.jpg",6,4,209,271,147,275,356
"Morganza_all/011936@29.6378196707655,-90.6717436365422.jpg",6,263,260,126,113,389,373
"Morganza_all/011938@29.6379079185907,-90.6722021377945.jpg",3,111,235,342,154,453,389
"Morganza_all/011939@29.6374560739358,-90.6720657666897.jpg",6,134,307,114,111,248,418
"Morganza_all/011943@29.6369733548543,-90.6729132991145.jpg",6,207,220,224,114,431,334
"Morganza_all/011944@29.6371402994459,-90.6733548469404.jpg",3,180,294,414,86,594,380
"Morganza_all/011945@29.6369558382568,-90.6737003731502.jpg",2,0,265,558,164,558,429
"Morganza_all/011946@29.6369677318886,-90.6732166300463.jpg",6,271,193,125,104,396,297
"Morganza_all/011947@29.6366104973654,-90.6733829243831.jpg",2,0,297,403,114,403,411
"Morganza_all/011950@29.6349551770195,-90.6731725173617.jpg",1,155,275,264,148,419,423
"Morganza_all/011951@29.6348561546119,-90.6734191054812.jpg",5,308,277,148,82,456,359
"Morganza_all/011952@29.6347497346576,-90.6736165422989.jpg",3,132,282,326,119,458,401
"Morganza_all/011953@29.6345930195059,-90.6737815103958.jpg",1,179,278,261,107,440,385
"Morganza_all/011954@29.6344441542373,-90.6740857773734.jpg",1,231,308,158,83,389,391
"Morganza_all/011955@29.6343661946911,-90.6742502571925.jpg",5,248,286,213,112,461,398
"Morganza_all/011957@29.6341812369169,-90.6744973768756.jpg",1,16,307,442,115,458,422
"Morganza_all/011958@29.6341173840634,-90.6746125638756.jpg",1,21,308,465,121,486,429
"Morganza_all/011961@29.6339498784406,-90.6754825679929.jpg",1,9,285,355,109,364,394
"Morganza_all/011963@29.6345553521246,-90.6748392164743.jpg",3,208,293,285,112,493,405
"Morganza_all/011964@29.6346468982568,-90.6745271118516.jpg",1,279,265,291,173,570,438
"Morganza_all/011965@29.6347678522629,-90.6743705644346.jpg",1,182,272,360,128,542,400
"Morganza_all/011967@29.6350379326202,-90.6739671306921.jpg",3,146,274,307,113,453,387
"Morganza_all/011968@29.6353141853165,-90.6733587019824.jpg",5,178,316,200,88,378,404
"Morganza_all/011969@29.6354348903084,-90.6731529538464.jpg",1,131,278,463,180,594,458
"Morganza_all/011971@29.636023622001,-90.6734523936675.jpg",2,210,275,429,125,639,400
"Morganza_all/011972@29.6357742503049,-90.6737081591263.jpg",1,175,284,165,110,340,394
"Morganza_all/011973@29.6358043051228,-90.6739866670839.jpg",2,0,274,521,116,521,390
"Morganza_all/011978@29.6352920008246,-90.6746458186904.jpg",1,234,299,135,99,369,398
"Morganza_all/011979@29.6351925229124,-90.6748022253148.jpg",1,200,303,172,88,372,391
"Morganza_all/011980@29.6350716507083,-90.6749751722375.jpg",3,137,289,297,107,434,396
"Morganza_all/011981@29.6349081269311,-90.6752139672034.jpg",1,107,273,340,156,447,429
"Morganza_all/011982@29.6346591903651,-90.6755516902467.jpg",2,198,296,443,115,641,411
"Morganza_all/011983@29.6341663828117,-90.6758172300526.jpg",2,85,204,556,291,641,495
"Morganza_all/011985@29.6344968570015,-90.6760281940058.jpg",1,169,312,177,104,346,416
"Morganza_all/011986@29.6345832009161,-90.6761095947048.jpg",1,231,319,168,97,399,416
"Morganza_all/011988@29.6349399458882,-90.6758449488883.jpg",1,204,269,346,111,550,380
"Morganza_all/011989@29.6348133600155,-90.6763048190233.jpg",1,132,313,282,81,414,394
"Morganza_all/011990@29.6350076059966,-90.6764838799851.jpg",2,0,277,451,217,451,494
"Morganza_all/011991@29.6352781722072,-90.6761706317476.jpg",1,16,278,571,136,587,414
"Morganza_all/011992@29.6355120712929,-90.675685438627.jpg",3,129,275,295,136,424,411
"Morganza_all/011993@29.6351887874104,-90.6754826421105.jpg",3,70,251,530,197,600,448
"Morganza_all/011994@29.635459556709,-90.6752103419519.jpg",1,318,293,144,108,462,401
"Morganza_all/011997@29.6355946874277,-90.6750291166241.jpg",1,344,299,105,89,449,388
"Morganza_all/012000@29.6360305429276,-90.674829512585.jpg",3,124,302,262,89,386,391
"Morganza_all/012012@29.6295527024681,-90.67273027398.jpg",1,190,282,388,94,578,376
"Morganza_all/012045@29.6171125401764,-90.6642030630668.jpg",3,237,262,222,93,459,355
"Morganza_all/012047@29.6160098816208,-90.6637272460357.jpg",3,279,281,140,84,419,365
"Morganza_all/012048@29.6156889611204,-90.6635171158528.jpg",1,252,302,177,91,429,393
"Morganza_all/012061@29.6487140648638,-90.6837153604041.jpg",1,141,240,431,172,572,412
"Morganza_all/012062@29.6489123267144,-90.6834857970565.jpg",1,12,233,443,174,455,407
"Morganza_all/012064@29.650692350194,-90.6825611174154.jpg",1,228,282,240,111,468,393
"Morganza_all/012065@29.6508808820319,-90.6823772604376.jpg",1,190,272,239,128,429,400
"Morganza_all/012066@29.651050072882,-90.682319113309.jpg",1,186,265,244,134,430,399
"Morganza_all/012071@29.6486236907498,-90.681578728848.jpg",2,349,260,292,169,641,429
"Morganza_all/012072@29.6483928829827,-90.6817771197054.jpg",1,337,258,155,111,492,369
"Morganza_all/012075@29.6479238019241,-90.6821825102796.jpg",3,248,271,338,105,586,376
"Morganza_all/012076@29.6477672946915,-90.6822862533004.jpg",1,146,299,369,99,515,398
"Morganza_all/012077@29.6480609558995,-90.6826952123887.jpg",1,52,279,509,139,561,418
"Morganza_all/012078@29.648257111427,-90.6830449287621.jpg",5,287,316,103,91,390,407
"Morganza_all/012082@29.6482924850177,-90.6811357315591.jpg",1,236,284,141,84,377,368
"Morganza_all/012086@29.6477692467421,-90.6811733930592.jpg",3,284,262,170,93,454,355
"Morganza_all/012087@29.6475006160323,-90.6812864309373.jpg",1,86,288,417,107,503,395
"Morganza_all/012089@29.6474434010082,-90.6818089893583.jpg",1,116,247,227,198,343,445
"Morganza_all/012091@29.6473370340075,-90.6844890167262.jpg",1,188,243,256,147,444,390
"Morganza_all/012092@29.6471129819012,-90.6845418469503.jpg",1,174,303,441,129,615,432
"Morganza_all/012093@29.6468571479782,-90.6842182075521.jpg",1,294,268,347,166,641,434
"Morganza_all/012094@29.6474233306605,-90.6837950747734.jpg",3,39,289,330,119,369,408
"Morganza_all/012097@29.6478461815678,-90.6831160713163.jpg",1,163,264,344,139,507,403
"Morganza_all/012098@29.6476123584958,-90.682706691437.jpg",1,256,260,227,215,483,475
"Morganza_all/012102@29.6465759065303,-90.6832955186746.jpg",1,123,289,441,103,564,392
"Morganza_all/012103@29.6463376589401,-90.6835025127052.jpg",1,174,297,324,96,498,393
"Morganza_all/012111@29.644519211914,-90.6862363912874.jpg",1,287,276,173,111,460,387
"Morganza_all/012120@29.6398202160434,-90.680207017076.jpg",1,163,297,362,105,525,402
"Morganza_all/012121@29.6404715177504,-90.6792804830448.jpg",2,215,300,426,85,641,385
"Morganza_all/012122@29.639775505439,-90.6784868752029.jpg",3,335,308,306,123,641,431
"Morganza_all/012124@29.6378892726325,-90.6702461155612.jpg",3,55,261,212,110,267,371
"Morganza_all/012125@29.6342194937275,-90.6737761020024.jpg",1,127,276,203,139,330,415
"Morganza_all/012126@29.6333130747546,-90.6753131874908.jpg",2,354,216,287,249,641,465
"Morganza_all/012127@29.6276739691853,-90.6713028592115.jpg",3,240,268,219,110,459,378
"Morganza_all/012130@29.646544664957,-90.6862764374607.jpg",1,319,306,167,124,486,430
"Morganza_all/012131@29.6404715177504,-90.6792804830448.jpg",2,210,301,431,88,641,389
"Morganza_all/012170@29.6731019587435,-90.7763822796378.jpg",1,350,290,192,117,542,407
"Morganza_all/012171@29.6728924223791,-90.7761446610344.jpg",1,309,311,227,95,536,406
"Morganza_all/012173@29.6716389407858,-90.7753407646656.jpg",3,328,279,131,86,459,365
"Morganza_all/012187@29.6682128807245,-90.7729731072652.jpg",2,17,229,624,162,641,391
"Morganza_all/012188@29.6680506494143,-90.7728671454998.jpg",2,17,235,624,163,641,398
"Morganza_all/012189@29.6682229356121,-90.7724173187464.jpg",5,240,231,133,118,373,349
"Morganza_all/012190@29.6684883040534,-90.7719028584831.jpg",1,69,251,570,140,639,391
"Morganza_all/012191@29.6736523883869,-90.7765384281567.jpg",1,124,297,196,134,320,431
"Morganza_all/012192@29.6737587508527,-90.7762845641488.jpg",1,38,265,411,135,449,400
"Morganza_all/012193@29.6733565689222,-90.7768150416783.jpg",1,158,290,154,139,312,429
"Morganza_all/012194@29.6734065283654,-90.7766772800018.jpg",1,204,287,176,130,380,417
"Morganza_all/012196@29.6734999653023,-90.776358368035.jpg",1,197,309,162,128,359,437
"Morganza_all/012197@29.6735936780199,-90.776104574661.jpg",1,199,297,158,111,357,408
"Morganza_all/012198@29.6736247822708,-90.775988613741.jpg",1,244,303,112,105,356,408
"Morganza_all/012199@29.6732890457011,-90.7757951220957.jpg",1,138,235,398,195,536,430
"Morganza_all/012200@29.6732643892525,-90.7759399857227.jpg",1,290,303,138,108,428,411
"Morganza_all/012201@29.6732142461623,-90.7760343244476.jpg",1,263,299,152,113,415,412
"Morganza_all/012202@29.6770453382839,-90.7794034126973.jpg",1,47,251,282,113,329,364
"Morganza_all/012208@29.6738254114541,-90.7771018568517.jpg",1,345,287,148,133,493,420
"Morganza_all/012209@29.673869261316,-90.7770147957312.jpg",1,380,289,162,134,542,423
"Morganza_all/012210@29.6739067524956,-90.7769132845771.jpg",1,320,276,158,136,478,412
"Morganza_all/012211@29.6739316862124,-90.7768335396704.jpg",1,353,284,183,153,536,437
"Morganza_all/012212@29.6739626377562,-90.7766814291142.jpg",3,169,262,472,130,641,392
"Morganza_all/012213@29.6740627986141,-90.7764565381691.jpg",3,100,252,541,143,641,395
"Morganza_all/012214@29.6734521546464,-90.7770026293633.jpg",1,106,295,201,115,307,410
"Morganza_all/012215@29.6735399122637,-90.7768357184257.jpg",1,140,300,154,114,294,414
"Morganza_all/012216@29.6736025518527,-90.7767051286071.jpg",1,111,298,238,130,349,428
"Morganza_all/012217@29.675037061186,-90.7795792548786.jpg",2,3,227,638,218,641,445
"Morganza_all/012218@29.67477777449,-90.7787989484438.jpg",3,130,283,256,86,386,369
"Morganza_all/012219@29.6745723309949,-90.7786437704927.jpg",1,112,298,203,103,315,401
"Morganza_all/012222@29.6736311280317,-90.7780431569652.jpg",1,229,296,379,81,608,377
"Morganza_all/012227@29.6701118098676,-90.7751704560508.jpg",2,365,254,276,181,641,435
"Morganza_all/012228@29.6698551176468,-90.7750057542639.jpg",1,96,286,204,102,300,388
"Morganza_all/012229@29.6695385458897,-90.7748121032561.jpg",1,152,293,323,102,475,395
"Morganza_all/012230@29.6691192908641,-90.7745408727868.jpg",2,3,270,393,109,396,379
"Morganza_all/012231@29.6686060854763,-90.7742603766366.jpg",2,3,284,363,103,366,387
"Morganza_all/012232@29.6673404166327,-90.7736128171456.jpg",2,2,240,637,151,639,391
"Morganza_all/012233@29.6667930690275,-90.7733227291478.jpg",1,239,199,231,180,470,379
"Morganza_all/012235@29.6660577786907,-90.7729848911893.jpg",1,158,311,152,98,310,409
"Morganza_all/012236@29.6658952707211,-90.7728978571008.jpg",1,56,295,422,91,478,386
"Morganza_all/012237@29.6655362539611,-90.7727532948068.jpg",1,94,282,381,119,475,401
"Morganza_all/012238@29.6652453911731,-90.7725790686863.jpg",3,151,296,196,92,347,388
"Morganza_all/012240@29.6645358814951,-90.7722899329961.jpg",1,22,255,514,176,536,431
"Morganza_all/012241@29.664245101578,-90.7721352312978.jpg",1,76,314,411,103,487,417
"Morganza_all/012242@29.663963096896,-90.7720391094906.jpg",1,108,310,399,102,507,412
"Morganza_all/012243@29.6617734243049,-90.7708301112751.jpg",1,124,292,278,92,402,384
"Morganza_all/012244@29.6620644150975,-90.7710336391151.jpg",1,133,254,318,123,451,377
"Morganza_all/012246@29.6624321676423,-90.7712269762755.jpg",1,185,294,199,129,384,423
"Morganza_all/012248@29.6629881138917,-90.7715267527052.jpg",1,88,317,430,101,518,418
"Morganza_all/012249@29.6632958875378,-90.771661802221.jpg",1,122,296,449,125,571,421
"Morganza_all/012250@29.660721422881,-90.7702693449665.jpg",1,145,297,231,97,376,394
"Morganza_all/012252@29.66022518648,-90.7699594856721.jpg",1,116,328,153,112,269,440
"Morganza_all/012254@29.659728208169,-90.7694835483501.jpg",1,125,303,295,84,420,387
"Morganza_all/012255@29.6583250170846,-90.76861217437.jpg",1,123,309,297,85,420,394
"Morganza_all/012259@29.6589585296806,-90.7690873309525.jpg",1,218,316,183,83,401,399
"Morganza_all/012261@29.6579910078422,-90.7683307271774.jpg",1,342,330,144,100,486,430
"Morganza_all/012262@29.657717552387,-90.768234573809.jpg",1,224,327,105,97,329,424
"Morganza_all/012263@29.65781837262,-90.7678725280025.jpg",1,8,284,383,154,391,438
"Morganza_all/012264@29.6575530623252,-90.7676883933161.jpg",2,5,307,350,132,355,439
"Morganza_all/012265@29.6575122791094,-90.7681282756782.jpg",3,37,313,429,88,466,401
"Morganza_all/012266@29.6570159532977,-90.767798885531.jpg",1,105,296,305,102,410,398
"Morganza_all/012267@29.6566394329299,-90.76755678867.jpg",2,160,309,481,135,641,444
"Morganza_all/012269@29.6561258182455,-90.7671786699708.jpg",1,142,300,173,110,315,410
"Morganza_all/012270@29.655877514024,-90.7669846839145.jpg",2,0,288,321,110,321,398
"Morganza_all/012272@29.6549712122873,-90.7665697230927.jpg",1,140,301,214,121,354,422
"Morganza_all/012273@29.6551681035059,-90.7667151343489.jpg",1,8,274,525,162,533,436
"Morganza_all/012274@29.6556469611537,-90.7669469167926.jpg",1,116,292,196,106,312,398
"Morganza_all/012278@29.6503719675597,-90.7643907374904.jpg",2,3,298,599,133,602,431
"Morganza_all/012279@29.6501382546214,-90.7642586122929.jpg",2,2,270,294,170,296,440
"Morganza_all/012280@29.6498715025396,-90.7641933865253.jpg",1,222,322,127,87,349,409
"Morganza_all/012282@29.6491291297466,-90.7639020859424.jpg",3,127,313,413,86,540,399
"Morganza_all/012283@29.6488870427769,-90.763760472142.jpg",1,103,268,350,150,453,418
"Morganza_all/012284@29.6483781344409,-90.7635441288257.jpg",1,76,298,456,107,532,405
"Morganza_all/012287@29.6477525618324,-90.7632998353053.jpg",1,205,298,188,114,393,412
"Morganza_all/012290@29.6471436254754,-90.7630554500518.jpg",1,116,302,334,110,450,412
"Morganza_all/012291@29.6469518757338,-90.7629993409185.jpg",3,163,316,222,85,385,401
"Morganza_all/012292@29.6466932893272,-90.7628959502296.jpg",1,168,296,228,98,396,394
"Morganza_all/012293@29.6464767089681,-90.7628781069116.jpg",3,166,283,169,118,335,401
"Morganza_all/012294@29.6462761020871,-90.7627076780002.jpg",1,44,290,281,108,325,398
"Morganza_all/012295@29.6460927672924,-90.7626705995762.jpg",3,69,317,335,87,404,404
"Morganza_all/012296@29.6459256268357,-90.7625380729207.jpg",1,99,306,241,90,340,396
"Morganza_all/012298@29.644808386731,-90.7622108117374.jpg",1,136,317,277,90,413,407
"Morganza_all/012302@29.645584716873,-90.7613322828861.jpg",1,177,270,294,104,471,374
"Morganza_all/012306@29.6465359284914,-90.7617692841607.jpg",3,85,268,556,115,641,383
"Morganza_all/012309@29.6473496894815,-90.7617879336358.jpg",2,5,189,636,199,641,388
"Morganza_all/012310@29.6470998669257,-90.7620300039552.jpg",3,52,244,389,118,441,362
"Morganza_all/012312@29.6445115997617,-90.7609269954466.jpg",3,223,300,368,98,591,398
"Morganza_all/012313@29.6446121317667,-90.7606547428207.jpg",3,271,298,251,85,522,383
"Morganza_all/012315@29.6432602544165,-90.7600803139748.jpg",2,138,268,503,116,641,384
"Morganza_all/012316@29.6431119556709,-90.7602829824898.jpg",1,169,261,435,108,604,369
"Morganza_all/012317@29.6430117907336,-90.7606328277946.jpg",1,155,277,335,87,490,364
"Morganza_all/012321@29.6441581981449,-90.7607427149361.jpg",3,3,295,552,98,555,393
"Morganza_all/012322@29.6442520053604,-90.7604860214596.jpg",1,5,287,341,95,346,382
"Morganza_all/012328@29.6415631708003,-90.7592097042077.jpg",1,74,287,366,108,440,395
"Morganza_all/012329@29.6405611247758,-90.7593302251163.jpg",2,0,227,641,162,641,389
"Morganza_all/012330@29.6384844298029,-90.7593503491494.jpg",1,245,253,189,108,434,361
"Morganza_all/012335@29.636367156036,-90.7582804320592.jpg",1,117,229,266,128,383,357
"Morganza_all/012337@29.6366774161091,-90.7571801890622.jpg",1,160,191,381,169,541,360
"Morganza_all/012339@29.6605446991183,-90.7671672426521.jpg",1,202,279,429,118,631,397
"Morganza_all/012340@29.6604384211043,-90.7674302132722.jpg",1,219,306,419,82,638,388
"Morganza_all/012341@29.6603250361211,-90.7677096274702.jpg",1,240,298,374,85,614,383
"Morganza_all/012342@29.6601831029829,-90.7680138239621.jpg",1,252,283,337,105,589,388
"Morganza_all/012343@29.6601427378722,-90.7669563283054.jpg",2,0,293,434,107,434,400
"Morganza_all/012344@29.6599659856087,-90.7674820963777.jpg",1,0,276,523,133,523,409
"Morganza_all/012345@29.6598243984649,-90.7678600604241.jpg",2,1,288,311,126,312,414
"Morganza_all/012346@29.6596616240944,-90.7683119446649.jpg",1,141,301,220,106,361,407
"Morganza_all/012347@29.6595336555831,-90.7685258540964.jpg",1,109,299,241,108,350,407
"Morganza_all/012349@29.6600626377373,-90.7683096806814.jpg",1,237,303,379,82,616,385
"Morganza_all/012350@29.6599648400841,-90.768875963127.jpg",1,309,283,154,123,463,406
"Morganza_all/012351@29.6603164996423,-90.7690543919351.jpg",1,251,279,181,97,432,376
"Morganza_all/012353@29.6605103013904,-90.7691598780097.jpg",1,284,289,153,86,437,375
"Morganza_all/012368@29.6777192669332,-90.7822711893404.jpg",1,97,283,374,99,471,382
"Morganza_all/012369@29.6775479944679,-90.7821255736787.jpg",1,127,291,321,117,448,408
"Morganza_all/012370@29.6774023640123,-90.7819895479157.jpg",1,157,293,315,134,472,427
"Morganza_all/012371@29.6772224023876,-90.7818049009421.jpg",1,22,281,515,139,537,420
"Morganza_all/012373@29.6767768755042,-90.7813773824442.jpg",2,3,282,580,149,583,431
"Morganza_all/012374@29.6769366638603,-90.7808195239851.jpg",1,69,317,437,85,506,402
"Morganza_all/012375@29.6765514374184,-90.780528504692.jpg",1,215,296,123,86,338,382
"Morganza_all/012376@29.6760115589696,-90.7799842773475.jpg",2,5,272,626,118,631,390
"Morganza_all/012377@29.676134183969,-90.7807360019446.jpg",2,2,257,352,162,354,419
"Morganza_all/012380@29.6553966598281,-90.7656930346138.jpg",3,115,292,292,90,407,382
"Morganza_all/012382@29.6547623314004,-90.7654388428372.jpg",1,284,287,132,88,416,375
"Morganza_all/012386@29.6587999577992,-90.7677756438851.jpg",1,197,303,331,116,528,419
"Morganza_all/012387@29.6590297052988,-90.7679137303199.jpg",1,127,300,335,119,462,419
"Morganza_all/012388@29.6591924076868,-90.7674454763828.jpg",1,171,281,384,116,555,397
"Morganza_all/012389@29.6593245100959,-90.7681908350663.jpg",2,6,284,407,121,413,405
"Morganza_all/012390@29.6594521876561,-90.7679031572934.jpg",2,61,291,455,104,516,395
"Morganza_all/012391@29.6595585372145,-90.7676565617287.jpg",1,108,295,374,98,482,393
"Morganza_all/012392@29.6596791778239,-90.7674016986362.jpg",1,171,303,373,92,544,395
"Morganza_all/012393@29.6593130478883,-90.7671906139681.jpg",1,42,300,407,107,449,407
"Morganza_all/012394@29.6597780230769,-90.7670731879854.jpg",1,3,285,552,121,555,406
"Morganza_all/012395@29.6595254880977,-90.7666318390536.jpg",1,69,295,410,94,479,389
"Morganza_all/012396@29.6599129538934,-90.7668100250385.jpg",1,118,298,393,117,511,415
"Morganza_all/012397@29.6444245269205,-90.7620223556834.jpg",1,110,276,451,125,561,401
"Morganza_all/012398@29.6438324184165,-90.7618160129543.jpg",1,159,295,159,123,318,418
"Morganza_all/012401@29.6428394106219,-90.7613355360573.jpg",2,320,221,321,202,641,423
"Morganza_all/012403@29.6423315649461,-90.7613575148813.jpg",1,117,304,237,112,354,416
"Morganza_all/012404@29.6422063747445,-90.7612914929295.jpg",1,116,298,313,114,429,412
"Morganza_all/012405@29.6420731434435,-90.7612922543157.jpg",1,178,304,121,89,299,393
"Morganza_all/012407@29.6411813117814,-90.7610971724943.jpg",2,0,300,390,121,390,421
"Morganza_all/012408@29.6409557337019,-90.7609268989484.jpg",1,295,299,155,105,450,404
"Morganza_all/012409@29.6406640110181,-90.760861830839.jpg",1,96,288,294,110,390,398
"Morganza_all/012410@29.6413372238624,-90.7605720201484.jpg",2,3,287,501,122,504,409
"Morganza_all/012411@29.6415623031377,-90.7606279308006.jpg",1,153,257,283,152,436,409
"Morganza_all/012417@29.6388714867383,-90.7603573405288.jpg",1,178,312,241,82,419,394
"Morganza_all/012418@29.6386966640199,-90.7603678792615.jpg",1,209,311,116,86,325,397
"Morganza_all/012419@29.638279625534,-90.7602082458063.jpg",1,223,248,228,181,451,429
"Morganza_all/012420@29.6380797506339,-90.7601998521576.jpg",3,173,276,200,151,373,427
"Morganza_all/012421@29.6373712528162,-90.7600418580942.jpg",1,89,306,421,122,510,428
"Morganza_all/012424@29.6367624350929,-90.7598260994471.jpg",1,128,258,430,155,558,413
"Morganza_all/012425@29.6358703510205,-90.759573878658.jpg",1,102,297,403,106,505,403
"Morganza_all/012426@29.6414555746079,-90.7593877090256.jpg",1,55,284,348,114,403,398
"Morganza_all/012427@29.6428501124454,-90.7606244032409.jpg",3,236,283,196,96,432,379
"Morganza_all/012429@29.6578417544182,-90.7672046983918.jpg",1,322,248,209,114,531,362
"Morganza_all/012436@29.6548064622218,-90.7664866886958.jpg",1,0,258,445,178,445,436
"Morganza_all/012437@29.647968778534,-90.7634112138741.jpg",1,231,323,120,86,351,409
"Morganza_all/012440@29.6407949116621,-90.7609004314907.jpg",3,171,311,132,84,303,395
"Morganza_all/012441@29.6383865906866,-90.760263161747.jpg",1,152,302,157,97,309,399
"Morganza_all/012442@29.6372434559247,-90.7600402291113.jpg",1,241,310,201,119,442,429
"Morganza_all/012455@29.6239929326701,-90.7988181797413.jpg",1,221,256,333,95,554,351
"Morganza_all/012456@29.6241288115577,-90.7985561875735.jpg",3,278,229,287,121,565,350
"Morganza_all/012457@29.6242919509485,-90.7982627322003.jpg",2,266,265,375,92,641,357
"Morganza_all/012458@29.6243454492225,-90.7979489632961.jpg",3,266,220,137,113,403,333
"Morganza_all/012459@29.6248446744473,-90.7972357286361.jpg",1,243,191,347,158,590,349
"Morganza_all/012460@29.625062673792,-90.7969628426162.jpg",3,289,240,313,118,602,358
"Morganza_all/012461@29.6253445218456,-90.7966687455602.jpg",1,88,262,450,158,538,420
"Morganza_all/012475@29.6746374875537,-90.8116398148453.jpg",3,301,252,328,267,629,519
"Morganza_all/012476@29.6746202931381,-90.8124132041869.jpg",1,171,275,239,138,410,413
"Morganza_all/012477@29.6738870567176,-90.813128437838.jpg",1,241,296,190,113,431,409
"Morganza_all/012479@29.6751142450866,-90.8126580823462.jpg",1,321,287,198,113,519,400
"Morganza_all/012480@29.6753634541266,-90.8124943905424.jpg",3,250,260,201,136,451,396
"Morganza_all/012481@29.6755593032455,-90.81250108627.jpg",2,301,312,273,84,574,396
"Morganza_all/012510@29.671312965589,-90.8145337250211.jpg",2,3,258,350,179,353,437
"Morganza_all/012513@29.6713488731078,-90.8150748340451.jpg",3,120,284,309,111,429,395
"Morganza_all/012516@29.6716842718589,-90.8145085925788.jpg",1,265,280,207,98,472,378
"Morganza_all/012527@29.643176432379,-90.8147929144072.jpg",1,179,261,181,154,360,415
"Morganza_all/012528@29.6428331922161,-90.8145164094105.jpg",1,95,233,266,159,361,392
"Morganza_all/012529@29.6419123679522,-90.8139027319152.jpg",1,65,119,576,312,641,431
"Morganza_all/012531@29.6720907496076,-90.8148312646415.jpg",2,0,217,641,210,641,427
"Morganza_all/012534@29.6745911855524,-90.8135887507151.jpg",1,157,285,432,139,589,424
"Morganza_all/012537@29.674996719497,-90.8136794457083.jpg",2,0,273,641,156,641,429
"Morganza_all/012539@29.6757102103957,-90.813088036377.jpg",2,1,279,640,195,641,474
"Morganza_all/012543@29.6422201054405,-90.8127700659309.jpg",3,155,236,313,147,468,383
"Morganza_all/012544@29.6423270994894,-90.8141702045336.jpg",1,89,201,299,167,388,368
"Morganza_all/012545@29.6434047800084,-90.8144712633854.jpg",1,49,209,530,183,579,392
"Morganza_all/012546@29.6426842811496,-90.8141683520007.jpg",2,316,181,325,202,641,383
"Morganza_all/012594@29.6755767117062,-90.7256453878332.jpg",6,278,270,87,88,365,358
"Morganza_all/012620@29.669286889817,-90.7163020443679.jpg",2,295,288,238,95,533,383
"Morganza_all/012621@29.6695254102332,-90.7167679892249.jpg",2,167,300,148,108,315,408
"Morganza_all/012622@29.6696178764682,-90.7166362067415.jpg",1,14,289,371,98,385,387
"Morganza_all/012626@29.6698740184,-90.7162820185883.jpg",1,177,296,167,93,344,389
"Morganza_all/012632@29.6702374422685,-90.7158943869365.jpg",1,95,292,242,98,337,390
"Morganza_all/012634@29.6704158795149,-90.7157702907202.jpg",1,92,298,215,93,307,391
"Morganza_all/012635@29.6700701390267,-90.7153460045325.jpg",1,324,294,201,98,525,392
"Morganza_all/012636@29.6702055456176,-90.7152057677026.jpg",3,312,295,231,95,543,390
"Morganza_all/012637@29.6702983194657,-90.7151396035519.jpg",1,309,289,164,134,473,423
"Morganza_all/012638@29.6706224297073,-90.715531212133.jpg",1,150,290,204,108,354,398
"Morganza_all/012639@29.6707866058759,-90.7154153899692.jpg",1,154,297,139,98,293,395
"Morganza_all/012643@29.6710577280518,-90.7152005037914.jpg",1,159,296,132,102,291,398
"Morganza_all/012644@29.6707333074797,-90.7147432736217.jpg",1,306,287,186,102,492,389
"Morganza_all/012645@29.6708690228427,-90.7146686560915.jpg",3,296,290,237,89,533,379
"Morganza_all/012646@29.6711501927053,-90.7150687178418.jpg",1,177,303,137,100,314,403
"Morganza_all/012652@29.6715712791745,-90.7147627181166.jpg",1,135,286,189,90,324,376
"Morganza_all/012654@29.6714181819577,-90.7141896493745.jpg",1,229,305,309,82,538,387
"Morganza_all/012655@29.671632614126,-90.7141062933218.jpg",2,221,296,420,126,641,422
"Morganza_all/012656@29.6718781648698,-90.7145394201237.jpg",1,182,300,116,81,298,381
"Morganza_all/012657@29.6716891472375,-90.7139419477294.jpg",1,328,303,159,110,487,413
"Morganza_all/012660@29.6719957991152,-90.7136694306208.jpg",1,332,304,155,106,487,410
"Morganza_all/012662@29.6724271686261,-90.7140275968346.jpg",1,138,287,202,89,340,376
"Morganza_all/012663@29.6721601785926,-90.7136028203994.jpg",1,268,299,285,90,553,389
"Morganza_all/012666@29.6726909952509,-90.713788155213.jpg",1,194,299,130,107,324,406
"Morganza_all/012667@29.6723808965663,-90.7133308333938.jpg",1,342,298,132,109,474,407
"Morganza_all/012668@29.6726095000471,-90.7132146063185.jpg",3,96,302,504,96,600,398
"Morganza_all/012669@29.6728264388232,-90.7136560996486.jpg",1,145,298,201,93,346,391
"Morganza_all/012671@29.6727372120953,-90.7129596313756.jpg",1,294,303,104,90,398,393
"Morganza_all/012672@29.6728799596333,-90.7128603414738.jpg",3,312,301,106,84,418,385
"Morganza_all/012673@29.673112001051,-90.713465708271.jpg",1,205,296,127,92,332,388
"Morganza_all/012674@29.6732403835052,-90.7133583204006.jpg",1,240,307,122,85,362,392
"Morganza_all/012675@29.6733614998601,-90.7132263523111.jpg",1,246,295,112,88,358,383
"Morganza_all/012677@29.6731440830095,-90.7126782680018.jpg",1,267,314,128,92,395,406
"Morganza_all/012678@29.6734971368002,-90.7131353250729.jpg",1,173,292,159,88,332,380
"Morganza_all/012679@29.6732937472752,-90.7125297474606.jpg",1,275,305,122,99,397,404
"Morganza_all/012680@29.6736468677851,-90.712994991634.jpg",1,188,292,188,87,376,379
"Morganza_all/012682@29.6737608341312,-90.7128630669004.jpg",1,249,298,100,82,349,380
"Morganza_all/012683@29.673882027577,-90.7127475032787.jpg",3,177,286,184,89,361,375
"Morganza_all/012684@29.6736079226754,-90.7123309870521.jpg",1,273,306,175,97,448,403
"Morganza_all/012688@29.6742886377738,-90.7124169500228.jpg",1,249,306,110,82,359,388
"Morganza_all/012689@29.6743811660136,-90.7122933757376.jpg",1,163,295,229,114,392,409
"Morganza_all/012690@29.6744664393328,-90.7121534399271.jpg",1,168,297,223,108,391,405
"Morganza_all/012691@29.6741780445583,-90.711745199047.jpg",4,240,289,93,98,333,387
"Morganza_all/012692@29.6743349626329,-90.7116130368093.jpg",1,287,299,126,92,413,391
"Morganza_all/012693@29.6746880862249,-90.7120782510996.jpg",3,274,305,124,90,398,395
"Morganza_all/012694@29.6744849250769,-90.7115218859831.jpg",1,304,288,130,105,434,393
"Morganza_all/012695@29.6748235282115,-90.7119462220745.jpg",1,265,305,116,94,381,399
"Morganza_all/012696@29.6746061950949,-90.7114227257723.jpg",1,226,295,156,112,382,407
"Morganza_all/012698@29.6750659521576,-90.7117232771046.jpg",1,201,298,165,102,366,400
"Morganza_all/012699@29.6747203931655,-90.7113400156532.jpg",1,266,302,135,116,401,418
"Morganza_all/012700@29.6749275962174,-90.7112403207557.jpg",1,160,299,376,104,536,403
"Morganza_all/012701@29.6751869892689,-90.7115749301512.jpg",1,216,295,170,118,386,413
"Morganza_all/012702@29.6749913141947,-90.7110841108951.jpg",1,317,301,153,110,470,411
"Morganza_all/012703@29.6753369128793,-90.7114755912408.jpg",1,221,298,141,106,362,404
"Morganza_all/012705@29.6752551742525,-90.7108528426216.jpg",1,108,265,282,97,390,362
"Morganza_all/012708@29.6739941894328,-90.7092205965715.jpg",3,93,278,278,99,371,377
"Morganza_all/012712@29.6735660442944,-90.709543077296.jpg",3,105,283,327,99,432,382
"Morganza_all/012726@29.6714975741983,-90.7112944556328.jpg",1,130,289,304,95,434,384
"Morganza_all/012730@29.6709557969969,-90.7118144314775.jpg",2,305,268,336,107,641,375
"Morganza_all/012739@29.6699000980768,-90.7126983877261.jpg",1,119,268,423,111,542,379
"Morganza_all/012744@29.6692727808865,-90.713309092092.jpg",1,70,302,478,113,548,415
"Morganza_all/012745@29.6686877830568,-90.7137801283218.jpg",1,229,230,338,174,567,404
"Morganza_all/012748@29.6680536838362,-90.7129558551181.jpg",2,57,293,584,107,641,400
"Morganza_all/012751@29.6683837376965,-90.7130850201951.jpg",2,0,271,477,180,477,451
"Morganza_all/012752@29.6683175747856,-90.712724607642.jpg",1,334,298,269,103,603,401
"Morganza_all/012754@29.668488820678,-90.7125923658116.jpg",1,127,242,514,175,641,417
"Morganza_all/012755@29.668697731366,-90.7128534616446.jpg",2,3,295,356,126,359,421
"Morganza_all/012756@29.6687458831229,-90.712434967265.jpg",2,133,264,508,173,641,437
"Morganza_all/012757@29.6690756771339,-90.7125149167912.jpg",2,25,240,616,186,641,426
"Morganza_all/012758@29.6691378051198,-90.7120225250828.jpg",1,91,276,434,168,525,444
"Morganza_all/012759@29.6693323514011,-90.7122755235726.jpg",2,1,303,486,108,487,411
"Morganza_all/012760@29.6693944784879,-90.7117831304526.jpg",2,142,273,499,175,641,448
"Morganza_all/012761@29.6695939608211,-90.711568682502.jpg",3,121,301,451,122,572,423
"Morganza_all/012762@29.6697816689937,-90.7118873145024.jpg",1,40,277,400,154,440,431
"Morganza_all/012764@29.6700652079631,-90.7112705480035.jpg",2,0,300,604,129,604,429
"Morganza_all/012765@29.6701952599676,-90.7115157295743.jpg",2,2,258,413,164,415,422
"Morganza_all/012766@29.6702432130282,-90.7110562311427.jpg",2,221,254,420,263,641,517
"Morganza_all/012767@29.6705734631075,-90.7112263900616.jpg",2,0,276,381,139,381,415
"Morganza_all/012768@29.6704713752265,-90.7108416015122.jpg",2,129,303,512,98,641,401
"Morganza_all/012769@29.6706566345826,-90.7106436435806.jpg",1,30,294,559,104,589,398
"Morganza_all/012771@29.6711294479233,-90.7106817001842.jpg",1,33,294,382,138,415,432
"Morganza_all/012772@29.6711131359837,-90.710263595922.jpg",3,138,269,260,157,398,426
"Morganza_all/012774@29.6715004330484,-90.7103841810719.jpg",2,1,272,480,145,481,417
"Morganza_all/012775@29.6715842632875,-90.7099408584336.jpg",1,64,295,495,175,559,470
"Morganza_all/012776@29.6717265409345,-90.7097431644696.jpg",4,218,317,114,82,332,399
"Morganza_all/012777@29.6719638771548,-90.7099548994957.jpg",3,6,272,475,154,481,426
"Morganza_all/012778@29.6721851720955,-90.7098058987934.jpg",1,6,281,377,134,383,415
"Morganza_all/012779@29.671961850608,-90.7095284840946.jpg",1,212,301,418,125,630,426
"Morganza_all/012780@29.6722118882157,-90.7094039279213.jpg",1,187,282,311,150,498,432
"Morganza_all/012781@29.6724135775906,-90.7096486658609.jpg",1,252,287,267,128,519,415
"Morganza_all/012782@29.6722902818294,-90.7093214407411.jpg",1,246,292,258,161,504,453
"Morganza_all/012783@29.6723970673512,-90.7091895583774.jpg",1,52,286,404,133,456,419
"Morganza_all/012787@29.6728250554896,-90.7088342687527.jpg",1,119,272,486,169,605,441
"Morganza_all/012788@29.6730339736094,-90.7090953680539.jpg",2,39,287,602,136,641,423
"Morganza_all/012789@29.673067396214,-90.7085949465683.jpg",2,0,290,602,183,602,473
"Morganza_all/012790@29.6732407847963,-90.7089136734493.jpg",1,119,296,522,101,641,397
"Morganza_all/012791@29.6734618444128,-90.7087154829869.jpg",1,172,265,469,156,641,421
"Morganza_all/012792@29.6732669789337,-90.7083968898688.jpg",1,127,324,343,85,470,409
"Morganza_all/012794@29.6736683817179,-90.708476382561.jpg",1,76,305,565,132,641,437
"Morganza_all/012795@29.6739693567815,-90.7085155030362.jpg",1,274,304,367,113,641,417
"Morganza_all/012796@29.6738824081776,-90.708302827826.jpg",1,148,301,458,110,606,411
"Morganza_all/012797@29.6741250996198,-90.7081373121357.jpg",2,110,290,531,100,641,390
"Morganza_all/012799@29.6738376696946,-90.7079341087708.jpg",1,33,275,426,152,459,427
"Morganza_all/012807@29.667991265444,-90.7103568412068.jpg",1,171,292,207,83,378,375
"Morganza_all/012808@29.6682120660468,-90.7101094500336.jpg",3,63,297,382,92,445,389
"Morganza_all/012809@29.6670462727525,-90.7104201261214.jpg",1,218,277,371,103,589,380
"Morganza_all/012810@29.6672391872757,-90.7103287127445.jpg",1,251,279,390,104,641,383
"Morganza_all/012811@29.6674096907467,-90.7100406709086.jpg",1,232,242,406,140,638,382
"Morganza_all/012813@29.66797393934,-90.7097255509048.jpg",1,160,283,476,101,636,384
"Morganza_all/012814@29.6682522018779,-90.709510610783.jpg",1,239,268,389,127,628,395
"Morganza_all/012815@29.6686546174371,-90.7098033046096.jpg",1,34,287,375,95,409,382
"Morganza_all/012816@29.668729891784,-90.7090648133307.jpg",1,207,261,434,137,641,398
"Morganza_all/012817@29.6690468821173,-90.7094646590663.jpg",2,41,281,343,94,384,375
"Morganza_all/012818@29.669282035306,-90.7092171737914.jpg",1,76,273,469,127,545,400
"Morganza_all/012819@29.669000847576,-90.7088171359509.jpg",1,175,279,392,132,567,411
"Morganza_all/012821@29.6696529390744,-90.7089032496849.jpg",1,152,238,379,149,531,387
"Morganza_all/012822@29.6695500243771,-90.708346292842.jpg",2,8,301,443,112,451,413
"Morganza_all/012823@29.6699167174093,-90.7086556143854.jpg",1,186,268,351,124,537,392
"Morganza_all/012824@29.6698140751785,-90.7081560583764.jpg",1,22,252,527,132,549,384
"Morganza_all/012825@29.6700351336897,-90.7079578730269.jpg",1,21,277,532,113,553,390
"Morganza_all/012826@29.6702454986217,-90.7085223483605.jpg",1,79,290,449,93,528,383
"Morganza_all/012827@29.6704590174432,-90.7082422131629.jpg",1,171,295,371,102,542,397
"Morganza_all/012828@29.6702420996049,-90.7078089603348.jpg",1,51,260,409,144,460,404
"Morganza_all/012829@29.6707156057112,-90.7079864004451.jpg",1,214,282,281,107,495,389
"Morganza_all/012830@29.6705059424097,-90.7075695073751.jpg",1,123,187,277,199,400,386
"Morganza_all/012831@29.6707054961092,-90.7073714538721.jpg",1,111,267,362,121,473,388
"Morganza_all/012832@29.6709150818255,-90.707771942095.jpg",1,215,266,338,133,553,399
"Morganza_all/012833@29.6708259412302,-90.7071000845005.jpg",2,2,262,313,136,315,398
"Morganza_all/012834@29.6712504527044,-90.7075156343065.jpg",1,189,290,381,103,570,393
"Morganza_all/012835@29.6711403824855,-90.7069587147519.jpg",1,106,273,364,127,470,400
"Morganza_all/012836@29.67145733999,-90.7073503450274.jpg",3,231,262,251,124,482,386
"Morganza_all/012837@29.6717854545985,-90.7070776739467.jpg",1,193,272,400,115,593,387
"Morganza_all/012838@29.6715755926092,-90.7066197806408.jpg",2,22,264,349,123,371,387
"Morganza_all/012839@29.6720565240165,-90.7068545760542.jpg",1,119,270,414,115,533,385
"Morganza_all/012840@29.672153415007,-90.7061487337707.jpg",1,47,251,384,154,431,405
"Morganza_all/012841@29.6724273046015,-90.7065160419659.jpg",1,94,277,449,107,543,384
"Morganza_all/012842@29.672669719502,-90.7062931206685.jpg",1,203,261,326,126,529,387
"Morganza_all/012843@29.6724025868298,-90.7058437713263.jpg",1,196,243,223,155,419,398
"Morganza_all/012844@29.6726738894284,-90.7056698538771.jpg",3,31,257,491,138,522,395
"Morganza_all/012845@29.6729051803655,-90.7061112413342.jpg",1,215,295,283,92,498,387
"Morganza_all/012846@29.6729232445041,-90.7053976681744.jpg",1,190,260,231,116,421,376
"Morganza_all/012847@29.673333120849,-90.7057477181663.jpg",3,46,283,567,112,613,395
"Morganza_all/012848@29.6732733418636,-90.7052314728381.jpg",3,62,303,389,97,451,400
"Morganza_all/012849@29.6667014442395,-90.7099136526903.jpg",3,203,273,187,89,390,362
"Morganza_all/012853@29.6665812809918,-90.708741834445.jpg",1,237,273,359,114,596,387
"Morganza_all/012854@29.6667664590984,-90.7085274757373.jpg",1,244,262,323,136,567,398
"Morganza_all/012856@29.667215960997,-90.7081802556926.jpg",1,215,298,333,91,548,389
"Morganza_all/012860@29.6681285458538,-90.7073299811913.jpg",1,128,281,513,117,641,398
"Morganza_all/012861@29.6683353819963,-90.7071482601856.jpg",1,168,280,438,118,606,398
"Morganza_all/012862@29.668905911795,-90.7066526849065.jpg",1,132,297,509,105,641,402
"Morganza_all/012866@29.6690885781551,-90.7059135474644.jpg",2,0,290,483,93,483,383
"Morganza_all/012867@29.6688961879165,-90.7061197427568.jpg",2,0,304,274,127,274,431
"Morganza_all/012869@29.6681117024333,-90.7067970562191.jpg",2,1,303,477,90,478,393
"Morganza_all/012870@29.6678760840827,-90.7069461471856.jpg",1,66,291,404,95,470,386
"Morganza_all/012872@29.6674842170753,-90.707366790655.jpg",1,113,310,333,95,446,405
"Morganza_all/012873@29.6672273562236,-90.7075651961391.jpg",2,0,303,524,98,524,401
"Morganza_all/012875@29.66682069158,-90.7078875594029.jpg",1,243,307,128,102,371,409
"Morganza_all/012876@29.6666996976006,-90.7080440849571.jpg",2,3,306,385,86,388,392
"Morganza_all/012878@29.6662503913094,-90.7084322993268.jpg",1,43,293,468,116,511,409
"Morganza_all/012879@29.6660796572156,-90.7086711586384.jpg",2,0,298,426,123,426,421
"Morganza_all/012881@29.6660987514313,-90.7081708612846.jpg",1,51,295,472,106,523,401
"Morganza_all/012887@29.6684485416433,-90.7092375178265.jpg",1,248,239,390,151,638,390
"Morganza_all/012896@29.6937975046186,-90.6022769203422.jpg",1,224,260,257,91,481,351
"Morganza_all/012969@29.677630925347,-90.5962456722961.jpg",6,270,271,88,86,358,357
"Morganza_all/012970@29.677387592235,-90.5962720593655.jpg",6,279,257,81,103,360,360
"Morganza_all/012993@29.6946238386542,-90.597857010794.jpg",1,172,273,171,87,343,360
"Morganza_all/013034@29.6871280124611,-90.5783232127769.jpg",1,41,266,390,99,431,365
"Morganza_all/013035@29.6875199537335,-90.5779008755903.jpg",1,137,212,269,183,406,395
"Morganza_all/013036@29.6880180259458,-90.5775664534999.jpg",3,36,113,495,273,531,386
"Morganza_all/013121@29.6879530011035,-90.5500214777876.jpg",3,167,254,420,157,587,411
"Morganza_all/013122@29.6876248591589,-90.5503505502279.jpg",3,150,242,407,151,557,393
"Morganza_all/013123@29.6872899540582,-90.5507999504703.jpg",1,189,287,406,104,595,391
"Morganza_all/013124@29.686693591699,-90.5514403880994.jpg",1,145,285,496,107,641,392
"Morganza_all/013125@29.6864404380042,-90.5517602680548.jpg",2,257,291,384,104,641,395
"Morganza_all/013127@29.6858813232582,-90.5523574775238.jpg",1,86,274,479,112,565,386
"Morganza_all/013128@29.6855162061751,-90.5527727390852.jpg",1,154,285,450,94,604,379
"Morganza_all/013129@29.6861310379773,-90.5527163868262.jpg",1,181,295,412,96,593,391
"Morganza_all/013130@29.6863426544856,-90.5529810812708.jpg",3,227,287,209,100,436,387
"Morganza_all/013131@29.6866966177415,-90.5532103068259.jpg",3,204,239,209,151,413,390
"Morganza_all/013132@29.6870094972941,-90.5528384077086.jpg",1,95,292,426,101,521,393
"Morganza_all/013133@29.6872555830834,-90.5525873360555.jpg",1,224,290,174,86,398,376
"Morganza_all/013134@29.6873895775,-90.5524144254281.jpg",1,74,280,465,113,539,393
"Morganza_all/013135@29.6876133221551,-90.5521892886924.jpg",3,137,268,483,124,620,392
"Morganza_all/013136@29.6879036778277,-90.5518175903828.jpg",1,81,286,456,107,537,393
"Morganza_all/013137@29.6881943669035,-90.5514974125822.jpg",1,126,286,353,97,479,383
"Morganza_all/013138@29.6883583607755,-90.5513242958789.jpg",1,46,265,438,125,484,390
"Morganza_all/013139@29.6885446470331,-90.5511080454477.jpg",2,1,260,366,136,367,396
"Morganza_all/013140@29.6890664769859,-90.5505540638861.jpg",1,137,222,311,174,448,396
"Morganza_all/013141@29.6892304971037,-90.5503809439125.jpg",1,200,283,226,93,426,376
"Morganza_all/013142@29.6896102104294,-90.5498968215136.jpg",1,88,270,452,125,540,395
"Morganza_all/013143@29.6899603317246,-90.5494816498794.jpg",1,171,243,287,163,458,406
"Morganza_all/013144@29.6902362062708,-90.54919593617.jpg",1,142,281,396,102,538,383
"Morganza_all/013145@29.6859763097008,-90.5531901295208.jpg",1,15,290,626,108,641,398
"Morganza_all/013146@29.6858499980119,-90.5533973366444.jpg",1,213,268,248,118,461,386
"Morganza_all/013147@29.6858543870741,-90.5541361815026.jpg",2,1,279,640,119,641,398
"Morganza_all/013148@29.6856348065951,-90.5537942305413.jpg",1,22,299,484,103,506,402
"Morganza_all/013151@29.6851734281015,-90.5531620300709.jpg",2,49,284,592,116,641,400
"Morganza_all/013152@29.6850094553783,-90.5533437358379.jpg",2,227,292,414,101,641,393
"Morganza_all/013153@29.6848604965116,-90.5535253239926.jpg",1,201,248,419,157,620,405
"Morganza_all/013154@29.6850353180063,-90.55391057778.jpg",3,37,278,407,123,444,401
"Morganza_all/013155@29.6853591768461,-90.5541228424595.jpg",1,73,276,461,140,534,416
"Morganza_all/013157@29.6851047926874,-90.5542365316871.jpg",1,222,285,150,114,372,399
"Morganza_all/013159@29.6853404566667,-90.5547587843998.jpg",1,106,290,360,119,466,409
"Morganza_all/013160@29.6849791931197,-90.5545640043864.jpg",3,132,269,509,126,641,395
"Morganza_all/013161@29.6847969919366,-90.554204568917.jpg",3,7,299,375,94,382,393
"Morganza_all/013162@29.6844431833673,-90.5540011046752.jpg",2,174,283,467,115,641,398
"Morganza_all/013163@29.6842794409639,-90.5542171652733.jpg",3,187,281,446,110,633,391
"Morganza_all/013164@29.684521235763,-90.5545074162396.jpg",1,26,260,338,133,364,393
"Morganza_all/013165@29.6847929286285,-90.5547802404633.jpg",1,124,300,356,100,480,400
"Morganza_all/013166@29.685072406026,-90.5551045292733.jpg",1,214,244,266,129,480,373
"Morganza_all/013167@29.6848856314694,-90.5552348853991.jpg",1,81,240,494,160,575,400
"Morganza_all/013168@29.6845917006599,-90.5550051898675.jpg",1,54,262,437,147,491,409
"Morganza_all/013169@29.6843051469866,-90.5547582428611.jpg",2,1,277,338,122,339,399
"Morganza_all/013170@29.6840037593004,-90.5545372057809.jpg",3,196,270,445,119,641,389
"Morganza_all/013171@29.6847516331312,-90.55540775643.jpg",1,200,277,307,130,507,407
"Morganza_all/013172@29.6844833027922,-90.555701944841.jpg",1,244,291,375,119,619,410
"Morganza_all/013173@29.6843383578341,-90.5552992623518.jpg",3,48,282,313,115,361,397
"Morganza_all/013174@29.6840371748151,-90.5551125812338.jpg",2,8,292,390,104,398,396
"Morganza_all/013175@29.6834670510428,-90.5551170155479.jpg",1,153,272,488,123,641,395
"Morganza_all/013176@29.6837538312018,-90.5554069165607.jpg",3,4,280,419,112,423,392
"Morganza_all/013177@29.6839507102429,-90.5557146818053.jpg",1,4,288,549,109,553,397
"Morganza_all/013178@29.6842605698346,-90.5560988868886.jpg",1,156,283,412,121,568,404
"Morganza_all/013179@29.6838948814001,-90.556419620999.jpg",2,4,268,470,134,474,402
"Morganza_all/013180@29.6835169544062,-90.5559414340605.jpg",1,73,257,455,131,528,388
"Morganza_all/013181@29.6831169627499,-90.5555407377304.jpg",2,131,280,510,140,641,420
"Morganza_all/013182@29.6829085318557,-90.5558172918407.jpg",1,225,276,358,151,583,427
"Morganza_all/013183@29.6831951342934,-90.556072804159.jpg",2,1,271,393,117,394,388
"Morganza_all/013184@29.6834057775313,-90.556174276425.jpg",1,249,276,161,81,410,357
"Morganza_all/013185@29.6837389196795,-90.556687170489.jpg",1,175,296,250,83,425,379
"Morganza_all/013186@29.6833209620045,-90.5570512629388.jpg",1,29,270,467,134,496,404
"Morganza_all/013187@29.6829521438925,-90.55684793964.jpg",1,82,259,461,134,543,393
"Morganza_all/013188@29.6826957745472,-90.5566265498216.jpg",1,3,234,388,167,391,401
"Morganza_all/013192@29.6823529341284,-90.5570072194862.jpg",2,1,255,432,138,433,393
"Morganza_all/013193@29.6826833529849,-90.5570648073151.jpg",3,180,232,272,137,452,369
"Morganza_all/013194@29.6830827303655,-90.5573624044831.jpg",1,26,257,482,132,508,389
"Morganza_all/013195@29.6828445996179,-90.557690738922.jpg",1,239,283,188,99,427,382
"Morganza_all/013196@29.6825573906697,-90.5573321198878.jpg",1,127,278,481,115,608,393
"Morganza_all/013197@29.6826730902402,-90.5578638938326.jpg",1,126,241,407,161,533,402
"Morganza_all/013198@29.6818502679002,-90.5570025220494.jpg",1,203,236,438,171,641,407
"Morganza_all/013200@29.682207018014,-90.5577042789458.jpg",1,165,249,309,138,474,387
"Morganza_all/013201@29.6823600440292,-90.5582099696773.jpg",1,104,254,406,164,510,418
"Morganza_all/013202@29.6816932887444,-90.5570982493489.jpg",1,243,266,215,120,458,386
"Morganza_all/013203@29.6814996146653,-90.5573317259739.jpg",1,171,214,180,179,351,393
"Morganza_all/013205@29.6819538720977,-90.5580326945433.jpg",1,116,289,482,117,598,406
"Morganza_all/013206@29.6821362889806,-90.5584350811298.jpg",1,42,242,451,151,493,393
"Morganza_all/013207@29.6818755603687,-90.5587463898273.jpg",1,74,240,441,153,515,393
"Morganza_all/013208@29.6817451822425,-90.5582662862693.jpg",3,56,222,560,152,616,374
"Morganza_all/013209@29.6810901501577,-90.5578675643866.jpg",2,211,259,430,132,641,391
"Morganza_all/013210@29.6813171257578,-90.5581922879774.jpg",1,28,236,408,171,436,407
"Morganza_all/013211@29.6813446174003,-90.5590340270085.jpg",1,181,248,258,133,439,381
"Morganza_all/013218@29.6906396075239,-90.5495288938842.jpg",1,295,279,287,144,582,423
"Morganza_all/013219@29.6905464449465,-90.54970952554.jpg",1,274,271,280,143,554,414
"Morganza_all/013231@29.6924898761963,-90.5516192775523.jpg",1,272,247,185,127,457,374
"Morganza_all/013249@29.6933047643323,-90.5526203503598.jpg",1,213,271,183,93,396,364
"Morganza_all/013255@29.696626650557,-90.5565434980193.jpg",3,179,274,190,83,369,357
"Morganza_all/013257@29.6973840320501,-90.5571223063354.jpg",1,59,240,338,156,397,396
"Morganza_all/013265@29.6998591045236,-90.5599727890129.jpg",1,105,292,263,87,368,379
"Morganza_all/013271@29.70244632322,-90.5632093578651.jpg",1,95,219,447,159,542,378
"Morganza_all/013332@29.6915886603292,-90.5642797901499.jpg",6,265,264,96,103,361,367
"Morganza_all/013334@29.6921065397068,-90.5637273715598.jpg",6,260,265,95,106,355,371
"Morganza_all/013361@29.7000504798549,-90.5601977829802.jpg",1,94,284,240,85,334,369
"Morganza_all/013382@29.6882210213673,-90.5773552288733.jpg",3,90,270,332,100,422,370
"Morganza_all/013383@29.6884524345821,-90.5771841018264.jpg",1,19,289,482,98,501,387
"Morganza_all/013384@29.6886623760396,-90.5769566976698.jpg",3,41,229,330,159,371,388
"Morganza_all/013385@29.689503030243,-90.5761921938739.jpg",1,180,247,227,124,407,371
"Morganza_all/013386@29.6904978606827,-90.5752974728122.jpg",3,81,223,374,157,455,380
"Morganza_all/013387@29.6914643124299,-90.5743706661325.jpg",1,158,269,184,111,342,380
"Morganza_all/013388@29.6916946953947,-90.5740221189752.jpg",1,193,246,179,108,372,354
"Morganza_all/013389@29.6921363665519,-90.5736799973497.jpg",1,147,242,300,118,447,360
"Morganza_all/013401@29.6968306218521,-90.5695468937217.jpg",6,283,275,86,84,369,359
"Morganza_all/013402@29.6969984061582,-90.5693358715172.jpg",6,261,277,122,108,383,385
"Morganza_all/013410@29.6992403914314,-90.5673586850118.jpg",3,252,274,308,82,560,356
"Morganza_all/013414@29.7000292289359,-90.5685867825754.jpg",1,37,219,458,154,495,373
"Morganza_all/013417@29.7011937019836,-90.5702314695465.jpg",1,32,247,480,149,512,396
"Morganza_all/013418@29.7015018650315,-90.5699387311854.jpg",1,21,237,387,147,408,384
"Morganza_all/013421@29.7023966706318,-90.5691111621015.jpg",1,120,212,307,172,427,384
"Morganza_all/013422@29.7025541650186,-90.5689466043098.jpg",3,128,196,321,179,449,375
"Morganza_all/013423@29.7027221833423,-90.5687759177189.jpg",1,172,197,285,187,457,384
"Morganza_all/013424@29.7029848756809,-90.5685379803113.jpg",1,274,199,310,183,584,382
"Morganza_all/013428@29.7030784879687,-90.5664742792659.jpg",2,208,286,433,100,641,386
"Morganza_all/013429@29.7032674451014,-90.566273187643.jpg",1,284,268,317,103,601,371
"Morganza_all/013431@29.703719301523,-90.5658704348382.jpg",1,190,265,347,109,537,374
"Morganza_all/013439@29.7053446485993,-90.5692519684845.jpg",1,161,292,319,116,480,408
"Morganza_all/013440@29.7052636312257,-90.569851528507.jpg",2,10,298,363,110,373,408
"Morganza_all/013442@29.7053967358582,-90.5709455488945.jpg",1,105,306,429,83,534,389
"Morganza_all/013446@29.7046140055773,-90.5707639958963.jpg",2,0,295,606,117,606,412
"Morganza_all/013447@29.704827390727,-90.5702178624816.jpg",2,1,287,465,147,466,434
"Morganza_all/013448@29.7050531355193,-90.569986253804.jpg",2,0,293,408,133,408,426
"Morganza_all/013449@29.7047924480093,-90.5696615264909.jpg",2,177,295,464,88,641,383
"Morganza_all/013476@29.6924275458209,-90.5741052811297.jpg",2,191,301,450,115,641,416
"Morganza_all/013477@29.6922595554384,-90.5742819881565.jpg",1,277,257,211,143,488,400
"Morganza_all/013478@29.6921018368116,-90.5744041603379.jpg",3,128,253,380,135,508,388
"Morganza_all/013479@29.6919125247739,-90.5745507605237.jpg",1,54,285,504,128,558,413
"Morganza_all/013480@29.6915710881386,-90.5748739761544.jpg",1,108,290,421,117,529,407
"Morganza_all/013481@29.6912613561669,-90.5751969178302.jpg",1,193,246,298,144,491,390
"Morganza_all/013482@29.6910931545747,-90.5753373081975.jpg",3,245,245,232,154,477,399
"Morganza_all/013483@29.6907148702837,-90.5756849860109.jpg",2,3,264,565,163,568,427
"Morganza_all/013484@29.6897693534656,-90.5765813478328.jpg",1,169,292,346,100,515,392
"Morganza_all/013485@29.6895812171011,-90.5769275472608.jpg",1,285,267,101,91,386,358
"Morganza_all/013486@29.6892021967654,-90.5771482002457.jpg",1,127,277,377,123,504,400
"Morganza_all/013487@29.6888603353738,-90.5773987743351.jpg",2,4,285,468,105,472,390
"Morganza_all/013489@29.68784673479,-90.5783984466264.jpg",1,11,284,320,101,331,385
"Morganza_all/013493@29.6881396282948,-90.5788136345896.jpg",4,283,292,97,92,380,384
"Morganza_all/013494@29.6884015039846,-90.578430574016.jpg",1,120,281,464,108,584,389
"Morganza_all/013496@29.6886672306495,-90.5777994610434.jpg",1,138,287,310,94,448,381
"Morganza_all/013497@29.6890313261514,-90.5777422884207.jpg",1,148,275,493,149,641,424
"Morganza_all/013498@29.6896356523111,-90.5772114417726.jpg",1,153,286,476,136,629,422
"Morganza_all/013499@29.6899877515129,-90.5769002854461.jpg",1,102,282,457,137,559,419
"Morganza_all/013500@29.6901557454425,-90.576723586828.jpg",1,183,298,401,126,584,424
"Morganza_all/013501@29.6905078508545,-90.5764184742189.jpg",1,111,235,530,188,641,423
"Morganza_all/013502@29.6913063882606,-90.5756805065683.jpg",1,230,299,397,122,627,421
"Morganza_all/013503@29.6914693103444,-90.5755401249742.jpg",1,162,298,436,138,598,436
"Morganza_all/013504@29.6916426172259,-90.5753694598628.jpg",3,137,285,456,150,593,435
"Morganza_all/013505@29.6918160284957,-90.5752169034331.jpg",1,203,299,379,108,582,407
"Morganza_all/013506@29.6919841600769,-90.5750644179839.jpg",1,178,299,437,123,615,422
"Morganza_all/013507@29.6921522912974,-90.5749119005278.jpg",1,139,283,492,147,631,430
"Morganza_all/013508@29.692325667078,-90.5747532955747.jpg",1,193,297,403,125,596,422
"Morganza_all/013509@29.6925094623892,-90.57457045363.jpg",1,224,294,403,125,627,419
"Morganza_all/013510@29.6926565442014,-90.5744301886865.jpg",1,164,289,409,131,573,420
"Morganza_all/013512@29.693182019052,-90.5739664527056.jpg",1,268,263,340,182,608,445
"Morganza_all/013544@29.6996390543417,-90.5690051640191.jpg",1,49,308,414,89,463,397
"Morganza_all/013545@29.6992029216556,-90.5693896231889.jpg",1,41,264,472,145,513,409
"Morganza_all/013546@29.6989717650828,-90.569603118125.jpg",1,77,288,416,96,493,384
"Morganza_all/013547@29.6985779308,-90.5699932969584.jpg",1,123,283,358,97,481,380
"Morganza_all/013548@29.6983520880862,-90.5702127962077.jpg",1,45,249,448,133,493,382
"Morganza_all/013549@29.6981525303334,-90.5704079037316.jpg",1,2,287,467,100,469,387
"Morganza_all/013550@29.6979475948143,-90.5705909563568.jpg",1,6,280,479,94,485,374
"Morganza_all/013551@29.6977005269364,-90.5707924720115.jpg",2,0,279,479,116,479,395
"Morganza_all/013552@29.6954099138104,-90.5728909315173.jpg",1,9,290,419,90,428,380
"Morganza_all/013554@29.6952576513556,-90.5730433052625.jpg",1,22,289,400,90,422,379
"Morganza_all/013556@29.6950842151488,-90.5731958709167.jpg",3,59,287,376,106,435,393
"Morganza_all/013558@29.6949108761122,-90.5733604985553.jpg",3,92,305,298,103,390,408
"Morganza_all/013560@29.6947321873415,-90.5735131030199.jpg",1,23,285,383,114,406,399
"Morganza_all/013562@29.6945853090366,-90.5736836074591.jpg",1,6,302,399,105,405,407
"Morganza_all/013564@29.6944066197044,-90.5738361793549.jpg",1,104,310,274,96,378,406
"Morganza_all/013566@29.6942385597304,-90.5740007961923.jpg",1,52,308,364,100,416,408
"Morganza_all/013569@29.6940440034563,-90.5741534873932.jpg",1,70,298,326,100,396,398
"Morganza_all/013570@29.693865173861,-90.5742819009354.jpg",3,110,298,414,108,524,406
"Morganza_all/013572@29.6937130922577,-90.5744705841354.jpg",1,77,299,368,105,445,404
"Morganza_all/013573@29.6934893660177,-90.5741395542641.jpg",1,253,296,279,119,532,415
"Morganza_all/013574@29.6935343320847,-90.5746110592434.jpg",1,217,290,311,147,528,437
"Morganza_all/013575@29.6933265503718,-90.5742980820135.jpg",1,239,294,271,121,510,415
"Morganza_all/013576@29.6932453002122,-90.574861283876.jpg",1,168,299,274,140,442,439
"Morganza_all/013577@29.6930718891882,-90.5750138116067.jpg",1,66,294,411,95,477,389
"Morganza_all/013578@29.6928800523658,-90.574718855843.jpg",1,76,292,376,126,452,418
"Morganza_all/013579@29.6926961596441,-90.5748896359444.jpg",1,37,290,448,108,485,398
"Morganza_all/013580@29.6927515350929,-90.5753307909252.jpg",1,90,290,337,94,427,384
"Morganza_all/013581@29.6925782284546,-90.5755014894898.jpg",1,52,289,438,104,490,393
"Morganza_all/013583@29.692228820545,-90.5753589715651.jpg",2,0,293,386,122,386,415
"Morganza_all/013584@29.6922156705431,-90.5758248324322.jpg",3,62,303,288,87,350,390
"Morganza_all/013585@29.6920236609483,-90.5754996429622.jpg",2,4,294,396,121,400,415
"Morganza_all/013586@29.6920580278534,-90.5759651746423.jpg",1,76,299,386,93,462,392
"Morganza_all/013587@29.6918846504238,-90.5761237455767.jpg",1,113,297,363,93,476,390
"Morganza_all/013588@29.6916768797034,-90.5758168174883.jpg",2,1,306,415,106,416,412
"Morganza_all/013589@29.6917219021291,-90.5762943613887.jpg",3,40,303,499,107,539,410
"Morganza_all/013590@29.6915143686713,-90.5760237146638.jpg",3,34,311,352,105,386,416
"Morganza_all/013591@29.6915484547317,-90.5764408689007.jpg",3,90,292,425,116,515,408
"Morganza_all/013592@29.6913301600719,-90.5761400365009.jpg",2,1,310,434,99,435,409
"Morganza_all/013593@29.6913800425986,-90.5765449762003.jpg",1,148,289,239,110,387,399
"Morganza_all/013594@29.6909178798601,-90.5770021329794.jpg",1,24,308,422,95,446,403
"Morganza_all/013595@29.6907154532357,-90.5767012127527.jpg",1,37,300,443,114,480,414
"Morganza_all/013596@29.6905684038359,-90.5768475184839.jpg",1,21,287,360,133,381,420
"Morganza_all/013597@29.6905711574758,-90.5773253769264.jpg",1,63,302,388,94,451,396
"Morganza_all/013598@29.6904031277328,-90.577495996936.jpg",3,90,290,338,98,428,388
"Morganza_all/013599@29.6902217861652,-90.577188870824.jpg",1,70,240,341,164,411,404
"Morganza_all/013600@29.6902244689258,-90.5776546339663.jpg",1,65,292,338,95,403,387
"Morganza_all/013601@29.6900219741241,-90.5773416208755.jpg",1,54,291,396,127,450,418
"Morganza_all/013602@29.6898486298367,-90.5775062330019.jpg",1,32,303,439,114,471,417
"Morganza_all/013603@29.6896806696675,-90.5776889765578.jpg",3,66,265,404,112,470,377
"Morganza_all/013604@29.689714680661,-90.57809399863.jpg",1,95,296,397,106,492,402
"Morganza_all/013605@29.6895415095582,-90.5782888743711.jpg",3,69,292,335,106,404,398
"Morganza_all/013606@29.6894967657363,-90.5778536987483.jpg",1,95,262,284,124,379,386
"Morganza_all/013607@29.6889240105968,-90.5783661300088.jpg",3,70,280,398,127,468,407
"Morganza_all/013608@29.6891261552402,-90.5786186741276.jpg",1,114,298,387,91,501,389
"Morganza_all/013609@29.6882575831199,-90.5800406580205.jpg",3,54,262,456,144,510,406
"Morganza_all/013610@29.6894868072713,-90.5788760395396.jpg",1,225,246,348,161,573,407
"Morganza_all/013611@29.6900857193403,-90.5783210813822.jpg",1,96,209,488,190,584,399
"Morganza_all/013612@29.6911734090642,-90.577351061819.jpg",2,1,240,589,167,590,407
"Morganza_all/013613@29.6916620758495,-90.5769118151391.jpg",1,173,268,331,144,504,412
"Morganza_all/013614@29.6918616359826,-90.5767106861116.jpg",1,135,259,331,139,466,398
"Morganza_all/013615@29.6935113593425,-90.5752040568291.jpg",1,49,96,459,364,508,460
"Morganza_all/013616@29.6940319768064,-90.5748129571528.jpg",1,194,234,330,159,524,393
"Morganza_all/013617@29.6949404185091,-90.5738986796327.jpg",1,192,259,409,159,601,418
"Morganza_all/013618@29.6952870273448,-90.5735572682984.jpg",1,183,270,434,164,617,434
"Morganza_all/013619@29.6956337755577,-90.573240074704.jpg",1,95,282,484,123,579,405
"Morganza_all/013620@29.6959701738322,-90.5729592422064.jpg",1,223,242,393,164,616,406
"Morganza_all/013621@29.6961540366909,-90.5727884846727.jpg",1,194,264,346,145,540,409
"Morganza_all/013622@29.6965955993406,-90.5724282007205.jpg",1,143,250,454,158,597,408
"Morganza_all/013623@29.696794731519,-90.5721544546677.jpg",1,167,277,378,132,545,409
"Morganza_all/013624@29.6971312679675,-90.5718978357269.jpg",1,143,266,419,128,562,394
"Morganza_all/013632@29.6993873073731,-90.570217026234.jpg",1,74,242,516,171,590,413
"Morganza_all/013639@29.6981315866083,-90.5713517994064.jpg",2,168,275,473,118,641,393
"Morganza_all/013647@29.6965869683515,-90.5727609720598.jpg",1,92,283,363,86,455,369
"Morganza_all/013655@29.6952203270932,-90.574809994704.jpg",1,170,283,285,99,455,382
"Morganza_all/013657@29.6945382229522,-90.5746760456822.jpg",1,10,279,488,125,498,404
"Morganza_all/013658@29.6947309335016,-90.5751222152107.jpg",1,52,290,473,110,525,400
"Morganza_all/013659@29.6943124422441,-90.5749076196441.jpg",3,179,284,360,118,539,402
"Morganza_all/013660@29.6943158666169,-90.5755004218091.jpg",1,181,248,385,149,566,397
"Morganza_all/013661@29.694007465763,-90.5751397927392.jpg",3,57,243,475,161,532,404
"Morganza_all/013665@29.6949637417647,-90.5751930508531.jpg",1,134,290,439,170,573,460
"Morganza_all/013667@29.6959900784838,-90.5754877396656.jpg",3,140,255,279,99,419,354
"Morganza_all/013671@29.6965980985089,-90.5737711625468.jpg",1,244,289,327,132,571,421
"Morganza_all/013672@29.6970016974268,-90.5741492168326.jpg",1,54,282,470,100,524,382
"Morganza_all/013674@29.6972956926321,-90.5738445153903.jpg",1,151,285,467,111,618,396
"Morganza_all/013675@29.696971378192,-90.5734719065182.jpg",3,156,255,451,149,607,404
"Morganza_all/013676@29.6976426865522,-90.573569647341.jpg",1,78,226,457,197,535,423
"Morganza_all/013677@29.6979241254702,-90.5738276179097.jpg",1,103,277,421,87,524,364
"Morganza_all/013679@29.697915519101,-90.5732530079031.jpg",1,189,274,414,114,603,388
"Morganza_all/013680@29.6975335268947,-90.5729594549889.jpg",1,79,256,544,147,623,403
"Morganza_all/013681@29.6977591639381,-90.5727036800514.jpg",3,68,264,407,113,475,377
"Morganza_all/013682@29.6980221789823,-90.5725201904303.jpg",3,84,288,470,107,554,395
"Morganza_all/013683@29.6982427809359,-90.5723067845869.jpg",1,161,286,457,106,618,392
"Morganza_all/013684@29.6982251408764,-90.5729118653059.jpg",2,1,266,429,134,430,400
"Morganza_all/013685@29.6983531699231,-90.5731286681353.jpg",1,258,264,377,148,635,412
"Morganza_all/013686@29.6986196187879,-90.5735380061414.jpg",3,112,257,323,102,435,359
"Morganza_all/013687@29.6989139629368,-90.5732938029795.jpg",1,114,251,329,114,443,365
"Morganza_all/013688@29.698663422457,-90.5728964386921.jpg",1,108,276,375,138,483,414
"Morganza_all/013689@29.698514091299,-90.5726434803976.jpg",1,91,282,466,139,557,421
"Morganza_all/013690@29.6985629245418,-90.5719595102538.jpg",1,180,283,407,123,587,406
"Morganza_all/013691@29.6987946114659,-90.5718367632767.jpg",1,123,279,506,147,629,426
"Morganza_all/013692@29.6990099677062,-90.571629441834.jpg",1,71,257,570,161,641,418
"Morganza_all/013693@29.6988293069249,-90.5723567513137.jpg",3,90,257,420,152,510,409
"Morganza_all/013694@29.698989470858,-90.572651960959.jpg",1,174,212,390,210,564,422
"Morganza_all/013695@29.6993026599442,-90.572921817874.jpg",1,54,234,475,158,529,392
"Morganza_all/013696@29.699023720773,-90.5721798598869.jpg",1,12,224,421,192,433,416
"Morganza_all/013697@29.6993133790536,-90.5720384972911.jpg",1,53,222,338,194,391,416
"Morganza_all/013698@29.6996806287964,-90.5725257208013.jpg",3,183,256,291,99,474,355
"Morganza_all/013699@29.7000001340563,-90.5720635410636.jpg",1,211,221,373,140,584,361
"Morganza_all/013700@29.6996913376425,-90.5716363492322.jpg",1,46,203,314,184,360,387
"Morganza_all/013701@29.699943237512,-90.571362191206.jpg",1,155,246,258,158,413,404
"Morganza_all/013702@29.7003951251924,-90.5718669456899.jpg",1,131,284,291,93,422,377
"Morganza_all/013704@29.7006195385632,-90.5714054532782.jpg",1,257,217,289,161,546,378
"Morganza_all/013705@29.7004018222312,-90.5712014264125.jpg",3,271,262,316,138,587,400
"Morganza_all/013706@29.70027924533,-90.5710148185387.jpg",3,96,232,297,158,393,390
"Morganza_all/013707@29.6992409947569,-90.5713978095982.jpg",1,241,244,399,156,640,400
"Morganza_all/013708@29.6994196459064,-90.571239147097.jpg",1,258,279,383,130,641,409
"Morganza_all/013709@29.6996350011947,-90.5710318230726.jpg",1,178,284,463,145,641,429
"Morganza_all/013710@29.6998767897239,-90.570830344354.jpg",1,250,272,254,119,504,391
"Morganza_all/013711@29.700076348084,-90.57063523431.jpg",1,236,276,390,134,626,410
"Morganza_all/013712@29.7002813967397,-90.5704763678198.jpg",3,167,254,368,167,535,421
"Morganza_all/013713@29.7006156738872,-90.5707400129705.jpg",1,116,244,341,178,457,422
"Morganza_all/013714@29.7009411124607,-90.5713001609937.jpg",1,190,273,210,108,400,381
"Morganza_all/013715@29.7015826787073,-90.5708173418919.jpg",1,212,166,328,209,540,375
"Morganza_all/013716@29.7013802105307,-90.5705164023103.jpg",3,216,213,292,177,508,390
"Morganza_all/013717@29.7009840185604,-90.570501280123.jpg",1,4,266,542,125,546,391
"Morganza_all/013725@29.7031233656006,-90.5687365643422.jpg",1,166,202,363,169,529,371
"Morganza_all/013726@29.7049022050928,-90.5712760347139.jpg",3,180,290,353,90,533,380
"Morganza_all/013729@29.7045070132934,-90.570528846719.jpg",3,5,292,392,131,397,423
"Morganza_all/013730@29.7039921454424,-90.5709986204426.jpg",2,4,210,336,219,340,429
"Morganza_all/013731@29.7036978132698,-90.5712488906029.jpg",2,1,263,640,177,641,440
"Morganza_all/013732@29.7043355818191,-90.5701127196933.jpg",1,166,242,416,142,582,384
"Morganza_all/013733@29.7039889116477,-90.5704420470319.jpg",3,227,270,381,121,608,391
"Morganza_all/013734@29.7037627168361,-90.5706010807111.jpg",5,273,298,91,86,364,384
"Morganza_all/013735@29.7035163518408,-90.5709235921152.jpg",1,163,296,372,127,535,423
"Morganza_all/013736@29.7033480495743,-90.5710458640117.jpg",1,244,284,333,114,577,398
"Morganza_all/013737@29.7031432460704,-90.5712470674444.jpg",1,245,287,396,125,641,412
"Morganza_all/013738@29.7030464859517,-90.5718649075235.jpg",2,3,301,361,141,364,442
"Morganza_all/013739@29.7028698492193,-90.5714609196722.jpg",1,306,287,308,92,614,379
"Morganza_all/013740@29.7027836122083,-90.57207259842.jpg",2,0,273,336,142,336,415
"Morganza_all/013742@29.7023391814022,-90.5719428652908.jpg",3,225,286,416,119,641,405
"Morganza_all/013743@29.7024894885288,-90.5723591792941.jpg",2,3,281,497,139,500,420
"Morganza_all/013744@29.7021503911139,-90.5721742135662.jpg",3,217,227,375,193,592,420
"Morganza_all/013745@29.702121623837,-90.5726765582596.jpg",2,6,292,516,131,522,423
"Morganza_all/013746@29.7014344133781,-90.57257289221.jpg",1,289,279,182,89,471,368
"Morganza_all/013747@29.7017382072783,-90.5730485146746.jpg",3,136,261,368,139,504,400
"Morganza_all/013748@29.7015541340004,-90.5731829961999.jpg",3,7,276,394,134,401,410
"Morganza_all/013749@29.7011569611605,-90.5729984708142.jpg",1,150,292,442,104,592,396
"Morganza_all/013750@29.7012598603128,-90.5734393326154.jpg",1,11,291,518,127,529,418
"Morganza_all/013751@29.7005680361972,-90.5734506353906.jpg",1,172,253,288,122,460,375
"Morganza_all/013752@29.701044326041,-90.5736163859288.jpg",1,97,185,408,232,505,417
"Morganza_all/013753@29.700860742488,-90.5738355930315.jpg",2,4,233,549,182,553,415
"Morganza_all/013754@29.7006348234101,-90.5740429937053.jpg",1,12,276,609,150,621,426
"Morganza_all/013755@29.7001583239507,-90.5738409257603.jpg",3,217,255,333,116,550,371
"Morganza_all/013756@29.7002670595151,-90.574378502894.jpg",1,9,272,520,143,529,415
"Morganza_all/013757@29.6999323348848,-90.5740362301406.jpg",1,36,272,504,126,540,398
"Morganza_all/013758@29.6995701655793,-90.5744261549578.jpg",1,170,292,392,105,562,397
"Morganza_all/013761@29.699286518535,-90.5746944658076.jpg",1,130,299,403,102,533,401
"Morganza_all/013762@29.6994472438511,-90.5750925177712.jpg",1,29,278,543,137,572,415
"Morganza_all/013763@29.6990974510651,-90.5748834390058.jpg",1,119,292,522,101,641,393
"Morganza_all/013765@29.6986349026999,-90.5752680705023.jpg",1,221,295,420,105,641,400
"Morganza_all/013766@29.6987956188708,-90.5756600732421.jpg",1,15,275,432,152,447,427
"Morganza_all/013769@29.6980040189703,-90.5757749560597.jpg",1,206,281,343,95,549,376
"Morganza_all/013779@29.7065250252078,-90.57250636294.jpg",1,203,347,365,112,568,459
"Morganza_all/013780@29.6976201347365,-90.571500898862.jpg",1,124,272,439,101,563,373
"Morganza_all/013781@29.6980139659018,-90.5711046821939.jpg",1,66,268,563,122,629,390
"Morganza_all/013782@29.6983712673245,-90.5707873594699.jpg",1,171,291,302,97,473,388
"Morganza_all/013783@29.6987754799243,-90.5703608197824.jpg",1,123,285,475,116,598,401
"Morganza_all/013784@29.6990593291145,-90.570128782167.jpg",1,132,261,486,140,618,401
"Morganza_all/013785@29.6992114747751,-90.5699521770188.jpg",1,8,245,614,159,622,404
"Morganza_all/013786@29.6994375281376,-90.5697689595826.jpg",1,76,263,464,144,540,407
"Morganza_all/013787@29.6996634481708,-90.569567599344.jpg",1,118,271,461,114,579,385
"Morganza_all/013788@29.6998786600105,-90.5693360815853.jpg",1,119,273,476,130,595,403
"Morganza_all/013789@29.7000945129272,-90.5692194640332.jpg",1,120,284,427,109,547,393
"Morganza_all/013790@29.6437100769116,-90.5489187745407.jpg",5,313,303,89,81,402,384
"Morganza_all/013791@29.6438642782968,-90.5486262749587.jpg",1,250,287,257,107,507,394
"Morganza_all/013793@29.6441574165097,-90.5482387775766.jpg",1,187,269,454,125,641,394
"Morganza_all/013794@29.6444934085288,-90.5481515844759.jpg",2,238,283,403,90,641,373
"Morganza_all/013795@29.6443443933166,-90.5479366371584.jpg",2,161,290,480,86,641,376
"Morganza_all/013796@29.6445319609,-90.5477378428918.jpg",1,83,287,442,95,525,382
"Morganza_all/013797@29.6442017150788,-90.5474115859932.jpg",5,310,303,108,90,418,393
"Morganza_all/013798@29.6446945795411,-90.547482892765.jpg",1,221,288,363,92,584,380
"Morganza_all/013799@29.6449313111621,-90.5472649481464.jpg",1,168,281,371,89,539,370
"Morganza_all/013801@29.6452153493398,-90.5467271601153.jpg",1,161,295,348,84,509,379
"Morganza_all/013803@29.645849790952,-90.5457731687753.jpg",1,171,262,320,169,491,431
"Morganza_all/013804@29.645225706209,-90.5457217278781.jpg",2,6,220,635,217,641,437
"Morganza_all/013813@29.6461502961007,-90.5452446548285.jpg",1,167,275,297,135,464,410
"Morganza_all/013814@29.6463953878237,-90.5450548118454.jpg",3,118,296,354,86,472,382
"Morganza_all/013815@29.6465659132315,-90.5447527882776.jpg",3,60,300,408,90,468,390
"Morganza_all/013816@29.6461039030042,-90.5443523953834.jpg",3,155,243,329,103,484,346
"Morganza_all/013824@29.6470870063159,-90.5440533769532.jpg",3,82,265,258,125,340,390
"Morganza_all/013828@29.6468576457584,-90.5427679626861.jpg",1,232,213,303,185,535,398
"Morganza_all/013829@29.6479413399093,-90.5428157560846.jpg",1,137,291,376,97,513,388
"Morganza_all/013830@29.6474879440522,-90.5424904772396.jpg",3,126,259,332,146,458,405
"Morganza_all/013831@29.6471164310948,-90.5421269963631.jpg",1,41,236,574,132,615,368
"Morganza_all/013832@29.6473359159858,-90.5417776075259.jpg",1,99,270,461,128,560,398
"Morganza_all/013833@29.6478613895497,-90.5418110099675.jpg",1,289,280,339,96,628,376
"Morganza_all/013834@29.6481718023617,-90.5415642856612.jpg",3,207,259,230,153,437,412
"Morganza_all/013835@29.6482501700114,-90.5409529125982.jpg",3,46,267,458,149,504,416
"Morganza_all/013836@29.6483967837378,-90.5407638348661.jpg",5,274,274,102,95,376,369
"Morganza_all/013837@29.6486693748676,-90.5410529501732.jpg",2,0,105,468,346,468,451
"Morganza_all/013838@29.6489089621618,-90.5413141515157.jpg",1,229,269,253,173,482,442
"Morganza_all/013839@29.6490656429848,-90.5414350633253.jpg",1,83,256,251,171,334,427
"Morganza_all/013840@29.6491326427158,-90.5416600416529.jpg",1,192,276,136,95,328,371
"Morganza_all/013841@29.6492322758645,-90.541847172217.jpg",1,157,258,165,100,322,358
"Morganza_all/013842@29.6486977864624,-90.5416822760584.jpg",1,211,254,202,139,413,393
"Morganza_all/013844@29.6482989940328,-90.5422397991167.jpg",3,135,277,351,113,486,390
"Morganza_all/013845@29.648317053409,-90.5425121342998.jpg",3,182,260,187,102,369,362
"Morganza_all/013846@29.6479144025579,-90.5465274143135.jpg",1,164,246,404,164,568,410
"Morganza_all/013847@29.6482476873214,-90.5459892207538.jpg",1,106,284,484,110,590,394
"Morganza_all/013848@29.648540196844,-90.5454983160078.jpg",1,190,279,451,208,641,487
"Morganza_all/013849@29.6486133804755,-90.5453850021139.jpg",1,274,275,268,212,542,487
"Morganza_all/013850@29.6486783129375,-90.5452623398262.jpg",1,244,284,83,92,327,376
"Morganza_all/013851@29.6487432741526,-90.545149058868.jpg",2,229,273,412,208,641,481
"Morganza_all/013852@29.6492718858371,-90.5443368365453.jpg",1,209,271,318,147,527,418
"Morganza_all/013853@29.6496536760236,-90.5436760933775.jpg",1,41,268,600,132,641,400
"Morganza_all/013854@29.6493894548729,-90.5434150788861.jpg",1,220,265,288,94,508,359
"Morganza_all/013857@29.6501134973265,-90.5423475790211.jpg",1,181,306,185,98,366,404
"Morganza_all/013858@29.6498667667833,-90.5422649665278.jpg",1,120,292,291,87,411,379
"Morganza_all/013862@29.6502918313455,-90.5433421897648.jpg",2,3,288,638,141,641,429
"Morganza_all/013863@29.6503343573785,-90.5435861604256.jpg",5,239,309,103,85,342,394
"Morganza_all/013864@29.6503194677604,-90.5438399660463.jpg",1,159,273,482,162,641,435
"Morganza_all/013865@29.6501247579651,-90.544217342418.jpg",1,149,283,345,122,494,405
"Morganza_all/013866@29.6499103529599,-90.5440499080686.jpg",3,107,275,251,125,358,400
"Morganza_all/013867@29.6498289486531,-90.5441633207154.jpg",1,203,302,186,88,389,390
"Morganza_all/013868@29.6495850157825,-90.5445410825181.jpg",2,0,248,297,155,297,403
"Morganza_all/013869@29.6498398264216,-90.5446048415864.jpg",4,289,285,94,83,383,368
"Morganza_all/013871@29.6496619263541,-90.5450478807901.jpg",3,219,244,257,146,476,390
"Morganza_all/013872@29.6495403964547,-90.545311905855.jpg",1,113,283,443,120,556,403
"Morganza_all/013873@29.6494220930527,-90.5447490804578.jpg",1,228,246,265,259,493,505
"Morganza_all/013876@29.649353877132,-90.5456892434219.jpg",1,165,286,281,135,446,421
"Morganza_all/013877@29.6490653310105,-90.5454753876075.jpg",1,192,240,241,199,433,439
"Morganza_all/013880@29.649044668321,-90.5461332797589.jpg",1,135,290,506,103,641,393
"Morganza_all/013882@29.6487890690145,-90.5459379905441.jpg",1,150,307,309,103,459,410
"Morganza_all/013884@29.6488579211743,-90.5464730258301.jpg",3,120,284,335,119,455,403
"Morganza_all/013885@29.648607224006,-90.5470951334823.jpg",1,215,277,416,154,631,431
"Morganza_all/013887@29.6484399313519,-90.546570254609.jpg",1,7,291,390,159,397,450
"Morganza_all/013889@29.6485778238665,-90.5462966921522.jpg",1,1,290,353,174,354,464
"Morganza_all/013890@29.6486346479303,-90.5461928891666.jpg",1,87,293,243,199,330,492
"Morganza_all/013892@29.6492396716867,-90.5471747272362.jpg",1,112,218,322,302,434,520
"Morganza_all/013893@29.6494682931967,-90.5469755992717.jpg",1,38,290,533,150,571,440
"Morganza_all/013895@29.6496799910143,-90.5466920727156.jpg",3,208,274,433,168,641,442
"Morganza_all/013896@29.6498337365937,-90.5463244068137.jpg",1,59,264,459,196,518,460
"Morganza_all/013897@29.6491469162647,-90.5467620290066.jpg",2,3,236,441,231,444,467
"Morganza_all/013898@29.6492682234351,-90.5464603870091.jpg",1,174,270,353,161,527,431
"Morganza_all/013899@29.6494796381036,-90.5461298587784.jpg",1,46,252,321,199,367,451
"Morganza_all/013901@29.6496747482162,-90.545818252521.jpg",1,60,289,447,113,507,402
"Morganza_all/013902@29.6497716678732,-90.5455543899412.jpg",3,161,273,230,150,391,423
"Morganza_all/013903@29.6501176015121,-90.5457583826067.jpg",1,286,253,290,190,576,443
"Morganza_all/013904@29.6502223205987,-90.5454286899794.jpg",1,80,274,561,136,641,410
"Morganza_all/013906@29.6503355721528,-90.5451553151.jpg",1,202,295,433,94,635,389
"Morganza_all/013907@29.6504904993922,-90.5449849693922.jpg",1,179,301,462,114,641,415
"Morganza_all/013908@29.650587672224,-90.5447680742582.jpg",2,87,282,554,129,641,411
"Morganza_all/013909@29.6502351241432,-90.5448272374171.jpg",1,75,291,392,100,467,391
"Morganza_all/013910@29.6503157107637,-90.5445822963094.jpg",1,134,281,354,134,488,415
"Morganza_all/013911@29.650429101092,-90.5443277143412.jpg",2,1,295,492,126,493,421
"Morganza_all/013912@29.6507412995647,-90.5443816391488.jpg",5,289,304,103,88,392,392
"Morganza_all/013913@29.6509199889687,-90.5440701550101.jpg",1,66,266,254,174,320,440
"Morganza_all/013914@29.6506486482613,-90.5439877002163.jpg",1,62,293,528,136,590,429
"Morganza_all/013915@29.6507380209133,-90.5438366645484.jpg",1,173,278,359,110,532,388
"Morganza_all/013916@29.6510662403518,-90.5438246936383.jpg",2,138,265,503,192,641,457
"Morganza_all/013917@29.6507025294923,-90.5433953340373.jpg",1,10,276,544,126,554,402
"Morganza_all/013918@29.6512123781275,-90.5435604370623.jpg",2,168,259,473,213,641,472
"Morganza_all/013919@29.6513176574411,-90.5433246795791.jpg",2,167,240,474,211,641,451
"Morganza_all/013920@29.6513984951802,-90.5431173234379.jpg",4,273,287,124,95,397,382
"Morganza_all/013922@29.6511094355575,-90.5428189427912.jpg",3,93,236,376,171,469,407
"Morganza_all/013923@29.6509056851968,-90.543055446342.jpg",4,249,308,149,113,398,421
"Morganza_all/013924@29.6522001915815,-90.5426787588198.jpg",1,4,229,473,150,477,379
"Morganza_all/013926@29.6528159989541,-90.5427208991041.jpg",1,287,218,354,233,641,451
"Morganza_all/013927@29.6535948679999,-90.5425831757951.jpg",1,48,182,505,236,553,418
"Morganza_all/013928@29.6520815923643,-90.5430861139187.jpg",1,52,225,383,230,435,455
"Morganza_all/013929@29.6517796227819,-90.5430321116582.jpg",1,153,291,371,155,524,446
"Morganza_all/013930@29.651953510738,-90.5432844309162.jpg",1,129,270,466,145,595,415
"Morganza_all/013931@29.6517624871942,-90.5432507090382.jpg",1,187,296,161,88,348,384
"Morganza_all/013932@29.6518381724711,-90.5435531378247.jpg",1,186,292,455,144,641,436
"Morganza_all/013933@29.6517412850789,-90.5438216985663.jpg",1,186,267,455,180,641,447
"Morganza_all/013934@29.6515311739491,-90.5436824058962.jpg",1,101,298,293,98,394,396
"Morganza_all/013936@29.6513543083814,-90.5439586486731.jpg",1,29,287,432,120,461,407
"Morganza_all/013937@29.6514863762214,-90.5444227388942.jpg",2,4,255,637,207,641,462
"Morganza_all/013938@29.6513322409078,-90.5443816720232.jpg",1,252,310,147,98,399,408
"Morganza_all/013939@29.651196345129,-90.5443052319742.jpg",5,246,312,105,86,351,398
"Morganza_all/013940@29.6513037157061,-90.5447553805909.jpg",2,4,261,637,234,641,495
"Morganza_all/013942@29.6510811317761,-90.5445950597689.jpg",5,266,311,93,95,359,406
"Morganza_all/013943@29.6508862362977,-90.5449419005344.jpg",1,29,312,393,108,422,420
"Morganza_all/013945@29.6510308738818,-90.5454481725551.jpg",1,210,265,363,194,573,459
"Morganza_all/013946@29.6508655622963,-90.5455974751375.jpg",1,164,286,294,90,458,376
"Morganza_all/013947@29.6506851655842,-90.54528176788.jpg",2,5,284,436,134,441,418
"Morganza_all/013948@29.6505204182158,-90.5456806931141.jpg",2,4,294,385,129,389,423
"Morganza_all/013949@29.6507656116854,-90.545965730229.jpg",2,1,258,640,151,641,409
"Morganza_all/013951@29.6503222403877,-90.5460676016939.jpg",2,4,282,348,133,352,415
"Morganza_all/013952@29.6506529226381,-90.5462781396843.jpg",1,172,284,448,124,620,408
"Morganza_all/013953@29.6505751725614,-90.5464509307374.jpg",1,51,262,580,174,631,436
"Morganza_all/013954@29.6502588170671,-90.5462402481956.jpg",3,0,276,562,164,562,440
"Morganza_all/013955@29.6504622583561,-90.5467305672112.jpg",1,31,292,435,170,466,462
"Morganza_all/013956@29.65011786749,-90.5466184878459.jpg",1,22,292,430,97,452,389
"Morganza_all/013957@29.6503843877835,-90.5468787704736.jpg",2,239,211,402,227,641,438
"Morganza_all/013958@29.6502711777722,-90.5471092007171.jpg",1,103,295,477,123,580,418
"Morganza_all/013959@29.6501654884732,-90.5473969958429.jpg",1,176,292,425,134,601,426
"Morganza_all/013960@29.6497917787612,-90.547178576192.jpg",4,291,306,109,95,400,401
"Morganza_all/013962@29.649932904866,-90.5468249251295.jpg",2,6,287,340,145,346,432
"Morganza_all/013963@29.6497144969073,-90.5474251250337.jpg",2,4,245,637,232,641,477
"Morganza_all/013964@29.6497160684478,-90.5476874884314.jpg",1,175,266,225,128,400,394
"Morganza_all/013965@29.6499384067863,-90.5477431360657.jpg",1,76,267,481,122,557,389
"Morganza_all/013966@29.6503179888211,-90.5477483423002.jpg",2,0,254,485,208,485,462
"Morganza_all/013967@29.6508397023803,-90.5475720673474.jpg",2,151,279,490,116,641,395
"Morganza_all/013968@29.6506081022078,-90.5471639473435.jpg",1,4,275,558,126,562,401
"Morganza_all/013969@29.6510303913067,-90.5471278566055.jpg",1,76,265,472,231,548,496
"Morganza_all/013970@29.6511504559412,-90.5468481628122.jpg",2,2,273,490,248,492,521
"Morganza_all/013971@29.650919591062,-90.5465630098221.jpg",1,70,270,404,126,474,396
"Morganza_all/013972@29.6512570073121,-90.546699732979.jpg",5,232,295,95,96,327,391
"Morganza_all/013973@29.6510111761636,-90.5463081278071.jpg",1,87,292,365,111,452,403
"Morganza_all/013974@29.6513130574,-90.5464943376497.jpg",2,291,259,350,169,641,428
"Morganza_all/013975@29.6513909550334,-90.5463461324969.jpg",2,203,260,438,186,641,446
"Morganza_all/013976@29.6511305992685,-90.5459218366185.jpg",1,23,274,341,166,364,440
"Morganza_all/013977@29.6515248526749,-90.545984345838.jpg",5,260,302,151,120,411,422
"Morganza_all/013978@29.6512155968899,-90.5457654213097.jpg",1,5,290,401,132,406,422
"Morganza_all/013979@29.6513789064358,-90.545534561537.jpg",1,9,301,457,104,466,405
"Morganza_all/013980@29.6515810983831,-90.5458117219798.jpg",1,235,273,406,136,641,409
"Morganza_all/013981@29.651693468949,-90.5454418862514.jpg",1,163,273,333,177,496,450
"Morganza_all/013982@29.6515692927896,-90.5450411386736.jpg",1,1,294,486,103,487,397
"Morganza_all/013983@29.6518062051788,-90.5451376578598.jpg",1,13,268,472,148,485,416
"Morganza_all/013984@29.6520046541373,-90.5447917307943.jpg",5,234,323,98,84,332,407
"Morganza_all/013985@29.6518822781226,-90.5446861241059.jpg",1,198,316,148,100,346,416
"Morganza_all/013986@29.651724641183,-90.5446709634561.jpg",2,5,267,629,173,634,440
"Morganza_all/013987@29.6517951133899,-90.5444818550977.jpg",1,51,262,506,198,557,460
"Morganza_all/013988@29.6520890094939,-90.5445287156824.jpg",2,69,241,572,226,641,467
"Morganza_all/013989@29.6521952842211,-90.5443392928189.jpg",1,132,260,406,187,538,447
"Morganza_all/013990@29.6522513798523,-90.5441420795313.jpg",1,184,281,374,138,558,419
"Morganza_all/013991@29.6520068238966,-90.5439636400376.jpg",1,0,301,463,118,463,419
"Morganza_all/013992@29.6523291270714,-90.5439693152728.jpg",2,219,265,422,235,641,500
"Morganza_all/013993@29.6521697630459,-90.5436671985813.jpg",1,139,270,300,158,439,428
"Morganza_all/013994@29.6524701182715,-90.5435992488421.jpg",5,216,301,165,122,381,423
"Morganza_all/013996@29.6527106051059,-90.5430972355832.jpg",1,23,257,586,204,609,461
"Morganza_all/014000@29.6532691030316,-90.5430846087162.jpg",1,172,293,344,133,516,426
"Morganza_all/014002@29.6532220837182,-90.5436015012277.jpg",1,217,306,305,81,522,387
"Morganza_all/014004@29.6527339331692,-90.5445974303188.jpg",1,38,291,603,89,641,380
"Morganza_all/014005@29.6530257803425,-90.5431111186041.jpg",1,40,306,452,136,492,442
"Morganza_all/014006@29.6528980036467,-90.543300714082.jpg",3,46,268,588,196,634,464
"Morganza_all/014007@29.6527854691561,-90.5436377521546.jpg",1,10,235,406,168,416,403
"Morganza_all/014008@29.6526933464479,-90.5438024451469.jpg",1,26,263,490,161,516,424
"Morganza_all/014009@29.6525882070193,-90.5441804466198.jpg",1,12,312,396,95,408,407
"Morganza_all/014011@29.6524469675278,-90.5445094916971.jpg",5,0,290,375,136,375,426
"Morganza_all/014012@29.6523056013154,-90.544822165475.jpg",1,58,309,342,119,400,428
"Morganza_all/014013@29.6522566050593,-90.5450111368868.jpg",2,4,275,594,190,598,465
"Morganza_all/014014@29.6526086943765,-90.5452051354929.jpg",2,4,205,637,261,641,466
"Morganza_all/014015@29.6524526333235,-90.5454523129696.jpg",2,1,273,640,189,641,462
"Morganza_all/014016@29.6521366920427,-90.5453154232969.jpg",1,94,265,547,165,641,430
"Morganza_all/014017@29.6523392290551,-90.5456499769188.jpg",2,0,276,641,188,641,464
"Morganza_all/014018@29.6520097765578,-90.5456443840198.jpg",2,59,283,421,132,480,415
"Morganza_all/014019@29.6519320271316,-90.5458171464259.jpg",1,116,297,252,115,368,412
"Morganza_all/014020@29.6518471773965,-90.545998213026.jpg",1,4,290,355,166,359,456
"Morganza_all/014022@29.6516771324994,-90.5463028911954.jpg",2,1,290,338,169,339,459
"Morganza_all/014024@29.6514725130712,-90.5468128267097.jpg",2,1,273,343,182,344,455
"Morganza_all/014025@29.6514091380253,-90.5469936914263.jpg",2,1,293,308,158,309,451
"Morganza_all/014027@29.6514547218163,-90.5474278632869.jpg",1,214,284,227,125,441,409
"Morganza_all/014028@29.6512543017043,-90.5474458396718.jpg",2,0,278,310,157,310,435
"Morganza_all/014029@29.6516680657753,-90.5471802414512.jpg",1,184,265,378,139,562,404
"Morganza_all/014030@29.6516953922685,-90.5469586369972.jpg",2,1,278,355,173,356,451
"Morganza_all/014031@29.6519026671088,-90.5468914288491.jpg",1,163,288,347,96,510,384
"Morganza_all/014032@29.6518503745634,-90.5465311047409.jpg",1,259,290,364,153,623,443
"Morganza_all/014033@29.6520080603781,-90.5465544536095.jpg",1,206,292,172,131,378,423
"Morganza_all/014034@29.6521590882241,-90.546659837505.jpg",1,237,302,167,136,404,438
"Morganza_all/014035@29.6521933177375,-90.5463972177031.jpg",1,202,301,298,92,500,393
"Morganza_all/014037@29.6523638547745,-90.5461745170411.jpg",1,77,294,522,92,599,386
"Morganza_all/014039@29.6483139329525,-90.5491338272876.jpg",1,71,253,552,117,623,370
"Morganza_all/014041@29.648137977235,-90.5496517007041.jpg",1,205,262,243,125,448,387
"Morganza_all/014042@29.6478269146638,-90.5503264022062.jpg",1,162,292,303,142,465,434
"Morganza_all/014043@29.6476640094599,-90.5506310363572.jpg",1,289,259,226,149,515,408
"Morganza_all/014044@29.6475081826229,-90.5509191806458.jpg",1,10,238,452,137,462,375
"Morganza_all/014045@29.6474090479612,-90.5511085317786.jpg",3,233,257,177,125,410,382
"Morganza_all/014046@29.6472443109515,-90.5511016024498.jpg",5,263,288,87,88,350,376
"Morganza_all/014047@29.6470002045008,-90.5509969445651.jpg",4,244,295,103,84,347,379
"Morganza_all/014048@29.6471988371653,-90.5506838484177.jpg",1,273,276,166,98,439,374
"Morganza_all/014049@29.6473256951043,-90.5503385399027.jpg",1,247,274,232,112,479,386
"Morganza_all/014050@29.6474529160037,-90.5500587728835.jpg",2,200,254,441,178,641,432
"Morganza_all/014051@29.6475442141986,-90.5497547304933.jpg",2,1,251,397,245,398,496
"Morganza_all/014052@29.6477718401654,-90.5494987946932.jpg",1,115,298,352,101,467,399
"Morganza_all/014053@29.6479844528578,-90.5491281918814.jpg",3,117,281,359,119,476,400
"Morganza_all/014054@29.6480834378306,-90.5489142828474.jpg",1,141,298,327,87,468,385
"Morganza_all/014056@29.6482380829673,-90.5484293483846.jpg",1,38,292,526,171,564,463
"Morganza_all/014057@29.648315835658,-90.5482565629027.jpg",1,30,268,579,189,609,457
"Morganza_all/014058@29.6485073121838,-90.5479435133026.jpg",1,136,279,335,185,471,464
"Morganza_all/014059@29.6486785392051,-90.5478356023399.jpg",1,99,255,542,214,641,469
"Morganza_all/014060@29.6483762670763,-90.5475838191211.jpg",2,27,284,614,199,641,483
"Morganza_all/014062@29.647985549078,-90.5481115972697.jpg",1,35,281,521,114,556,395
"Morganza_all/014063@29.6476597264167,-90.5487126246629.jpg",1,52,273,384,142,436,415
"Morganza_all/014065@29.6474120195278,-90.549206470211.jpg",1,172,226,233,197,405,423
"Morganza_all/014066@29.6473202113497,-90.5494203527916.jpg",1,130,282,452,127,582,409
"Morganza_all/014067@29.6472282284382,-90.5496096490723.jpg",1,183,279,240,139,423,418
"Morganza_all/014068@29.6470718653561,-90.5498076342254.jpg",1,171,295,253,109,424,404
"Morganza_all/014069@29.6470087309206,-90.5500294763698.jpg",1,92,295,410,106,502,401
"Morganza_all/014071@29.6467035931473,-90.5504991774206.jpg",1,8,292,419,98,427,390
"Morganza_all/014072@29.6462659000202,-90.550355015442.jpg",4,269,254,100,83,369,337
"Morganza_all/014074@29.6465929542223,-90.5499589372893.jpg",3,225,303,127,95,352,398
"Morganza_all/014078@29.6472155408487,-90.5486833025822.jpg",1,258,236,296,146,554,382
"Morganza_all/014079@29.6474920679438,-90.5482220347304.jpg",2,0,229,524,149,524,378
"Morganza_all/014080@29.6476900834138,-90.5478023699889.jpg",1,48,295,479,107,527,402
"Morganza_all/014081@29.6479452292299,-90.5473576360394.jpg",2,172,270,469,206,641,476
"Morganza_all/014082@29.6474288482058,-90.5472305375174.jpg",5,311,302,82,92,393,394
"Morganza_all/014083@29.6471235730231,-90.5476756314974.jpg",1,178,271,244,102,422,373
"Morganza_all/014084@29.647146571129,-90.5479296032374.jpg",1,97,230,298,171,395,401
"Morganza_all/014085@29.6469404244772,-90.5481853725439.jpg",1,159,283,213,85,372,368
"Morganza_all/014087@29.6464384023139,-90.5492633030962.jpg",4,283,306,83,89,366,395
"Morganza_all/014093@29.6566611927216,-90.5418303915902.jpg",3,273,257,297,97,570,354
"Morganza_all/014095@29.6572557664527,-90.5412977182418.jpg",3,244,248,295,95,539,343
"Morganza_all/014096@29.6578503969658,-90.5407747984914.jpg",1,276,276,350,84,626,360
"Morganza_all/014100@29.6585910759811,-90.5403974055339.jpg",3,319,262,289,85,608,347
"Morganza_all/014103@29.6600520632839,-90.5405129384191.jpg",3,163,262,351,118,514,380
"Morganza_all/014104@29.6597912621899,-90.5425780767653.jpg",1,80,285,349,99,429,384
"Morganza_all/014105@29.6593039238025,-90.5424841330493.jpg",3,142,262,349,124,491,386
"Morganza_all/014106@29.6591968600696,-90.5431400991489.jpg",3,218,179,423,183,641,362
"Morganza_all/014107@29.6596666502945,-90.5431559425064.jpg",1,165,254,251,114,416,368
"Morganza_all/014108@29.6606978610541,-90.5399798330879.jpg",1,33,271,454,110,487,381
"Morganza_all/014109@29.6606259353104,-90.5407919553065.jpg",3,144,219,380,162,524,381
"Morganza_all/014110@29.6605262238972,-90.5412522828513.jpg",3,116,213,455,167,571,380
"Morganza_all/014111@29.6604605144927,-90.5416830270838.jpg",3,170,208,382,172,552,380
"Morganza_all/014112@29.6603612127089,-90.542211800126.jpg",3,228,222,413,168,641,390
"Morganza_all/014113@29.6602875372894,-90.5427403696633.jpg",1,203,242,376,133,579,375
"Morganza_all/014114@29.6602734647141,-90.5432391545082.jpg",3,185,216,333,146,518,362
"Morganza_all/014115@29.6601569310597,-90.5437387160939.jpg",1,248,234,303,131,551,365
"Morganza_all/014116@29.6600998555964,-90.5441889416668.jpg",1,158,207,355,163,513,370
"Morganza_all/014117@29.659587093887,-90.5441245349707.jpg",1,81,233,357,149,438,382
"Morganza_all/014118@29.6600340776844,-90.5446098905095.jpg",1,111,223,402,150,513,373
"Morganza_all/014119@29.659538482731,-90.5445648989985.jpg",1,132,247,274,144,406,391
"Morganza_all/014120@29.6599518994283,-90.5451483155248.jpg",1,161,209,311,150,472,359
"Morganza_all/014121@29.6594301162825,-90.5450057647607.jpg",1,112,238,356,143,468,381
"Morganza_all/014122@29.6599034297288,-90.5456082321883.jpg",1,153,213,256,155,409,368
"Morganza_all/014123@29.6598204534302,-90.5460097618796.jpg",1,82,191,521,197,603,388
"Morganza_all/014124@29.6592907061369,-90.5459650637097.jpg",1,93,248,312,132,405,380
"Morganza_all/014125@29.6592422335728,-90.5464249769392.jpg",1,156,283,281,99,437,382
"Morganza_all/014128@29.6582758212326,-90.5461881553899.jpg",1,43,221,437,147,480,368
"Morganza_all/014129@29.6584639362284,-90.5448080279111.jpg",1,89,253,294,129,383,382
"Morganza_all/014130@29.6585441134267,-90.5439372040262.jpg",1,50,257,364,119,414,376
"Morganza_all/014131@29.6586012784283,-90.5435065684965.jpg",1,25,252,313,129,338,381
"Morganza_all/014132@29.6613187762821,-90.5398296963991.jpg",3,175,232,245,115,420,347
"Morganza_all/014133@29.6620955572469,-90.5397746389145.jpg",1,277,275,166,93,443,368
"Morganza_all/014135@29.6633217392157,-90.5391880135575.jpg",1,128,295,262,98,390,393
"Morganza_all/014136@29.6623460454677,-90.5402419913096.jpg",1,71,147,559,239,630,386
"Morganza_all/014137@29.6627147085929,-90.5404835007733.jpg",1,203,268,370,120,573,388
"Morganza_all/014138@29.6628099427847,-90.5406978634407.jpg",1,258,266,209,100,467,366
"Morganza_all/014139@29.6622288144808,-90.5406242535737.jpg",3,172,239,170,113,342,352
"Morganza_all/014140@29.6622982427018,-90.5408094742287.jpg",1,34,267,479,120,513,387
"Morganza_all/014141@29.6626744529737,-90.5408847078391.jpg",1,138,285,419,121,557,406
"Morganza_all/014142@29.6626845126634,-90.5411388514906.jpg",3,215,287,325,97,540,384
"Morganza_all/014143@29.6622141910566,-90.5410350480095.jpg",3,41,270,453,120,494,390
"Morganza_all/014144@29.6626263249876,-90.5414033275952.jpg",1,137,263,497,155,634,418
"Morganza_all/014145@29.662241590514,-90.5413281595334.jpg",2,1,265,449,134,450,399
"Morganza_all/014146@29.6621832253714,-90.5415632903376.jpg",1,29,262,368,138,397,400
"Morganza_all/014147@29.6625850637046,-90.541638323953.jpg",1,217,248,389,156,606,404
"Morganza_all/014148@29.6621678007086,-90.5418371874702.jpg",2,4,275,480,120,484,395
"Morganza_all/014149@29.6625781045069,-90.5419023943727.jpg",3,242,233,247,176,489,409
"Morganza_all/014150@29.6624942552501,-90.5421572802759.jpg",1,209,267,409,137,618,404
"Morganza_all/014151@29.6620844232177,-90.5421702810479.jpg",3,0,208,500,196,500,404
"Morganza_all/014152@29.6624956701062,-90.5423919387206.jpg",1,156,285,445,110,601,395
"Morganza_all/014153@29.6620269996169,-90.5425618597196.jpg",1,14,255,468,147,482,402
"Morganza_all/014154@29.6624716917166,-90.5426659041459.jpg",3,196,280,429,116,625,396
"Morganza_all/014155@29.6620029618741,-90.5428260320032.jpg",1,20,280,369,121,389,401
"Morganza_all/014156@29.6624490359535,-90.5431549753307.jpg",1,64,199,577,201,641,400
"Morganza_all/014157@29.6619701637494,-90.5430511986665.jpg",1,73,278,409,148,482,426
"Morganza_all/014159@29.6623414980302,-90.5437327209683.jpg",1,66,229,484,162,550,391
"Morganza_all/014160@29.66191438543,-90.5437165377546.jpg",1,87,253,462,154,549,407
"Morganza_all/014162@29.6618662735573,-90.5442351205083.jpg",2,0,296,504,115,504,411
"Morganza_all/014163@29.6622764585814,-90.544280784839.jpg",1,139,276,365,122,504,398
"Morganza_all/014164@29.6622264637154,-90.5444865025582.jpg",1,47,280,409,125,456,405
"Morganza_all/014166@29.6621938977868,-90.5447507735614.jpg",1,101,221,295,189,396,410
"Morganza_all/014167@29.6617168760686,-90.5449500940464.jpg",1,325,232,211,141,536,373
"Morganza_all/014169@29.6621457231998,-90.5452595969177.jpg",1,139,273,409,123,548,396
"Morganza_all/014170@29.6621128932114,-90.545484731836.jpg",1,140,265,381,136,521,401
"Morganza_all/014171@29.6621146542298,-90.5457780459626.jpg",1,64,259,451,142,515,401
"Morganza_all/014172@29.661745296182,-90.5454191743348.jpg",2,158,279,458,117,616,396
"Morganza_all/014173@29.6617041763751,-90.545683511071.jpg",1,175,253,389,147,564,400
"Morganza_all/014174@29.6616714319247,-90.5459184364281.jpg",1,153,271,488,136,641,407
"Morganza_all/014175@29.6620322641073,-90.5462773766738.jpg",2,2,246,387,140,389,386
"Morganza_all/014176@29.6615116554196,-90.5463303691354.jpg",1,192,235,296,162,488,397
"Morganza_all/014177@29.661984787035,-90.5469035428719.jpg",1,57,197,439,183,496,380
"Morganza_all/014178@29.661480961513,-90.5469075019935.jpg",1,55,202,535,218,590,420
"Morganza_all/014179@29.6614408930204,-90.547347805838.jpg",1,57,214,528,178,585,392
"Morganza_all/014180@29.6613839806767,-90.5478273474402.jpg",1,233,240,303,164,536,404
"Morganza_all/014181@29.6617701437096,-90.548137227936.jpg",1,5,194,425,210,430,404
"Morganza_all/014182@29.6617376288203,-90.5484112568567.jpg",3,9,234,426,178,435,412
"Morganza_all/014183@29.6613770365204,-90.5480914140442.jpg",1,159,281,413,126,572,407
"Morganza_all/014184@29.6616637529888,-90.5489104852183.jpg",1,44,199,390,216,434,415
"Morganza_all/014185@29.6616423315587,-90.5496146557132.jpg",1,97,216,241,172,338,388
"Morganza_all/014186@29.6610118199256,-90.5498542592909.jpg",3,294,271,140,86,434,357
"Morganza_all/014187@29.6614788922526,-90.5508479301925.jpg",1,285,175,307,226,592,401
"Morganza_all/014188@29.6632338167293,-90.5397642276711.jpg",2,0,276,327,162,327,438
"Morganza_all/014189@29.6635249725968,-90.5397851562683.jpg",1,183,246,447,182,630,428
"Morganza_all/014190@29.6635195671252,-90.5400099528132.jpg",1,220,237,396,219,616,456
"Morganza_all/014192@29.6635491550198,-90.5404281796361.jpg",1,235,239,380,145,615,384
"Morganza_all/014194@29.6631772178165,-90.5404776010229.jpg",1,14,282,619,185,633,467
"Morganza_all/014195@29.6634499993302,-90.5408164115912.jpg",1,254,188,371,252,625,440
"Morganza_all/014196@29.6634240367299,-90.5410026102787.jpg",2,270,282,371,140,641,422
"Morganza_all/014197@29.6636472850125,-90.5409853511779.jpg",1,174,285,413,132,587,417
"Morganza_all/014198@29.6638502327163,-90.5398523209115.jpg",1,274,273,131,81,405,354
"Morganza_all/014200@29.6633139411789,-90.5418248796238.jpg",2,247,214,394,191,641,405
"Morganza_all/014205@29.6638563199492,-90.5391767183465.jpg",4,263,303,89,105,352,408
"Morganza_all/014206@29.6640013883227,-90.5392279301653.jpg",1,87,298,255,105,342,403
"Morganza_all/014207@29.6642146954282,-90.539217515626.jpg",1,182,303,238,111,420,414
"Morganza_all/014211@29.6648239877591,-90.5391690393253.jpg",3,137,268,328,124,465,392
"Morganza_all/014212@29.6647213333599,-90.5398329451236.jpg",1,275,272,156,96,431,368
"Morganza_all/014213@29.6649655306701,-90.539892062904.jpg",3,258,262,186,87,444,349
"Morganza_all/014220@29.6655711286012,-90.5392329181658.jpg",1,309,302,165,98,474,400
"Morganza_all/014221@29.6657535174839,-90.5391529407387.jpg",1,342,304,205,99,547,403
"Morganza_all/014222@29.6659292399127,-90.5392300765085.jpg",1,298,320,179,86,477,406
"Morganza_all/014223@29.6655133845903,-90.5397655790201.jpg",1,214,273,212,114,426,387
"Morganza_all/014224@29.6657802750146,-90.5397983824262.jpg",1,190,263,154,110,344,373
"Morganza_all/014225@29.6655070337942,-90.5399750216015.jpg",1,235,276,205,114,440,390
"Morganza_all/014232@29.6664514812419,-90.5399064793202.jpg",1,251,266,208,94,459,360
"Morganza_all/014233@29.6662516085411,-90.5421416184733.jpg",6,278,289,91,87,369,376
"Morganza_all/014234@29.6667448283672,-90.5392759375985.jpg",1,139,306,233,93,372,399
"Morganza_all/014235@29.6669430851769,-90.5393005624956.jpg",1,119,268,223,139,342,407
"Morganza_all/014236@29.6672097115987,-90.5392897247346.jpg",3,219,292,248,96,467,388
"Morganza_all/014237@29.6670920861912,-90.5399973758719.jpg",2,2,255,367,227,369,482
"Morganza_all/014239@29.6666260952325,-90.5398003976209.jpg",1,296,267,271,126,567,393
"Morganza_all/014240@29.6668740625347,-90.5404877032756.jpg",3,12,227,388,165,400,392
"Morganza_all/014244@29.6676404148334,-90.5399493862536.jpg",3,1,213,302,200,303,413
"Morganza_all/014245@29.6677967335269,-90.5393374004.jpg",2,159,301,147,108,306,409
"Morganza_all/014246@29.6680022652074,-90.5393008805828.jpg",4,118,303,245,101,363,404
"Morganza_all/014247@29.6680597538936,-90.5399897045379.jpg",1,229,232,347,136,576,368
"Morganza_all/014248@29.6679954440598,-90.5406969385392.jpg",3,156,268,383,115,539,383
"Morganza_all/014249@29.6678915703728,-90.5411601669764.jpg",1,170,281,380,104,550,385
"Morganza_all/014251@29.6685282176635,-90.5393315965957.jpg",3,5,310,490,87,495,397
"Morganza_all/014254@29.6692715660052,-90.5400324317815.jpg",3,251,265,181,92,432,357
"Morganza_all/014255@29.6694075144558,-90.5398306760725.jpg",1,344,279,235,133,579,412
"Morganza_all/014258@29.6696982054653,-90.5400203272085.jpg",3,90,223,340,192,430,415
"Morganza_all/014259@29.6701780335401,-90.5399816334911.jpg",1,340,248,239,126,579,374
"Morganza_all/014261@29.6702057355834,-90.5407841322103.jpg",3,270,253,206,87,476,340
"Morganza_all/014262@29.6695585407968,-90.5408677910648.jpg",1,145,299,235,124,380,423
"Morganza_all/014263@29.6701239753547,-90.5411250499109.jpg",1,283,263,205,86,488,349
"Morganza_all/014264@29.6695144189751,-90.5411298754641.jpg",1,76,295,414,117,490,412
"Morganza_all/014265@29.669508276776,-90.541374245753.jpg",3,86,295,383,112,469,407
"Morganza_all/014267@29.6700523056131,-90.5418759996599.jpg",1,270,259,239,92,509,351
"Morganza_all/014268@29.6694792552865,-90.5416187655304.jpg",1,114,314,304,84,418,398
"Morganza_all/014270@29.6697877309596,-90.5422270836067.jpg",1,207,250,434,154,641,404
"Morganza_all/014271@29.6694061623153,-90.5421341223048.jpg",1,6,303,309,98,315,401
"Morganza_all/014272@29.6693769040109,-90.5423350315334.jpg",1,0,300,339,88,339,388
"Morganza_all/014273@29.6693478032885,-90.5425621380414.jpg",1,2,267,442,240,444,507
"Morganza_all/014275@29.6693115831025,-90.5428765244764.jpg",1,117,251,427,209,544,460
"Morganza_all/014276@29.6692749167329,-90.5431123813049.jpg",5,308,302,92,85,400,387
"Morganza_all/014277@29.6692458671786,-90.5433482093167.jpg",3,72,281,335,114,407,395
"Morganza_all/014278@29.6692017129034,-90.5436102920205.jpg",1,1,227,390,168,391,395
"Morganza_all/014279@29.669172609784,-90.5438373662728.jpg",1,62,296,277,97,339,393
"Morganza_all/014280@29.6691434264964,-90.5440557501443.jpg",1,35,297,374,121,409,418
"Morganza_all/014281@29.6690994558399,-90.5443440293855.jpg",2,2,287,453,117,455,404
"Morganza_all/014282@29.6690107509673,-90.5447984171659.jpg",1,138,287,503,117,641,404
"Morganza_all/014283@29.6689602347368,-90.5452699795735.jpg",1,234,298,221,111,455,409
"Morganza_all/014284@29.6688786201234,-90.5456370866447.jpg",1,231,270,324,127,555,397
"Morganza_all/014285@29.6688267146883,-90.5458730613183.jpg",1,181,270,327,126,508,396
"Morganza_all/014286@29.6687148119635,-90.5462752949328.jpg",1,108,278,446,144,554,422
"Morganza_all/014288@29.6688566817571,-90.547059441665.jpg",3,87,270,360,136,447,406
"Morganza_all/014289@29.6686634432187,-90.5478723879156.jpg",1,153,273,333,134,486,407
"Morganza_all/014290@29.6685968986716,-90.5482131750497.jpg",1,177,216,292,192,469,408
"Morganza_all/014291@29.6689253250793,-90.5483414964996.jpg",1,2,258,440,146,442,404
"Morganza_all/014293@29.6693214593987,-90.547055789823.jpg",1,196,273,238,120,434,393
"Morganza_all/014294@29.6694713974752,-90.5466445332624.jpg",1,266,154,235,261,501,415
"Morganza_all/014295@29.6691328927328,-90.5461062188215.jpg",1,2,256,467,194,469,450
"Morganza_all/014296@29.6691996935626,-90.5458090382544.jpg",1,7,234,399,228,406,462
"Morganza_all/014297@29.6696420913256,-90.5458840898874.jpg",1,153,221,244,154,397,375
"Morganza_all/014298@29.6696483468341,-90.5456571950315.jpg",1,109,246,432,178,541,424
"Morganza_all/014299@29.6693120912837,-90.5454940535558.jpg",3,85,295,441,111,526,406
"Morganza_all/014300@29.6697304331259,-90.5453686146823.jpg",1,126,280,420,119,546,399
"Morganza_all/014301@29.6694458993219,-90.5449346095491.jpg",1,106,298,422,110,528,408
"Morganza_all/014302@29.6698122567836,-90.5450364238013.jpg",1,112,281,340,115,452,396
"Morganza_all/014303@29.6699401488508,-90.5447649263663.jpg",1,301,282,340,106,641,388
"Morganza_all/014304@29.6694973308519,-90.5446200720979.jpg",1,32,280,374,120,406,400
"Morganza_all/014305@29.6695565637128,-90.5443316715024.jpg",1,22,281,509,117,531,398
"Morganza_all/014306@29.6695238916115,-90.5439654938475.jpg",1,49,223,592,192,641,415
"Morganza_all/014307@29.6700492130584,-90.5438915389751.jpg",3,263,175,378,237,641,412
"Morganza_all/014308@29.6701233109254,-90.5435419618677.jpg",1,227,230,414,177,641,407
"Morganza_all/014309@29.6696730045607,-90.5434233390863.jpg",1,280,227,333,198,613,425
"Morganza_all/014310@29.6697469435838,-90.5430475969316.jpg",1,95,259,465,123,560,382
"Morganza_all/014311@29.6702277182947,-90.5431659460406.jpg",3,150,274,458,113,608,387
"Morganza_all/014312@29.6697820074626,-90.5425412620443.jpg",2,8,261,316,137,324,398
"Morganza_all/014313@29.670209120231,-90.5426076665098.jpg",3,194,210,447,188,641,398
"Morganza_all/014314@29.6704991238245,-90.5426839088295.jpg",1,318,281,323,123,641,404
"Morganza_all/014315@29.6707463155373,-90.5432403851422.jpg",1,54,247,419,146,473,393
"Morganza_all/014316@29.670204332342,-90.539292130117.jpg",1,159,293,308,119,467,412
"Morganza_all/014317@29.6704709059351,-90.5392725699143.jpg",1,252,309,161,110,413,419
"Morganza_all/014318@29.6707220340888,-90.5392182106553.jpg",1,136,314,282,104,418,418
"Morganza_all/014322@29.6712560259987,-90.5393186751877.jpg",1,142,327,289,104,431,431
"Morganza_all/014324@29.6715917084923,-90.5393858237917.jpg",1,117,314,306,112,423,426
"Morganza_all/014328@29.672316709285,-90.539572032744.jpg",1,50,317,376,95,426,412
"Morganza_all/014329@29.6725301218578,-90.5395790625642.jpg",3,156,284,266,136,422,420
"Morganza_all/014330@29.6728436115732,-90.5397598153973.jpg",1,151,301,226,122,377,423
"Morganza_all/014333@29.6726993350351,-90.5411046614247.jpg",6,283,272,117,121,400,393
"Morganza_all/014337@29.6740620146725,-90.5408931856899.jpg",3,322,253,130,102,452,355
"Morganza_all/014342@29.6751795170163,-90.5417220171521.jpg",3,284,279,130,88,414,367
"Morganza_all/014346@29.6760812346384,-90.5421511582026.jpg",1,175,296,344,110,519,406
"Morganza_all/014347@29.676264677433,-90.5422456921234.jpg",1,256,290,324,130,580,420
"Morganza_all/014348@29.6765021506694,-90.5424532298919.jpg",1,168,303,416,103,584,406
"Morganza_all/014349@29.6766210019452,-90.5444766606899.jpg",1,127,244,380,107,507,351
"Morganza_all/014350@29.6764995796626,-90.5432909424465.jpg",1,80,255,318,132,398,387
"Morganza_all/014351@29.6763341029178,-90.5436499861676.jpg",1,103,247,330,134,433,381
"Morganza_all/014352@29.6761607457867,-90.5439654759638.jpg",1,139,237,282,159,421,396
"Morganza_all/014353@29.6760108687932,-90.5443855180718.jpg",1,118,247,315,148,433,395
"Morganza_all/014354@29.6758376147366,-90.5447184506479.jpg",1,99,221,353,167,452,388
"Morganza_all/014355@29.6762045240597,-90.5449075275719.jpg",1,111,234,530,186,641,420
"Morganza_all/014356@29.6761609955421,-90.5452743300837.jpg",1,136,230,353,137,489,367
"Morganza_all/014357@29.6757327311593,-90.5450159516965.jpg",1,180,257,306,130,486,387
"Morganza_all/014358@29.6760484412921,-90.5455631689213.jpg",1,132,237,287,142,419,379
"Morganza_all/014359@29.6756352542301,-90.5452784705697.jpg",1,90,253,437,130,527,383
"Morganza_all/014360@29.6755302122832,-90.5455498028986.jpg",3,95,231,546,177,641,408
"Morganza_all/014361@29.6759279277662,-90.5457997319993.jpg",3,110,226,297,161,407,387
"Morganza_all/014362@29.6757552458869,-90.5462286411726.jpg",1,163,254,478,152,641,406
"Morganza_all/014363@29.6753345478944,-90.5459614458313.jpg",3,11,221,437,178,448,399
"Morganza_all/014364@29.6751992979396,-90.546276628697.jpg",1,206,248,337,139,543,387
"Morganza_all/014365@29.6756120121229,-90.5464828272682.jpg",1,42,231,359,158,401,389
"Morganza_all/014366@29.6754844550355,-90.5468153956612.jpg",1,127,232,301,158,428,390
"Morganza_all/014367@29.6750560888817,-90.5465395359975.jpg",1,211,239,309,153,520,392
"Morganza_all/014368@29.6749358625085,-90.5468197076331.jpg",1,230,257,271,127,501,384
"Morganza_all/014369@29.6753641235461,-90.5470781231715.jpg",1,92,248,269,134,361,382
"Morganza_all/014370@29.6752135048218,-90.5473759795231.jpg",1,117,245,359,139,476,384
"Morganza_all/014371@29.6748002169557,-90.5470737996777.jpg",1,132,246,462,146,594,392
"Morganza_all/014372@29.6750855796999,-90.5476474566553.jpg",1,98,240,269,146,367,386
"Morganza_all/014373@29.6746801463679,-90.5473801687554.jpg",1,250,248,301,138,551,386
"Morganza_all/014374@29.674544604184,-90.5476517042419.jpg",1,243,240,325,143,568,383
"Morganza_all/014375@29.6749729158018,-90.5479188447936.jpg",1,76,254,291,130,367,384
"Morganza_all/014376@29.6748295988779,-90.5481642727587.jpg",1,10,240,407,151,417,391
"Morganza_all/014377@29.674416601754,-90.5479057656509.jpg",1,293,252,301,140,594,392
"Morganza_all/014378@29.6743042751526,-90.5482382087336.jpg",1,214,248,340,140,554,388
"Morganza_all/014379@29.6746637710821,-90.5484622451586.jpg",1,80,252,342,140,422,392
"Morganza_all/014380@29.6745586428924,-90.5487248492997.jpg",1,7,234,351,155,358,389
"Morganza_all/014381@29.6741609329523,-90.5484749119933.jpg",1,263,250,360,139,623,389
"Morganza_all/014382@29.6740254929957,-90.5487639208383.jpg",1,185,261,387,130,572,391
"Morganza_all/014383@29.6744307947998,-90.5490050766204.jpg",1,18,240,371,143,389,383
"Morganza_all/014384@29.674302970728,-90.5492940258459.jpg",1,54,239,368,153,422,392
"Morganza_all/014385@29.6738974884089,-90.5490179795067.jpg",1,233,254,307,132,540,386
"Morganza_all/014398@29.679608843397,-90.5446189104081.jpg",2,3,254,638,166,641,420
"Morganza_all/014401@29.6794216128536,-90.5451614174339.jpg",1,116,261,294,99,410,360
"Morganza_all/014402@29.6790521344464,-90.5445447580147.jpg",1,165,280,237,98,402,378
"Morganza_all/014403@29.6799473655266,-90.5438919870016.jpg",2,0,226,641,199,641,425
"Morganza_all/014404@29.6791805092626,-90.5456170510828.jpg",1,117,272,363,99,480,371
"Morganza_all/014405@29.6787870286416,-90.5448086385435.jpg",1,219,279,235,83,454,362
"Morganza_all/014409@29.6780413120819,-90.5462455511476.jpg",1,163,276,369,91,532,367
"Morganza_all/014410@29.6777393978839,-90.5467278547625.jpg",1,166,281,210,83,376,364
"Morganza_all/014411@29.6783745768049,-90.5471853469456.jpg",1,101,258,315,130,416,388
"Morganza_all/014413@29.6773622523286,-90.5473678249412.jpg",3,239,284,215,103,454,387
"Morganza_all/014417@29.6765410124393,-90.548927443536.jpg",1,214,270,278,94,492,364
"Morganza_all/014419@29.6767834784906,-90.5499726527978.jpg",3,104,282,274,86,378,368
"Morganza_all/014422@29.6763835943431,-90.5506389198675.jpg",1,103,270,371,109,474,379
"Morganza_all/014423@29.676036949876,-90.5512873510659.jpg",1,181,266,242,82,423,348
"Morganza_all/014424@29.6755315628023,-90.5508724747633.jpg",1,123,255,383,110,506,365
"Morganza_all/014425@29.6751624817548,-90.5515908580197.jpg",1,228,261,385,104,613,365
"Morganza_all/014427@29.6753208518667,-90.5525930692864.jpg",3,41,253,359,108,400,361
"Morganza_all/014428@29.6748229820998,-90.5521606849918.jpg",3,228,226,351,141,579,367
"Morganza_all/014429@29.6750039913825,-90.5531277942353.jpg",1,87,283,293,82,380,365
"Morganza_all/014430@29.6744456022583,-90.552765694875.jpg",3,223,249,270,101,493,350
"Morganza_all/014431@29.6745208739485,-90.553890699248.jpg",1,44,190,329,165,373,355
"Morganza_all/014432@29.6736772824578,-90.5542637519362.jpg",1,178,243,370,127,548,370
"Morganza_all/014433@29.673841903711,-90.5550390172922.jpg",1,56,265,463,106,519,371
"Morganza_all/014435@29.6732323988632,-90.5550525120726.jpg",3,123,273,407,90,530,363
"Morganza_all/014436@29.6730591694308,-90.5553941392348.jpg",1,202,225,280,142,482,367
"Morganza_all/014437@29.6733823225284,-90.5559238709615.jpg",1,225,212,296,160,521,372
"Morganza_all/014438@29.6728560121346,-90.5558319787849.jpg",1,197,210,316,161,513,371
"Morganza_all/014439@29.6731789327169,-90.5563180990816.jpg",3,78,237,359,120,437,357
"Morganza_all/014441@29.6723124314753,-90.5566825814198.jpg",1,190,215,355,131,545,346
"Morganza_all/014442@29.6726366389768,-90.5573868214006.jpg",1,48,252,218,131,266,383
"Morganza_all/014443@29.6719424930276,-90.5572613333886.jpg",1,101,207,351,191,452,398
"Morganza_all/014445@29.6802319100111,-90.5445468263139.jpg",1,146,300,191,83,337,383
"Morganza_all/014450@29.6804654419871,-90.5440857023558.jpg",1,164,219,273,211,437,430
"Morganza_all/014451@29.6805952421349,-90.5442323143838.jpg",2,244,175,397,315,641,490
"Morganza_all/014452@29.6808749593353,-90.5443039265746.jpg",1,218,270,380,198,598,468
"Morganza_all/014453@29.681090297062,-90.5443842348297.jpg",1,296,279,263,183,559,462
"Morganza_all/014454@29.6814998354243,-90.5446106180406.jpg",2,67,221,574,303,641,524
"Morganza_all/014456@29.6810620362564,-90.5468365847052.jpg",6,277,281,86,83,363,364
"Morganza_all/014457@29.6822706590954,-90.5453672664369.jpg",3,191,298,140,96,331,394
"Morganza_all/014459@29.6826551244933,-90.5449951729718.jpg",2,1,257,640,228,641,485
"Morganza_all/014462@29.683035571144,-90.5451398149297.jpg",1,34,262,607,228,641,490
"Morganza_all/014466@29.6834618657089,-90.545986426547.jpg",1,204,269,149,101,353,370
"Morganza_all/014471@29.6839636743965,-90.546072674734.jpg",1,191,302,189,93,380,395
"Morganza_all/014475@29.6845743181812,-90.5463959382478.jpg",1,171,299,184,99,355,398
"Morganza_all/014478@29.6857444199604,-90.5468624192555.jpg",1,238,301,331,102,569,403
"Morganza_all/014479@29.6860173791582,-90.5469996975767.jpg",1,109,306,207,131,316,437
"Morganza_all/014562@29.6511221707436,-90.5481033923926.jpg",1,115,289,384,134,499,423
"Morganza_all/014564@29.6507606433383,-90.5487211211364.jpg",1,46,285,487,139,533,424
"Morganza_all/014565@29.6506831135055,-90.5489266823957.jpg",1,130,289,249,143,379,432
"Morganza_all/014566@29.6505840797826,-90.5491324432997.jpg",1,51,303,424,122,475,425
"Morganza_all/014568@29.6503865987442,-90.5496422799988.jpg",3,26,234,400,174,426,408
"Morganza_all/014569@29.6503090401563,-90.5498478714729.jpg",1,65,279,320,133,385,412
"Morganza_all/014570@29.6501755509873,-90.5502752552554.jpg",1,76,280,335,108,411,388
"Morganza_all/014571@29.650062432884,-90.5505220828836.jpg",1,81,292,312,117,393,409
"Morganza_all/014573@29.6499503412746,-90.5509410804683.jpg",1,164,262,191,108,355,370
"Morganza_all/014574@29.6497805294299,-90.5512867643611.jpg",1,75,276,374,103,449,379
"Morganza_all/014575@29.649667632411,-90.5515663929445.jpg",1,211,265,167,121,378,386
"Morganza_all/014576@29.6495547562448,-90.5518542376649.jpg",1,228,280,130,115,358,395
"Morganza_all/014580@29.6488902856799,-90.552113550768.jpg",2,4,281,288,93,292,374
"Morganza_all/014581@29.6490821622454,-90.5518661129413.jpg",1,153,269,215,114,368,383
"Morganza_all/014582@29.6491596752281,-90.5516523405114.jpg",1,7,290,500,118,507,408
"Morganza_all/014583@29.6493361001113,-90.5512164420038.jpg",1,22,274,602,139,624,413
"Morganza_all/014585@29.6495694390417,-90.5507145188846.jpg",1,15,277,626,145,641,422
"Morganza_all/014586@29.6496322809862,-90.5504434665864.jpg",1,280,247,168,141,448,388
"Morganza_all/014590@29.649823371199,-90.5500648418627.jpg",6,217,298,285,109,502,407
"Morganza_all/014591@29.6499354109243,-90.5496376272449.jpg",6,180,294,402,85,582,379
"Morganza_all/014596@29.6499764039027,-90.5493093515284.jpg",3,151,293,362,86,513,379
"Morganza_all/014597@29.6501962911949,-90.5489550856331.jpg",1,161,284,387,87,548,371
"Morganza_all/014598@29.650316948134,-90.5487737753643.jpg",1,325,279,189,111,514,390
"Morganza_all/014600@29.6501494155609,-90.548299573809.jpg",1,161,284,293,92,454,376
"Morganza_all/014606@29.6482221932991,-90.5505610627686.jpg",1,131,269,313,107,444,376
"Morganza_all/014607@29.6485468002388,-90.5497550670065.jpg",1,12,287,576,131,588,418
"Morganza_all/014608@29.6486314595586,-90.5495412695793.jpg",1,100,300,205,117,305,417
"Morganza_all/014610@29.6488302631902,-90.5492527517409.jpg",1,148,302,210,90,358,392
"Morganza_all/014611@29.6489510186025,-90.5490878458291.jpg",1,91,300,356,81,447,381
"Morganza_all/014612@29.6490778446439,-90.5487424979812.jpg",1,7,308,518,104,525,412
"Morganza_all/014613@29.6492683412402,-90.5482654941382.jpg",1,89,248,332,229,421,477
"Morganza_all/014615@29.6489803476157,-90.5480054107066.jpg",1,97,0,495,451,592,451
"Morganza_all/014616@29.648795039123,-90.5481544221001.jpg",2,1,264,407,221,408,485
"Morganza_all/014618@29.6485689851712,-90.5486726924995.jpg",1,260,281,377,84,637,365
"Morganza_all/014621@29.7029489934234,-90.5672797322177.jpg",2,0,254,641,128,641,382
"Morganza_all/014626@29.6903391619514,-90.5765556526309.jpg",1,242,248,333,161,575,409
"Morganza_all/014628@29.6888951813866,-90.5767075456871.jpg",1,160,277,266,110,426,387
"Morganza_all/014634@29.6948242437719,-90.5762471375484.jpg",1,3,191,459,196,462,387
"Morganza_all/014640@29.6839859336786,-90.550349328215.jpg",6,294,296,106,86,400,382
"Morganza_all/014648@29.6861158136016,-90.5467632856799.jpg",1,0,307,222,150,222,457
"Morganza_all/014649@29.6859024971648,-90.5467217214528.jpg",1,1,302,333,104,334,406
"Morganza_all/014665@29.6767637580776,-90.5427412266196.jpg",1,181,271,344,108,525,379
"Morganza_all/014667@29.6711966820685,-90.5398460572373.jpg",4,294,248,90,92,384,340
"Morganza_all/014718@29.6709855499905,-90.5427041233603.jpg",1,238,212,366,195,604,407
"Morganza_all/014719@29.6712177105152,-90.5427465631105.jpg",1,107,259,315,138,422,397
"Morganza_all/014720@29.6712900092869,-90.5419212539075.jpg",3,0,247,172,97,172,344
"Morganza_all/014721@29.6711541671634,-90.5432821317059.jpg",1,1,267,490,134,491,401
"Morganza_all/014722@29.6711454999697,-90.5435919605693.jpg",2,6,248,250,147,256,395
"Morganza_all/014723@29.671059122811,-90.5438340391657.jpg",1,2,273,283,125,285,398
"Morganza_all/014724@29.6707274389644,-90.5435992904994.jpg",1,15,236,365,157,380,393
"Morganza_all/014725@29.6710038843813,-90.5439954166511.jpg",1,333,276,261,120,594,396
"Morganza_all/014726@29.6709660442652,-90.5441324729953.jpg",1,87,284,237,111,324,395
"Morganza_all/014727@29.670624264783,-90.5439702282609.jpg",1,349,242,292,164,641,406
"Morganza_all/014730@29.6695444559728,-90.5484523611606.jpg",1,227,278,194,91,421,369
"Morganza_all/014731@29.6656384167017,-90.5392504895949.jpg",1,203,308,189,96,392,404
"Morganza_all/014734@29.6587165021577,-90.5461603826806.jpg",1,4,199,360,164,364,363
"Morganza_all/014735@29.6587288157829,-90.5458706515629.jpg",1,79,188,459,166,538,354
"Morganza_all/014736@29.6588453223411,-90.5453789712268.jpg",1,201,257,120,95,321,352
"Morganza_all/014737@29.6585303079673,-90.5444079873979.jpg",1,3,218,398,165,401,383
"Morganza_all/014738@29.6590802355519,-90.5435468368741.jpg",1,192,191,376,171,568,362
"Morganza_all/014739@29.6587012319671,-90.5430349154562.jpg",2,0,218,289,175,289,393
"Morganza_all/014740@29.6594047524409,-90.5414243486705.jpg",1,16,226,364,156,380,382
"Morganza_all/014741@29.652844956603,-90.5461369514521.jpg",5,254,315,94,94,348,409
"Morganza_all/014743@29.6496776272416,-90.5443523387962.jpg",1,185,268,194,122,379,390
"Morganza_all/014744@29.6453473148217,-90.5463961056548.jpg",3,71,288,504,120,575,408
"Morganza_all/014745@29.6439617891637,-90.5483362023508.jpg",4,253,292,111,96,364,388
"Morganza_all/014746@29.6523986975247,-90.5446956872691.jpg",1,128,311,153,112,281,423
"Morganza_all/014747@29.6523872182728,-90.5430714537858.jpg",2,1,267,297,153,298,420
"Morganza_all/014749@29.6508858063341,-90.5441706347721.jpg",3,53,264,368,148,421,412
"Morganza_all/014750@29.6489562402538,-90.5482321781836.jpg",1,26,271,463,202,489,473
"Morganza_all/014751@29.6493362715848,-90.5463160087164.jpg",1,211,288,183,122,394,410
"Morganza_all/014752@29.6481738431382,-90.5410960992597.jpg",4,252,276,87,81,339,357
"Morganza_all/014756@29.6835864001535,-90.556825475793.jpg",2,4,236,297,171,301,407
"Morganza_all/014757@29.686412623659,-90.5528532993671.jpg",1,79,252,300,139,379,391
"Morganza_all/014758@29.6866161533263,-90.5526738011352.jpg",1,168,296,422,105,590,401
"Morganza_all/014759@29.6868793854844,-90.552341970944.jpg",1,70,298,429,91,499,389
"Morganza_all/014760@29.6871657728044,-90.5520750254961.jpg",1,188,295,355,95,543,390
"Morganza_all/014761@29.6873159986365,-90.5518525413654.jpg",3,29,292,412,102,441,394
"Morganza_all/014762@29.6876550400831,-90.5515244605406.jpg",1,145,306,384,92,529,398
"Morganza_all/014763@29.6863831192345,-90.5523545370352.jpg",1,16,284,475,123,491,407
"Morganza_all/014764@29.6820294755814,-90.556801404785.jpg",2,310,279,331,125,641,404
"Morganza_all/014765@29.6820742131807,-90.5566752126203.jpg",3,222,270,191,101,413,371
"Morganza_all/014767@29.6895625378107,-90.5486238162268.jpg",1,15,303,209,150,224,453
"Morganza_all/014768@29.6892813082585,-90.5484828140989.jpg",1,225,301,155,83,380,384
"Morganza_all/014770@29.6889115605084,-90.5481125314949.jpg",3,116,275,267,141,383,416
"Morganza_all/014775@29.6881588327809,-90.547693166541.jpg",1,175,273,324,129,499,402
"Morganza_all/014780@29.687422086903,-90.5474125412878.jpg",3,178,309,164,84,342,393
"Morganza_all/014781@29.6873191434261,-90.547304883195.jpg",1,159,297,193,118,352,415
"Morganza_all/014783@29.686791768601,-90.5471831753392.jpg",3,142,293,211,103,353,396
"Morganza_all/014787@29.687737148338,-90.5513111993999.jpg",3,280,291,167,112,447,403
"Morganza_all/014788@29.6879257568529,-90.5511708340831.jpg",1,98,284,376,111,474,395
"Morganza_all/014789@29.6880723675526,-90.5509787674828.jpg",1,148,298,351,99,499,397
"Morganza_all/014790@29.6882830443564,-90.5507254459545.jpg",1,218,259,384,136,602,395
"Morganza_all/014791@29.6884827763184,-90.5505459697282.jpg",1,186,281,349,128,535,409
"Morganza_all/014794@29.6882200826324,-90.5503310581469.jpg",1,34,251,409,151,443,402
"Morganza_all/014795@29.6879491091207,-90.5506412588973.jpg",1,3,289,472,111,475,400
"Morganza_all/014796@29.6877157188299,-90.550894757385.jpg",1,57,276,480,129,537,405
"Morganza_all/014797@29.6875161918451,-90.551113314554.jpg",1,68,290,361,107,429,397
"Morganza_all/014798@29.6870607657594,-90.55162021722.jpg",1,62,277,358,118,420,395
"Morganza_all/014799@29.6868200424314,-90.5519171674909.jpg",1,65,283,563,130,628,413
"Morganza_all/014800@29.686616720587,-90.5521314040849.jpg",1,77,301,410,106,487,407
"Morganza_all/014813@29.67546519111,-90.6247544389298.jpg",1,143,282,224,84,367,366
"Morganza_all/014814@29.6761381939233,-90.6247250789613.jpg",1,101,281,332,90,433,371
"Morganza_all/014815@29.6761418265485,-90.6240689750302.jpg",1,80,282,372,92,452,374
"Morganza_all/014816@29.6766866254797,-90.6241717416714.jpg",1,192,283,338,86,530,369
"Morganza_all/014817@29.6766393753458,-90.6247051230483.jpg",1,123,245,401,125,524,370
"Morganza_all/014818@29.676138456304,-90.6234457340694.jpg",1,4,265,351,115,355,380
"Morganza_all/014819@29.6767044490127,-90.623490939027.jpg",1,146,250,452,114,598,364
"Morganza_all/014820@29.6767155528908,-90.622900405342.jpg",1,220,259,339,120,559,379
"Morganza_all/014821@29.6769542540143,-90.6220130260835.jpg",3,11,214,339,205,350,419
"Morganza_all/014822@29.6761103811073,-90.6222322486736.jpg",1,199,277,219,85,418,362
"Morganza_all/014828@29.6836651689225,-90.6202311483649.jpg",1,67,251,354,134,421,385
"Morganza_all/014838@29.6899516520049,-90.6278850654717.jpg",2,6,241,635,145,641,386
"Morganza_all/014840@29.6901301976223,-90.6266005369072.jpg",2,48,251,593,149,641,400
"Morganza_all/014841@29.6900822143148,-90.62629993988.jpg",1,131,289,341,93,472,382
"Morganza_all/014842@29.6901013407351,-90.6255475433631.jpg",3,116,274,364,111,480,385
"Morganza_all/014843@29.6900760111218,-90.6251494666298.jpg",1,243,292,191,94,434,386
"Morganza_all/014847@29.6901162079279,-90.6240074831253.jpg",1,148,269,292,115,440,384
"Morganza_all/014848@29.6901300354126,-90.6237064804309.jpg",1,226,289,248,103,474,392
"Morganza_all/014851@29.6901202501135,-90.6233259939698.jpg",1,123,292,286,95,409,387
"Morganza_all/014852@29.6901471822405,-90.6225912098087.jpg",2,7,282,290,115,297,397
"Morganza_all/014859@29.6925057659078,-90.622520942823.jpg",1,163,291,248,82,411,373
"Morganza_all/014863@29.6960622233535,-90.6218255751326.jpg",1,165,260,289,90,454,350
"Morganza_all/014864@29.6954084659342,-90.6196810392888.jpg",1,259,259,282,118,541,377
"Morganza_all/014868@29.701917467265,-90.6227074142349.jpg",1,179,317,358,83,537,400
"Morganza_all/014899@29.6735243145878,-90.6220784075392.jpg",1,156,250,271,151,427,401
"Morganza_all/014906@29.673740845141,-90.6171237435859.jpg",3,220,291,221,81,441,372
"Morganza_all/014907@29.6737518135175,-90.6165086337541.jpg",3,282,261,215,137,497,398
"Morganza_all/014909@29.6728531871898,-90.6158754516868.jpg",3,161,260,182,88,343,348
"Morganza_all/014917@29.6721334731509,-90.6139125179966.jpg",1,158,264,293,92,451,356
"Morganza_all/014922@29.6752908964739,-90.6137831907703.jpg",3,181,281,258,83,439,364
"Morganza_all/014929@29.675186755281,-90.6183106932454.jpg",6,274,289,94,87,368,376
"Morganza_all/014930@29.6749886038934,-90.6187467395564.jpg",1,286,270,215,103,501,373
"Morganza_all/014938@29.6738310004677,-90.623166916073.jpg",1,136,255,269,116,405,371
"Morganza_all/014940@29.67433764438,-90.6228352872172.jpg",1,159,225,295,154,454,379
"Morganza_all/014941@29.6748998162138,-90.6234955532085.jpg",1,228,283,309,85,537,368
"Morganza_all/014942@29.6748604274951,-90.6241600584459.jpg",1,267,261,214,100,481,361
"Morganza_all/014947@29.6748841442503,-90.6272269243177.jpg",1,160,283,335,101,495,384
"Morganza_all/014948@29.6749375988016,-90.6278498043613.jpg",1,148,305,392,102,540,407
"Morganza_all/014949@29.6749967128721,-90.6281856103776.jpg",1,181,286,336,118,517,404
"Morganza_all/014950@29.6754945772693,-90.6288791449765.jpg",1,128,272,335,97,463,369
"Morganza_all/014953@29.6766155061414,-90.6282480174057.jpg",1,22,259,449,125,471,384
"Morganza_all/014954@29.6766081844954,-90.626886749417.jpg",1,175,281,338,104,513,385
"Morganza_all/014955@29.6766972913275,-90.6261480362028.jpg",1,208,254,244,111,452,365
"Morganza_all/014956@29.6766785257992,-90.6253198948361.jpg",3,126,274,345,104,471,378
"Morganza_all/014957@29.6760353205074,-90.6282274798487.jpg",1,189,258,272,99,461,357
"Morganza_all/014961@29.6754409283253,-90.6268949901113.jpg",1,141,251,235,98,376,349
"Morganza_all/014963@29.6760954966634,-90.6261031007564.jpg",3,184,261,213,103,397,364
"Morganza_all/014964@29.6754800213663,-90.6261730455473.jpg",3,192,265,274,103,466,368
"Morganza_all/014965@29.6760772616409,-90.6253733376454.jpg",1,100,257,344,102,444,359
"Morganza_all/014966@29.6754826163004,-90.6253283565496.jpg",1,247,289,150,82,397,371
"Morganza_all/014972@29.6841254924385,-90.6186303401497.jpg",1,201,240,290,115,491,355
"Morganza_all/014974@29.685351374517,-90.6184853104971.jpg",1,224,242,287,106,511,348
"Morganza_all/014978@29.6754821965775,-90.6242270094443.jpg",1,354,246,240,117,594,363
"Morganza_all/014979@29.6754261152727,-90.622319522043.jpg",1,313,252,328,124,641,376
"Morganza_all/014983@29.6958933362143,-90.6201462239634.jpg",1,100,228,243,127,343,355
"Morganza_all/014985@29.6960545970826,-90.6179943316518.jpg",2,398,272,243,112,641,384
"Morganza_all/014989@29.6953335865251,-90.6201973964338.jpg",1,257,273,228,97,485,370
"Morganza_all/014990@29.6952492270733,-90.6213488266213.jpg",1,164,272,270,107,434,379
"Morganza_all/015003@29.7045032065598,-90.6201296654155.jpg",6,222,122,94,150,316,272
"Morganza_all/015004@29.7046879714671,-90.6204477869886.jpg",6,279,186,110,88,389,274
"Morganza_all/015005@29.7043320119137,-90.620699895207.jpg",6,254,199,90,107,344,306
"Morganza_all/015006@29.7043464697872,-90.6217579907877.jpg",6,315,199,95,115,410,314
"Morganza_all/015007@29.7046100891496,-90.6221554374518.jpg",6,240,203,135,128,375,331
"Morganza_all/015008@29.7049668896576,-90.6220630633597.jpg",6,203,224,99,89,302,313
"Morganza_all/015009@29.7048782862242,-90.6217941495894.jpg",6,241,219,145,117,386,336
"Morganza_all/015010@29.7052172468453,-90.6216220171136.jpg",6,219,239,163,154,382,393
"Morganza_all/015011@29.7031478384101,-90.6145089932491.jpg",6,330,201,93,109,423,310
"Morganza_all/015012@29.7034459923274,-90.6148462564131.jpg",6,248,152,148,101,396,253
"Morganza_all/015013@29.7034814816057,-90.6133685235698.jpg",6,213,159,112,99,325,258
"Morganza_all/015014@29.7044550189036,-90.6129023146332.jpg",6,165,181,121,113,286,294
"Morganza_all/015015@29.704613376577,-90.6131707173551.jpg",6,206,172,99,98,305,270
"Morganza_all/015016@29.7052746473795,-90.6145635774076.jpg",6,118,174,217,167,335,341
"Morganza_all/015017@29.7052510861103,-90.6134456567765.jpg",6,75,155,327,218,402,373
"Morganza_all/015018@29.7057039591326,-90.6133824845856.jpg",6,255,182,175,162,430,344
"Morganza_all/015019@29.7055530040879,-90.6128744361245.jpg",6,326,157,134,159,460,316
"Morganza_all/015020@29.7062705910718,-90.6134083632312.jpg",6,287,208,118,121,405,329
"Morganza_all/015022@29.7066613770843,-90.6131559733524.jpg",6,260,153,101,92,361,245
"Morganza_all/015023@29.7069381842238,-90.6127746204657.jpg",6,142,134,190,120,332,254
"Morganza_all/015024@29.7072304728621,-90.6136310625936.jpg",4,282,296,122,84,404,380
"Morganza_all/015025@29.708366757196,-90.6126445320599.jpg",6,148,136,155,124,303,260
"Morganza_all/015026@29.7088783125885,-90.6137489911637.jpg",3,148,271,421,92,569,363
"Morganza_all/015028@29.7097330700353,-90.6138726278465.jpg",3,182,285,350,102,532,387
"Morganza_all/015033@29.7062516698547,-90.6211254904328.jpg",6,205,218,173,97,378,315
"Morganza_all/015034@29.7079897802295,-90.62021461875.jpg",6,154,209,178,112,332,321
"Morganza_all/015035@29.7082896912817,-90.6192740381598.jpg",6,26,225,307,130,333,355
"Morganza_all/015037@29.7091286230866,-90.6212947067367.jpg",6,0,162,404,298,404,460
"Morganza_all/015038@29.7088846019694,-90.6212964437188.jpg",6,100,199,298,212,398,411
"Morganza_all/015039@29.7090284830078,-90.6205067263838.jpg",1,211,316,195,86,406,402
"Morganza_all/015040@29.7091519568999,-90.6207753702928.jpg",6,44,208,355,159,399,367
"Morganza_all/015041@29.7093505500373,-90.6204345301315.jpg",1,193,287,276,107,469,394
"Morganza_all/015042@29.7099926771161,-90.6199207965047.jpg",3,155,314,280,86,435,400
"Morganza_all/015043@29.7105576795277,-90.6196472078041.jpg",1,171,269,188,131,359,400
"Morganza_all/015045@29.7055568683395,-90.6247942346227.jpg",2,157,289,484,160,641,449
"Morganza_all/015047@29.7065403824555,-90.6261649346039.jpg",1,189,299,245,144,434,443
"Morganza_all/015050@29.7102688617969,-90.6296525663642.jpg",6,166,189,195,127,361,316
"Morganza_all/015051@29.7092630565944,-90.6304099995498.jpg",1,117,284,386,168,503,452
"Morganza_all/015054@29.7100290032922,-90.6324368671183.jpg",1,151,291,324,102,475,393
"Morganza_all/015056@29.710714048039,-90.6329427397719.jpg",6,283,278,124,92,407,370
"Morganza_all/015057@29.710299578094,-90.6336960071701.jpg",1,162,287,215,128,377,415
"Morganza_all/015058@29.7108942916134,-90.6343275827603.jpg",6,243,276,104,94,347,370
"Morganza_all/015059@29.7041568628056,-90.6225095017324.jpg",6,230,255,154,128,384,383
"Morganza_all/015060@29.7037811629124,-90.6219457797073.jpg",6,259,268,112,96,371,364
"Morganza_all/015061@29.7034335795044,-90.6212833318535.jpg",6,162,173,129,83,291,256
"Morganza_all/015063@29.7027458027903,-90.619999440549.jpg",6,292,210,86,89,378,299
"Morganza_all/015064@29.7023339043934,-90.6193703187334.jpg",6,235,226,156,128,391,354
"Morganza_all/015065@29.701988943965,-90.6191921975406.jpg",6,230,163,100,94,330,257
"Morganza_all/015066@29.7003377018705,-90.6160190899431.jpg",6,232,175,175,122,407,297
"Morganza_all/015067@29.6988750760044,-90.6145848937498.jpg",6,207,205,217,135,424,340
"Morganza_all/015068@29.6965128520751,-90.6098575076848.jpg",6,215,229,157,119,372,348
"Morganza_all/015069@29.6961419573104,-90.6101802945225.jpg",6,209,228,131,117,340,345
"Morganza_all/015070@29.6955824086795,-90.6100776591466.jpg",1,268,249,362,135,630,384
"Morganza_all/015071@29.6953439972803,-90.6084295479611.jpg",1,259,275,148,81,407,356
"Morganza_all/015072@29.6946992755429,-90.608475259539.jpg",1,185,257,251,120,436,377
"Morganza_all/015073@29.694210842237,-90.608273598917.jpg",6,321,226,123,97,444,323
"Morganza_all/015074@29.6947495772454,-90.6072026516455.jpg",6,196,296,180,82,376,378
"Morganza_all/015075@29.6941741547848,-90.6068210280042.jpg",6,256,202,161,134,417,336
"Morganza_all/015076@29.6938392751102,-90.6058795457763.jpg",6,206,218,184,136,390,354
"Morganza_all/015077@29.6939835976717,-90.6060590652064.jpg",6,158,224,277,153,435,377
"Morganza_all/015078@29.6945495080753,-90.6060139113285.jpg",6,189,247,210,154,399,401
"Morganza_all/015079@29.6945034062942,-90.6054560959813.jpg",6,206,280,205,91,411,371
"Morganza_all/015080@29.6947657229952,-90.6049452962694.jpg",1,187,295,181,100,368,395
"Morganza_all/015082@29.7094412991893,-90.6303210161307.jpg",1,221,294,401,143,622,437
"Morganza_all/015083@29.7075636068506,-90.6259702092619.jpg",6,285,267,174,92,459,359
"Morganza_all/015084@29.7064673173068,-90.6259660857898.jpg",1,197,305,324,82,521,387
"Morganza_all/015085@29.705773167669,-90.6250774002446.jpg",3,203,240,345,205,548,445
"Morganza_all/015086@29.7104001392803,-90.6200679323099.jpg",6,200,274,248,104,448,378
"Morganza_all/015088@29.7056423992698,-90.6195829557591.jpg",6,96,269,321,161,417,430
"Morganza_all/015089@29.7050243856948,-90.6186448583561.jpg",6,0,256,411,276,411,532
"Morganza_all/015091@29.694775786746,-90.607834598991.jpg",1,79,297,261,87,340,384
"Morganza_all/015092@29.699682807871,-90.6150298293903.jpg",6,262,217,231,115,493,332
"Morganza_all/015093@29.7003615480213,-90.6156475845021.jpg",6,265,228,127,111,392,339
"Morganza_all/015094@29.7012690205423,-90.6144193982465.jpg",6,256,217,137,122,393,339
"Morganza_all/015095@29.7023604394853,-90.6146486479423.jpg",6,205,214,140,132,345,346
"Morganza_all/015096@29.7062760068842,-90.6131022993119.jpg",6,164,256,242,143,406,399
"Morganza_all/015097@29.7051962507206,-90.6130844954086.jpg",6,148,231,280,173,428,404
"Morganza_all/015098@29.7111797295672,-90.8153318239284.jpg",6,210,169,340,211,550,380
"Morganza_all/015099@29.7105240215298,-90.8151675066174.jpg",6,252,237,169,160,421,397
"Morganza_all/015100@29.7115470274132,-90.8146678210015.jpg",6,152,216,303,178,455,394
"Morganza_all/015101@29.7093965069663,-90.8145642136119.jpg",6,222,211,181,143,403,354
"Morganza_all/015102@29.6985622789552,-90.8133788251292.jpg",1,195,273,288,100,483,373
"Morganza_all/015103@29.7103611446236,-90.794580550286.jpg",6,262,210,203,139,465,349
"Morganza_all/015104@29.7094455094946,-90.7932842709179.jpg",6,272,255,166,92,438,347
"Morganza_all/015106@29.708453831171,-90.7924161742854.jpg",1,366,291,177,122,543,413
"Morganza_all/015107@29.7077835526671,-90.7940240538722.jpg",6,259,233,159,124,418,357
"Morganza_all/015108@29.7078539740079,-90.7922322736148.jpg",1,353,302,133,81,486,383
"Morganza_all/015109@29.7064043940483,-90.791643000213.jpg",5,277,315,112,83,389,398
"Morganza_all/015110@29.7055706818617,-90.793233874095.jpg",6,295,270,161,90,456,360
"Morganza_all/015111@29.7060544923611,-90.7916894358158.jpg",6,217,270,224,94,441,364
"Morganza_all/015112@29.7058973691081,-90.7913248881646.jpg",3,343,278,140,106,483,384
"Morganza_all/015113@29.7054170841902,-90.7918354862722.jpg",6,230,247,177,125,407,372
"Morganza_all/015114@29.7052147304532,-90.7918187528246.jpg",6,197,240,153,125,350,365
"Morganza_all/015115@29.7052196797746,-90.7911325061784.jpg",1,287,282,220,105,507,387
"Morganza_all/015116@29.7046506544787,-90.7908771371717.jpg",5,245,270,123,104,368,374
"Morganza_all/015117@29.7040035769195,-90.7905597944622.jpg",4,304,293,111,88,415,381
"Morganza_all/015118@29.7184510211034,-90.812724560496.jpg",6,244,285,173,82,417,367
"Morganza_all/015119@29.7192734347182,-90.8121409204067.jpg",1,277,146,314,262,591,408
"Morganza_all/015120@29.721554997104,-90.8048376614672.jpg",1,227,264,247,96,474,360
"Morganza_all/015121@29.7216622679574,-90.8044270595444.jpg",3,242,274,196,85,438,359
"Morganza_all/015122@29.7217851736568,-90.8040342057368.jpg",1,261,254,188,99,449,353
"Morganza_all/015123@29.7219161120972,-90.803703719607.jpg",3,270,264,199,83,469,347
"Morganza_all/015124@29.7219765427018,-90.8032576996332.jpg",6,217,239,206,99,423,338
"Morganza_all/015125@29.7221074431634,-90.8029182961439.jpg",1,241,250,214,92,455,342
"Morganza_all/015128@29.7224685776638,-90.8017932568333.jpg",6,259,238,124,106,383,344
"Morganza_all/015131@29.7201861128303,-90.7991847916642.jpg",6,264,247,163,102,427,349
"Morganza_all/015132@29.7132189321199,-90.7970607909103.jpg",6,239,219,112,85,351,304
"Morganza_all/015133@29.7134226861079,-90.7955177590744.jpg",6,256,221,103,107,359,328
"Morganza_all/015134@29.7128016046432,-90.7958508616801.jpg",6,274,220,94,95,368,315
"Morganza_all/015135@29.7120569385935,-90.7963985524845.jpg",6,177,216,104,129,281,345
"Morganza_all/015136@29.711514258928,-90.7968738323315.jpg",6,176,222,190,173,366,395
"Morganza_all/015137@29.71177424733,-90.7957672636211.jpg",1,130,244,425,210,555,454
"Morganza_all/015138@29.7120898622758,-90.7949366919084.jpg",4,234,263,204,157,438,420
"Morganza_all/015139@29.7122595511038,-90.7945792404983.jpg",2,0,290,638,151,638,441
"Morganza_all/015140@29.7122819095993,-90.794338477297.jpg",4,290,261,144,109,434,370
"Morganza_all/015141@29.7118467331622,-90.7944656005613.jpg",6,289,200,173,127,462,327
"Morganza_all/015142@29.7116049569422,-90.7943242950403.jpg",6,229,233,215,119,444,352
"Morganza_all/015143@29.7113324182138,-90.7942723054533.jpg",6,194,209,205,193,399,402
"Morganza_all/015144@29.7113935402389,-90.7939956756209.jpg",1,96,277,354,126,450,403
"Morganza_all/015146@29.7110359747068,-90.7940778062967.jpg",6,132,280,342,124,474,404
"Morganza_all/015147@29.7106971927015,-90.7949441877492.jpg",6,103,267,324,143,427,410
"Morganza_all/015148@29.7102023064095,-90.795686594339.jpg",6,173,296,273,109,446,405
"Morganza_all/015149@29.7108081869238,-90.7935531813208.jpg",3,230,296,257,83,487,379
"Morganza_all/015150@29.7106459990405,-90.793848184667.jpg",6,148,282,251,97,399,379
"Morganza_all/015151@29.7074862724472,-90.795361114303.jpg",6,294,219,126,108,420,327
"Morganza_all/015152@29.7073265151099,-90.7952771746388.jpg",6,227,253,98,91,325,344
"Morganza_all/015153@29.7069843935733,-90.7951355629144.jpg",6,208,252,183,110,391,362
"Morganza_all/015154@29.7070806533508,-90.7950111546144.jpg",6,193,273,176,100,369,373
"Morganza_all/015156@29.7075257169867,-90.7952630620228.jpg",6,231,288,107,88,338,376
"Morganza_all/015157@29.7075709072729,-90.7951780514129.jpg",6,238,283,107,81,345,364
"Morganza_all/015158@29.7073940473004,-90.7950811943559.jpg",6,260,246,127,103,387,349
"Morganza_all/015159@29.7074163883457,-90.7949767450314.jpg",6,292,216,153,117,445,333
"Morganza_all/015160@29.7076273215209,-90.795053856834.jpg",6,277,243,183,137,460,380
"Morganza_all/015161@29.7076611272239,-90.7949689073129.jpg",6,237,167,138,82,375,249
"Morganza_all/015162@29.7074673507822,-90.7949112335332.jpg",6,132,188,257,111,389,299
"Morganza_all/015163@29.7074782002355,-90.7947807636635.jpg",6,119,178,263,128,382,306
"Morganza_all/015164@29.707689160274,-90.7948643955439.jpg",6,196,206,195,158,391,364
"Morganza_all/015165@29.7077115821524,-90.7947729866045.jpg",6,239,235,103,134,342,369
"Morganza_all/015166@29.7075347478995,-90.7946891711422.jpg",6,266,218,160,121,426,339
"Morganza_all/015167@29.7075684998426,-90.7945911807054.jpg",6,198,209,236,168,434,377
"Morganza_all/015168@29.7077453341577,-90.7946749960228.jpg",6,136,254,209,168,345,422
"Morganza_all/015169@29.7077848050762,-90.7945834951674.jpg",6,318,261,98,119,416,380
"Morganza_all/015170@29.7078299680251,-90.7944919320781.jpg",6,229,188,202,126,431,314
"Morganza_all/015171@29.7078466699218,-90.7944005537418.jpg",6,258,237,141,93,399,330
"Morganza_all/015173@29.7076474413704,-90.7944081476801.jpg",6,219,222,139,111,358,333
"Morganza_all/015174@29.7076136896935,-90.7945061697556.jpg",6,193,240,147,115,340,355
"Morganza_all/015175@29.7077600815093,-90.7941075935928.jpg",6,175,277,134,96,309,373
"Morganza_all/015176@29.7079594164729,-90.7941326014998.jpg",6,239,263,110,93,349,356
"Morganza_all/015177@29.7079988600936,-90.7940345482713.jpg",6,217,241,146,128,363,369
"Morganza_all/015178@29.7080384109473,-90.7939626083292.jpg",6,216,280,110,101,326,381
"Morganza_all/015179@29.7081171915977,-90.7937339620023.jpg",6,227,239,161,123,388,362
"Morganza_all/015180@29.7081794038131,-90.7936357856188.jpg",6,224,268,129,91,353,359
"Morganza_all/015182@29.7082468255904,-90.7934202412672.jpg",6,212,255,203,83,415,338
"Morganza_all/015183@29.708280496107,-90.7933026882601.jpg",6,235,269,124,83,359,352
"Morganza_all/015184@29.7083626845595,-90.7925262263709.jpg",5,276,308,123,91,399,399
"Morganza_all/015185@29.7083289072994,-90.7926176977978.jpg",5,219,299,171,85,390,384
"Morganza_all/015186@29.7082894646082,-90.7927157204085.jpg",6,222,227,87,91,309,318
"Morganza_all/015187@29.7081093536831,-90.793212292067.jpg",6,180,198,263,147,443,345
"Morganza_all/015188@29.7080756029001,-90.7933103149986.jpg",6,190,249,187,126,377,375
"Morganza_all/015189@29.7080418512366,-90.7934148269788.jpg",6,209,253,221,120,430,373
"Morganza_all/015190@29.7080024347652,-90.7935193694574.jpg",6,245,261,196,118,441,379
"Morganza_all/015191@29.7079685763777,-90.7935912788356.jpg",6,269,203,114,135,383,338
"Morganza_all/015192@29.7079292135081,-90.7937088935854.jpg",6,272,212,125,119,397,331
"Morganza_all/015193@29.7078446341974,-90.7939049677811.jpg",6,278,237,144,133,422,370
"Morganza_all/015194@29.7071029139701,-90.7948871128862.jpg",6,270,258,147,128,417,386
"Morganza_all/015195@29.7071987721672,-90.7946648980282.jpg",6,249,257,115,109,364,366
"Morganza_all/015196@29.7072495472364,-90.7945537751103.jpg",6,242,219,121,132,363,351
"Morganza_all/015197@29.7073116797595,-90.7944360388321.jpg",6,237,213,107,132,344,345
"Morganza_all/015198@29.7073454054622,-90.7943250075385.jpg",6,210,263,157,109,367,372
"Morganza_all/015199@29.7073961802431,-90.7942138842853.jpg",6,151,284,197,147,348,431
"Morganza_all/015200@29.7074355704827,-90.7941028222873.jpg",6,196,294,130,111,326,405
"Morganza_all/015201@29.7074806527223,-90.7939916980118.jpg",6,249,182,102,134,351,316
"Morganza_all/015202@29.7075199891776,-90.7938675949682.jpg",6,233,203,85,124,318,327
"Morganza_all/015203@29.7075650713473,-90.7937565019926.jpg",6,221,206,94,124,315,330
"Morganza_all/015204@29.7076101532933,-90.7936453774171.jpg",6,253,245,90,128,343,373
"Morganza_all/015205@29.7076836159455,-90.7935145693309.jpg",6,257,219,104,117,361,336
"Morganza_all/015206@29.7076946524373,-90.7934232215396.jpg",6,204,215,158,115,362,330
"Morganza_all/015207@29.7077624762975,-90.7933054848055.jpg",6,251,244,124,122,375,366
"Morganza_all/015208@29.7078131695876,-90.7931747677186.jpg",6,210,285,173,104,383,389
"Morganza_all/015209@29.7078696087781,-90.7930570921638.jpg",6,155,275,163,143,318,418
"Morganza_all/015211@29.7079654368931,-90.7928283218884.jpg",6,182,186,119,105,301,291
"Morganza_all/015212@29.7080047991033,-90.7927107382494.jpg",6,181,173,126,106,307,279
"Morganza_all/015213@29.7080214460385,-90.792606318527.jpg",6,250,178,139,125,389,303
"Morganza_all/015217@29.7082663198586,-90.7928048662072.jpg",6,249,236,187,104,436,340
"Morganza_all/015219@29.7081645185673,-90.7930589329167.jpg",6,228,277,143,118,371,395
"Morganza_all/015220@29.7080959745075,-90.7938306256435.jpg",6,235,262,155,102,390,364
"Morganza_all/015222@29.7272942011434,-90.7534646220386.jpg",6,252,234,154,116,406,350
"Morganza_all/015223@29.7262983616954,-90.7549964682698.jpg",6,277,256,129,83,406,339
"Morganza_all/015224@29.7257913494851,-90.7553193768107.jpg",6,221,235,101,166,322,401
"Morganza_all/015226@29.7106020906825,-90.768434291722.jpg",6,263,250,164,127,427,377
"Morganza_all/015227@29.7102858539712,-90.7681735774734.jpg",6,139,284,208,118,347,402
"Morganza_all/015229@29.7079831665848,-90.7672596203852.jpg",6,226,282,107,90,333,372
"Morganza_all/015231@29.7076143186173,-90.7664249615709.jpg",6,247,225,128,98,375,323
"Morganza_all/015232@29.7005507529229,-90.7559820040892.jpg",6,170,225,224,109,394,334
"Morganza_all/015233@29.6977827477327,-90.7535044271146.jpg",6,256,246,140,118,396,364
"Morganza_all/015234@29.6983462382946,-90.7530008228498.jpg",6,228,282,218,109,446,391
"Morganza_all/015235@29.6934268810797,-90.7514791569293.jpg",1,55,296,459,89,514,385
"Morganza_all/015236@29.7197529222835,-90.7376532738971.jpg",6,191,260,240,102,431,362
"Morganza_all/015237@29.7197307995985,-90.7372626264032.jpg",6,168,275,150,126,318,401
"Morganza_all/015239@29.6848799408304,-90.7405595835492.jpg",6,178,296,238,98,416,394
"Morganza_all/015240@29.6989221623322,-90.7100085041799.jpg",6,190,241,268,118,458,359
"Morganza_all/015241@29.6996709170739,-90.7103794842423.jpg",6,256,208,205,134,461,342
"Morganza_all/015242@29.7008759008927,-90.7106029899454.jpg",6,209,215,199,134,408,349
"Morganza_all/015243@29.7036739499467,-90.7250434825136.jpg",6,213,219,314,133,527,352
"Morganza_all/015244@29.7068774824312,-90.7406894868285.jpg",6,201,182,172,146,373,328
"Morganza_all/015245@29.7061735837044,-90.7402941422699.jpg",6,173,167,232,187,405,354
"Morganza_all/015246@29.7068334202146,-90.7399633211419.jpg",6,170,283,142,111,312,394
"Morganza_all/015247@29.7098438389555,-90.722933656862.jpg",6,254,241,127,129,381,370
"Morganza_all/015248@29.692971416597,-90.7505139699132.jpg",6,193,236,217,158,410,394
"Morganza_all/015249@29.6932796376579,-90.7505777804449.jpg",3,235,282,284,98,519,380
"Morganza_all/015250@29.6935167620158,-90.7507568399359.jpg",1,294,287,169,104,463,391
"Morganza_all/015253@29.693819052014,-90.7497765268865.jpg",6,277,212,151,115,428,327
"Morganza_all/015255@29.6942858339667,-90.7500690816725.jpg",1,110,291,399,89,509,380
"Morganza_all/015256@29.6943837600368,-90.7495435620431.jpg",6,262,236,158,105,420,341
"Morganza_all/015257@29.6945330918333,-90.7493048302925.jpg",6,228,245,227,128,455,373
"Morganza_all/015260@29.695870184496,-90.7488458966526.jpg",6,224,268,151,91,375,359
"Morganza_all/015261@29.6957472789706,-90.7485841524933.jpg",6,236,222,256,127,492,349
"Morganza_all/015262@29.6991645990091,-90.745685089882.jpg",6,227,228,193,125,420,353
"Morganza_all/015263@29.7001990143361,-90.7448013181958.jpg",6,238,201,119,141,357,342
"Morganza_all/015264@29.7211947630046,-90.7564264582574.jpg",6,228,222,149,144,377,366
"Morganza_all/015265@29.7201699182712,-90.7555195923308.jpg",6,222,236,201,160,423,396
"Morganza_all/015266@29.7198244323759,-90.753396497248.jpg",6,200,230,227,148,427,378
"Morganza_all/015267@29.7208258034368,-90.7532124064515.jpg",6,171,264,263,134,434,398
"Morganza_all/015268@29.7194970506139,-90.7539688734424.jpg",6,207,262,224,114,431,376
"Morganza_all/015270@29.7241307270809,-90.7452769668667.jpg",6,191,266,241,125,432,391
"Morganza_all/015273@29.7219902530326,-90.7429647036478.jpg",6,287,228,122,104,409,332
"Morganza_all/015274@29.7217980814714,-90.7422726978481.jpg",6,283,248,165,101,448,349
"Morganza_all/015275@29.7215931493075,-90.7415446971029.jpg",6,213,250,116,95,329,345
"Morganza_all/015276@29.7208757301467,-90.7417727508926.jpg",6,193,272,151,100,344,372
"Morganza_all/015277@29.7192095650168,-90.7412339293737.jpg",6,252,299,234,85,486,384
"Morganza_all/015278@29.7186356221377,-90.7453381317408.jpg",6,188,238,203,142,391,380
"Morganza_all/015279@29.7185632650408,-90.746067746681.jpg",6,228,274,104,116,332,390
"Morganza_all/015280@29.7181675614266,-90.7491890078101.jpg",6,190,221,178,144,368,365
"Morganza_all/015282@29.7136287594949,-90.7503056527846.jpg",6,249,187,123,130,372,317
"Morganza_all/015283@29.7132436830343,-90.7501562770346.jpg",6,242,226,94,114,336,340
"Morganza_all/015284@29.7193994315423,-90.7371654574939.jpg",6,221,247,130,116,351,363
"Morganza_all/015285@29.7193871109219,-90.7366931256723.jpg",6,213,253,144,119,357,372
"Morganza_all/015286@29.7235209462538,-90.7361065968408.jpg",6,207,271,210,111,417,382
"Morganza_all/015288@29.729517980866,-90.759629059269.jpg",6,276,275,125,89,401,364
"Morganza_all/015289@29.7072904385092,-90.5733021067205.jpg",1,221,383,261,120,482,503
"Morganza_all/015290@29.7084814316107,-90.576164249094.jpg",6,259,275,210,92,469,367
"Morganza_all/015292@29.7080549226589,-90.5754701740235.jpg",1,167,287,323,98,490,385
"Morganza_all/015293@29.7080378214416,-90.5762332232176.jpg",6,256,261,168,81,424,342
"Morganza_all/015296@29.7074836791041,-90.575761630729.jpg",1,147,268,317,98,464,366
"Morganza_all/015297@29.7073056588794,-90.5759352559306.jpg",1,197,270,220,89,417,359
"Morganza_all/015298@29.7072926099896,-90.5761568357127.jpg",6,266,262,140,87,406,349
"Morganza_all/015301@29.7066776554862,-90.5763173546488.jpg",6,309,243,109,97,418,340
"Morganza_all/015302@29.7063359596821,-90.5766726812274.jpg",6,307,233,134,109,441,342
"Morganza_all/015303@29.7061793198847,-90.5768297294722.jpg",6,272,246,118,106,390,352
"Morganza_all/015304@29.7059798218223,-90.5770034813862.jpg",6,242,267,112,105,354,372
"Morganza_all/015305@29.7057517846242,-90.5772020814495.jpg",6,227,246,117,104,344,350
"Morganza_all/015306@29.7057419408784,-90.5767345991659.jpg",6,240,261,139,114,379,375
"Morganza_all/015308@29.7052645599809,-90.577156561234.jpg",6,224,290,120,86,344,376
"Morganza_all/015310@29.705032867671,-90.5779622221649.jpg",6,235,275,143,81,378,356
"Morganza_all/015311@29.7042029047011,-90.578091526899.jpg",6,266,227,123,104,389,331
"Morganza_all/015312@29.703918388781,-90.5784299958267.jpg",6,273,241,109,108,382,349
"Morganza_all/015313@29.7041565965848,-90.5787563300382.jpg",6,256,219,119,153,375,372
"Morganza_all/015314@29.7037362526234,-90.5791368333665.jpg",6,282,210,88,141,370,351
"Morganza_all/015315@29.7032941485575,-90.579468263941.jpg",6,268,219,122,141,390,360
"Morganza_all/015317@29.7043878363836,-90.5766299926735.jpg",6,309,264,91,116,400,380
"Morganza_all/015319@29.7047958330294,-90.5765940835911.jpg",6,277,261,186,112,463,373
"Morganza_all/015321@29.7050949271321,-90.5763046990215.jpg",6,264,197,115,125,379,322
"Morganza_all/015323@29.7059893444785,-90.5761748904404.jpg",6,267,258,183,81,450,339
"Morganza_all/015324@29.7151185064721,-90.5901819957084.jpg",2,214,271,427,129,641,400
"Morganza_all/015325@29.7147396524961,-90.58989671591.jpg",1,37,269,488,118,525,387
"Morganza_all/015326@29.7149713806693,-90.5903271521594.jpg",1,304,272,278,132,582,404
"Morganza_all/015327@29.7147652973288,-90.5905066117317.jpg",1,170,282,457,128,627,410
"Morganza_all/015328@29.714504289836,-90.5901357134522.jpg",1,62,274,387,110,449,384
"Morganza_all/015329@29.7143572395439,-90.5902893427824.jpg",1,89,276,418,120,507,396
"Morganza_all/015330@29.7146108220427,-90.5906602960438.jpg",3,164,264,396,140,560,404
"Morganza_all/015331@29.7144563943293,-90.5908224222951.jpg",1,175,271,464,124,639,395
"Morganza_all/015332@29.714210353216,-90.5904768359413.jpg",1,102,278,405,123,507,401
"Morganza_all/015333@29.7140113517378,-90.5906054273576.jpg",1,89,275,399,123,488,398
"Morganza_all/015334@29.7142871041178,-90.5909677413368.jpg",1,92,268,549,145,641,413
"Morganza_all/015335@29.7141253270472,-90.5911384268648.jpg",1,96,264,493,133,589,397
"Morganza_all/015336@29.7138571435011,-90.5908014794776.jpg",1,56,260,425,134,481,394
"Morganza_all/015337@29.7139711178376,-90.5913344468851.jpg",1,168,247,418,154,586,401
"Morganza_all/015338@29.7137797041397,-90.591496876859.jpg",1,106,247,398,147,504,394
"Morganza_all/015339@29.7135335689683,-90.5911343435093.jpg",1,103,284,423,115,526,399
"Morganza_all/015340@29.7133568536602,-90.5912796842607.jpg",3,90,255,342,144,432,399
"Morganza_all/015341@29.713610529311,-90.5916676155124.jpg",3,117,240,373,146,490,386
"Morganza_all/015343@29.7141544591586,-90.5923668817469.jpg",1,77,226,376,185,453,411
"Morganza_all/015344@29.7139120571313,-90.5926652437437.jpg",2,0,235,389,168,389,403
"Morganza_all/015345@29.7136288645279,-90.5922945073974.jpg",4,291,271,95,94,386,365
"Morganza_all/015346@29.7133677938429,-90.5919066608153.jpg",3,185,240,349,161,534,401
"Morganza_all/015347@29.7130996122558,-90.5915697139202.jpg",1,101,290,432,114,533,404
"Morganza_all/015348@29.7137426895713,-90.5928020852234.jpg",3,26,234,495,177,521,411
"Morganza_all/015349@29.7134744624627,-90.5924566608317.jpg",1,202,256,437,148,639,404
"Morganza_all/015350@29.7131839475457,-90.5920944551182.jpg",1,166,257,473,163,639,420
"Morganza_all/015351@29.7135958751167,-90.5929980786817.jpg",1,29,249,381,142,410,391
"Morganza_all/015352@29.7133124921808,-90.5925934472876.jpg",2,192,270,449,133,641,403
"Morganza_all/015353@29.7130220731417,-90.5922481578512.jpg",1,116,277,463,130,579,407
"Morganza_all/015354@29.7127760836213,-90.5919110467195.jpg",1,16,267,495,157,511,424
"Morganza_all/015355@29.713404315832,-90.5931350518793.jpg",1,21,254,493,145,514,399
"Morganza_all/015356@29.7131433910479,-90.5927726253893.jpg",3,193,270,420,131,613,401
"Morganza_all/015357@29.7128602943932,-90.5924188391498.jpg",1,181,262,413,162,594,424
"Morganza_all/015358@29.7125920662608,-90.592073418833.jpg",3,89,267,402,146,491,413
"Morganza_all/015359@29.7132649182144,-90.5933394634811.jpg",3,117,264,401,140,518,404
"Morganza_all/015360@29.7129594204215,-90.5929434703036.jpg",3,130,257,320,146,450,403
"Morganza_all/015361@29.712757910535,-90.5926229450539.jpg",3,43,261,388,157,431,418
"Morganza_all/015362@29.7124599236599,-90.5922523227113.jpg",1,68,282,483,131,551,413
"Morganza_all/015363@29.7130808310717,-90.5934848859566.jpg",1,106,265,353,138,459,403
"Morganza_all/015364@29.7128124622206,-90.5931140091868.jpg",1,170,255,337,139,507,394
"Morganza_all/015365@29.7125218259905,-90.59273485666.jpg",1,113,246,522,172,635,418
"Morganza_all/015366@29.7122685841352,-90.5924232220019.jpg",1,102,275,389,133,491,408
"Morganza_all/015367@29.7129189550386,-90.5936385862811.jpg",5,247,270,234,126,481,396
"Morganza_all/015368@29.7126580316366,-90.5932761602362.jpg",1,133,241,398,160,531,401
"Morganza_all/015369@29.7123749638285,-90.5929223740848.jpg",1,129,228,408,175,537,403
"Morganza_all/015370@29.7121289007124,-90.5925767899603.jpg",1,139,271,350,144,489,415
"Morganza_all/015371@29.7127424555861,-90.5938178480996.jpg",1,45,246,359,148,404,394
"Morganza_all/015372@29.7124814096523,-90.5934384749313.jpg",1,159,251,408,138,567,389
"Morganza_all/015373@29.7121981987402,-90.5930592362688.jpg",1,84,230,493,186,577,416
"Morganza_all/015374@29.7119524025234,-90.5927560207357.jpg",1,32,256,455,148,487,404
"Morganza_all/015375@29.7126028658152,-90.5939883308568.jpg",1,54,233,369,153,423,386
"Morganza_all/015376@29.7122675429282,-90.5935501884779.jpg",3,221,221,285,177,506,398
"Morganza_all/015377@29.7120290493606,-90.5932299693769.jpg",1,108,227,527,175,635,402
"Morganza_all/015378@29.7117609870418,-90.5929184447113.jpg",1,93,261,401,146,494,407
"Morganza_all/015379@29.7092149925705,-90.576700108353.jpg",6,307,275,157,89,464,364
"Morganza_all/015380@29.7087419576564,-90.5778767870287.jpg",6,211,270,209,96,420,366
"Morganza_all/015381@29.707799061137,-90.5782940797414.jpg",6,266,191,118,109,384,300
"Morganza_all/015382@29.7076580195815,-90.5786724917786.jpg",6,287,219,106,100,393,319
"Morganza_all/015383@29.7086609324349,-90.5787305422718.jpg",6,223,231,139,115,362,346
"Morganza_all/015384@29.7098633474384,-90.577367886022.jpg",6,202,264,188,102,390,366
"Morganza_all/015385@29.7103077612769,-90.5774383671165.jpg",1,156,170,467,262,623,432
"Morganza_all/015386@29.7100370544753,-90.5776865339755.jpg",6,263,226,187,123,450,349
"Morganza_all/015387@29.710226125532,-90.5781855079372.jpg",6,211,240,251,119,462,359
"Morganza_all/015389@29.7109927922757,-90.5782535603621.jpg",1,327,287,248,86,575,373
"Morganza_all/015390@29.7105563777624,-90.5783306630639.jpg",6,228,256,262,123,490,379
"Morganza_all/015391@29.7107082760582,-90.5785920518036.jpg",6,256,220,161,165,417,385
"Morganza_all/015392@29.7105089841616,-90.5788068531412.jpg",6,250,229,153,134,403,363
"Morganza_all/015393@29.7103664798619,-90.578930973307.jpg",6,203,230,217,119,420,349
"Morganza_all/015394@29.7111826156721,-90.5788838027115.jpg",6,197,226,174,126,371,352
"Morganza_all/015395@29.7109247078506,-90.5801162702673.jpg",6,209,233,204,150,413,383
"Morganza_all/015396@29.7118943318473,-90.5793624326514.jpg",1,339,273,189,92,528,365
"Morganza_all/015397@29.7093865543543,-90.5841393521108.jpg",2,97,285,544,102,641,387
"Morganza_all/015398@29.7097749959742,-90.5844399588389.jpg",1,231,234,269,127,500,361
"Morganza_all/015399@29.7093268051836,-90.5849601554946.jpg",1,126,239,249,132,375,371
"Morganza_all/015400@29.7085685241323,-90.583850156711.jpg",1,110,257,526,182,636,439
"Morganza_all/015401@29.7141714446794,-90.6166594424167.jpg",2,282,293,356,112,638,405
"Morganza_all/015405@29.7138120702697,-90.6160935210157.jpg",2,0,308,371,81,371,389
"Morganza_all/015406@29.7135511405681,-90.6160808063363.jpg",1,158,290,247,139,405,429
"Morganza_all/015407@29.7136417607269,-90.6163644041849.jpg",1,231,308,252,110,483,418
"Morganza_all/015408@29.7133925552383,-90.6161621173212.jpg",2,0,292,418,146,418,438
"Morganza_all/015409@29.7133117906623,-90.6165198397958.jpg",5,306,314,115,86,421,400
"Morganza_all/015410@29.7134666897776,-90.6169268447693.jpg",1,182,307,168,101,350,408
"Morganza_all/015415@29.712695215812,-90.6166189855953.jpg",2,9,270,627,164,636,434
"Morganza_all/015416@29.7121751744407,-90.6169215407166.jpg",2,0,282,472,133,472,415
"Morganza_all/015417@29.7119597865344,-90.6170907056746.jpg",1,123,320,414,130,537,450
"Morganza_all/015419@29.7126174316597,-90.6175232792468.jpg",1,332,313,94,89,426,402
"Morganza_all/015420@29.7122051024894,-90.6177448860705.jpg",2,0,199,640,244,640,443
"Morganza_all/015421@29.7118689495918,-90.6179367754223.jpg",2,6,226,632,151,638,377
"Morganza_all/015422@29.7087852146589,-90.5841766800455.jpg",1,86,279,463,112,549,391
"Morganza_all/015423@29.7088241532217,-90.5847260196987.jpg",2,20,248,621,147,641,395
"Morganza_all/015424@29.7097570640943,-90.5838084270367.jpg",1,88,281,505,148,593,429
"Morganza_all/015425@29.7099630452223,-90.5835115573887.jpg",1,20,281,463,118,483,399
"Morganza_all/015426@29.7102837051908,-90.5832302388569.jpg",1,23,253,512,151,535,404
"Morganza_all/015427@29.710582438703,-90.5828752431079.jpg",1,9,251,494,150,503,401
"Morganza_all/015428@29.7107713964418,-90.5833578494043.jpg",3,174,274,249,90,423,364
"Morganza_all/015429@29.7109385717306,-90.5825362268174.jpg",2,69,215,570,198,639,413
"Morganza_all/015430@29.7113272046467,-90.5828696555515.jpg",1,206,237,298,116,504,353
"Morganza_all/015431@29.7117194689716,-90.5825877937008.jpg",6,244,232,226,107,470,339
"Morganza_all/015432@29.7111874830572,-90.5822308381863.jpg",1,98,278,367,123,465,401
"Morganza_all/015433@29.7114510684153,-90.581990956333.jpg",1,20,271,567,135,587,406
"Morganza_all/015434@29.7117075506487,-90.5817593171075.jpg",1,156,289,341,107,497,396
"Morganza_all/015435@29.7122662190019,-90.5817715321062.jpg",1,164,221,260,131,424,352
"Morganza_all/015436@29.7130475172282,-90.580649939812.jpg",1,80,282,458,140,538,422
"Morganza_all/015437@29.7132993407423,-90.5808531577947.jpg",3,204,279,237,115,441,394
"Morganza_all/015438@29.7137835503687,-90.5816206690795.jpg",2,0,188,540,246,540,434
"Morganza_all/015439@29.7132883385175,-90.5826826861337.jpg",1,131,247,435,144,566,391
"Morganza_all/015440@29.7121212224848,-90.5839712192981.jpg",1,180,257,325,145,505,402
"Morganza_all/015441@29.7118009161593,-90.5843099661855.jpg",3,182,278,423,120,605,398
"Morganza_all/015442@29.711082472565,-90.5851603191331.jpg",1,30,283,593,149,623,432
"Morganza_all/015443@29.7106623905187,-90.5855900254264.jpg",1,144,272,497,151,641,423
"Morganza_all/015444@29.710035806804,-90.58622637701.jpg",1,80,284,550,123,630,407
"Morganza_all/015445@29.7105023264065,-90.5864033654735.jpg",1,115,306,286,102,401,408
"Morganza_all/015446@29.7106663607954,-90.586287316982.jpg",1,151,306,413,123,564,429
"Morganza_all/015447@29.7111644455766,-90.5869808903084.jpg",3,211,174,280,227,491,401
"Morganza_all/015448@29.7115124642362,-90.5877330172238.jpg",1,170,291,323,86,493,377
"Morganza_all/015449@29.7119726157191,-90.5880577445643.jpg",2,0,292,591,107,591,399
"Morganza_all/015450@29.7123139502741,-90.5876285986257.jpg",1,89,267,498,137,587,404
"Morganza_all/015451@29.7125130427371,-90.5873810187296.jpg",1,144,282,479,125,623,407
"Morganza_all/015452@29.7128836538817,-90.5870665073624.jpg",2,24,288,612,117,636,405
"Morganza_all/015453@29.7131320814784,-90.5866790638543.jpg",1,81,283,517,149,598,432
"Morganza_all/015454@29.7133389093043,-90.5865298676533.jpg",1,78,258,456,137,534,395
"Morganza_all/015455@29.7134954947422,-90.5863564110102.jpg",2,0,289,477,129,477,418
"Morganza_all/015456@29.7137872739421,-90.5860342909966.jpg",1,23,255,592,163,615,418
"Morganza_all/015457@29.7139864566636,-90.585803085002.jpg",1,144,269,447,141,591,410
"Morganza_all/015458@29.7142856452327,-90.5855219230614.jpg",1,111,289,437,129,548,418
"Morganza_all/015459@29.7144421084898,-90.5853320826087.jpg",1,106,269,451,146,557,415
"Morganza_all/015460@29.7146271779102,-90.5851338053205.jpg",1,56,287,495,139,551,426
"Morganza_all/015461@29.7110703305441,-90.5889450370789.jpg",1,28,281,511,112,539,393
"Morganza_all/015462@29.710738067405,-90.5893306648477.jpg",1,205,292,393,122,598,414
"Morganza_all/015464@29.7104176076016,-90.5889218895149.jpg",4,141,282,161,91,302,373
"Morganza_all/015465@29.7097228321796,-90.5886747338853.jpg",2,0,281,305,110,305,391
"Morganza_all/015466@29.7091168545843,-90.5882680914305.jpg",3,65,284,393,84,458,368
"Morganza_all/015467@29.7093986562813,-90.5890509413109.jpg",3,119,296,485,101,604,397
"Morganza_all/015468@29.7089771948345,-90.58953062651.jpg",1,148,289,347,118,495,407
"Morganza_all/015469@29.7087420302207,-90.5897753428726.jpg",3,112,265,411,143,523,408
"Morganza_all/015470@29.7085311524545,-90.5899918417186.jpg",3,155,284,425,114,580,398
"Morganza_all/015471@29.7082637165765,-90.5903021915352.jpg",1,73,290,458,103,531,393
"Morganza_all/015472@29.7078419862539,-90.5907351523192.jpg",1,89,286,440,114,529,400
"Morganza_all/015473@29.7076231257461,-90.5909797105607.jpg",1,161,269,375,136,536,405
"Morganza_all/015474@29.7074365081419,-90.5911586331681.jpg",1,121,282,428,140,549,422
"Morganza_all/015475@29.7072499960595,-90.5913562656778.jpg",1,76,282,459,126,535,408
"Morganza_all/015476@29.7070472298209,-90.591563342136.jpg",1,34,274,437,141,471,415
"Morganza_all/015477@29.7063190656815,-90.5940729840327.jpg",6,297,257,167,90,464,347
"Morganza_all/015478@29.7064961487669,-90.5922028222458.jpg",1,85,292,392,121,477,413
"Morganza_all/015479@29.7062370856717,-90.5925504886198.jpg",1,123,267,381,109,504,376
"Morganza_all/015480@29.7059772033651,-90.5927579833904.jpg",3,155,264,340,130,495,394
"Morganza_all/015481@29.7058475921253,-90.5929177981994.jpg",1,158,286,332,126,490,412
"Morganza_all/015482@29.705644770648,-90.5931155134538.jpg",2,0,281,514,124,514,405
"Morganza_all/015483@29.7052881794021,-90.5935292897664.jpg",3,89,293,406,120,495,413
"Morganza_all/015484@29.7061037295892,-90.5920468739166.jpg",1,223,306,266,118,489,424
"Morganza_all/015486@29.705766204844,-90.591507415373.jpg",6,169,257,179,127,348,384
"Morganza_all/015487@29.7056521899408,-90.5915362959573.jpg",6,162,224,207,152,369,376
"Morganza_all/015488@29.7056120160067,-90.5916487341498.jpg",6,82,211,310,198,392,409
"Morganza_all/015489@29.7055065100694,-90.5917429455402.jpg",6,266,229,184,138,450,367
"Morganza_all/015490@29.7053525848405,-90.5919309761287.jpg",6,194,212,157,175,351,387
"Morganza_all/015491@29.705239228321,-90.592081315085.jpg",6,277,175,115,159,392,334
"Morganza_all/015492@29.7051661770485,-90.5921472817636.jpg",6,192,187,206,127,398,314
"Morganza_all/015493@29.7050772410379,-90.5922880838179.jpg",6,142,197,264,133,406,330
"Morganza_all/015494@29.7049719456959,-90.5924196828215.jpg",6,124,220,345,150,469,370
"Morganza_all/015495@29.7048260811051,-90.5925889722706.jpg",6,60,236,371,191,431,427
"Morganza_all/015496@29.7046636184977,-90.5927116384287.jpg",6,187,240,196,166,383,406
"Morganza_all/015497@29.7049990028415,-90.5928773332564.jpg",1,183,310,328,150,511,460
"Morganza_all/015498@29.7051368338492,-90.5927268143736.jpg",3,152,311,318,119,470,430
"Morganza_all/015499@29.7052829624175,-90.5926042686089.jpg",1,231,310,247,134,478,444
"Morganza_all/015501@29.7055342026922,-90.5923127337416.jpg",2,200,256,441,156,641,412
"Morganza_all/015502@29.7056479287059,-90.5922277860566.jpg",1,104,295,281,139,385,434
"Morganza_all/015503@29.7057289085888,-90.5921244012371.jpg",1,57,298,297,145,354,443
"Morganza_all/015504@29.7058182137406,-90.5920489896831.jpg",1,74,289,276,186,350,475
"Morganza_all/015505@29.7059497764321,-90.5922349053636.jpg",1,94,300,274,186,368,486
"Morganza_all/015506@29.7058198493167,-90.5923386528938.jpg",1,259,280,269,163,528,443
"Morganza_all/015507@29.7056901857839,-90.592489112855.jpg",2,282,260,357,191,639,451
"Morganza_all/015509@29.7054550156065,-90.5927338142219.jpg",1,233,304,309,156,542,460
"Morganza_all/015510@29.705284965635,-90.5929593214966.jpg",1,127,300,160,160,287,460
"Morganza_all/015511@29.7049524270444,-90.5932981697732.jpg",2,155,297,484,149,639,446
"Morganza_all/015512@29.7046760789678,-90.593477746897.jpg",3,140,296,305,98,445,394
"Morganza_all/015513@29.7044308440553,-90.5933861325099.jpg",6,224,202,127,153,351,355
"Morganza_all/015514@29.7042853467504,-90.5936208102009.jpg",2,356,269,281,116,637,385
"Morganza_all/015515@29.7041884000841,-90.593789703586.jpg",2,0,282,328,125,328,407
"Morganza_all/015517@29.7039011214636,-90.5934741545286.jpg",6,322,246,114,88,436,334
"Morganza_all/015518@29.704250230501,-90.5931819017703.jpg",6,151,240,224,171,375,411
"Morganza_all/015519@29.7041037852605,-90.5932483784723.jpg",6,120,285,163,135,283,420
"Morganza_all/015520@29.7049881747093,-90.593849216227.jpg",3,93,289,375,112,468,401
"Morganza_all/015521@29.7047450453537,-90.5941313302433.jpg",1,137,286,464,122,601,408
"Morganza_all/015522@29.7043684337141,-90.593891156105.jpg",1,99,267,346,132,445,399
"Morganza_all/015523@29.7041817343985,-90.5940513887562.jpg",3,158,272,369,125,527,397
"Morganza_all/015524@29.704461212911,-90.5944324228697.jpg",2,0,260,616,138,616,398
"Morganza_all/015525@29.7040192704179,-90.5941740517491.jpg",1,231,278,160,105,391,383
"Morganza_all/015526@29.704177091935,-90.5946774780835.jpg",3,141,288,384,116,525,404
"Morganza_all/015527@29.7038329115811,-90.5943997052883.jpg",1,170,243,360,138,530,381
"Morganza_all/015528@29.7039341184864,-90.5949876212313.jpg",1,48,274,400,124,448,398
"Morganza_all/015529@29.7037881704632,-90.5951475504196.jpg",1,69,275,424,115,493,390
"Morganza_all/015530@29.7035612671646,-90.5954108275264.jpg",3,58,261,396,120,454,381
"Morganza_all/015531@29.7031312478912,-90.5958251283239.jpg",3,71,274,415,178,486,452
"Morganza_all/015532@29.702928527101,-90.5960415420818.jpg",1,78,275,526,136,604,411
"Morganza_all/015533@29.7026366557706,-90.5963613934986.jpg",1,73,276,458,150,531,426
"Morganza_all/015535@29.7020371280917,-90.5970946012737.jpg",1,143,213,433,190,576,403
"Morganza_all/015536@29.7018020789688,-90.5973673159188.jpg",1,188,280,278,128,466,408
"Morganza_all/015537@29.7015181094237,-90.5976403575451.jpg",3,106,281,401,123,507,404
"Morganza_all/015538@29.7010482450519,-90.5982231357972.jpg",2,0,278,641,136,641,414
"Morganza_all/015540@29.717889743241,-90.5858227443206.jpg",6,273,273,199,84,472,357
"Morganza_all/015541@29.7185055048624,-90.5861401463494.jpg",1,137,262,251,118,388,380
"Morganza_all/015542@29.7182480818534,-90.5863962757149.jpg",1,141,238,285,153,426,391
"Morganza_all/015543@29.7179388033948,-90.5866443478036.jpg",1,96,274,446,113,542,387
"Morganza_all/015544@29.7177699995648,-90.5868743894153.jpg",1,132,224,347,167,479,391
"Morganza_all/015545@29.7175784469011,-90.587011411559.jpg",1,141,283,322,109,463,392
"Morganza_all/015546@29.7190092009071,-90.5862635034413.jpg",1,129,240,509,140,638,380
"Morganza_all/015547@29.7179503434316,-90.5873730115854.jpg",1,225,261,226,110,451,371
"Morganza_all/015548@29.7177586733078,-90.5874846102355.jpg",1,54,233,570,181,624,414
"Morganza_all/015549@29.7174092572793,-90.5871736899141.jpg",1,85,266,418,130,503,396
"Morganza_all/015550@29.7172622309615,-90.5873357709149.jpg",1,113,273,430,133,543,406
"Morganza_all/015551@29.7171006305792,-90.5875318896024.jpg",1,78,272,405,112,483,384
"Morganza_all/015552@29.71738376095,-90.5878941513751.jpg",1,122,280,365,131,487,411
"Morganza_all/015553@29.7171924477718,-90.588073541766.jpg",3,160,281,382,120,542,401
"Morganza_all/015554@29.7169165703737,-90.5876857711677.jpg",3,40,280,446,115,486,395
"Morganza_all/015555@29.7170230161515,-90.5881934155381.jpg",3,235,262,341,135,576,397
"Morganza_all/015556@29.7167547494743,-90.5878479923821.jpg",3,125,288,346,99,471,387
"Morganza_all/015557@29.7165929558711,-90.5880102128667.jpg",1,57,292,461,99,518,391
"Morganza_all/015558@29.716861386987,-90.5883895325757.jpg",1,57,271,584,117,641,388
"Morganza_all/015559@29.7164236411191,-90.5881555084747.jpg",1,142,282,416,112,558,394
"Morganza_all/015560@29.71651553131,-90.588705631429.jpg",3,82,246,450,155,532,401
"Morganza_all/015561@29.7162474377408,-90.5883856306448.jpg",2,0,251,563,146,563,397
"Morganza_all/015562@29.7159532859294,-90.5886928682613.jpg",1,30,282,531,117,561,399
"Morganza_all/015563@29.7162802465757,-90.5889531413836.jpg",1,141,274,443,128,584,402
"Morganza_all/015564@29.715651379592,-90.5889323982875.jpg",3,152,246,370,145,522,391
"Morganza_all/015565@29.7159270404978,-90.5892777655164.jpg",1,57,277,544,175,601,452
"Morganza_all/015566@29.7157729506413,-90.5894992142195.jpg",1,193,248,373,161,566,409
"Morganza_all/015567@29.7154746942444,-90.5890777458017.jpg",1,37,281,445,113,482,394
"Morganza_all/015568@29.7153502411817,-90.5893074792111.jpg",1,20,273,515,127,535,400
"Morganza_all/015569@29.7156035383932,-90.5896275895938.jpg",1,99,275,517,136,616,411
"Morganza_all/015570@29.715456728696,-90.5898235913576.jpg",1,163,268,391,136,554,404
"Morganza_all/015571@29.7151514327673,-90.589469938812.jpg",3,82,249,376,145,458,394
"Morganza_all/015572@29.714989541124,-90.5896152061529.jpg",1,130,289,308,100,438,389
"Morganza_all/015573@29.7152876038689,-90.5900027781872.jpg",3,158,275,403,134,561,409
"Morganza_all/015574@29.7124262227305,-90.5941421702566.jpg",1,39,257,450,163,489,420
"Morganza_all/015575@29.7121431774943,-90.5937968563985.jpg",1,203,249,383,151,586,400
"Morganza_all/015576@29.7118600155533,-90.5934261232012.jpg",1,165,242,444,183,609,425
"Morganza_all/015577@29.7116065840097,-90.593080562654.jpg",1,40,266,381,137,421,403
"Morganza_all/015578@29.7122719339923,-90.5943297402886.jpg",3,129,253,354,150,483,403
"Morganza_all/015579@29.7119813287621,-90.5939505860749.jpg",1,155,218,394,179,549,397
"Morganza_all/015580@29.711705536643,-90.5935797670403.jpg",1,133,237,449,177,582,414
"Morganza_all/015581@29.7114595505216,-90.5932426570708.jpg",1,80,271,370,133,450,404
"Morganza_all/015582@29.712095405913,-90.5945089684303.jpg",1,53,236,346,165,399,401
"Morganza_all/015583@29.7117974518488,-90.5941383427208.jpg",1,182,199,405,192,587,391
"Morganza_all/015584@29.7115364343238,-90.5937589720968.jpg",2,209,239,427,163,636,402
"Morganza_all/015585@29.7112755112313,-90.593396550747.jpg",3,57,276,400,117,457,393
"Morganza_all/015586@29.7119261592793,-90.5946627515058.jpg",1,77,233,406,168,483,401
"Morganza_all/015587@29.7116577462053,-90.5942834336777.jpg",1,99,216,374,175,473,391
"Morganza_all/015588@29.7113895909215,-90.5939549600311.jpg",1,280,245,361,147,641,392
"Morganza_all/015589@29.7111138740564,-90.5935926166082.jpg",3,0,260,413,133,413,393
"Morganza_all/015590@29.7117642820324,-90.5948164796506.jpg",3,85,240,405,159,490,399
"Morganza_all/015591@29.7112128045225,-90.5940833451969.jpg",2,182,247,457,155,639,402
"Morganza_all/015592@29.710959490607,-90.5937632377858.jpg",2,0,254,453,147,453,401
"Morganza_all/015593@29.7113116579648,-90.5945656013085.jpg",1,2,209,554,189,556,398
"Morganza_all/015594@29.7110436263019,-90.5942540750945.jpg",1,280,243,342,145,622,388
"Morganza_all/015595@29.710819928567,-90.5939337488776.jpg",2,0,240,438,164,438,404
"Morganza_all/015596@29.7180225788078,-90.5892374463302.jpg",6,246,205,181,140,427,345
"Morganza_all/015597@29.7183040409392,-90.5889811459987.jpg",6,227,244,256,132,483,376
"Morganza_all/015598@29.7185014128052,-90.5895453025684.jpg",6,214,247,206,130,420,377
"Morganza_all/015599@29.7192927409878,-90.5891962406281.jpg",6,252,269,155,90,407,359
"Morganza_all/015600@29.7193523185076,-90.5889415567753.jpg",6,209,275,194,102,403,377
"Morganza_all/015602@29.7194790100617,-90.58780298808.jpg",6,215,250,225,115,440,365
"Morganza_all/015603@29.7191958180994,-90.5877542508792.jpg",6,203,235,228,130,431,365
"Morganza_all/015604@29.7193557449873,-90.5875878180828.jpg",6,207,216,198,141,405,357
"Morganza_all/015605@29.7194411145044,-90.5869897313122.jpg",6,233,252,145,87,378,339
"Morganza_all/015606@29.7196534342639,-90.5872550847151.jpg",6,201,233,228,105,429,338
"Morganza_all/015607@29.7198436346105,-90.587533332023.jpg",6,207,241,265,145,472,386
"Morganza_all/015608@29.7178571804056,-90.6009656368448.jpg",6,37,254,604,321,641,575
"Morganza_all/015609@29.7180488573401,-90.6008581594701.jpg",1,44,271,597,151,641,422
"Morganza_all/015610@29.7178401589397,-90.6004680941289.jpg",1,90,271,381,127,471,398
"Morganza_all/015612@29.7184391510326,-90.600610545899.jpg",2,82,283,551,122,633,405
"Morganza_all/015613@29.7185664102523,-90.6004464536783.jpg",1,171,263,333,203,504,466
"Morganza_all/015614@29.7186952909576,-90.6005679030877.jpg",1,37,247,326,220,363,467
"Morganza_all/015615@29.7182373917156,-90.6001877905002.jpg",1,131,293,380,97,511,390
"Morganza_all/015616@29.7184149151688,-90.6000967656066.jpg",1,46,270,444,139,490,409
"Morganza_all/015617@29.7185850883949,-90.5999649648994.jpg",3,189,304,332,95,521,399
"Morganza_all/015618@29.718797902973,-90.5998165633536.jpg",1,103,278,456,136,559,414
"Morganza_all/015619@29.7189848271028,-90.6001333857193.jpg",2,54,224,586,247,640,471
"Morganza_all/015620@29.7191619401181,-90.5999688949538.jpg",1,148,247,470,247,618,494
"Morganza_all/015621@29.7192698374878,-90.6001639034752.jpg",2,0,243,479,241,479,484
"Morganza_all/015622@29.7194897743628,-90.60001544912.jpg",2,260,265,376,213,636,478
"Morganza_all/015623@29.7193961209374,-90.5998203358687.jpg",1,143,265,492,221,635,486
"Morganza_all/015624@29.7190038688921,-90.5997171690674.jpg",5,221,283,236,110,457,393
"Morganza_all/015625@29.7193933392954,-90.5993226811604.jpg",4,287,291,156,89,443,380
"Morganza_all/015626@29.719680994794,-90.5998264063704.jpg",1,210,302,262,82,472,384
"Morganza_all/015627@29.7199219327103,-90.5996125191408.jpg",5,181,288,371,111,552,399
"Morganza_all/015628@29.7197909803186,-90.5991158026799.jpg",3,93,291,369,119,462,410
"Morganza_all/015629@29.7199680009346,-90.5989350215835.jpg",3,259,289,156,95,415,384
"Morganza_all/015630@29.7201911942463,-90.5993739439231.jpg",1,133,287,461,128,594,415
"Morganza_all/015631@29.7203685346106,-90.5992502782626.jpg",1,193,282,432,121,625,403
"Morganza_all/015632@29.7201883197881,-90.5988599980323.jpg",3,18,277,547,142,565,419
"Morganza_all/015633@29.7203799493115,-90.5987443547308.jpg",1,46,256,539,183,585,439
"Morganza_all/015634@29.7205600275724,-90.5991101572955.jpg",1,215,287,379,115,594,402
"Morganza_all/015635@29.7207515662022,-90.5989782267126.jpg",1,150,300,448,103,598,403
"Morganza_all/015636@29.7205502126653,-90.598628899438.jpg",2,0,276,518,142,518,418
"Morganza_all/015637@29.7206919235701,-90.5984973025198.jpg",3,40,271,341,125,381,396
"Morganza_all/015638@29.7208267590186,-90.5984147458077.jpg",1,125,289,283,121,408,410
"Morganza_all/015639@29.7209687620011,-90.5983402644665.jpg",1,58,292,422,119,480,411
"Morganza_all/015640@29.721077803214,-90.5987392293406.jpg",1,170,275,392,126,562,401
"Morganza_all/015641@29.7210891247411,-90.5982170147777.jpg",4,295,263,206,87,501,350
"Morganza_all/015642@29.7212448510641,-90.5980445460751.jpg",1,89,291,230,86,319,377
"Morganza_all/015643@29.7215032009683,-90.5984016156132.jpg",1,75,289,476,115,551,404
"Morganza_all/015644@29.7216877536774,-90.5982941817475.jpg",1,162,287,386,124,548,411
"Morganza_all/015645@29.7214862612079,-90.5979203741503.jpg",1,61,278,407,104,468,382
"Morganza_all/015646@29.7217774163104,-90.5977713877944.jpg",1,54,297,380,114,434,411
"Morganza_all/015648@29.7219923948511,-90.5980145708944.jpg",1,214,209,352,236,566,445
"Morganza_all/015650@29.7219321998599,-90.5974357271555.jpg",3,183,282,338,137,521,419
"Morganza_all/015651@29.7222120549719,-90.5978171505568.jpg",3,262,232,309,238,571,470
"Morganza_all/015652@29.722375743869,-90.5977996270392.jpg",1,91,243,336,214,427,457
"Morganza_all/015653@29.7225387469398,-90.5976597100274.jpg",2,271,205,367,271,638,476
"Morganza_all/015654@29.7223944580451,-90.5973262789787.jpg",2,0,269,387,215,387,484
"Morganza_all/015655@29.7226948108889,-90.5975525147602.jpg",4,226,253,121,101,347,354
"Morganza_all/015656@29.722720829294,-90.5971117510237.jpg",1,49,252,418,193,467,445
"Morganza_all/015657@29.7228515423614,-90.5975595216813.jpg",3,271,274,187,97,458,371
"Morganza_all/015658@29.7229431415933,-90.5973875207702.jpg",4,321,271,122,85,443,356
"Morganza_all/015659@29.7227192733602,-90.5968343569139.jpg",5,304,279,114,131,418,410
"Morganza_all/015660@29.7230565184146,-90.5972887672256.jpg",1,252,253,286,185,538,438
"Morganza_all/015661@29.7231484650896,-90.5971738827949.jpg",1,190,268,411,179,601,447
"Morganza_all/015662@29.7229973273595,-90.5968894289515.jpg",1,68,230,330,239,398,469
"Morganza_all/015663@29.7233193217255,-90.5971644652639.jpg",1,299,256,288,166,587,422
"Morganza_all/015664@29.7234113596387,-90.5970658681793.jpg",1,209,257,303,163,512,420
"Morganza_all/015665@29.723560392552,-90.5969750427776.jpg",1,166,243,316,201,482,444
"Morganza_all/015666@29.7232653934093,-90.5964387204197.jpg",3,180,289,236,81,416,370
"Morganza_all/015667@29.7234441506261,-90.5965679629547.jpg",1,50,218,317,262,367,480
"Morganza_all/015668@29.723628243964,-90.5963789586178.jpg",1,127,293,206,87,333,380
"Morganza_all/015669@29.7236523112742,-90.5968601261778.jpg",1,200,253,351,177,551,430
"Morganza_all/015670@29.7238367255247,-90.5967282396602.jpg",1,238,243,304,179,542,422
"Morganza_all/015671@29.7239857122343,-90.5966292221846.jpg",5,283,252,210,115,493,367
"Morganza_all/015672@29.7239188932892,-90.5961402081663.jpg",5,256,284,194,89,450,373
"Morganza_all/015673@29.7236612430063,-90.5959136589937.jpg",6,114,266,370,125,484,391
"Morganza_all/015674@29.7241299159306,-90.5956735941063.jpg",6,245,247,213,109,458,356
"Morganza_all/015675@29.7245079910493,-90.5957931750264.jpg",2,0,278,392,141,392,419
"Morganza_all/015676@29.7242806437837,-90.595884612.jpg",1,85,282,474,132,559,414
"Morganza_all/015677@29.7241322073787,-90.5960815156717.jpg",1,33,286,413,143,446,429
"Morganza_all/015679@29.7243403874062,-90.5963818398038.jpg",1,235,268,256,152,491,420
"Morganza_all/015680@29.7245035540575,-90.5962664282011.jpg",1,187,233,393,200,580,433
"Morganza_all/015681@29.7247024132751,-90.5961752018636.jpg",1,274,247,281,189,555,436
"Morganza_all/015682@29.7248584576633,-90.5960598420074.jpg",1,71,250,390,208,461,458
"Morganza_all/015683@29.7246426230227,-90.5956698126503.jpg",5,242,261,170,128,412,389
"Morganza_all/015684@29.7250568127447,-90.5958788890026.jpg",1,167,245,411,201,578,446
"Morganza_all/015685@29.7248557534769,-90.5955784797258.jpg",2,0,265,507,176,507,441
"Morganza_all/015686@29.7252836833811,-90.5956977249682.jpg",1,148,237,453,209,601,446
"Morganza_all/015687@29.7255400048114,-90.5956876743774.jpg",1,277,277,261,97,538,374
"Morganza_all/015688@29.7255483644183,-90.5959079051341.jpg",1,223,252,194,146,417,398
"Morganza_all/015689@29.7252639211371,-90.5959834119743.jpg",3,262,280,186,86,448,366
"Morganza_all/015690@29.7253415308274,-90.5958523092578.jpg",5,335,239,196,145,531,384
"Morganza_all/015691@29.7258645210329,-90.59641141011.jpg",1,280,254,168,127,448,381
"Morganza_all/015692@29.7259578866119,-90.5965494452045.jpg",1,187,241,235,162,422,403
"Morganza_all/015693@29.7259695116324,-90.5973570912563.jpg",6,270,210,227,142,497,352
"Morganza_all/015695@29.7265711582122,-90.5979727466583.jpg",1,262,260,160,113,422,373
"Morganza_all/015696@29.7257354578409,-90.5987947810933.jpg",6,235,243,199,111,434,354
"Morganza_all/015697@29.7262463842145,-90.5984728123313.jpg",6,287,259,147,107,434,366
"Morganza_all/015698@29.7273280416154,-90.5996071475633.jpg",2,0,212,368,203,368,415
"Morganza_all/015699@29.7267014543573,-90.599619904628.jpg",6,262,274,165,105,427,379
"Morganza_all/015700@29.7270108391933,-90.6001887587828.jpg",6,138,268,241,125,379,393
"Morganza_all/015701@29.7275099854505,-90.6003074728134.jpg",2,0,138,403,270,403,408
"Morganza_all/015702@29.7276038022426,-90.6005270820792.jpg",1,119,283,235,119,354,402
"Morganza_all/015703@29.7278080808581,-90.6014067745968.jpg",2,0,3,639,540,639,543
"Morganza_all/015704@29.7277284461805,-90.6011707396058.jpg",2,0,2,639,562,639,564
"Morganza_all/015705@29.7274603819466,-90.6016296157335.jpg",2,0,194,571,264,571,458
"Morganza_all/015706@29.7273041330029,-90.6017042014399.jpg",1,342,278,183,128,525,406
"Morganza_all/015707@29.7271906617808,-90.6017866027799.jpg",2,0,223,516,276,516,499
"Morganza_all/015708@29.7268643284468,-90.6020092849845.jpg",1,0,240,479,253,479,493
"Morganza_all/015709@29.7266795909649,-90.6020840779462.jpg",1,0,240,379,235,379,475
"Morganza_all/015710@29.7265306454369,-90.6021912183477.jpg",3,115,212,344,298,459,510
"Morganza_all/015711@29.7262820363218,-90.6023072786141.jpg",1,64,223,492,251,556,474
"Morganza_all/015712@29.7261614880648,-90.6023978903392.jpg",1,144,236,435,264,579,500
"Morganza_all/015713@29.7258708274039,-90.6026366279585.jpg",1,43,226,468,238,511,464
"Morganza_all/015714@29.725345510456,-90.6029341988798.jpg",1,10,230,354,257,364,487
"Morganza_all/015715@29.7252108083811,-90.6030412325774.jpg",1,103,238,538,237,641,475
"Morganza_all/015716@29.7249974911961,-90.6030999108613.jpg",2,16,240,625,217,641,457
"Morganza_all/015717@29.7260748419165,-90.6021863902722.jpg",1,131,214,463,289,594,503
"Morganza_all/015718@29.7264295731439,-90.6019472138183.jpg",3,231,214,304,302,535,516
"Morganza_all/015719@29.7265925805904,-90.6018072978951.jpg",1,297,200,325,313,622,513
"Morganza_all/015720@29.7267632103476,-90.6017571199159.jpg",3,140,256,480,223,620,479
"Morganza_all/015721@29.7269972109721,-90.6015758825098.jpg",3,236,285,105,85,341,370
"Morganza_all/015722@29.7271464289152,-90.6015177003326.jpg",2,281,212,358,278,639,490
"Morganza_all/015723@29.7273094813899,-90.6013859426598.jpg",2,0,173,519,311,519,484
"Morganza_all/015724@29.7274445005859,-90.6013360242368.jpg",2,270,183,371,291,641,474
"Morganza_all/015725@29.7271511854146,-90.6010933943257.jpg",6,201,254,234,106,435,360
"Morganza_all/015726@29.7268955890818,-90.6039409251152.jpg",1,57,273,506,123,563,396
"Morganza_all/015727@29.7266337558341,-90.6041469349212.jpg",1,103,265,491,126,594,391
"Morganza_all/015728@29.7263906152151,-90.6046638090659.jpg",3,6,206,468,196,474,402
"Morganza_all/015729@29.7260755353591,-90.6044425660031.jpg",1,57,284,478,113,535,397
"Morganza_all/015730@29.7260946595938,-90.6048311854347.jpg",5,336,289,164,105,500,394
"Morganza_all/015731@29.7258134855164,-90.6046096954569.jpg",3,99,282,434,119,533,401
"Morganza_all/015732@29.72573140325,-90.6051059521085.jpg",2,0,271,436,124,436,395
"Morganza_all/015733@29.7253571169919,-90.6049143151529.jpg",1,166,278,433,107,599,385
"Morganza_all/015734@29.7253847093327,-90.6053028702316.jpg",1,34,247,571,144,605,391
"Morganza_all/015735@29.72515605249,-90.6053725565874.jpg",1,200,271,154,94,354,365
"Morganza_all/015736@29.7251035635359,-90.6050813802997.jpg",1,155,276,425,118,580,394
"Morganza_all/015737@29.7249621104732,-90.6055780650383.jpg",1,40,257,478,141,518,398
"Morganza_all/015738@29.724528589962,-90.6054160019849.jpg",2,142,257,492,150,634,407
"Morganza_all/015739@29.7246745693812,-90.6057356712225.jpg",1,61,257,509,153,570,410
"Morganza_all/015740@29.7241309685428,-90.6056132872127.jpg",1,211,270,419,131,630,401
"Morganza_all/015741@29.7243111494809,-90.605981257381.jpg",2,0,265,438,115,438,380
"Morganza_all/015742@29.7240215079818,-90.6057598612363.jpg",1,328,267,187,158,515,425
"Morganza_all/015743@29.7235564781151,-90.6060353589035.jpg",2,121,268,518,127,639,395
"Morganza_all/015744@29.7233130346606,-90.6064938977817.jpg",2,132,263,202,102,334,365
"Morganza_all/015745@29.7232689901919,-90.6062026648969.jpg",2,123,267,512,127,635,394
"Morganza_all/015746@29.7229644816373,-90.6063603584342.jpg",2,109,260,532,142,641,402
"Morganza_all/015747@29.7231614119982,-90.6066893575789.jpg",1,165,264,204,141,369,405
"Morganza_all/015748@29.7226942826281,-90.6065858534232.jpg",1,107,270,528,127,635,397
"Morganza_all/015749@29.722305291479,-90.6068025064537.jpg",2,162,256,479,128,641,384
"Morganza_all/015750@29.7222739390835,-90.6072692016798.jpg",3,79,275,481,141,560,416
"Morganza_all/015751@29.7220008360468,-90.6069699313656.jpg",2,67,261,566,138,633,399
"Morganza_all/015752@29.7220119394025,-90.6074460520969.jpg",2,1,271,565,169,566,440
"Morganza_all/015753@29.7217132930525,-90.6071274973783.jpg",1,160,267,452,135,612,402
"Morganza_all/015754@29.7217331077469,-90.6076424308745.jpg",1,74,251,382,166,456,417
"Morganza_all/015755@29.7213753341621,-90.6073729178918.jpg",2,113,266,523,143,636,409
"Morganza_all/015756@29.724178620476,-90.6065556285972.jpg",2,207,270,428,135,635,405
"Morganza_all/015757@29.7243667306292,-90.6068263786485.jpg",2,0,257,504,172,504,429
"Morganza_all/015758@29.7241300338542,-90.6069739072332.jpg",2,142,262,492,191,634,453
"Morganza_all/015759@29.7239439136547,-90.6070627190932.jpg",1,111,269,370,166,481,435
"Morganza_all/015760@29.7238173236066,-90.6071802412475.jpg",1,0,274,636,197,636,471
"Morganza_all/015761@29.7236563705864,-90.6072202879002.jpg",1,115,271,443,165,558,436
"Morganza_all/015762@29.7235383575668,-90.6073572177792.jpg",1,117,259,419,187,536,446
"Morganza_all/015763@29.7233184653916,-90.6074754477167.jpg",1,81,261,376,199,457,460
"Morganza_all/015764@29.7231067200504,-90.6075352697178.jpg",1,11,242,435,206,446,448
"Morganza_all/015765@29.7228279145887,-90.6077413853967.jpg",5,142,278,276,106,418,384
"Morganza_all/015766@29.7229652576851,-90.6080319410695.jpg",5,190,289,129,92,319,381
"Morganza_all/015767@29.7230261299284,-90.6083036444538.jpg",2,0,263,439,148,439,411
"Morganza_all/015768@29.7231976729712,-90.6086425352648.jpg",2,120,291,521,153,641,444
"Morganza_all/015769@29.7228234716426,-90.6084703282266.jpg",2,0,275,447,157,447,432
"Morganza_all/015770@29.7226757270422,-90.607829980034.jpg",3,104,268,455,182,559,450
"Morganza_all/015771@29.7225491900858,-90.6079572345012.jpg",1,24,265,514,202,538,467
"Morganza_all/015772@29.7224055253294,-90.6080554388978.jpg",1,99,268,479,191,578,459
"Morganza_all/015773@29.7221414305503,-90.6078532629202.jpg",3,123,287,385,106,508,393
"Morganza_all/015774@29.7222616996939,-90.6081245332856.jpg",5,318,311,137,122,455,433
"Morganza_all/015775@29.7220839944272,-90.6082035452135.jpg",2,0,291,423,169,423,460
"Morganza_all/015776@29.7219489602743,-90.6083308915515.jpg",1,78,298,451,124,529,422
"Morganza_all/015777@29.7216869864818,-90.6085077069098.jpg",1,53,298,452,130,505,428
"Morganza_all/015778@29.7215091738396,-90.6085673113641.jpg",1,82,261,341,206,423,467
"Morganza_all/015779@29.7214396979509,-90.6082762672101.jpg",4,234,288,254,151,488,439
"Morganza_all/015780@29.7212255902189,-90.6079085180802.jpg",3,165,299,385,119,550,418
"Morganza_all/015781@29.7228385595582,-90.6081300542509.jpg",1,34,261,384,206,418,467
"Morganza_all/015782@29.722618988746,-90.6083065958359.jpg",5,276,290,104,104,380,394
"Morganza_all/015783@29.7226374039845,-90.6085688394207.jpg",1,0,281,464,148,464,429
"Morganza_all/015784@29.7223400209914,-90.6084835356017.jpg",1,147,286,205,98,352,384
"Morganza_all/015785@29.7221116843476,-90.6086115264437.jpg",1,90,255,548,172,638,427
"Morganza_all/015786@29.7219509990292,-90.6087001491797.jpg",2,172,262,464,180,636,442
"Morganza_all/015787@29.7220455086361,-90.6089132904208.jpg",1,50,227,300,205,350,432
"Morganza_all/015788@29.7218850911403,-90.6090504916518.jpg",1,264,280,236,155,500,435
"Morganza_all/015789@29.7217058306048,-90.608847731116.jpg",1,2,240,536,217,538,457
"Morganza_all/015790@29.7214142643585,-90.6090490493619.jpg",1,0,247,475,178,475,425
"Morganza_all/015792@29.7210994852473,-90.6084973776833.jpg",1,33,278,561,120,594,398
"Morganza_all/015793@29.7207648143898,-90.6078000809048.jpg",2,47,240,592,281,639,521
"Morganza_all/015794@29.7205047299402,-90.6079404623818.jpg",5,290,272,202,109,492,381
"Morganza_all/015795@29.7203524212643,-90.6080071597736.jpg",1,297,275,340,112,637,387
"Morganza_all/015796@29.7205006325357,-90.6083486675118.jpg",2,0,220,376,180,376,400
"Morganza_all/015797@29.7211012154492,-90.6088108076777.jpg",1,63,307,274,110,337,417
"Morganza_all/015798@29.7209933859055,-90.6088698728328.jpg",1,130,310,169,123,299,433
"Morganza_all/015799@29.7211096988244,-90.6091970281783.jpg",1,104,240,520,203,624,443
"Morganza_all/015800@29.7214222924299,-90.6093478479283.jpg",1,135,259,377,164,512,423
"Morganza_all/015801@29.7212254757771,-90.609422143572.jpg",2,0,257,577,167,577,424
"Morganza_all/015802@29.7210671886651,-90.6095617848252.jpg",2,0,285,328,134,328,419
"Morganza_all/015803@29.7206154999975,-90.6095650533858.jpg",2,194,261,442,156,636,417
"Morganza_all/015804@29.7205116510554,-90.6091940804203.jpg",2,0,299,408,150,408,449
"Morganza_all/015805@29.7203954989381,-90.6088960677224.jpg",1,64,286,484,102,548,388
"Morganza_all/015806@29.7201814038909,-90.6081468943578.jpg",1,156,268,472,118,628,386
"Morganza_all/015807@29.7201580207142,-90.6085187870477.jpg",1,116,272,268,128,384,400
"Morganza_all/015808@29.7203467707109,-90.6092900087512.jpg",2,0,278,636,228,636,506
"Morganza_all/015809@29.7202795200317,-90.6097861585222.jpg",2,97,259,542,170,639,429
"Morganza_all/015810@29.7202239550507,-90.61009265966.jpg",2,0,286,421,141,421,427
"Morganza_all/015812@29.7218809761622,-90.6094611283703.jpg",1,176,302,396,114,572,416
"Morganza_all/015813@29.7220838107311,-90.6093211948549.jpg",2,120,263,518,173,638,436
"Morganza_all/015814@29.7223373560784,-90.6091516881838.jpg",5,307,273,256,158,563,431
"Morganza_all/015815@29.7225895858071,-90.6099006354809.jpg",1,184,300,254,87,438,387
"Morganza_all/015816@29.7225847228635,-90.6090187086458.jpg",2,105,283,536,149,641,432
"Morganza_all/015817@29.7231098919932,-90.6096490493221.jpg",3,134,282,447,107,581,389
"Morganza_all/015818@29.7229650478781,-90.6087608542088.jpg",5,403,264,200,98,603,362
"Morganza_all/015819@29.7236044802165,-90.6093466074337.jpg",1,250,198,309,219,559,417
"Morganza_all/015820@29.7244857577208,-90.6087935675904.jpg",2,19,267,621,179,640,446
"Morganza_all/015821@29.725081793646,-90.6084320956323.jpg",1,149,246,444,202,593,448
"Morganza_all/015822@29.7253476268641,-90.608182340592.jpg",2,106,271,483,115,589,386
"Morganza_all/015823@29.7255818855859,-90.6079765440307.jpg",5,238,293,226,104,464,397
"Morganza_all/015824@29.7258736647874,-90.6078140601441.jpg",1,172,267,379,141,551,408
"Morganza_all/015825@29.7260638589744,-90.6076960434023.jpg",3,233,271,270,109,503,380
"Morganza_all/015826@29.7263048995946,-90.6075631012054.jpg",5,209,286,205,107,414,393
"Morganza_all/015827@29.726558362114,-90.6073790274354.jpg",3,137,289,343,89,480,378
"Morganza_all/015828@29.7268381874902,-90.6073624086777.jpg",3,249,254,215,160,464,414
"Morganza_all/015829@29.7239154733699,-90.6103648295239.jpg",1,101,189,414,209,515,398
"Morganza_all/015830@29.7233896161194,-90.6107622307104.jpg",1,21,261,380,161,401,422
"Morganza_all/015831@29.7230854096254,-90.6109757991795.jpg",1,219,289,211,119,430,408
"Morganza_all/015832@29.7229140282622,-90.6110499406706.jpg",3,217,291,189,120,406,411
"Morganza_all/015833@29.7225985752963,-90.6103743486272.jpg",1,12,279,471,159,483,438
"Morganza_all/015834@29.7250435790806,-90.6107284161571.jpg",1,243,293,275,120,518,413
"Morganza_all/015835@29.7251639128582,-90.6106327760844.jpg",1,249,269,253,136,502,405
"Morganza_all/015836@29.7253986571534,-90.6105144750954.jpg",2,218,279,415,126,633,405
"Morganza_all/015837@29.7255889213482,-90.6104037415252.jpg",1,266,254,312,144,578,398
"Morganza_all/015838@29.7258678916296,-90.6102268013677.jpg",3,245,254,277,160,522,414
"Morganza_all/015839@29.7260451153262,-90.6100651520305.jpg",1,301,205,321,213,622,418
"Morganza_all/015840@29.7261531059318,-90.6100352275481.jpg",1,252,261,167,154,419,415
"Morganza_all/015841@29.7262355398794,-90.6099835907864.jpg",1,286,244,288,147,574,391
"Morganza_all/015842@29.7264195847536,-90.6099020753777.jpg",3,291,268,210,130,501,398
"Morganza_all/015843@29.7268063439399,-90.6096587554807.jpg",3,253,261,232,133,485,394
"Morganza_all/015844@29.7269456276364,-90.6095338315333.jpg",3,299,249,247,167,546,416
"Morganza_all/015845@29.7272121187415,-90.6094079864689.jpg",1,228,237,284,160,512,397
"Morganza_all/015846@29.7276622668569,-90.6091204405247.jpg",1,261,264,281,143,542,407
"Morganza_all/015847@29.7280173019134,-90.6088991787959.jpg",1,281,253,284,151,565,404
"Morganza_all/015848@29.7281885211733,-90.6087958868775.jpg",1,242,260,264,148,506,408
"Morganza_all/015849@29.7287145333912,-90.6084276309009.jpg",1,205,263,276,155,481,418
"Morganza_all/015850@29.7288667487769,-90.6083390316244.jpg",1,250,261,240,139,490,400
"Morganza_all/015851@29.7290377791276,-90.608206594864.jpg",1,215,295,219,104,434,399
"Morganza_all/015852@29.7225842249859,-90.6112345495534.jpg",1,283,289,231,89,514,378
"Morganza_all/015853@29.7224877354168,-90.6110457099305.jpg",6,263,247,186,103,449,350
"Morganza_all/015855@29.7221345804104,-90.6116095262862.jpg",5,288,291,298,96,586,387
"Morganza_all/015856@29.722237117757,-90.6105883302972.jpg",2,0,304,570,100,570,404
"Morganza_all/015857@29.7216855956867,-90.6109494575796.jpg",1,187,310,300,129,487,439
"Morganza_all/015858@29.7219097740688,-90.611224831977.jpg",6,318,234,120,101,438,335
"Morganza_all/015859@29.7218555681962,-90.6117791785791.jpg",1,339,285,172,113,511,398
"Morganza_all/015860@29.7215890872156,-90.6119122881686.jpg",1,176,261,390,137,566,398
"Morganza_all/015861@29.7214559005832,-90.6119861514766.jpg",1,82,260,198,144,280,404
"Morganza_all/015862@29.7212973303565,-90.6120747529411.jpg",3,311,269,238,122,549,391
"Morganza_all/015863@29.7211772082034,-90.6122141149134.jpg",1,350,275,178,112,528,387
"Morganza_all/015864@29.7211276404211,-90.6112960720339.jpg",2,0,278,544,154,544,432
"Morganza_all/015865@29.7209250318389,-90.6114724811974.jpg",3,83,233,341,196,424,429
"Morganza_all/015866@29.7207807687715,-90.611852525388.jpg",4,311,292,111,85,422,377
"Morganza_all/015867@29.72063328802,-90.6116422236871.jpg",1,236,270,212,138,448,408
"Morganza_all/015868@29.7204239261514,-90.6117457780925.jpg",1,23,260,502,152,525,412
"Morganza_all/015869@29.7207840920039,-90.6124574570175.jpg",1,347,277,247,112,594,389
"Morganza_all/015870@29.7206129773602,-90.6125753209534.jpg",1,363,255,263,143,626,398
"Morganza_all/015871@29.7203005351791,-90.6124463870177.jpg",6,288,246,167,120,455,366
"Morganza_all/015872@29.7201509453937,-90.6118570685407.jpg",1,0,295,596,164,596,459
"Morganza_all/015874@29.7201479965694,-90.6124766282052.jpg",6,251,243,286,111,537,354
"Morganza_all/015875@29.7197520384381,-90.6122025258838.jpg",1,231,282,385,143,616,425
"Morganza_all/015876@29.7200613297844,-90.6129145680917.jpg",1,351,292,193,110,544,402
"Morganza_all/015877@29.7199152108015,-90.6129520713102.jpg",1,310,264,265,141,575,405
"Morganza_all/015878@29.7197348357328,-90.61254519825.jpg",6,209,247,232,103,441,350
"Morganza_all/015879@29.7196348769955,-90.6128811890523.jpg",6,149,271,229,106,378,377
"Morganza_all/015880@29.7194031494064,-90.6123872311832.jpg",2,0,278,436,132,436,410
"Morganza_all/015881@29.7192911395606,-90.6128472459731.jpg",6,184,275,232,95,416,370
"Morganza_all/015882@29.7191264166151,-90.6129723389392.jpg",6,207,268,234,95,441,363
"Morganza_all/015883@29.7188135746781,-90.6127705078413.jpg",2,0,272,518,160,518,432
"Morganza_all/015884@29.7192809146099,-90.6132992179866.jpg",1,299,266,215,127,514,393
"Morganza_all/015885@29.7149404301356,-90.5848114858805.jpg",1,139,278,444,125,583,403
"Morganza_all/015886@29.7151608806371,-90.5845391300324.jpg",1,74,275,558,125,632,400
"Morganza_all/015887@29.7161743721457,-90.5839408537483.jpg",1,229,231,277,214,506,445
"Morganza_all/015888@29.7164488368241,-90.5843489730671.jpg",6,199,282,269,102,468,384
"Morganza_all/015889@29.7168090924995,-90.5847318797308.jpg",6,185,289,265,88,450,377
"Morganza_all/015890@29.7162739395648,-90.5850722472812.jpg",6,118,261,337,105,455,366
"Morganza_all/015891@29.7134701438741,-90.5814632433222.jpg",2,229,236,410,247,639,483
"Morganza_all/015892@29.71318574248,-90.5813478453128.jpg",1,167,226,398,269,565,495
"Morganza_all/015893@29.7128164386586,-90.582215046612.jpg",6,186,230,241,123,427,353
"Morganza_all/015894@29.7124194269295,-90.5824600595338.jpg",6,184,258,206,101,390,359
"Morganza_all/015895@29.7084709909997,-90.5845019815178.jpg",1,111,247,390,147,501,394
"Morganza_all/015896@29.7086126302599,-90.5849918963811.jpg",2,149,275,490,152,639,427
"Morganza_all/015897@29.7079636052917,-90.584450464301.jpg",2,0,236,586,159,586,395
"Morganza_all/015898@29.7081531256537,-90.5848639437279.jpg",1,87,284,403,128,490,412
"Morganza_all/015899@29.7082643339361,-90.5853125983617.jpg",1,92,263,519,141,611,404
"Morganza_all/015900@29.7076394933764,-90.5847779152798.jpg",2,0,245,434,155,434,400
"Morganza_all/015901@29.7079069138399,-90.5850940093602.jpg",2,307,276,327,140,634,416
"Morganza_all/015902@29.7073995556653,-90.5850424577261.jpg",2,0,179,641,281,641,460
"Morganza_all/015903@29.7076668691972,-90.5853447237262.jpg",2,264,247,376,242,640,489
"Morganza_all/015904@29.7080184244676,-90.5855910461834.jpg",2,0,257,639,161,639,418
"Morganza_all/015905@29.7076747821377,-90.586734603201.jpg",6,181,231,320,135,501,366
"Morganza_all/015906@29.7076464280084,-90.58599489417.jpg",1,61,266,516,155,577,421
"Morganza_all/015907@29.7073065002002,-90.5856655116737.jpg",5,291,263,209,100,500,363
"Morganza_all/015908@29.7073884847331,-90.5862803585969.jpg",1,47,286,554,129,601,415
"Morganza_all/015909@29.7068836449467,-90.5856133573169.jpg",2,0,278,471,116,471,394
"Morganza_all/015910@29.7070007034136,-90.5860273757896.jpg",2,37,279,595,96,632,375
"Morganza_all/015911@29.7071485559185,-90.5865518268127.jpg",2,135,264,417,143,552,407
"Morganza_all/015912@29.7069567839106,-90.5867952768957.jpg",2,177,269,464,139,641,408
"Morganza_all/015913@29.7066590563658,-90.5864586802985.jpg",3,89,285,451,111,540,396
"Morganza_all/015914@29.7064516437953,-90.5860798936138.jpg",2,0,274,389,102,389,376
"Morganza_all/015915@29.7063462244638,-90.5866477183744.jpg",3,136,274,330,98,466,372
"Morganza_all/015916@29.7067225616818,-90.5870113853554.jpg",3,103,278,444,133,547,411
"Morganza_all/015917@29.7064466125451,-90.5873177060243.jpg",1,110,282,404,127,514,409
"Morganza_all/015918@29.7060635461018,-90.5868296001962.jpg",1,224,270,252,87,476,357
"Morganza_all/015919@29.7058838964782,-90.5870867852449.jpg",1,103,240,455,150,558,390
"Morganza_all/015920@29.7061885090659,-90.5875754760526.jpg",1,64,284,473,136,537,420
"Morganza_all/015921@29.7058444453456,-90.5886429354587.jpg",6,274,254,182,92,456,346
"Morganza_all/015922@29.7059187261377,-90.5879025061907.jpg",1,67,240,443,161,510,401
"Morganza_all/015923@29.705475196809,-90.5874010230439.jpg",1,62,234,459,165,521,399
"Morganza_all/015924@29.7056605940033,-90.5881602735548.jpg",1,125,296,385,111,510,407
"Morganza_all/015925@29.7053783452691,-90.5884182191708.jpg",1,114,278,514,138,628,416
"Morganza_all/015926@29.7050741677786,-90.5880055988365.jpg",1,92,282,386,88,478,370
"Morganza_all/015927@29.7051442774298,-90.5886620076971.jpg",3,101,268,531,164,632,432
"Morganza_all/015928@29.7046874227538,-90.5879393382849.jpg",1,68,221,290,208,358,429
"Morganza_all/015929@29.7045819560435,-90.5885002214171.jpg",1,79,250,511,129,590,379
"Morganza_all/015930@29.7049163252241,-90.5889126165394.jpg",1,106,270,530,148,636,418
"Morganza_all/015931@29.704634674815,-90.5892812123675.jpg",3,160,250,375,134,535,384
"Morganza_all/015932@29.7043542512681,-90.5887992424025.jpg",1,68,285,426,99,494,384
"Morganza_all/015933@29.7039328482089,-90.5890029049359.jpg",3,114,240,358,92,472,332
"Morganza_all/015934@29.7042506618883,-90.589692052139.jpg",5,214,195,205,178,419,373
"Morganza_all/015935@29.7047651643861,-90.5899371389875.jpg",3,226,269,232,84,458,353
"Morganza_all/015936@29.7039487402218,-90.5907453423301.jpg",6,231,249,210,96,441,345
"Morganza_all/015937@29.7038369632545,-90.590192977442.jpg",1,192,249,412,139,604,388
"Morganza_all/015938@29.7032669883695,-90.5897477474473.jpg",4,182,245,233,170,415,415
"Morganza_all/015939@29.7033483410053,-90.5913237176823.jpg",6,197,294,175,107,372,401
"Morganza_all/015941@29.7108367214389,-90.5865919580272.jpg",1,128,296,325,102,453,398
"Morganza_all/015942@29.7106908899509,-90.5867705902087.jpg",4,216,296,220,85,436,381
"Morganza_all/015943@29.7105127639534,-90.5870055357422.jpg",1,258,299,313,122,571,421
"Morganza_all/015944@29.710298383882,-90.5866053327886.jpg",2,296,299,341,100,637,399
"Morganza_all/015946@29.7103915648188,-90.5872120194162.jpg",2,0,299,479,124,479,423
"Morganza_all/015947@29.7099741350332,-90.5869628378052.jpg",1,123,286,351,101,474,387
"Morganza_all/015948@29.7102780289192,-90.5873250118245.jpg",1,125,298,354,133,479,431
"Morganza_all/015949@29.7101400980082,-90.5874568662802.jpg",2,158,233,483,182,641,415
"Morganza_all/015950@29.709836257491,-90.5871040163841.jpg",1,109,288,413,120,522,408
"Morganza_all/015951@29.7096173507856,-90.5873392634415.jpg",1,93,243,418,169,511,412
"Morganza_all/015952@29.7099211375299,-90.5876827577472.jpg",1,87,275,538,141,625,416
"Morganza_all/015953@29.7095466906209,-90.5878256983634.jpg",1,179,282,446,97,625,379
"Morganza_all/015954@29.7115813048285,-90.5884272799623.jpg",1,18,283,495,116,513,399
"Morganza_all/015955@29.7112366870275,-90.5880747573653.jpg",3,106,273,451,111,557,384
"Morganza_all/015956@29.7108977399095,-90.5872829974929.jpg",5,61,296,378,96,439,392
"Morganza_all/015957@29.7106469887025,-90.5876586665291.jpg",1,177,289,464,105,641,394
"Morganza_all/015958@29.7101516341903,-90.5880548050537.jpg",1,30,290,386,106,416,396
"Morganza_all/015959@29.7106362519347,-90.5886398975382.jpg",2,0,281,458,107,458,388
"Morganza_all/015960@29.7199727038483,-90.6095259764636.jpg",2,0,295,392,135,392,430
"Morganza_all/015961@29.7200152815539,-90.6091685008623.jpg",2,0,284,634,119,634,403
"Morganza_all/015962@29.7192746928391,-90.608700100379.jpg",2,0,261,638,143,638,404
"Morganza_all/015963@29.7189322415211,-90.6088993883908.jpg",1,124,269,479,148,603,417
"Morganza_all/015965@29.7192291003884,-90.609662541662.jpg",1,147,254,450,135,597,389
"Morganza_all/015966@29.7195988372766,-90.609798360107.jpg",1,25,277,548,132,573,409
"Morganza_all/015967@29.7197698967047,-90.6096659379145.jpg",1,64,236,302,226,366,462
"Morganza_all/015968@29.719899019604,-90.6100075526294.jpg",1,40,285,474,152,514,437
"Morganza_all/015969@29.719856038122,-90.61029212887.jpg",1,192,303,214,112,406,415
"Morganza_all/015970@29.719691156968,-90.610388054762.jpg",2,0,283,441,153,441,436
"Morganza_all/015971@29.7196137376371,-90.6101918375084.jpg",1,175,279,376,141,551,420
"Morganza_all/015972@29.7194679003615,-90.6102803481472.jpg",1,170,272,395,185,565,457
"Morganza_all/015973@29.7195645240105,-90.6104983219777.jpg",1,96,297,359,107,455,404
"Morganza_all/015974@29.7193134351256,-90.6099607818729.jpg",1,68,288,443,133,511,421
"Morganza_all/015975@29.7193283349996,-90.6103542581756.jpg",1,108,289,454,119,562,408
"Morganza_all/015977@29.7189479138946,-90.6105902339023.jpg",2,25,287,614,121,639,408
"Morganza_all/015978@29.7188425420302,-90.6099423235383.jpg",1,144,280,408,110,552,390
"Morganza_all/015979@29.7191296310407,-90.6100860176154.jpg",2,0,303,454,139,454,442
"Morganza_all/015980@29.7187571223608,-90.6094473174349.jpg",1,89,282,481,117,570,399
"Morganza_all/015981@29.7184059188083,-90.6092166030034.jpg",1,80,285,503,139,583,424
"Morganza_all/015982@29.7179621372051,-90.6094967984189.jpg",2,238,282,394,159,632,441
"Morganza_all/015983@29.7184765794294,-90.6104915979311.jpg",2,0,292,438,131,438,423
"Morganza_all/015984@29.7187046229216,-90.610315038734.jpg",2,0,311,478,114,478,425
"Morganza_all/015985@29.7187452259467,-90.6107520547947.jpg",2,203,256,433,155,636,411
"Morganza_all/015986@29.7186056200868,-90.6108186549613.jpg",3,71,296,451,236,522,532
"Morganza_all/015987@29.7187785382001,-90.6110287674981.jpg",3,72,296,426,111,498,407
"Morganza_all/015989@29.7175630481275,-90.6098130864474.jpg",1,263,302,158,116,421,418
"Morganza_all/015990@29.7172900563531,-90.6099171017176.jpg",1,114,311,501,93,615,404
"Morganza_all/015991@29.7167766233963,-90.6102633533611.jpg",1,187,297,365,129,552,426
"Morganza_all/015993@29.716288051332,-90.610500136484.jpg",1,160,320,438,98,598,418
"Morganza_all/015994@29.7165441665558,-90.6107970962322.jpg",1,137,264,348,122,485,386
"Morganza_all/015995@29.7161383487723,-90.6110405558763.jpg",3,88,285,463,109,551,394
"Morganza_all/015996@29.7159269144115,-90.6107724144799.jpg",2,0,274,466,205,466,479
"Morganza_all/015997@29.7157619125395,-90.6108464734307.jpg",1,176,297,337,142,513,439
"Morganza_all/015998@29.7156224671373,-90.6109422422818.jpg",1,267,299,317,243,584,542
"Morganza_all/015999@29.7153436434797,-90.6111410244122.jpg",1,207,288,338,148,545,436
"Morganza_all/016000@29.7151851539918,-90.6112442071403.jpg",1,301,303,255,120,556,423
"Morganza_all/016001@29.7150771230046,-90.611266850126.jpg",1,192,268,305,192,497,460
"Morganza_all/016002@29.7149128149185,-90.611472112511.jpg",1,160,217,455,264,615,481
"Morganza_all/016003@29.7150863205911,-90.6117842839868.jpg",2,0,197,547,224,547,421
"Morganza_all/016004@29.7146593064582,-90.6116488775986.jpg",2,0,261,349,217,349,478
"Morganza_all/016005@29.7145850537778,-90.612028392865.jpg",1,64,260,546,131,610,391
"Morganza_all/016006@29.714519647425,-90.6117008883534.jpg",1,340,288,146,137,486,425
"Morganza_all/016007@29.7143928529823,-90.6117819777605.jpg",1,297,288,158,110,455,398
"Morganza_all/016008@29.714221631216,-90.6118852503216.jpg",1,164,310,330,93,494,403
"Morganza_all/016009@29.7137905480633,-90.6121653305813.jpg",1,321,284,232,119,553,403
"Morganza_all/016010@29.7138879688922,-90.6125290193514.jpg",3,89,264,297,126,386,390
"Morganza_all/016011@29.7133146765687,-90.61240197428.jpg",1,208,250,332,184,540,434
"Morganza_all/016012@29.7131521944493,-90.6129351896846.jpg",1,120,278,422,95,542,373
"Morganza_all/016013@29.7130548145234,-90.6125787484566.jpg",1,313,287,215,102,528,389
"Morganza_all/016014@29.712769688942,-90.6127921833669.jpg",1,154,274,416,137,570,411
"Morganza_all/016015@29.712588241242,-90.6133473942913.jpg",1,205,285,330,144,535,429
"Morganza_all/016017@29.7124843628279,-90.6129691389463.jpg",1,242,268,334,164,576,432
"Morganza_all/016018@29.7123383237921,-90.6130212241684.jpg",1,329,302,143,114,472,416
"Morganza_all/016019@29.7123789302327,-90.6134654904265.jpg",1,19,273,592,128,611,401
"Morganza_all/016020@29.7122243401347,-90.6131167718678.jpg",1,332,301,157,107,489,408
"Morganza_all/016021@29.7121355926662,-90.6131757212445.jpg",1,342,310,121,83,463,393
"Morganza_all/016022@29.7120340333923,-90.6132201772924.jpg",1,316,295,129,106,445,401
"Morganza_all/016023@29.7120109156313,-90.6136430698241.jpg",2,171,289,469,84,640,373
"Morganza_all/016024@29.7119010456856,-90.6133304467037.jpg",1,270,297,128,104,398,401
"Morganza_all/016025@29.7117296628673,-90.6134045758708.jpg",1,339,302,241,141,580,443
"Morganza_all/016026@29.7117194084944,-90.6138565138595.jpg",1,28,270,599,147,627,417
"Morganza_all/016027@29.7115900555984,-90.6134711676644.jpg",1,226,303,324,122,550,425
"Morganza_all/016029@29.711336584288,-90.6136551984531.jpg",1,338,295,233,99,571,394
"Morganza_all/016030@29.7112350647391,-90.6137069302906.jpg",1,343,284,240,134,583,418
"Morganza_all/016031@29.7114468126952,-90.6140333729917.jpg",1,207,292,368,88,575,380
"Morganza_all/016032@29.7111357694374,-90.6141595061806.jpg",1,75,274,470,85,545,359
"Morganza_all/016033@29.7109629485592,-90.6139712658195.jpg",2,165,285,474,142,639,427
"Morganza_all/016034@29.7111399249754,-90.6137586476307.jpg",1,343,287,188,146,531,433
"Morganza_all/016035@29.7107569775652,-90.6146942610983.jpg",5,209,288,240,97,449,385
"Morganza_all/016037@29.7111383237522,-90.6157920360445.jpg",1,193,278,346,101,539,379
"Morganza_all/016038@29.7112477496006,-90.6160244590131.jpg",3,180,288,212,99,392,387
"Morganza_all/016039@29.7113814989937,-90.6148865664287.jpg",1,174,311,147,99,321,410
"Morganza_all/016040@29.7113349442391,-90.6145152105695.jpg",3,49,287,552,119,601,406
"Morganza_all/016042@29.7117048358252,-90.6146801743982.jpg",1,280,309,269,134,549,443
"Morganza_all/016043@29.7116142120165,-90.6143965835669.jpg",1,115,301,407,91,522,392
"Morganza_all/016044@29.7119311560719,-90.614182958458.jpg",2,0,278,542,95,542,373
"Morganza_all/016045@29.7119777791085,-90.6145615928644.jpg",2,0,299,499,123,499,422
"Morganza_all/016046@29.7123643998777,-90.6142964331667.jpg",2,0,279,437,154,437,433
"Morganza_all/016048@29.7124891992365,-90.6138509769207.jpg",4,288,293,195,87,483,380
"Morganza_all/016049@29.712723586901,-90.6136670818106.jpg",1,55,282,555,137,610,419
"Morganza_all/016050@29.7129223236775,-90.6139426205612.jpg",1,150,313,241,109,391,422
"Morganza_all/016051@29.7130111113683,-90.6138909481621.jpg",1,183,308,223,120,406,428
"Morganza_all/016052@29.7130789772306,-90.6135041776948.jpg",1,92,277,471,106,563,383
"Morganza_all/016053@29.7131758352547,-90.6137658643564.jpg",1,148,318,137,107,285,425
"Morganza_all/016054@29.7132581909553,-90.6136996838107.jpg",1,127,306,209,138,336,444
"Morganza_all/016056@29.7135119419541,-90.6135666501825.jpg",2,0,295,448,120,448,415
"Morganza_all/016057@29.7133770757349,-90.6133344077319.jpg",1,76,286,436,106,512,392
"Morganza_all/016059@29.7137845769984,-90.613397062944.jpg",3,73,308,301,111,374,419
"Morganza_all/016060@29.7140572918288,-90.6132420599561.jpg",2,0,286,465,127,465,413
"Morganza_all/016061@29.7142789743494,-90.6130582520183.jpg",2,0,286,400,165,400,451
"Morganza_all/016062@29.7145329247012,-90.6129616627647.jpg",2,0,277,409,159,409,436
"Morganza_all/016063@29.7144167812642,-90.6126636950061.jpg",1,131,232,414,157,545,389
"Morganza_all/016064@29.7146214322575,-90.6128590190175.jpg",5,233,276,186,108,419,384
"Morganza_all/016065@29.7147672312003,-90.6127632080369.jpg",5,239,282,198,102,437,384
"Morganza_all/016067@29.7148941063167,-90.6126967048667.jpg",1,28,303,275,125,303,428
"Morganza_all/016068@29.7149701217895,-90.6126378451735.jpg",1,380,311,166,111,546,422
"Morganza_all/016069@29.7152917336257,-90.6121180581127.jpg",1,32,284,485,92,517,376
"Morganza_all/016070@29.7153824023002,-90.6124089342389.jpg",2,0,298,396,117,396,415
"Morganza_all/016071@29.7155218088045,-90.6123058907193.jpg",1,100,304,225,121,325,425
"Morganza_all/016072@29.7157502024517,-90.6121876193556.jpg",2,0,295,431,109,431,404
"Morganza_all/016073@29.7159212768184,-90.6120624835145.jpg",1,151,266,238,161,389,427
"Morganza_all/016074@29.7160797269524,-90.6119520243403.jpg",3,190,303,300,160,490,463
"Morganza_all/016075@29.7165110099537,-90.611708384829.jpg",1,158,283,224,144,382,427
"Morganza_all/016076@29.7166632680321,-90.6116271413849.jpg",1,171,275,284,184,455,459
"Morganza_all/016077@29.7168850809974,-90.6114724649471.jpg",3,78,313,350,116,428,429
"Morganza_all/016078@29.7170435706472,-90.6113692808272.jpg",1,126,296,341,131,467,427
"Morganza_all/016079@29.7167309267106,-90.6112039071027.jpg",1,170,251,354,156,524,407
"Morganza_all/016080@29.7172274562119,-90.6112586356903.jpg",2,0,286,494,166,494,452
"Morganza_all/016081@29.7174493764792,-90.6111185430322.jpg",3,45,289,504,126,549,415
"Morganza_all/016082@29.7176519848055,-90.6109421707842.jpg",3,62,272,357,126,419,398
"Morganza_all/016083@29.7175047030204,-90.6107682939393.jpg",1,34,255,532,122,566,377
"Morganza_all/016084@29.7178867293236,-90.6108238479032.jpg",2,0,296,429,138,429,434
"Morganza_all/016085@29.718045419085,-90.6107571103572.jpg",1,238,321,182,109,420,430
"Morganza_all/016086@29.7181847439709,-90.6106394760173.jpg",2,0,302,471,115,471,417
"Morganza_all/016087@29.7183584244824,-90.6109880737056.jpg",2,0,320,535,137,535,457
"Morganza_all/016088@29.7183663003888,-90.6112650005461.jpg",2,0,293,604,132,604,425
"Morganza_all/016089@29.7178700514799,-90.6112612741025.jpg",2,189,270,446,161,635,431
"Morganza_all/016090@29.7177702563972,-90.6116264313541.jpg",1,0,269,476,175,476,444
"Morganza_all/016091@29.7174769771484,-90.6115119204931.jpg",3,124,287,516,141,640,428
"Morganza_all/016092@29.7175355911555,-90.6117593063921.jpg",1,305,274,141,95,446,369
"Morganza_all/016093@29.7173631951861,-90.6116439547117.jpg",1,269,172,283,271,552,443
"Morganza_all/016094@29.7170965940903,-90.6117551960088.jpg",2,0,262,639,151,639,413
"Morganza_all/016095@29.7169208623514,-90.6121937653124.jpg",2,0,284,348,155,348,439
"Morganza_all/016096@29.7168430451206,-90.6119246556969.jpg",1,118,271,418,156,536,427
"Morganza_all/016097@29.7167814159768,-90.6122895333949.jpg",1,0,282,416,143,416,425
"Morganza_all/016098@29.7166845150465,-90.6120205617025.jpg",5,223,296,397,104,620,400
"Morganza_all/016099@29.7165135733156,-90.6121748383308.jpg",1,322,291,256,182,578,473
"Morganza_all/016100@29.7164702544345,-90.6123938161954.jpg",3,111,285,353,113,464,398
"Morganza_all/016101@29.7162038126938,-90.6125341939735.jpg",1,231,295,158,87,389,382
"Morganza_all/016102@29.7160568132824,-90.6124113506813.jpg",2,96,271,542,145,638,416
"Morganza_all/016103@29.716001562414,-90.6127761792535.jpg",2,0,278,632,166,632,444
"Morganza_all/016104@29.7158349717005,-90.6125660239544.jpg",1,309,286,273,146,582,432
"Morganza_all/016105@29.7155747893776,-90.6126844920773.jpg",2,0,253,635,214,635,467
"Morganza_all/016106@29.7156779486086,-90.6129315531168.jpg",1,63,292,414,148,477,440
"Morganza_all/016107@29.7150630285308,-90.6133368578204.jpg",2,0,241,493,181,493,422
"Morganza_all/016108@29.7148655299928,-90.6132872446556.jpg",4,230,279,239,112,469,391
"Morganza_all/016109@29.7147329420209,-90.6134704119658.jpg",1,15,292,484,101,499,393
"Morganza_all/016110@29.7144020961936,-90.6134655158423.jpg",1,294,290,275,149,569,439
"Morganza_all/016111@29.71437823099,-90.6137572145291.jpg",1,165,282,397,143,562,425
"Morganza_all/016112@29.7142624089398,-90.6135175241249.jpg",5,274,244,298,122,572,366
"Morganza_all/016113@29.7141230814395,-90.6136351498433.jpg",1,190,247,355,206,545,453
"Morganza_all/016114@29.7139453062743,-90.6137020175044.jpg",2,145,237,490,216,635,453
"Morganza_all/016115@29.7137946323068,-90.6140675238028.jpg",1,97,265,294,184,391,449
"Morganza_all/016116@29.7136743882106,-90.6141850109997.jpg",1,88,256,417,167,505,423
"Morganza_all/016117@29.7134777283374,-90.6142884300522.jpg",5,190,280,346,113,536,393
"Morganza_all/016118@29.7131607843141,-90.6145020896311.jpg",1,82,310,427,102,509,412
"Morganza_all/016119@29.7130386114804,-90.6142624469456.jpg",3,186,294,207,184,393,478
"Morganza_all/016120@29.7129452798481,-90.6146493996952.jpg",2,0,300,414,140,414,440
"Morganza_all/016121@29.7127804354433,-90.6147526200231.jpg",1,0,275,315,161,315,436
"Morganza_all/016122@29.7124491505532,-90.6146675183253.jpg",2,8,234,622,214,630,448
"Morganza_all/016123@29.7125143102349,-90.6149512946443.jpg",1,101,217,336,215,437,432
"Morganza_all/016124@29.7122540062511,-90.6150479225112.jpg",1,185,293,162,129,347,422
"Morganza_all/016125@29.712182786319,-90.6148225008078.jpg",3,272,273,148,138,420,411
"Morganza_all/016126@29.712043417634,-90.6149328140713.jpg",1,148,262,363,160,511,422
"Morganza_all/016127@29.712127289349,-90.6151435592333.jpg",2,0,282,486,193,486,475
"Morganza_all/016128@29.7119623374337,-90.6152322247298.jpg",2,0,286,381,167,381,453
"Morganza_all/016129@29.7117578893702,-90.615073347408.jpg",2,216,274,418,148,634,422
"Morganza_all/016130@29.7115107279727,-90.6152500206924.jpg",1,17,268,613,177,630,445
"Morganza_all/016131@29.7115627437112,-90.6154537166728.jpg",2,0,280,448,114,448,394
"Morganza_all/016132@29.7114420794384,-90.616657135166.jpg",2,0,268,459,140,459,408
"Morganza_all/016133@29.7115979203313,-90.6172317792196.jpg",3,151,275,348,109,499,384
"Morganza_all/016134@29.711692051013,-90.6158317886606.jpg",2,46,219,587,240,633,459
"Morganza_all/016135@29.712006627924,-90.6163469848925.jpg",2,318,281,321,99,639,380
"Morganza_all/016136@29.711933020362,-90.615684300302.jpg",2,209,268,432,150,641,418
"Morganza_all/016137@29.7122879870862,-90.6154485117448.jpg",2,106,248,531,209,637,457
"Morganza_all/016138@29.7122607001571,-90.6162722678052.jpg",2,130,271,302,98,432,369
"Morganza_all/016145@29.7131440942089,-90.6149394945501.jpg",2,0,254,625,182,625,436
"Morganza_all/016146@29.7137971871138,-90.6145339331963.jpg",3,250,292,276,127,526,419
"Morganza_all/016147@29.7140937741467,-90.6152533399666.jpg",1,110,296,409,87,519,383
"Morganza_all/016148@29.7142323455384,-90.6149972673726.jpg",5,245,274,181,91,426,365
"Morganza_all/016150@29.7140825276711,-90.6143642567947.jpg",2,0,282,636,157,636,439
"Morganza_all/016151@29.7145326872066,-90.6140768024005.jpg",2,110,268,529,139,639,407
"Morganza_all/016155@29.7149573148365,-90.6137821888862.jpg",2,127,273,505,152,632,425
"Morganza_all/016157@29.7156784824713,-90.6141924653301.jpg",3,197,266,281,113,478,379
"Morganza_all/016158@29.7153570929215,-90.6135898217787.jpg",2,0,270,581,138,581,408
"Morganza_all/016159@29.7157373995969,-90.6133320035525.jpg",1,98,279,500,139,598,418
"Morganza_all/016160@29.7159258419233,-90.6140521984382.jpg",1,254,247,163,134,417,381
"Morganza_all/016161@29.716236765167,-90.6139041963863.jpg",1,214,290,144,84,358,374
"Morganza_all/016162@29.7160352703651,-90.6131257808551.jpg",2,76,258,560,155,636,413
"Morganza_all/016163@29.7167413370914,-90.6130988334317.jpg",6,193,191,220,145,413,336
"Morganza_all/016164@29.7165806064432,-90.6127938713161.jpg",2,147,275,488,145,635,420
"Morganza_all/016165@29.7168151527207,-90.61263913736.jpg",2,0,278,629,182,629,460
"Morganza_all/016166@29.7171257941053,-90.6124400956746.jpg",2,0,295,639,145,639,440
"Morganza_all/016167@29.7172881254977,-90.6130365827833.jpg",4,236,274,158,86,394,360
"Morganza_all/016168@29.7175547676116,-90.6129326217796.jpg",1,240,278,266,96,506,374
"Morganza_all/016170@29.7175506057476,-90.612174638743.jpg",3,34,285,600,130,634,415
"Morganza_all/016171@29.7177471436062,-90.6120493170039.jpg",2,61,281,576,141,637,422
"Morganza_all/016172@29.717981648995,-90.6118873023756.jpg",2,160,274,481,144,641,418
"Morganza_all/016173@29.7181844985316,-90.6117546250675.jpg",2,0,275,637,155,637,430
"Morganza_all/016174@29.7184129718292,-90.6116509351054.jpg",2,149,287,492,151,641,438
"Morganza_all/016175@29.718628352635,-90.6114817475196.jpg",2,183,291,458,149,641,440
"Morganza_all/016176@29.7188226241394,-90.6120998756621.jpg",1,249,260,169,90,418,350
"Morganza_all/016177@29.7188565852274,-90.6113343303572.jpg",2,71,290,570,132,641,422
"Morganza_all/016179@29.7192245565081,-90.6111494530992.jpg",2,263,282,376,124,639,406
"Morganza_all/016180@29.7194940432458,-90.6115629560627.jpg",3,136,306,257,115,393,421
"Morganza_all/016181@29.719497027977,-90.6109507091568.jpg",2,161,256,480,181,641,437
"Morganza_all/016182@29.7197250993963,-90.6107741175032.jpg",2,19,251,617,232,636,483
"Morganza_all/016183@29.7197409188754,-90.6113352243096.jpg",6,193,178,304,167,497,345
"Morganza_all/016184@29.7199121528517,-90.6112392540721.jpg",6,210,268,214,96,424,364
"Morganza_all/016185@29.719934367649,-90.6106486982956.jpg",2,238,261,402,168,640,429
"Morganza_all/016186@29.7202913992389,-90.6107846131201.jpg",2,287,264,350,156,637,420
"Morganza_all/016187@29.7201501082877,-90.6105450959987.jpg",2,329,256,307,156,636,412
"Morganza_all/016188@29.7204036554213,-90.6103756272105.jpg",2,0,264,634,164,634,428
"Morganza_all/016190@29.7208221234341,-90.6101175077725.jpg",2,179,282,453,133,632,415
"Morganza_all/016191@29.721221466761,-90.6098522153553.jpg",2,62,275,579,150,641,425
"Morganza_all/016192@29.721473719837,-90.6106011243607.jpg",5,197,276,241,82,438,358
"Morganza_all/016193@29.7216465141205,-90.6096304638945.jpg",1,190,289,442,135,632,424
"Morganza_all/016194@29.7115731792574,-90.6127108957749.jpg",1,103,297,322,83,425,380
"Morganza_all/016196@29.7135022060621,-90.6117932539193.jpg",2,0,228,400,189,400,417
"Morganza_all/016197@29.713594600055,-90.6116273880174.jpg",1,184,278,142,92,326,370
"Morganza_all/016198@29.7137983586783,-90.6116550892943.jpg",2,0,297,403,145,403,442
"Morganza_all/016199@29.7138975650917,-90.6111879137213.jpg",1,118,247,263,187,381,434
"Morganza_all/016200@29.7139419191628,-90.6115374306414.jpg",5,99,313,300,137,399,450
"Morganza_all/016201@29.7140687267971,-90.6114587669022.jpg",2,0,290,352,133,352,423
"Morganza_all/016202@29.7141870375473,-90.6113801957936.jpg",1,34,295,334,106,368,401
"Morganza_all/016203@29.7143053220333,-90.6112918588255.jpg",1,148,285,192,148,340,433
"Morganza_all/016204@29.7143715309177,-90.6109901510758.jpg",3,136,294,253,91,389,385
"Morganza_all/016205@29.714168146587,-90.6110304942106.jpg",1,9,306,383,136,392,442
"Morganza_all/016206@29.7140329764619,-90.6111286246149.jpg",1,146,304,267,102,413,406
"Morganza_all/016208@29.720856933099,-90.5886079691793.jpg",6,0,283,418,190,418,473
"Morganza_all/016209@29.7215089841629,-90.5893129237971.jpg",3,222,288,277,84,499,372
"Morganza_all/016210@29.7218677137597,-90.5897834319093.jpg",1,188,271,208,95,396,366
"Morganza_all/016211@29.7221918010641,-90.5904255581078.jpg",2,0,296,347,115,347,411
"Morganza_all/016213@29.7198216677586,-90.5969699289392.jpg",1,39,268,531,218,570,486
"Morganza_all/016214@29.719644558332,-90.5971343945968.jpg",1,91,263,546,174,637,437
"Morganza_all/016215@29.7194388231296,-90.5972745913848.jpg",2,0,271,637,196,637,467
"Morganza_all/016216@29.7192195114289,-90.5975291222786.jpg",3,39,281,531,112,570,393
"Morganza_all/016217@29.7189784854547,-90.5977266944807.jpg",1,138,252,431,193,569,445
"Morganza_all/016218@29.718658869699,-90.5978759175731.jpg",2,0,250,619,265,619,515
"Morganza_all/016219@29.7183680343234,-90.598082013536.jpg",2,0,248,635,227,635,475
"Morganza_all/016220@29.7179993855601,-90.5983784034409.jpg",2,0,231,639,267,639,498
"Morganza_all/016221@29.7177371565437,-90.598600605453.jpg",2,0,268,622,208,622,476
"Morganza_all/016222@29.7174040258837,-90.5988804433147.jpg",2,0,264,629,183,629,447
"Morganza_all/016223@29.7170067500692,-90.5991525591859.jpg",1,74,265,564,211,638,476
"Morganza_all/016224@29.7168719599261,-90.5992433023536.jpg",1,132,279,390,164,522,443
"Morganza_all/016225@29.7170613535041,-90.5987279299291.jpg",2,0,306,552,122,552,428
"Morganza_all/016226@29.7168627388237,-90.598868099024.jpg",3,61,275,450,169,511,444
"Morganza_all/016228@29.7164192569512,-90.5997932100181.jpg",3,117,264,384,140,501,404
"Morganza_all/016229@29.7162530597708,-90.5993620444494.jpg",2,0,275,615,136,615,411
"Morganza_all/016230@29.7160614752634,-90.5994858408311.jpg",1,33,281,459,156,492,437
"Morganza_all/016232@29.7158771493539,-90.5996340300524.jpg",1,24,280,458,128,482,408
"Morganza_all/016233@29.7156999453584,-90.5997821664961.jpg",2,0,264,556,158,556,422
"Morganza_all/016234@29.7157382445509,-90.6002632238436.jpg",3,149,268,345,126,494,394
"Morganza_all/016235@29.7153834252171,-90.6004860942469.jpg",3,191,272,367,169,558,441
"Morganza_all/016236@29.7154093167506,-90.6000208865455.jpg",2,0,274,625,153,625,427
"Morganza_all/016237@29.7151855370517,-90.6007567694203.jpg",1,191,292,336,92,527,384
"Morganza_all/016238@29.7149057360835,-90.6003835550311.jpg",1,88,284,514,141,602,425
"Morganza_all/016239@29.7149151985442,-90.6008077050126.jpg",1,187,245,245,235,432,480
"Morganza_all/016240@29.7145795138129,-90.6006306599072.jpg",1,89,312,352,90,441,402
"Morganza_all/016241@29.7144020356558,-90.6007298707646.jpg",2,0,302,474,106,474,408
"Morganza_all/016242@29.7145677732613,-90.6010794414894.jpg",4,271,299,137,86,408,385
"Morganza_all/016243@29.7142889746917,-90.6008856925992.jpg",3,115,282,264,154,379,436
"Morganza_all/016245@29.7142440785863,-90.6017752503681.jpg",6,210,266,175,100,385,366
"Morganza_all/016246@29.7141401212303,-90.6010091707724.jpg",2,0,288,503,120,503,408
"Morganza_all/016247@29.7139202741697,-90.601173932725.jpg",1,57,275,561,174,618,449
"Morganza_all/016248@29.7138443420372,-90.6016068624704.jpg",2,0,240,641,239,641,479
"Morganza_all/016249@29.7137359918266,-90.6013302745094.jpg",1,59,277,373,161,432,438
"Morganza_all/016250@29.7135539826826,-90.6018944942768.jpg",5,273,265,176,123,449,388
"Morganza_all/016252@29.7121686949397,-90.6114822130773.jpg",2,0,298,638,177,638,475
"Morganza_all/016253@29.7107637624841,-90.6120656819704.jpg",2,0,197,637,281,637,478
"Morganza_all/016254@29.7100622823575,-90.6125371504022.jpg",6,157,252,309,118,466,370
"Morganza_all/016257@29.7109733088125,-90.6131525243511.jpg",1,307,290,142,101,449,391
"Morganza_all/016260@29.7150748239512,-90.6108490105835.jpg",3,126,294,319,99,445,393
"Morganza_all/016261@29.714920787951,-90.610607172222.jpg",1,105,281,295,144,400,425
"Morganza_all/016263@29.7152169927205,-90.6104787046858.jpg",2,0,293,365,97,365,390
"Morganza_all/016264@29.7154366737895,-90.6103216490994.jpg",3,193,269,197,147,390,416
"Morganza_all/016266@29.7159878836827,-90.6102884926759.jpg",1,102,282,380,138,482,420
"Morganza_all/016267@29.7162244774016,-90.6101215786286.jpg",2,0,257,438,140,438,397
"Morganza_all/016268@29.7165948212977,-90.6095941469699.jpg",3,36,298,389,103,425,401
"Morganza_all/016269@29.7168671150762,-90.6097476469611.jpg",1,57,276,500,114,557,390
"Morganza_all/016270@29.7171715206587,-90.609570536348.jpg",1,242,294,322,83,564,377
"Morganza_all/016271@29.7174251334686,-90.6094131986031.jpg",2,0,292,541,131,541,423
"Morganza_all/016272@29.7177041822815,-90.6092557074276.jpg",2,0,275,509,160,509,435
"Morganza_all/016273@29.7178031395049,-90.6087399339777.jpg",5,268,282,110,88,378,370
"Morganza_all/016274@29.7179383076373,-90.6086417651438.jpg",5,235,286,315,139,550,425
"Morganza_all/016275@29.7181942535731,-90.6089023076509.jpg",1,79,266,425,122,504,388
"Morganza_all/016276@29.7184308990523,-90.6087450895138.jpg",1,68,305,519,98,587,403
"Morganza_all/016278@29.7181835573125,-90.6085039539146.jpg",1,324,296,276,147,600,443
"Morganza_all/016279@29.7182764300686,-90.6084255289235.jpg",1,351,272,260,178,611,450
"Morganza_all/016280@29.718555666126,-90.6082971736038.jpg",1,270,289,327,141,597,430
"Morganza_all/016281@29.7188960420904,-90.6084890558973.jpg",1,61,294,516,117,577,411
"Morganza_all/016282@29.7186570893568,-90.6082283894216.jpg",1,342,303,252,140,594,443
"Morganza_all/016283@29.7188094385358,-90.6081690021806.jpg",1,319,269,289,159,608,428
"Morganza_all/016284@29.7190204323119,-90.6079730910791.jpg",1,42,266,212,187,254,453
"Morganza_all/016285@29.7192573989269,-90.6078741816575.jpg",2,0,246,417,251,417,497
"Morganza_all/016286@29.7196145810068,-90.6080368003711.jpg",1,136,283,341,145,477,428
"Morganza_all/016287@29.7195191308788,-90.6076487908496.jpg",2,0,290,387,150,387,440
"Morganza_all/016288@29.7197835205923,-90.6079092422023.jpg",2,0,296,451,121,451,417
"Morganza_all/016290@29.7199335870107,-90.6074319623424.jpg",5,349,238,179,114,528,352
"Morganza_all/016292@29.712945700242,-90.6026413271601.jpg",1,240,261,240,112,480,373
"Morganza_all/016293@29.7128143049357,-90.6020630851655.jpg",2,0,288,579,190,579,478
"Morganza_all/016294@29.7126156864643,-90.6022032101857.jpg",1,10,295,547,119,557,414
"Morganza_all/016295@29.7122612724311,-90.6024994637854.jpg",1,34,289,452,160,486,449
"Morganza_all/016296@29.7125330648915,-90.6027095825646.jpg",1,71,285,514,140,585,425
"Morganza_all/016297@29.7125999957323,-90.6032230530717.jpg",6,214,267,225,99,439,366
"Morganza_all/016298@29.7121783775216,-90.6029569133079.jpg",1,185,264,384,165,569,429
"Morganza_all/016299@29.712112190342,-90.6025821434833.jpg",5,217,287,208,117,425,404
"Morganza_all/016300@29.7119421958823,-90.6027465345098.jpg",2,93,289,539,151,632,440
"Morganza_all/016301@29.7118379517327,-90.6032122972185.jpg",2,0,271,553,212,553,483
"Morganza_all/016302@29.7116586110072,-90.6029770265008.jpg",1,9,292,558,146,567,438
"Morganza_all/016303@29.711575805162,-90.6034507902131.jpg",2,59,282,581,154,640,436
"Morganza_all/016304@29.7224581980594,-90.5909375897667.jpg",6,201,221,215,100,416,321
"Morganza_all/016306@29.7222650526793,-90.5907839857057.jpg",6,183,273,173,81,356,354
"Morganza_all/016308@29.7220526636319,-90.5910058472911.jpg",6,168,295,230,82,398,377
"Morganza_all/016312@29.7208806127317,-90.5890157182312.jpg",1,182,254,352,130,534,384
"Morganza_all/016314@29.7230171885299,-90.5915616614644.jpg",1,314,278,173,94,487,372
"Morganza_all/016315@29.7213818220506,-90.5907497753808.jpg",6,226,254,107,91,333,345
"Morganza_all/016317@29.7206721092234,-90.5899228761154.jpg",2,0,264,451,144,451,408
"Morganza_all/016318@29.7202895855837,-90.5902765241732.jpg",3,123,285,410,95,533,380
"Morganza_all/016319@29.7207126598748,-90.5907955107743.jpg",6,217,311,175,84,392,395
"Morganza_all/016320@29.7200703523016,-90.5905473914956.jpg",1,179,278,310,103,489,381
"Morganza_all/016321@29.7198799757784,-90.5908832893787.jpg",1,232,283,207,81,439,364
"Morganza_all/016322@29.7193554377438,-90.5900550255094.jpg",6,275,240,171,82,446,322
"Morganza_all/016323@29.7228595991483,-90.5926642313919.jpg",6,309,221,103,87,412,308
"Morganza_all/016326@29.7233977094876,-90.5921136228778.jpg",1,234,275,329,102,563,377
"Morganza_all/016327@29.7235634974377,-90.5924632105608.jpg",1,306,277,145,87,451,364
"Morganza_all/016332@29.7239241478677,-90.5932764144092.jpg",1,44,275,348,125,392,400
"Morganza_all/016333@29.7237966403913,-90.5933997579351.jpg",1,16,280,467,128,483,408
"Morganza_all/016334@29.7235979853299,-90.5935317558982.jpg",1,8,276,406,115,414,391
"Morganza_all/016335@29.7234420627741,-90.5936634688144.jpg",1,99,286,257,122,356,408
"Morganza_all/016336@29.7236005591629,-90.5939886331289.jpg",2,104,208,537,260,641,468
"Morganza_all/016337@29.7240544329356,-90.593650779991.jpg",2,0,278,639,162,639,440
"Morganza_all/016338@29.7240151006604,-90.5942548179064.jpg",6,158,282,266,89,424,371
"Morganza_all/016340@29.7246806494649,-90.5948373306027.jpg",6,238,267,236,89,474,356
"Morganza_all/016341@29.7252743604078,-90.5953061708406.jpg",2,0,221,636,222,636,443
"Morganza_all/016343@29.723753429592,-90.5945749285103.jpg",6,189,185,210,115,399,300
"Morganza_all/016344@29.7233984823921,-90.5947733580594.jpg",6,263,249,139,96,402,345
"Morganza_all/016346@29.7227961706292,-90.5953081375808.jpg",6,249,278,161,85,410,363
"Morganza_all/016347@29.7232790637949,-90.5938033620982.jpg",1,157,260,349,164,506,424
"Morganza_all/016348@29.7231161565765,-90.5939595741418.jpg",1,0,289,563,135,563,424
"Morganza_all/016349@29.7229389131229,-90.594099571767.jpg",1,32,274,483,138,515,412
"Morganza_all/016350@29.7228133609944,-90.5945655523127.jpg",2,155,283,482,134,637,417
"Morganza_all/016352@29.7226295915856,-90.5948116754268.jpg",1,140,290,415,122,555,412
"Morganza_all/016353@29.7224138909819,-90.5944461361071.jpg",2,19,269,456,132,475,401
"Morganza_all/016354@29.7223171470148,-90.5949689887424.jpg",2,0,293,492,114,492,407
"Morganza_all/016355@29.7217902599908,-90.5949891980604.jpg",2,0,275,538,169,538,444
"Morganza_all/016357@29.7216229350411,-90.5956268051102.jpg",1,50,193,469,267,519,460
"Morganza_all/016358@29.7217362006478,-90.5955036036864.jpg",3,277,269,187,133,464,402
"Morganza_all/016359@29.7215849216512,-90.595194677933.jpg",1,35,232,444,188,479,420
"Morganza_all/016360@29.7212658315475,-90.5954417951944.jpg",1,66,285,560,172,626,457
"Morganza_all/016361@29.7214101529147,-90.5957752510631.jpg",1,101,247,502,180,603,427
"Morganza_all/016362@29.7211121988107,-90.5959814113081.jpg",2,179,284,460,176,639,460
"Morganza_all/016363@29.7209280143774,-90.5961540927616.jpg",1,149,276,452,142,601,418
"Morganza_all/016364@29.7210173473436,-90.595574153296.jpg",2,137,275,503,154,640,429
"Morganza_all/016365@29.7207054702711,-90.5958375342524.jpg",1,132,316,243,135,375,451
"Morganza_all/016366@29.7206346895011,-90.5959114938547.jpg",1,401,302,213,155,614,457
"Morganza_all/016367@29.7203936659839,-90.5961090727503.jpg",1,9,288,616,138,625,426
"Morganza_all/016368@29.7207294481289,-90.5963024002968.jpg",2,57,271,578,186,635,457
"Morganza_all/016369@29.7202377406322,-90.5962407459257.jpg",1,132,277,426,159,558,436
"Morganza_all/016370@29.7200676169689,-90.596380714507.jpg",1,19,289,488,157,507,446
"Morganza_all/016371@29.7198974471812,-90.5965124917626.jpg",1,64,287,498,159,562,446
"Morganza_all/016372@29.719720292542,-90.5966687990228.jpg",1,58,289,490,147,548,436
"Morganza_all/016373@29.7195570158186,-90.5967597577942.jpg",2,134,288,505,154,639,442
"Morganza_all/016374@29.7192662279806,-90.5969740181482.jpg",1,0,285,452,143,452,428
"Morganza_all/016375@29.718961543394,-90.5972454967823.jpg",2,134,306,504,112,638,418
"Morganza_all/016376@29.718585088583,-90.5974195868271.jpg",2,0,297,354,119,354,416
"Morganza_all/016377@29.7184723059531,-90.5976243743038.jpg",2,0,300,451,111,451,411
"Morganza_all/016378@29.7183020434596,-90.5977398289081.jpg",2,151,296,488,133,639,429
"Morganza_all/016379@29.7179830399047,-90.5980032483211.jpg",1,19,270,509,211,528,481
"Morganza_all/016380@29.7177560563945,-90.5981599161836.jpg",1,18,274,609,123,627,397
"Morganza_all/016381@29.7199917006749,-90.5968136744989.jpg",2,0,287,637,185,637,472
"Morganza_all/016382@29.7113890704852,-90.6031666197364.jpg",1,30,285,516,157,546,442
"Morganza_all/016383@29.7110859602676,-90.6037235787077.jpg",1,72,292,472,100,544,392
"Morganza_all/016384@29.7107737039722,-90.6039216392607.jpg",1,263,289,262,112,525,401
"Morganza_all/016385@29.7107138072062,-90.6033918084892.jpg",3,110,292,324,105,434,397
"Morganza_all/016387@29.7100441352669,-90.6046284965968.jpg",1,170,285,285,102,455,387
"Morganza_all/016388@29.7098798113773,-90.6045318188178.jpg",1,112,334,343,106,455,440
"Morganza_all/016389@29.7098632113605,-90.6041077419559.jpg",1,33,292,572,130,605,422
"Morganza_all/016390@29.7096463316837,-90.6048026987492.jpg",1,192,282,322,119,514,401
"Morganza_all/016392@29.7092111243334,-90.6046590413415.jpg",1,95,298,297,123,392,421
"Morganza_all/016393@29.7091006384889,-90.605279820412.jpg",2,0,233,573,197,573,430
"Morganza_all/016394@29.70880703132,-90.6049883044562.jpg",1,38,286,561,160,599,446
"Morganza_all/016395@29.7083034817903,-90.6053590509033.jpg",1,44,282,568,116,612,398
"Morganza_all/016397@29.7083085453768,-90.6062726347837.jpg",6,231,232,217,113,448,345
"Morganza_all/016398@29.7076008720589,-90.6070772340873.jpg",6,245,271,152,96,397,367
"Morganza_all/016399@29.7080605278916,-90.6077835789294.jpg",6,228,241,203,117,431,358
"Morganza_all/016400@29.7089533525164,-90.6069776680217.jpg",2,103,301,537,99,640,400
"Morganza_all/016401@29.7091545937379,-90.6073106546525.jpg",2,334,275,305,138,639,413
"Morganza_all/016402@29.7094215043239,-90.6066398198115.jpg",1,37,285,400,113,437,398
"Morganza_all/016403@29.709669575589,-90.6064259191747.jpg",2,0,277,232,100,232,377
"Morganza_all/016404@29.7102613667722,-90.6065602883651.jpg",1,283,304,168,97,451,401
"Morganza_all/016405@29.7103606694409,-90.6064861367626.jpg",1,271,299,147,103,418,402
"Morganza_all/016406@29.71036462844,-90.6059150793765.jpg",1,46,293,556,101,602,394
"Morganza_all/016407@29.7108285664484,-90.6061074886434.jpg",1,113,280,435,149,548,429
"Morganza_all/016410@29.711237251674,-90.6053213820189.jpg",1,252,311,328,155,580,466
"Morganza_all/016411@29.7118356507638,-90.6053578219412.jpg",1,110,309,442,84,552,393
"Morganza_all/016412@29.7116627569919,-90.6050001153536.jpg",1,104,312,349,115,453,427
"Morganza_all/016413@29.7126273467968,-90.6042996954626.jpg",1,88,309,397,100,485,409
"Morganza_all/016414@29.7130417770916,-90.604549576188.jpg",1,134,285,360,121,494,406
"Morganza_all/016415@29.7128045559251,-90.6041515715723.jpg",1,75,302,392,100,467,402
"Morganza_all/016416@29.7129179654082,-90.6040528355034.jpg",1,236,308,111,96,347,404
"Morganza_all/016417@29.7130811114269,-90.6039374497936.jpg",1,173,307,169,91,342,398
"Morganza_all/016419@29.7133433949042,-90.6037234309306.jpg",1,219,311,170,106,389,417
"Morganza_all/016420@29.7136446254864,-90.6041046517027.jpg",2,153,284,485,130,638,414
"Morganza_all/016421@29.7135494997408,-90.6036484951032.jpg",3,179,300,136,117,315,417
"Morganza_all/016422@29.7139779487282,-90.6038574772248.jpg",2,213,273,427,189,640,462
"Morganza_all/016423@29.7136981744184,-90.6034924177124.jpg",3,126,271,294,116,420,387
"Morganza_all/016424@29.7139324952469,-90.6033683200785.jpg",1,89,268,313,145,402,413
"Morganza_all/016425@29.7143250620884,-90.6035286082323.jpg",2,0,287,614,147,614,434
"Morganza_all/016426@29.7140738205951,-90.603171499288.jpg",3,142,257,191,153,333,410
"Morganza_all/016427@29.7142372833687,-90.6031131915196.jpg",1,190,316,134,111,324,427
"Morganza_all/016429@29.7146729006476,-90.6033302797297.jpg",1,132,285,432,148,564,433
"Morganza_all/016430@29.7146558429118,-90.6028246250304.jpg",1,57,313,440,81,497,394
"Morganza_all/016431@29.7150276796148,-90.6030992935483.jpg",1,265,291,277,128,542,419
"Morganza_all/016432@29.7156164150899,-90.6026789325425.jpg",3,270,249,244,166,514,415
"Morganza_all/016433@29.7158118081384,-90.6019595771399.jpg",1,46,260,485,127,531,387
"Morganza_all/016434@29.7160672845478,-90.6018027125943.jpg",3,75,292,408,112,483,404
"Morganza_all/016435@29.7162544764216,-90.6021684528312.jpg",1,135,297,448,124,583,421
"Morganza_all/016436@29.7164818556828,-90.6020770372763.jpg",1,36,165,520,286,556,451
"Morganza_all/016437@29.7162659933238,-90.6016788685464.jpg",2,9,281,417,129,426,410
"Morganza_all/016438@29.7164288188295,-90.6015063616419.jpg",5,173,283,289,115,462,398
"Morganza_all/016439@29.7168574530362,-90.6017479770068.jpg",1,4,265,606,155,610,420
"Morganza_all/016440@29.7170346592368,-90.6015998423315.jpg",1,225,271,299,151,524,422
"Morganza_all/016442@29.7173895714108,-90.6013932904879.jpg",1,141,293,471,119,612,412
"Morganza_all/016443@29.7171235792918,-90.6009465299078.jpg",3,41,296,476,82,517,378
"Morganza_all/016444@29.7174421333715,-90.600601530665.jpg",1,207,285,147,82,354,367
"Morganza_all/016445@29.7176274166515,-90.6006246518292.jpg",3,71,292,492,110,563,402
"Morganza_all/016446@29.7247882084359,-90.6032857180575.jpg",2,0,255,604,205,604,460
"Morganza_all/016447@29.7245771676152,-90.603471915376.jpg",2,0,282,465,196,465,478
"Morganza_all/016448@29.7243992492334,-90.6035120921065.jpg",1,65,266,418,202,483,468
"Morganza_all/016449@29.7242640573217,-90.6036102429103.jpg",1,63,240,344,227,407,467
"Morganza_all/016450@29.7241035375387,-90.603728048853.jpg",2,0,256,635,228,635,484
"Morganza_all/016451@29.7234946618685,-90.6040629221945.jpg",2,0,228,500,243,500,471
"Morganza_all/016452@29.7231650703044,-90.6042888575398.jpg",1,78,261,391,187,469,448
"Morganza_all/016453@29.7229452888151,-90.6044265318991.jpg",2,0,291,497,168,497,459
"Morganza_all/016454@29.7224041419576,-90.6047414649326.jpg",2,0,265,636,190,636,455
"Morganza_all/016455@29.7221422533617,-90.604937728659.jpg",2,0,268,504,194,504,462
"Morganza_all/016456@29.721896845833,-90.6050464129678.jpg",2,0,282,630,169,630,451
"Morganza_all/016457@29.7215589183357,-90.6052918407632.jpg",2,0,278,458,198,458,476
"Morganza_all/016458@29.7212968673322,-90.6054589604448.jpg",3,25,288,517,138,542,426
"Morganza_all/016459@29.7208908838264,-90.6056757069621.jpg",2,0,257,373,209,373,466
"Morganza_all/016460@29.7207641874429,-90.6057738210934.jpg",2,0,286,476,149,476,435
"Morganza_all/016461@29.7205359886222,-90.6059212535555.jpg",2,0,259,606,231,606,490
"Morganza_all/016462@29.7202993190594,-90.6060784818825.jpg",4,278,271,217,112,495,383
"Morganza_all/016463@29.720155548018,-90.6061572491915.jpg",1,99,262,423,202,522,464
"Morganza_all/016464@29.7199694822371,-90.6062557935642.jpg",2,0,285,641,208,641,493
"Morganza_all/016465@29.7196906787259,-90.6064619063447.jpg",2,0,282,536,178,536,460
"Morganza_all/016467@29.7192090848553,-90.606805558501.jpg",2,0,268,560,221,560,489
"Morganza_all/016468@29.7187859713299,-90.6069932780157.jpg",1,160,265,333,138,493,403
"Morganza_all/016469@29.7184734759669,-90.6072384754478.jpg",1,26,288,487,155,513,443
"Morganza_all/016470@29.7173491136623,-90.6079366326344.jpg",1,32,286,597,153,629,439
"Morganza_all/016471@29.7169007234246,-90.6081536679643.jpg",3,32,310,477,101,509,411
"Morganza_all/016472@29.7167491519864,-90.6083588469248.jpg",2,37,278,596,143,633,421
"Morganza_all/016473@29.7164447219562,-90.6085262576002.jpg",2,0,296,638,101,638,397
"Morganza_all/016474@29.7160548951214,-90.6085970981248.jpg",2,0,308,467,121,467,429
"Morganza_all/016475@29.7161318744947,-90.6087131658115.jpg",2,85,299,513,123,598,422
"Morganza_all/016476@29.715886732011,-90.6088704419534.jpg",2,68,286,571,145,639,431
"Morganza_all/016477@29.7157760343101,-90.6087934936995.jpg",2,0,287,536,140,536,427
"Morganza_all/016478@29.7165575115121,-90.6089821779867.jpg",1,180,237,448,158,628,395
"Morganza_all/016479@29.7135385683958,-90.6106949075134.jpg",1,4,297,555,124,559,421
"Morganza_all/016480@29.7136504156166,-90.6109759215379.jpg",2,120,292,514,157,634,449
"Morganza_all/016481@29.7133778815808,-90.6107835193069.jpg",1,217,310,359,170,576,480
"Morganza_all/016482@29.7134474590619,-90.6110940095253.jpg",1,127,296,505,129,632,425
"Morganza_all/016483@29.7132531061551,-90.6112314404312.jpg",2,103,296,527,152,630,448
"Morganza_all/016484@29.713234107825,-90.6108623059043.jpg",1,138,309,335,140,473,449
"Morganza_all/016485@29.7130734208938,-90.6109509171592.jpg",1,138,309,347,169,485,478
"Morganza_all/016486@29.7128792561245,-90.6111175176337.jpg",1,209,292,395,151,604,443
"Morganza_all/016487@29.7129909680511,-90.6113790942866.jpg",1,162,290,429,182,591,472
"Morganza_all/016488@29.7128134211297,-90.6114872630941.jpg",2,227,303,405,173,632,476
"Morganza_all/016489@29.7127016560437,-90.6112159844681.jpg",1,154,290,397,181,551,471
"Morganza_all/016490@29.7124478805586,-90.6113441403349.jpg",2,0,292,637,166,637,458
"Morganza_all/016491@29.7126190146323,-90.6116150215571.jpg",1,238,289,329,185,567,474
"Morganza_all/016492@29.7124414140022,-90.6117134557512.jpg",1,144,288,334,193,478,481
"Morganza_all/016493@29.7122303077341,-90.6118899100345.jpg",2,0,300,635,189,635,489
"Morganza_all/016494@29.7200965817058,-90.6077611997871.jpg",2,0,334,409,136,409,470
"Morganza_all/016495@29.7203077086337,-90.6075944576675.jpg",2,0,310,420,130,420,440
"Morganza_all/016496@29.7202042713986,-90.6072939607588.jpg",5,266,339,114,86,380,425
"Morganza_all/016498@29.7203732639286,-90.6071761036417.jpg",5,246,304,132,95,378,399
"Morganza_all/016499@29.7204404847957,-90.6070589851234.jpg",3,61,291,276,152,337,443
"Morganza_all/016500@29.7206437329539,-90.6069992254134.jpg",3,295,285,181,113,476,398
"Morganza_all/016001@29.7150771230046,-90.611266850126.jpg",1,203,259,307,183,510,442
"Morganza_all/016002@29.7149128149185,-90.611472112511.jpg",1,176,229,446,238,622,467
"Morganza_all/016003@29.7150863205911,-90.6117842839868.jpg",2,0,178,563,251,563,429
"Morganza_all/016005@29.7145850537778,-90.612028392865.jpg",1,75,264,533,137,608,401
"Morganza_all/016006@29.714519647425,-90.6117008883534.jpg",1,334,294,152,118,486,412
"Morganza_all/016007@29.7143928529823,-90.6117819777605.jpg",1,298,285,141,125,439,410
"Morganza_all/016008@29.714221631216,-90.6118852503216.jpg",1,149,306,270,103,419,409
"Morganza_all/016009@29.7137905480633,-90.6121653305813.jpg",1,339,275,220,129,559,404
"Morganza_all/016011@29.7133146765687,-90.61240197428.jpg",1,211,247,337,188,548,435
"Morganza_all/016012@29.7131521944493,-90.6129351896846.jpg",1,121,278,414,92,535,370
"Morganza_all/016013@29.7130548145234,-90.6125787484566.jpg",1,339,292,189,111,528,403
"Morganza_all/016014@29.712769688942,-90.6127921833669.jpg",1,144,268,421,139,565,407
"Morganza_all/016017@29.7124843628279,-90.6129691389463.jpg",1,246,254,343,185,589,439
"Morganza_all/016018@29.7123383237921,-90.6130212241684.jpg",1,350,305,124,103,474,408
"Morganza_all/016019@29.7123789302327,-90.6134654904265.jpg",1,23,268,602,128,625,396
"Morganza_all/016020@29.7122243401347,-90.6131167718678.jpg",1,332,294,170,110,502,404
"Morganza_all/016021@29.7121355926662,-90.6131757212445.jpg",1,348,306,107,84,455,390
"Morganza_all/016022@29.7120340333923,-90.6132201772924.jpg",1,316,296,133,114,449,410
"Morganza_all/016024@29.7119010456856,-90.6133304467037.jpg",1,272,297,130,115,402,412
"Morganza_all/016025@29.7117296628673,-90.6134045758708.jpg",1,332,302,250,149,582,451
"Morganza_all/016026@29.7117194084944,-90.6138565138595.jpg",1,42,268,582,139,624,407
"Morganza_all/016027@29.7115900555984,-90.6134711676644.jpg",1,224,313,312,124,536,437
"Morganza_all/016029@29.711336584288,-90.6136551984531.jpg",1,331,285,238,117,569,402
"Morganza_all/016030@29.7112350647391,-90.6137069302906.jpg",1,342,289,246,125,588,414
"Morganza_all/016031@29.7114468126952,-90.6140333729917.jpg",1,200,293,370,94,570,387
"Morganza_all/016032@29.7111357694374,-90.6141595061806.jpg",1,90,271,439,87,529,358
"Morganza_all/016033@29.7109629485592,-90.6139712658195.jpg",2,177,288,459,141,636,429
"Morganza_all/016034@29.7111399249754,-90.6137586476307.jpg",1,342,283,198,153,540,436
"Morganza_all/016035@29.7107569775652,-90.6146942610983.jpg",2,301,270,340,107,641,377
"Morganza_all/016037@29.7111383237522,-90.6157920360445.jpg",1,176,282,361,93,537,375
"Morganza_all/016039@29.7113814989937,-90.6148865664287.jpg",1,174,306,145,116,319,422
"Morganza_all/016040@29.7113349442391,-90.6145152105695.jpg",1,57,279,548,135,605,414
"Morganza_all/016042@29.7117048358252,-90.6146801743982.jpg",1,276,300,276,153,552,453
"Morganza_all/016044@29.7119311560719,-90.614182958458.jpg",2,0,277,435,98,435,375
"Morganza_all/016045@29.7119777791085,-90.6145615928644.jpg",2,0,306,493,123,493,429
"Morganza_all/016046@29.7123643998777,-90.6142964331667.jpg",2,0,275,446,158,446,433
"Morganza_all/016049@29.712723586901,-90.6136670818106.jpg",1,47,285,557,127,604,412
"Morganza_all/016050@29.7129223236775,-90.6139426205612.jpg",1,154,298,235,130,389,428
"Morganza_all/016051@29.7130111113683,-90.6138909481621.jpg",1,184,306,222,126,406,432
"Morganza_all/016052@29.7130789772306,-90.6135041776948.jpg",1,84,275,467,104,551,379
"Morganza_all/016053@29.7131758352547,-90.6137658643564.jpg",1,148,315,148,105,296,420
"Morganza_all/016054@29.7132581909553,-90.6136996838107.jpg",1,142,310,185,136,327,446
"Morganza_all/016056@29.7135119419541,-90.6135666501825.jpg",2,0,293,432,114,432,407
"Morganza_all/016057@29.7133770757349,-90.6133344077319.jpg",1,69,285,439,98,508,383
"Morganza_all/016059@29.7137845769984,-90.613397062944.jpg",3,50,303,326,120,376,423
"Morganza_all/016060@29.7140572918288,-90.6132420599561.jpg",2,0,275,451,137,451,412
"Morganza_all/016061@29.7142789743494,-90.6130582520183.jpg",2,0,300,397,134,397,434
"Morganza_all/016062@29.7145329247012,-90.6129616627647.jpg",2,0,276,406,156,406,432
"Morganza_all/016063@29.7144167812642,-90.6126636950061.jpg",1,141,234,386,158,527,392
"Morganza_all/016067@29.7148941063167,-90.6126967048667.jpg",1,37,306,253,119,290,425
"Morganza_all/016068@29.7149701217895,-90.6126378451735.jpg",1,95,306,218,127,313,433
"Morganza_all/016069@29.7152917336257,-90.6121180581127.jpg",1,24,279,486,95,510,374
"Morganza_all/016070@29.7153824023002,-90.6124089342389.jpg",2,0,292,373,109,373,401
"Morganza_all/016071@29.7155218088045,-90.6123058907193.jpg",1,110,311,199,111,309,422
"Morganza_all/016072@29.7157502024517,-90.6121876193556.jpg",2,0,290,418,112,418,402
"Morganza_all/016073@29.7159212768184,-90.6120624835145.jpg",1,150,265,233,179,383,444
"Morganza_all/016074@29.7160797269524,-90.6119520243403.jpg",1,183,294,311,167,494,461
"Morganza_all/016075@29.7165110099537,-90.611708384829.jpg",1,163,282,212,135,375,417
"Morganza_all/016076@29.7166632680321,-90.6116271413849.jpg",1,157,261,309,194,466,455
"Morganza_all/016077@29.7168850809974,-90.6114724649471.jpg",3,76,285,337,141,413,426
"Morganza_all/016078@29.7170435706472,-90.6113692808272.jpg",1,101,278,356,136,457,414
"Morganza_all/016079@29.7167309267106,-90.6112039071027.jpg",1,169,247,366,153,535,400
"Morganza_all/016080@29.7172274562119,-90.6112586356903.jpg",2,0,289,451,169,451,458
"Morganza_all/016081@29.7174493764792,-90.6111185430322.jpg",3,40,283,497,130,537,413
"Morganza_all/016082@29.7176519848055,-90.6109421707842.jpg",1,60,286,338,105,398,391
"Morganza_all/016083@29.7175047030204,-90.6107682939393.jpg",1,48,265,492,108,540,373
"Morganza_all/016084@29.7178867293236,-90.6108238479032.jpg",2,0,304,423,131,423,435
"Morganza_all/016085@29.718045419085,-90.6107571103572.jpg",1,240,318,171,107,411,425
"Morganza_all/016086@29.7181847439709,-90.6106394760173.jpg",2,0,292,449,111,449,403
"Morganza_all/016087@29.7183584244824,-90.6109880737056.jpg",2,0,320,524,121,524,441
"Morganza_all/016088@29.7183663003888,-90.6112650005461.jpg",2,0,294,592,121,592,415
"Morganza_all/016089@29.7178700514799,-90.6112612741025.jpg",2,185,275,456,150,641,425
"Morganza_all/016090@29.7177702563972,-90.6116264313541.jpg",1,0,285,497,151,497,436
"Morganza_all/016091@29.7174769771484,-90.6115119204931.jpg",2,120,283,519,149,639,432
"Morganza_all/016092@29.7175355911555,-90.6117593063921.jpg",3,317,278,121,85,438,363
"Morganza_all/016093@29.7173631951861,-90.6116439547117.jpg",1,285,163,288,276,573,439
"Morganza_all/016094@29.7170965940903,-90.6117551960088.jpg",2,0,273,639,148,639,421
"Morganza_all/016095@29.7169208623514,-90.6121937653124.jpg",2,0,284,351,146,351,430
"Morganza_all/016096@29.7168430451206,-90.6119246556969.jpg",1,106,285,394,150,500,435
"Morganza_all/016097@29.7167814159768,-90.6122895333949.jpg",1,0,290,404,135,404,425
"Morganza_all/016099@29.7165135733156,-90.6121748383308.jpg",1,324,295,248,172,572,467
"Morganza_all/016100@29.7164702544345,-90.6123938161954.jpg",3,112,258,342,141,454,399
"Morganza_all/016101@29.7162038126938,-90.6125341939735.jpg",1,234,305,150,89,384,394
"Morganza_all/016102@29.7160568132824,-90.6124113506813.jpg",2,105,278,534,145,639,423
"Morganza_all/016103@29.716001562414,-90.6127761792535.jpg",2,0,285,636,173,636,458
"Morganza_all/016104@29.7158349717005,-90.6125660239544.jpg",1,309,299,268,133,577,432
"Morganza_all/016105@29.7155747893776,-90.6126844920773.jpg",2,0,250,637,204,637,454
"Morganza_all/016106@29.7156779486086,-90.6129315531168.jpg",1,76,287,402,140,478,427
"Morganza_all/016107@29.7150630285308,-90.6133368578204.jpg",2,0,219,488,194,488,413
"Morganza_all/016108@29.7148655299928,-90.6132872446556.jpg",5,256,280,213,106,469,386
"Morganza_all/016109@29.7147329420209,-90.6134704119658.jpg",1,26,294,457,102,483,396
"Morganza_all/016110@29.7144020961936,-90.6134655158423.jpg",1,296,294,276,143,572,437
"Morganza_all/016111@29.71437823099,-90.6137572145291.jpg",1,164,271,403,163,567,434
"Morganza_all/016112@29.7142624089398,-90.6135175241249.jpg",5,346,268,219,104,565,372
"Morganza_all/016113@29.7141230814395,-90.6136351498433.jpg",1,174,252,378,213,552,465
"Morganza_all/016114@29.7139453062743,-90.6137020175044.jpg",2,165,241,475,210,640,451
"Morganza_all/016115@29.7137946323068,-90.6140675238028.jpg",1,77,266,323,183,400,449
"Morganza_all/016116@29.7136743882106,-90.6141850109997.jpg",1,101,278,380,141,481,419
"Morganza_all/016117@29.7134777283374,-90.6142884300522.jpg",2,127,315,512,111,639,426
"Morganza_all/016118@29.7131607843141,-90.6145020896311.jpg",1,84,312,421,86,505,398
"Morganza_all/016119@29.7130386114804,-90.6142624469456.jpg",3,198,299,197,166,395,465
"Morganza_all/016120@29.7129452798481,-90.6146493996952.jpg",2,4,302,393,136,397,438
"Morganza_all/016121@29.7127804354433,-90.6147526200231.jpg",1,0,287,305,149,305,436
"Morganza_all/016122@29.7124491505532,-90.6146675183253.jpg",2,34,243,604,232,638,475
"Morganza_all/016123@29.7125143102349,-90.6149512946443.jpg",1,123,225,309,195,432,420
"Morganza_all/016124@29.7122540062511,-90.6150479225112.jpg",1,120,292,224,124,344,416
"Morganza_all/016126@29.712043417634,-90.6149328140713.jpg",1,153,275,355,146,508,421
"Morganza_all/016127@29.712127289349,-90.6151435592333.jpg",2,0,268,480,166,480,434
"Morganza_all/016128@29.7119623374337,-90.6152322247298.jpg",2,0,296,377,148,377,444
"Morganza_all/016129@29.7117578893702,-90.615073347408.jpg",2,217,275,422,157,639,432
"Morganza_all/016130@29.7115107279727,-90.6152500206924.jpg",3,19,275,610,157,629,432
"Morganza_all/016131@29.7115627437112,-90.6154537166728.jpg",2,0,281,440,112,440,393
"Morganza_all/016132@29.7114420794384,-90.616657135166.jpg",2,0,278,446,137,446,415
"Morganza_all/016133@29.7115979203313,-90.6172317792196.jpg",3,64,284,429,106,493,390
"Morganza_all/016134@29.711692051013,-90.6158317886606.jpg",2,45,217,593,243,638,460
"Morganza_all/016135@29.712006627924,-90.6163469848925.jpg",2,316,276,323,102,639,378
"Morganza_all/016136@29.711933020362,-90.615684300302.jpg",2,219,263,421,157,640,420
"Morganza_all/016137@29.7122879870862,-90.6154485117448.jpg",2,79,243,562,220,641,463
"Morganza_all/016145@29.7131440942089,-90.6149394945501.jpg",2,0,252,629,156,629,408
"Morganza_all/016146@29.7137971871138,-90.6145339331963.jpg",3,238,280,268,145,506,425
"Morganza_all/016150@29.7140825276711,-90.6143642567947.jpg",2,0,278,641,152,641,430
"Morganza_all/016151@29.7145326872066,-90.6140768024005.jpg",2,112,268,529,147,641,415
"Morganza_all/016155@29.7149573148365,-90.6137821888862.jpg",2,129,267,510,161,639,428
"Morganza_all/016157@29.7156784824713,-90.6141924653301.jpg",3,205,267,242,107,447,374
"Morganza_all/016158@29.7153570929215,-90.6135898217787.jpg",2,0,258,586,153,586,411
"Morganza_all/016159@29.7157373995969,-90.6133320035525.jpg",1,79,277,518,141,597,418
"Morganza_all/016160@29.7159258419233,-90.6140521984382.jpg",1,248,246,175,119,423,365
"Morganza_all/016162@29.7160352703651,-90.6131257808551.jpg",2,78,262,562,150,640,412
"Morganza_all/016163@29.7167413370914,-90.6130988334317.jpg",6,212,215,221,117,433,332
"Morganza_all/016164@29.7165806064432,-90.6127938713161.jpg",2,132,278,504,139,636,417
"Morganza_all/016165@29.7168151527207,-90.61263913736.jpg",2,138,277,500,164,638,441
"Morganza_all/016166@29.7171257941053,-90.6124400956746.jpg",1,33,290,596,136,629,426
"Morganza_all/016167@29.7172881254977,-90.6130365827833.jpg",5,242,270,212,82,454,352
"Morganza_all/016170@29.7175506057476,-90.612174638743.jpg",2,26,282,615,145,641,427
"Morganza_all/016171@29.7177471436062,-90.6120493170039.jpg",2,194,281,447,150,641,431
"Morganza_all/016172@29.717981648995,-90.6118873023756.jpg",2,174,265,465,165,639,430
"Morganza_all/016173@29.7181844985316,-90.6117546250675.jpg",2,0,279,639,146,639,425
"Morganza_all/016174@29.7184129718292,-90.6116509351054.jpg",2,151,296,490,135,641,431
"Morganza_all/016175@29.718628352635,-90.6114817475196.jpg",2,183,295,457,135,640,430
"Morganza_all/016176@29.7188226241394,-90.6120998756621.jpg",1,266,262,148,89,414,351
"Morganza_all/016177@29.7188565852274,-90.6113343303572.jpg",2,54,283,587,146,641,429
"Morganza_all/016179@29.7192245565081,-90.6111494530992.jpg",2,268,285,373,112,641,397
"Morganza_all/016180@29.7194940432458,-90.6115629560627.jpg",3,130,300,269,106,399,406
"Morganza_all/016181@29.719497027977,-90.6109507091568.jpg",2,176,267,460,149,636,416
"Morganza_all/016182@29.7197250993963,-90.6107741175032.jpg",2,34,254,605,221,639,475
"Morganza_all/016183@29.7197409188754,-90.6113352243096.jpg",6,242,258,252,109,494,367
"Morganza_all/016184@29.7199121528517,-90.6112392540721.jpg",6,57,252,504,130,561,382
"Morganza_all/016185@29.719934367649,-90.6106486982956.jpg",2,249,264,390,152,639,416
"Morganza_all/016186@29.7202913992389,-90.6107846131201.jpg",2,299,271,342,143,641,414
"Morganza_all/016187@29.7201501082877,-90.6105450959987.jpg",2,332,264,306,149,638,413
"Morganza_all/016188@29.7204036554213,-90.6103756272105.jpg",2,0,266,641,149,641,415
"Morganza_all/016190@29.7208221234341,-90.6101175077725.jpg",2,181,272,460,143,641,415
"Morganza_all/016191@29.721221466761,-90.6098522153553.jpg",2,236,271,402,165,638,436
"Morganza_all/016193@29.7216465141205,-90.6096304638945.jpg",2,201,278,436,135,637,413
"Morganza_all/016196@29.7135022060621,-90.6117932539193.jpg",2,0,214,361,217,361,431
"Morganza_all/016198@29.7137983586783,-90.6116550892943.jpg",2,0,298,406,115,406,413
"Morganza_all/016199@29.7138975650917,-90.6111879137213.jpg",1,137,247,238,176,375,423
"Morganza_all/016201@29.7140687267971,-90.6114587669022.jpg",2,0,282,361,133,361,415
"Morganza_all/016202@29.7141870375473,-90.6113801957936.jpg",1,59,296,312,105,371,401
"Morganza_all/016203@29.7143053220333,-90.6112918588255.jpg",1,139,285,188,154,327,439
"Morganza_all/016204@29.7143715309177,-90.6109901510758.jpg",3,110,299,258,88,368,387
"Morganza_all/016205@29.714168146587,-90.6110304942106.jpg",1,17,306,365,112,382,418
"Morganza_all/016206@29.7140329764619,-90.6111286246149.jpg",1,161,305,228,92,389,397
"Morganza_all/016209@29.7215089841629,-90.5893129237971.jpg",3,237,280,244,96,481,376
"Morganza_all/016210@29.7218677137597,-90.5897834319093.jpg",1,146,272,246,94,392,366
"Morganza_all/016211@29.7221918010641,-90.5904255581078.jpg",1,53,294,288,114,341,408
"Morganza_all/016213@29.7198216677586,-90.5969699289392.jpg",1,42,254,506,224,548,478
"Morganza_all/016214@29.719644558332,-90.5971343945968.jpg",2,92,251,546,178,638,429
"Morganza_all/016215@29.7194388231296,-90.5972745913848.jpg",2,169,264,468,182,637,446
"Morganza_all/016216@29.7192195114289,-90.5975291222786.jpg",3,54,283,455,107,509,390
"Morganza_all/016217@29.7189784854547,-90.5977266944807.jpg",1,265,266,240,132,505,398
"Morganza_all/016218@29.718658869699,-90.5978759175731.jpg",2,0,231,625,276,625,507
"Morganza_all/016219@29.7183680343234,-90.598082013536.jpg",2,105,247,532,199,637,446
"Morganza_all/016220@29.7179993855601,-90.5983784034409.jpg",1,9,261,615,238,624,499
"Morganza_all/016221@29.7177371565437,-90.598600605453.jpg",1,64,258,559,202,623,460
"Morganza_all/016222@29.7174040258837,-90.5988804433147.jpg",2,0,269,639,156,639,425
"Morganza_all/016223@29.7170067500692,-90.5991525591859.jpg",1,123,264,515,195,638,459
"Morganza_all/016224@29.7168719599261,-90.5992433023536.jpg",1,141,275,346,175,487,450
"Morganza_all/016225@29.7170613535041,-90.5987279299291.jpg",3,78,303,462,121,540,424
"Morganza_all/016226@29.7168627388237,-90.598868099024.jpg",3,73,296,435,117,508,413
"Morganza_all/016228@29.7164192569512,-90.5997932100181.jpg",3,114,264,375,134,489,398
"Morganza_all/016229@29.7162530597708,-90.5993620444494.jpg",2,0,271,617,114,617,385
"Morganza_all/016230@29.7160614752634,-90.5994858408311.jpg",1,46,274,440,153,486,427
"Morganza_all/016232@29.7158771493539,-90.5996340300524.jpg",1,11,282,456,128,467,410
"Morganza_all/016233@29.7156999453584,-90.5997821664961.jpg",1,19,274,535,158,554,432
"Morganza_all/016234@29.7157382445509,-90.6002632238436.jpg",3,148,270,345,128,493,398
"Morganza_all/016235@29.7153834252171,-90.6004860942469.jpg",3,186,281,363,146,549,427
"Morganza_all/016236@29.7154093167506,-90.6000208865455.jpg",2,0,283,636,139,636,422
"Morganza_all/016237@29.7151855370517,-90.6007567694203.jpg",1,197,295,329,85,526,380
"Morganza_all/016238@29.7149057360835,-90.6003835550311.jpg",1,110,292,493,110,603,402
"Morganza_all/016239@29.7149151985442,-90.6008077050126.jpg",1,171,239,242,257,413,496
"Morganza_all/016240@29.7145795138129,-90.6006306599072.jpg",1,94,306,353,98,447,404
"Morganza_all/016241@29.7144020356558,-90.6007298707646.jpg",2,2,305,463,87,465,392
"Morganza_all/016243@29.7142889746917,-90.6008856925992.jpg",1,108,278,270,168,378,446
"Morganza_all/016245@29.7142440785863,-90.6017752503681.jpg",6,88,273,319,112,407,385
"Morganza_all/016246@29.7141401212303,-90.6010091707724.jpg",2,0,295,508,113,508,408
"Morganza_all/016247@29.7139202741697,-90.601173932725.jpg",1,48,274,560,179,608,453
"Morganza_all/016248@29.7138443420372,-90.6016068624704.jpg",2,76,251,563,209,639,460
"Morganza_all/016249@29.7137359918266,-90.6013302745094.jpg",1,68,277,356,149,424,426
"Morganza_all/016252@29.7121686949397,-90.6114822130773.jpg",2,0,303,635,164,635,467
"Morganza_all/016253@29.7107637624841,-90.6120656819704.jpg",2,0,174,641,284,641,458
"Morganza_all/016257@29.7109733088125,-90.6131525243511.jpg",1,312,290,134,104,446,394
"Morganza_all/016261@29.714920787951,-90.610607172222.jpg",1,100,289,302,147,402,436
"Morganza_all/016263@29.7152169927205,-90.6104787046858.jpg",2,0,297,345,90,345,387
"Morganza_all/016264@29.7154366737895,-90.6103216490994.jpg",3,207,279,161,120,368,399
"Morganza_all/016266@29.7159878836827,-90.6102884926759.jpg",1,119,291,354,120,473,411
"Morganza_all/016267@29.7162244774016,-90.6101215786286.jpg",2,0,268,426,124,426,392
"Morganza_all/016268@29.7165948212977,-90.6095941469699.jpg",3,32,298,393,103,425,401
"Morganza_all/016269@29.7168671150762,-90.6097476469611.jpg",1,53,263,496,140,549,403
"Morganza_all/016271@29.7174251334686,-90.6094131986031.jpg",2,0,299,532,124,532,423
"Morganza_all/016272@29.7177041822815,-90.6092557074276.jpg",2,0,287,472,138,472,425
"Morganza_all/016274@29.7179383076373,-90.6086417651438.jpg",5,223,289,325,147,548,436
"Morganza_all/016275@29.7181942535731,-90.6089023076509.jpg",1,83,276,414,115,497,391
"Morganza_all/016276@29.7184308990523,-90.6087450895138.jpg",1,150,308,437,87,587,395
"Morganza_all/016278@29.7181835573125,-90.6085039539146.jpg",1,337,298,247,138,584,436
"Morganza_all/016279@29.7182764300686,-90.6084255289235.jpg",1,339,275,281,167,620,442
"Morganza_all/016280@29.718555666126,-90.6082971736038.jpg",1,261,285,338,121,599,406
"Morganza_all/016281@29.7188960420904,-90.6084890558973.jpg",1,69,291,508,135,577,426
"Morganza_all/016282@29.7186570893568,-90.6082283894216.jpg",1,350,300,242,137,592,437
"Morganza_all/016283@29.7188094385358,-90.6081690021806.jpg",1,309,272,289,153,598,425
"Morganza_all/016284@29.7190204323119,-90.6079730910791.jpg",1,41,268,207,189,248,457
"Morganza_all/016285@29.7192573989269,-90.6078741816575.jpg",2,0,271,402,217,402,488
"Morganza_all/016286@29.7196145810068,-90.6080368003711.jpg",1,151,287,314,147,465,434
"Morganza_all/016287@29.7195191308788,-90.6076487908496.jpg",2,0,297,391,122,391,419
"Morganza_all/016288@29.7197835205923,-90.6079092422023.jpg",2,0,296,448,113,448,409
"Morganza_all/016290@29.7199335870107,-90.6074319623424.jpg",5,249,276,196,126,445,402
"Morganza_all/016292@29.712945700242,-90.6026413271601.jpg",1,245,268,234,103,479,371
"Morganza_all/016293@29.7128143049357,-90.6020630851655.jpg",2,0,293,579,183,579,476
"Morganza_all/016294@29.7126156864643,-90.6022032101857.jpg",1,0,285,552,129,552,414
"Morganza_all/016295@29.7122612724311,-90.6024994637854.jpg",1,43,292,446,147,489,439
"Morganza_all/016296@29.7125330648915,-90.6027095825646.jpg",1,90,280,490,142,580,422
"Morganza_all/016298@29.7121783775216,-90.6029569133079.jpg",1,192,264,375,156,567,420
"Morganza_all/016299@29.712112190342,-90.6025821434833.jpg",3,90,275,302,165,392,440
"Morganza_all/016300@29.7119421958823,-90.6027465345098.jpg",2,100,294,539,145,639,439
"Morganza_all/016301@29.7118379517327,-90.6032122972185.jpg",1,5,279,523,203,528,482
"Morganza_all/016302@29.7116586110072,-90.6029770265008.jpg",2,0,291,528,136,528,427
"Morganza_all/016303@29.711575805162,-90.6034507902131.jpg",2,77,280,562,155,639,435
"Morganza_all/016304@29.7224581980594,-90.5909375897667.jpg",6,233,205,204,133,437,338
"Morganza_all/016305@29.7226094407626,-90.591238320709.jpg",6,296,239,96,90,392,329
"Morganza_all/016306@29.7222650526793,-90.5907839857057.jpg",6,210,253,113,108,323,361
"Morganza_all/016307@29.7219933336345,-90.5905901979188.jpg",6,260,266,85,90,345,356
"Morganza_all/016308@29.7220526636319,-90.5910058472911.jpg",6,205,227,222,157,427,384
"Morganza_all/016309@29.721561000012,-90.5909524091262.jpg",6,196,223,248,158,444,381
"Morganza_all/016312@29.7208806127317,-90.5890157182312.jpg",1,182,252,346,130,528,382
"Morganza_all/016313@29.7200564852805,-90.5893563358343.jpg",6,117,223,178,136,295,359
"Morganza_all/016314@29.7230171885299,-90.5915616614644.jpg",1,310,279,173,88,483,367
"Morganza_all/016315@29.7213818220506,-90.5907497753808.jpg",6,110,229,231,170,341,399
"Morganza_all/016317@29.7206721092234,-90.5899228761154.jpg",2,0,250,427,151,427,401
"Morganza_all/016318@29.7202895855837,-90.5902765241732.jpg",3,129,281,395,101,524,382
"Morganza_all/016319@29.7207126598748,-90.5907955107743.jpg",6,314,239,127,92,441,331
"Morganza_all/016320@29.7200703523016,-90.5905473914956.jpg",1,187,279,294,108,481,387
"Morganza_all/016322@29.7193554377438,-90.5900550255094.jpg",6,301,195,112,82,413,277
"Morganza_all/016326@29.7233977094876,-90.5921136228778.jpg",1,239,289,322,91,561,380
"Morganza_all/016327@29.7235634974377,-90.5924632105608.jpg",1,313,281,138,84,451,365
"Morganza_all/016331@29.7240660560773,-90.5931856356009.jpg",2,0,277,335,124,335,401
"Morganza_all/016332@29.7239241478677,-90.5932764144092.jpg",1,41,278,353,119,394,397
"Morganza_all/016333@29.7237966403913,-90.5933997579351.jpg",1,27,279,455,120,482,399
"Morganza_all/016334@29.7235979853299,-90.5935317558982.jpg",1,12,282,386,112,398,394
"Morganza_all/016335@29.7234420627741,-90.5936634688144.jpg",1,108,283,233,122,341,405
"Morganza_all/016336@29.7236005591629,-90.5939886331289.jpg",2,122,194,517,264,639,458
"Morganza_all/016337@29.7240544329356,-90.593650779991.jpg",2,0,283,632,141,632,424
"Morganza_all/016338@29.7240151006604,-90.5942548179064.jpg",6,180,292,198,83,378,375
"Morganza_all/016340@29.7246806494649,-90.5948373306027.jpg",6,137,231,276,146,413,377
"Morganza_all/016341@29.7252743604078,-90.5953061708406.jpg",2,0,218,637,219,637,437
"Morganza_all/016342@29.7250796602799,-90.5948751848975.jpg",5,310,289,134,103,444,392
"Morganza_all/016343@29.723753429592,-90.5945749285103.jpg",6,173,252,333,112,506,364
"Morganza_all/016344@29.7233984823921,-90.5947733580594.jpg",6,149,245,209,121,358,366
"Morganza_all/016345@29.7231857196528,-90.5949299682801.jpg",6,37,240,286,175,323,415
"Morganza_all/016346@29.7227961706292,-90.5953081375808.jpg",6,130,285,173,105,303,390
"Morganza_all/016347@29.7232790637949,-90.5938033620982.jpg",1,152,268,340,150,492,418
"Morganza_all/016348@29.7231161565765,-90.5939595741418.jpg",2,0,296,538,126,538,422
"Morganza_all/016349@29.7229389131229,-90.594099571767.jpg",1,33,286,457,129,490,415
"Morganza_all/016350@29.7228133609944,-90.5945655523127.jpg",2,177,285,459,128,636,413
"Morganza_all/016351@29.7226978925472,-90.5942971910849.jpg",2,0,265,330,147,330,412
"Morganza_all/016352@29.7226295915856,-90.5948116754268.jpg",1,146,296,392,116,538,412
"Morganza_all/016353@29.7224138909819,-90.5944461361071.jpg",1,24,261,435,150,459,411
"Morganza_all/016354@29.7223171470148,-90.5949689887424.jpg",2,0,289,482,122,482,411
"Morganza_all/016355@29.7217902599908,-90.5949891980604.jpg",2,0,264,528,189,528,453
"Morganza_all/016356@29.7221064937441,-90.5955008720409.jpg",4,301,223,102,95,403,318
"Morganza_all/016357@29.7216229350411,-90.5956268051102.jpg",1,57,192,436,261,493,453
"Morganza_all/016358@29.7217362006478,-90.5955036036864.jpg",3,266,269,185,129,451,398
"Morganza_all/016359@29.7215849216512,-90.595194677933.jpg",1,7,237,456,183,463,420
"Morganza_all/016360@29.7212658315475,-90.5954417951944.jpg",1,79,276,550,180,629,456
"Morganza_all/016361@29.7214101529147,-90.5957752510631.jpg",3,88,235,512,203,600,438
"Morganza_all/016362@29.7211121988107,-90.5959814113081.jpg",2,205,283,429,180,634,463
"Morganza_all/016363@29.7209280143774,-90.5961540927616.jpg",1,160,285,441,127,601,412
"Morganza_all/016364@29.7210173473436,-90.595574153296.jpg",2,137,274,501,148,638,422
"Morganza_all/016365@29.7207054702711,-90.5958375342524.jpg",1,132,319,241,134,373,453
"Morganza_all/016366@29.7206346895011,-90.5959114938547.jpg",1,422,299,188,166,610,465
"Morganza_all/016367@29.7203936659839,-90.5961090727503.jpg",2,0,296,530,134,530,430
"Morganza_all/016368@29.7207294481289,-90.5963024002968.jpg",2,64,261,572,199,636,460
"Morganza_all/016369@29.7202377406322,-90.5962407459257.jpg",1,136,266,418,169,554,435
"Morganza_all/016370@29.7200676169689,-90.596380714507.jpg",1,25,286,479,160,504,446
"Morganza_all/016371@29.7198974471812,-90.5965124917626.jpg",1,71,279,497,146,568,425
"Morganza_all/016372@29.719720292542,-90.5966687990228.jpg",1,63,301,506,130,569,431
"Morganza_all/016373@29.7195570158186,-90.5967597577942.jpg",2,121,285,516,144,637,429
"Morganza_all/016374@29.7192662279806,-90.5969740181482.jpg",2,0,297,453,138,453,435
"Morganza_all/016375@29.718961543394,-90.5972454967823.jpg",2,43,298,598,147,641,445
"Morganza_all/016376@29.718585088583,-90.5974195868271.jpg",2,0,295,381,114,381,409
"Morganza_all/016377@29.7184723059531,-90.5976243743038.jpg",2,9,290,462,118,471,408
"Morganza_all/016378@29.7183020434596,-90.5977398289081.jpg",2,160,297,481,133,641,430
"Morganza_all/016379@29.7179830399047,-90.5980032483211.jpg",1,12,277,514,189,526,466
"Morganza_all/016380@29.7177560563945,-90.5981599161836.jpg",1,22,267,573,125,595,392
"Morganza_all/016381@29.7199917006749,-90.5968136744989.jpg",2,0,296,640,162,640,458
"Morganza_all/016382@29.7113890704852,-90.6031666197364.jpg",1,36,280,510,150,546,430
"Morganza_all/016383@29.7110859602676,-90.6037235787077.jpg",1,86,296,448,96,534,392
"Morganza_all/016384@29.7107737039722,-90.6039216392607.jpg",1,255,301,261,96,516,397
"Morganza_all/016385@29.7107138072062,-90.6033918084892.jpg",3,117,301,306,83,423,384
"Morganza_all/016388@29.7098798113773,-90.6045318188178.jpg",1,103,332,342,101,445,433
"Morganza_all/016389@29.7098632113605,-90.6041077419559.jpg",1,31,296,575,126,606,422
"Morganza_all/016390@29.7096463316837,-90.6048026987492.jpg",3,198,281,313,121,511,402
"Morganza_all/016392@29.7092111243334,-90.6046590413415.jpg",1,96,303,299,105,395,408
"Morganza_all/016393@29.7091006384889,-90.605279820412.jpg",2,0,247,552,175,552,422
"Morganza_all/016394@29.70880703132,-90.6049883044562.jpg",1,48,282,537,150,585,432
"Morganza_all/016395@29.7083034817903,-90.6053590509033.jpg",1,46,281,568,112,614,393
"Morganza_all/016397@29.7083085453768,-90.6062726347837.jpg",6,238,268,202,106,440,374
"Morganza_all/016398@29.7076008720589,-90.6070772340873.jpg",6,238,261,140,130,378,391
"Morganza_all/016399@29.7080605278916,-90.6077835789294.jpg",6,230,219,230,157,460,376
"Morganza_all/016400@29.7089533525164,-90.6069776680217.jpg",2,92,309,547,82,639,391
"Morganza_all/016401@29.7091545937379,-90.6073106546525.jpg",2,332,279,309,126,641,405
"Morganza_all/016402@29.7094215043239,-90.6066398198115.jpg",1,45,286,397,114,442,400
"Morganza_all/016405@29.7103606694409,-90.6064861367626.jpg",1,287,306,126,108,413,414
"Morganza_all/016406@29.71036462844,-90.6059150793765.jpg",1,32,294,559,104,591,398
"Morganza_all/016407@29.7108285664484,-90.6061074886434.jpg",1,122,290,434,125,556,415
"Morganza_all/016410@29.711237251674,-90.6053213820189.jpg",1,244,312,203,145,447,457
"Morganza_all/016412@29.7116627569919,-90.6050001153536.jpg",1,261,309,130,107,391,416
"Morganza_all/016413@29.7126273467968,-90.6042996954626.jpg",1,93,310,382,88,475,398
"Morganza_all/016414@29.7130417770916,-90.604549576188.jpg",1,256,290,231,111,487,401
"Morganza_all/016415@29.7128045559251,-90.6041515715723.jpg",1,79,303,390,83,469,386
"Morganza_all/016416@29.7129179654082,-90.6040528355034.jpg",1,240,317,115,81,355,398
"Morganza_all/016419@29.7133433949042,-90.6037234309306.jpg",1,242,311,140,98,382,409
"Morganza_all/016420@29.7136446254864,-90.6041046517027.jpg",2,171,291,468,114,639,405
"Morganza_all/016421@29.7135494997408,-90.6036484951032.jpg",3,176,306,111,109,287,415
"Morganza_all/016422@29.7139779487282,-90.6038574772248.jpg",3,226,275,413,183,639,458
"Morganza_all/016424@29.7139324952469,-90.6033683200785.jpg",1,95,257,297,158,392,415
"Morganza_all/016425@29.7143250620884,-90.6035286082323.jpg",2,0,293,618,136,618,429
"Morganza_all/016427@29.7142372833687,-90.6031131915196.jpg",1,197,307,143,109,340,416
"Morganza_all/016428@29.7144855758026,-90.6029400663778.jpg",1,81,313,444,88,525,401
"Morganza_all/016429@29.7146729006476,-90.6033302797297.jpg",1,144,282,418,154,562,436
"Morganza_all/016430@29.7146558429118,-90.6028246250304.jpg",1,69,318,410,83,479,401
"Morganza_all/016431@29.7150276796148,-90.6030992935483.jpg",1,269,302,268,116,537,418
"Morganza_all/016432@29.7156164150899,-90.6026789325425.jpg",3,266,259,237,159,503,418
"Morganza_all/016433@29.7158118081384,-90.6019595771399.jpg",1,81,268,439,117,520,385
"Morganza_all/016434@29.7160672845478,-90.6018027125943.jpg",1,90,297,403,99,493,396
"Morganza_all/016435@29.7162544764216,-90.6021684528312.jpg",1,124,296,455,130,579,426
"Morganza_all/016436@29.7164818556828,-90.6020770372763.jpg",1,45,158,520,290,565,448
"Morganza_all/016437@29.7162659933238,-90.6016788685464.jpg",5,318,303,100,89,418,392
"Morganza_all/016438@29.7164288188295,-90.6015063616419.jpg",5,318,283,164,97,482,380
"Morganza_all/016439@29.7168574530362,-90.6017479770068.jpg",1,96,282,513,142,609,424
"Morganza_all/016440@29.7170346592368,-90.6015998423315.jpg",1,239,282,292,133,531,415
"Morganza_all/016442@29.7173895714108,-90.6013932904879.jpg",1,150,287,465,124,615,411
"Morganza_all/016443@29.7171235792918,-90.6009465299078.jpg",3,43,283,454,98,497,381
"Morganza_all/016445@29.7176274166515,-90.6006246518292.jpg",3,62,277,515,124,577,401
"Morganza_all/016446@29.7247882084359,-90.6032857180575.jpg",2,0,257,609,202,609,459
"Morganza_all/016447@29.7245771676152,-90.603471915376.jpg",2,0,278,483,196,483,474
"Morganza_all/016448@29.7243992492334,-90.6035120921065.jpg",1,78,262,408,210,486,472
"Morganza_all/016449@29.7242640573217,-90.6036102429103.jpg",1,56,259,345,220,401,479
"Morganza_all/016450@29.7241035375387,-90.603728048853.jpg",2,0,264,637,216,637,480
"Morganza_all/016451@29.7234946618685,-90.6040629221945.jpg",2,0,232,538,222,538,454
"Morganza_all/016452@29.7231650703044,-90.6042888575398.jpg",1,87,272,385,169,472,441
"Morganza_all/016453@29.7229452888151,-90.6044265318991.jpg",2,1,284,483,168,484,452
"Morganza_all/016454@29.7224041419576,-90.6047414649326.jpg",2,0,257,641,197,641,454
"Morganza_all/016455@29.7221422533617,-90.604937728659.jpg",2,0,256,504,204,504,460
"Morganza_all/016456@29.721896845833,-90.6050464129678.jpg",2,0,281,636,165,636,446
"Morganza_all/016457@29.7215589183357,-90.6052918407632.jpg",2,0,292,459,181,459,473
"Morganza_all/016458@29.7212968673322,-90.6054589604448.jpg",3,36,289,509,187,545,476
"Morganza_all/016459@29.7208908838264,-90.6056757069621.jpg",2,0,249,363,202,363,451
"Morganza_all/016460@29.7207641874429,-90.6057738210934.jpg",2,0,298,453,141,453,439
"Morganza_all/016461@29.7205359886222,-90.6059212535555.jpg",2,0,270,614,201,614,471
"Morganza_all/016462@29.7202993190594,-90.6060784818825.jpg",5,245,300,227,101,472,401
"Morganza_all/016463@29.720155548018,-90.6061572491915.jpg",1,98,273,446,197,544,470
"Morganza_all/016464@29.7199694822371,-90.6062557935642.jpg",2,0,293,628,185,628,478
"Morganza_all/016465@29.7196906787259,-90.6064619063447.jpg",2,0,284,535,190,535,474
"Morganza_all/016467@29.7192090848553,-90.606805558501.jpg",2,0,267,557,216,557,483
"Morganza_all/016468@29.7187859713299,-90.6069932780157.jpg",1,155,273,348,140,503,413
"Morganza_all/016469@29.7184734759669,-90.6072384754478.jpg",1,37,291,472,151,509,442
"Morganza_all/016470@29.7173491136623,-90.6079366326344.jpg",1,35,293,595,145,630,438
"Morganza_all/016471@29.7169007234246,-90.6081536679643.jpg",1,35,314,469,84,504,398
"Morganza_all/016472@29.7167491519864,-90.6083588469248.jpg",2,53,285,586,160,639,445
"Morganza_all/016473@29.7164447219562,-90.6085262576002.jpg",2,0,303,633,112,633,415
"Morganza_all/016474@29.7160548951214,-90.6085970981248.jpg",2,0,299,471,140,471,439
"Morganza_all/016475@29.7161318744947,-90.6087131658115.jpg",1,81,299,506,140,587,439
"Morganza_all/016476@29.715886732011,-90.6088704419534.jpg",2,53,289,583,142,636,431
"Morganza_all/016477@29.7157760343101,-90.6087934936995.jpg",2,0,293,541,140,541,433
"Morganza_all/016478@29.7165575115121,-90.6089821779867.jpg",1,173,245,457,153,630,398
"Morganza_all/016479@29.7135385683958,-90.6106949075134.jpg",1,7,306,554,116,561,422
"Morganza_all/016480@29.7136504156166,-90.6109759215379.jpg",2,117,291,524,146,641,437
"Morganza_all/016481@29.7133778815808,-90.6107835193069.jpg",1,227,313,336,154,563,467
"Morganza_all/016482@29.7134474590619,-90.6110940095253.jpg",2,143,296,497,128,640,424
"Morganza_all/016483@29.7132531061551,-90.6112314404312.jpg",2,108,299,527,141,635,440
"Morganza_all/016484@29.713234107825,-90.6108623059043.jpg",1,137,300,325,161,462,461
"Morganza_all/016485@29.7130734208938,-90.6109509171592.jpg",1,144,300,345,178,489,478
"Morganza_all/016486@29.7128792561245,-90.6111175176337.jpg",1,216,305,384,152,600,457
"Morganza_all/016487@29.7129909680511,-90.6113790942866.jpg",1,176,302,415,180,591,482
"Morganza_all/016488@29.7128134211297,-90.6114872630941.jpg",2,230,304,408,174,638,478
"Morganza_all/016489@29.7127016560437,-90.6112159844681.jpg",1,165,308,362,152,527,460
"Morganza_all/016490@29.7124478805586,-90.6113441403349.jpg",2,0,295,634,145,634,440
"Morganza_all/016491@29.7126190146323,-90.6116150215571.jpg",1,226,300,343,184,569,484
"Morganza_all/016492@29.7124414140022,-90.6117134557512.jpg",1,139,296,330,198,469,494
"Morganza_all/016493@29.7122303077341,-90.6118899100345.jpg",2,0,306,639,181,639,487
"Morganza_all/016494@29.7200965817058,-90.6077611997871.jpg",2,0,334,405,150,405,484
"Morganza_all/016495@29.7203077086337,-90.6075944576675.jpg",2,0,309,426,120,426,429
"Morganza_all/016496@29.7202042713986,-90.6072939607588.jpg",5,178,280,183,149,361,429
"Morganza_all/016498@29.7203732639286,-90.6071761036417.jpg",3,381,299,175,139,556,438
"Morganza_all/016499@29.7204404847957,-90.6070589851234.jpg",3,54,303,271,126,325,429
"Morganza_all/016500@29.7206437329539,-90.6069992254134.jpg",3,307,296,172,108,479,404
"Morganza_all/017000@29.7268962836981,-90.6084753726863.jpg",1,30,257,461,138,491,395
"Morganza_all/017001@29.7240245875888,-90.6095307111339.jpg",1,40,264,505,199,545,463
"Morganza_all/017003@29.7243964208271,-90.6095280202144.jpg",2,0,280,363,160,363,440
"Morganza_all/017004@29.7245276746323,-90.6094629556162.jpg",1,23,281,495,179,518,460
"Morganza_all/017005@29.7246458258684,-90.6094055471372.jpg",1,273,269,245,209,518,478
"Morganza_all/017006@29.7247078932823,-90.6093259546515.jpg",2,0,270,465,186,465,456
"Morganza_all/017007@29.7242865038038,-90.6098869435808.jpg",1,290,304,183,151,473,455
"Morganza_all/017008@29.7245852066286,-90.6097528357305.jpg",1,0,268,636,342,636,610
"Morganza_all/017010@29.7248505847661,-90.6095397933683.jpg",1,284,294,191,106,475,400
"Morganza_all/017011@29.7257849871548,-90.6089260603326.jpg",1,355,287,114,101,469,388
"Morganza_all/017012@29.7254573142168,-90.6091772704317.jpg",2,254,272,387,191,641,463
"Morganza_all/017013@29.7260950293822,-90.6084601019873.jpg",2,0,294,639,127,639,421
"Morganza_all/017014@29.7257638493807,-90.6086736266503.jpg",2,0,265,580,164,580,429
"Morganza_all/017015@29.72558014453,-90.6087767546758.jpg",1,139,275,270,178,409,453
"Morganza_all/017017@29.7250226303322,-90.6091125534763.jpg",2,0,235,319,236,319,471
"Morganza_all/017018@29.7248652410857,-90.6092154894016.jpg",1,284,261,242,212,526,473
"Morganza_all/017019@29.7251440537194,-90.6090551206021.jpg",2,398,223,243,236,641,459
"Morganza_all/017020@29.7287838942784,-90.6059280910933.jpg",1,141,281,255,125,396,406
"Morganza_all/017021@29.7285270868312,-90.6060987118614.jpg",2,3,263,574,147,577,410
"Morganza_all/017022@29.7283266148275,-90.6061730457682.jpg",2,0,254,265,147,265,401
"Morganza_all/017023@29.7282131602446,-90.6062390905163.jpg",5,192,276,199,84,391,360
"Morganza_all/017024@29.7280928260851,-90.6062744971755.jpg",3,78,264,336,147,414,411
"Morganza_all/017025@29.727969546856,-90.6063789572055.jpg",1,99,237,248,184,347,421
"Morganza_all/017026@29.7284995793973,-90.6056654979609.jpg",1,106,235,243,176,349,411
"Morganza_all/017027@29.728553012389,-90.6056459212563.jpg",1,263,241,241,169,504,410
"Morganza_all/017028@29.7285931450822,-90.6056379729765.jpg",2,386,247,255,164,641,411
"Morganza_all/017029@29.7286365049181,-90.6056069693672.jpg",1,24,227,289,205,313,432
"Morganza_all/017030@29.7286761697204,-90.6055146163593.jpg",1,249,230,251,183,500,413
"Morganza_all/017031@29.7288161947667,-90.6054100326376.jpg",1,177,231,367,191,544,422
"Morganza_all/017032@29.7291281306425,-90.6067272317023.jpg",1,16,247,355,133,371,380
"Morganza_all/017034@29.7291699399789,-90.6070222790003.jpg",1,252,229,348,204,600,433
"Morganza_all/017036@29.7245717988548,-90.6063205090839.jpg",2,2,282,533,120,535,402
"Morganza_all/017037@29.7254039662647,-90.59564879073.jpg",1,287,282,161,103,448,385
"Morganza_all/017038@29.7242005931259,-90.5964723781941.jpg",2,297,237,344,203,641,440
"Morganza_all/017041@29.7087402324799,-90.6071071097615.jpg",1,240,304,126,91,366,395
"Morganza_all/017042@29.7106621480009,-90.6057319073453.jpg",1,83,289,484,111,567,400
"Morganza_all/017043@29.7098386247333,-90.6063482053518.jpg",2,0,270,489,128,489,398
"Morganza_all/017044@29.7099239130404,-90.6062759512938.jpg",2,239,277,402,121,641,398
"Morganza_all/017046@29.7231667583162,-90.5967533374295.jpg",2,0,288,472,137,472,425
"Morganza_all/017047@29.724641109169,-90.5932363265958.jpg",1,172,265,270,140,442,405
"Morganza_all/017048@29.7245272321802,-90.5930994878941.jpg",1,148,244,224,137,372,381
"Morganza_all/017049@29.7243867416388,-90.5928467154282.jpg",3,104,245,217,160,321,405
"Morganza_all/017050@29.7242869068678,-90.592693547962.jpg",1,152,261,240,120,392,381
"Morganza_all/017051@29.7241298985057,-90.5924328335147.jpg",1,0,252,250,163,250,415
"Morganza_all/017052@29.7239753914354,-90.5921963608608.jpg",1,177,264,204,142,381,406
"Morganza_all/017053@29.723801638952,-90.5918925461499.jpg",2,0,292,295,128,295,420
"Morganza_all/017054@29.7236803305058,-90.5916963768397.jpg",2,0,264,389,122,389,386
"Morganza_all/017056@29.7233591045346,-90.5911506546353.jpg",1,30,278,296,98,326,376
"Morganza_all/017058@29.7231457737996,-90.5907683418937.jpg",2,0,274,297,129,297,403
"Morganza_all/017059@29.7229975450536,-90.5905581976396.jpg",3,90,292,483,121,573,413
"Morganza_all/017060@29.7226751784961,-90.5901032899847.jpg",3,179,259,349,142,528,401
"Morganza_all/017062@29.7222038703149,-90.5893178993276.jpg",1,0,280,464,128,464,408
"Morganza_all/017063@29.7220651429916,-90.5891397608466.jpg",1,57,306,462,126,519,432
"Morganza_all/017064@29.7215379485529,-90.5883735097719.jpg",2,0,275,410,132,410,407
"Morganza_all/017065@29.7213735970893,-90.5882062448891.jpg",1,47,265,321,139,368,404
"Morganza_all/017066@29.721265363087,-90.5880519520241.jpg",3,46,280,366,121,412,401
"Morganza_all/017067@29.7211384148103,-90.5878951210454.jpg",1,75,275,351,124,426,399
"Morganza_all/017068@29.7203330568788,-90.5870614279112.jpg",2,163,257,477,152,640,409
"Morganza_all/017069@29.7201656517638,-90.5867685178382.jpg",2,0,254,533,162,533,416
"Morganza_all/017070@29.7199870734468,-90.5865612587107.jpg",1,85,275,327,132,412,407
"Morganza_all/017071@29.7198859742625,-90.5864336638616.jpg",1,134,289,193,117,327,406
"Morganza_all/017072@29.7198083732613,-90.5863326411389.jpg",3,148,270,361,146,509,416
"Morganza_all/017073@29.7189258178102,-90.5854754795121.jpg",1,135,265,212,144,347,409
"Morganza_all/017074@29.7193082954681,-90.5858255950586.jpg",1,197,261,256,128,453,389
"Morganza_all/017075@29.7258456080091,-90.5961823715866.jpg",1,151,254,462,144,613,398
"Morganza_all/017078@29.7223653182117,-90.5902060631458.jpg",1,190,285,365,144,555,429
"Morganza_all/017083@29.7153898337106,-90.5827849575165.jpg",1,188,291,156,93,344,384
"Morganza_all/017084@29.715047675919,-90.5827065305504.jpg",2,20,261,617,210,637,471
"Morganza_all/017085@29.7148832534081,-90.5828022419852.jpg",1,263,274,316,133,579,407
"Morganza_all/017092@29.7148876632349,-90.5841952722588.jpg",1,24,260,525,126,549,386
"Morganza_all/017093@29.7146676735495,-90.5844615131048.jpg",1,35,285,514,107,549,392
"Morganza_all/017094@29.7144659070494,-90.5846250115074.jpg",3,116,231,361,162,477,393
"Morganza_all/017095@29.7142368538067,-90.5849560878711.jpg",1,0,292,627,95,627,387
"Morganza_all/017096@29.7140069997332,-90.5851467925122.jpg",1,102,285,372,123,474,408
"Morganza_all/017097@29.7138193631569,-90.5853047643184.jpg",1,117,297,392,103,509,400
"Morganza_all/017098@29.7135381387029,-90.5855822315182.jpg",1,66,285,471,99,537,384
"Morganza_all/017099@29.7119921087474,-90.5872244003769.jpg",1,127,269,380,104,507,373
"Morganza_all/017100@29.7122314284376,-90.5870390206233.jpg",1,144,301,367,82,511,383
"Morganza_all/017101@29.7110318475463,-90.5882790290481.jpg",1,208,282,379,106,587,388
"Morganza_all/017102@29.7123999268233,-90.5868325894766.jpg",1,133,291,449,100,582,391
"Morganza_all/017103@29.7127328041472,-90.5865223589448.jpg",1,117,296,427,101,544,397
"Morganza_all/017104@29.7128779198906,-90.5863484849564.jpg",1,109,292,390,96,499,388
"Morganza_all/017105@29.7130275807967,-90.5861421920182.jpg",3,163,293,261,90,424,383
"Morganza_all/017106@29.7131304165737,-90.5859902435493.jpg",2,0,275,639,153,639,428
"Morganza_all/017107@29.7124981565987,-90.586702287607.jpg",1,0,293,442,110,442,403
"Morganza_all/017108@29.7147518452984,-90.5835213697844.jpg",1,79,281,375,128,454,409
"Morganza_all/017109@29.7125433428051,-90.58470417064.jpg",2,0,291,361,133,361,424
"Morganza_all/017110@29.7121611518705,-90.5846314573675.jpg",2,0,285,591,144,591,429
"Morganza_all/017119@29.7207459097335,-90.59575702475.jpg",1,129,313,210,119,339,432
"Morganza_all/017122@29.7115350512955,-90.5806611946508.jpg",2,0,253,458,140,458,393
"Morganza_all/017123@29.7112657489644,-90.580910762807.jpg",3,9,265,486,150,495,415
"Morganza_all/017124@29.7110887333976,-90.5811025228536.jpg",1,37,278,422,122,459,400
"Morganza_all/017125@29.7109542282752,-90.5812504586572.jpg",2,2,289,404,102,406,391
"Morganza_all/017126@29.7108057627719,-90.5814528709971.jpg",2,0,289,401,101,401,390
"Morganza_all/017128@29.7101119362767,-90.5822143745549.jpg",2,263,294,377,125,640,419
"Morganza_all/017129@29.7099653013484,-90.5823188319435.jpg",2,0,288,309,105,309,393
"Morganza_all/017130@29.7097741173894,-90.5825243019452.jpg",2,0,288,411,123,411,411
"Morganza_all/017131@29.7095615705326,-90.5827353811927.jpg",2,0,276,378,112,378,388
"Morganza_all/017132@29.7093181974734,-90.5829466592844.jpg",2,0,278,396,121,396,399
"Morganza_all/017133@29.7091369813695,-90.5832363807224.jpg",2,0,293,429,106,429,399
"Morganza_all/017134@29.7088672391477,-90.5834098010164.jpg",2,0,276,641,129,641,405
"Morganza_all/017136@29.7117438582294,-90.5808391535355.jpg",1,241,287,283,106,524,393
"Morganza_all/017139@29.7095781594801,-90.5821068363689.jpg",1,286,261,329,138,615,399
"Morganza_all/017140@29.7093845019484,-90.5822932662769.jpg",2,232,277,408,134,640,411
"Morganza_all/017142@29.7078692654528,-90.5839368569361.jpg",2,304,269,337,126,641,395
"Morganza_all/017143@29.7077112313466,-90.5841257538545.jpg",2,0,285,314,105,314,390
"Morganza_all/017144@29.7120312249025,-90.5812559699269.jpg",2,0,245,536,159,536,404
"Morganza_all/017145@29.710771595021,-90.5819307884463.jpg",2,168,299,365,109,533,408
"Morganza_all/017146@29.7110055068024,-90.5817195443908.jpg",3,95,296,434,84,529,380
"Morganza_all/017147@29.7111918077769,-90.5814923707324.jpg",3,202,292,371,116,573,408
"Morganza_all/017148@29.7114636628731,-90.5812753896507.jpg",2,0,299,414,100,414,399
"Morganza_all/017149@29.7105820144802,-90.5822097106856.jpg",3,56,285,426,109,482,394
"Morganza_all/017150@29.7102561370729,-90.5825304179545.jpg",2,143,268,495,109,638,377
"Morganza_all/017151@29.7098266984018,-90.5830151719782.jpg",2,91,284,549,107,640,391
"Morganza_all/017152@29.7096096075211,-90.5832589197654.jpg",2,150,266,488,131,638,397
"Morganza_all/017153@29.7093711031604,-90.5834946366745.jpg",1,131,299,402,95,533,394
"Morganza_all/017154@29.7091138768907,-90.5837795086157.jpg",2,195,299,442,98,637,397
"Morganza_all/017155@29.7067480714733,-90.5878613605569.jpg",1,311,275,271,85,582,360
"Morganza_all/017156@29.7125852703646,-90.5803610453052.jpg",3,226,277,333,89,559,366
"Morganza_all/017158@29.7133250787904,-90.5832745633727.jpg",1,130,307,414,106,544,413
"Morganza_all/017159@29.713159985697,-90.5834743929197.jpg",2,183,226,458,179,641,405
"Morganza_all/017160@29.7129617090126,-90.583685370335.jpg",1,41,305,401,101,442,406
"Morganza_all/017161@29.7128435303148,-90.5837841968927.jpg",1,0,289,389,116,389,405
"Morganza_all/017162@29.7126219913616,-90.5840823881468.jpg",2,0,299,385,100,385,399
"Morganza_all/017163@29.7124470374424,-90.5842169846333.jpg",2,0,275,403,141,403,416
"Morganza_all/017164@29.7123409705844,-90.5843565462237.jpg",1,19,255,407,149,426,404
"Morganza_all/017165@29.71275405729,-90.583920894473.jpg",2,0,306,358,111,358,417
"Morganza_all/017167@29.7119940666542,-90.5847427133296.jpg",2,0,311,363,87,363,398
"Morganza_all/017168@29.7118689511579,-90.5848742257199.jpg",2,0,298,401,103,401,401
"Morganza_all/017169@29.7117438665964,-90.5850111873986.jpg",1,50,313,335,85,385,398
"Morganza_all/017171@29.7114867454983,-90.5853150885593.jpg",1,50,285,418,115,468,400
"Morganza_all/017172@29.7113805067827,-90.5854246906073.jpg",1,11,309,359,84,370,393
"Morganza_all/017173@29.7111205085152,-90.5856388308948.jpg",2,0,285,356,116,356,401
"Morganza_all/017174@29.7109366737454,-90.5858850367554.jpg",2,0,286,354,102,354,388
"Morganza_all/017175@29.7103869745419,-90.586525728461.jpg",2,0,303,413,91,413,394
"Morganza_all/017176@29.7278294784691,-90.6064758512741.jpg",1,0,238,440,198,440,436
"Morganza_all/017177@29.7276491924956,-90.6065653811206.jpg",3,32,302,368,124,400,426
"Morganza_all/017178@29.7274859290173,-90.6067046624514.jpg",3,207,278,242,138,449,416
"Morganza_all/017179@29.727255451937,-90.6067983685198.jpg",2,0,253,638,214,638,467
"Morganza_all/017180@29.7228663152349,-90.609791231683.jpg",1,247,269,247,90,494,359
"Morganza_all/017181@29.7241562037731,-90.6084548091766.jpg",1,32,285,445,106,477,391
"Morganza_all/017182@29.7244000525741,-90.6083571691836.jpg",3,19,294,417,113,436,407
"Morganza_all/017183@29.724803754397,-90.6081049351519.jpg",1,0,269,448,167,448,436
"Morganza_all/017184@29.7252137924157,-90.6077951227518.jpg",2,0,280,338,162,338,442
"Morganza_all/017185@29.7255167720572,-90.6074898970398.jpg",2,0,277,311,142,311,419
"Morganza_all/017186@29.7260239690025,-90.6071908743402.jpg",3,31,273,420,150,451,423
"Morganza_all/017187@29.7263008367019,-90.6070124273741.jpg",1,116,282,370,144,486,426
"Morganza_all/017188@29.7267741849336,-90.6066446145988.jpg",5,315,240,88,102,403,342
"Morganza_all/017189@29.7271749108,-90.6064614207719.jpg",2,240,230,399,194,639,424
"Morganza_all/017191@29.7275882634788,-90.606140070113.jpg",2,127,272,512,105,639,377
"Morganza_all/017192@29.7277952051735,-90.6060273455728.jpg",5,302,279,108,99,410,378
"Morganza_all/017193@29.7278988076724,-90.6059997166219.jpg",1,302,296,141,124,443,420
"Morganza_all/017194@29.7280758722623,-90.6059293968021.jpg",1,203,269,249,170,452,439
"Morganza_all/017195@29.7282595488225,-90.6058513408843.jpg",1,287,282,335,166,622,448
"Morganza_all/017196@29.7283359703947,-90.6057472207883.jpg",1,125,268,250,160,375,428
"Morganza_all/017197@29.7284195904212,-90.6057312684253.jpg",1,322,254,316,173,638,427
"Morganza_all/017198@29.7284697813298,-90.6057270908993.jpg",1,327,260,313,158,640,418
"Morganza_all/017202@29.7267144366469,-90.6085513615162.jpg",1,137,251,452,199,589,450
"Morganza_all/017203@29.7269480154606,-90.608411574624.jpg",1,306,275,132,84,438,359
"Morganza_all/017207@29.7278388779531,-90.6078719550202.jpg",5,393,279,104,84,497,363
"Morganza_all/017208@29.7080045566946,-90.7160445736162.jpg",6,308,206,201,135,509,341
"Morganza_all/017209@29.7181817150032,-90.704096341048.jpg",6,263,268,111,113,374,381
"Morganza_all/017210@29.6920139599603,-90.6525361730663.jpg",6,221,277,120,89,341,366
"Morganza_all/017212@29.711407943194,-90.6351160438746.jpg",6,210,227,116,103,326,330
"Morganza_all/017213@29.7108541329798,-90.6353283559968.jpg",6,181,198,142,94,323,292
"Morganza_all/017216@29.711866560602,-90.639250343048.jpg",6,281,208,143,96,424,304
"Morganza_all/017217@29.7123232932465,-90.642951601286.jpg",6,227,310,196,101,423,411
"Morganza_all/017218@29.7121245882287,-90.6519576405729.jpg",6,277,280,167,118,444,398
"Morganza_all/017219@29.711422515838,-90.652098479251.jpg",1,277,307,171,145,448,452
"Morganza_all/017220@29.7123204351099,-90.6572859868251.jpg",6,278,219,153,105,431,324
"Morganza_all/017222@29.7343497670463,-90.6213455900695.jpg",3,109,303,186,91,295,394
"Morganza_all/017225@29.7336762592026,-90.6209872453545.jpg",6,208,271,153,89,361,360
"Morganza_all/017226@29.7337614339381,-90.6213843439275.jpg",6,120,245,225,127,345,372
"Morganza_all/017227@29.734022979389,-90.6223075855152.jpg",6,106,241,118,83,224,324
"Morganza_all/017233@29.7341334533972,-90.6245979461047.jpg",2,0,281,344,144,344,425
"Morganza_all/017237@29.7319539780132,-90.6248209053734.jpg",6,155,264,230,113,385,377
"Morganza_all/017238@29.7323731528834,-90.6255960368878.jpg",6,237,247,112,84,349,331
"Morganza_all/017239@29.7329927331123,-90.6257472733927.jpg",6,145,244,299,137,444,381
"Morganza_all/017241@29.7330287366637,-90.6254271427706.jpg",6,255,207,112,88,367,295
"Morganza_all/017245@29.7137907135319,-90.6180104820474.jpg",6,210,233,219,109,429,342
"Morganza_all/017248@29.7121783688076,-90.6186779490556.jpg",1,350,303,154,86,504,389
"Morganza_all/017249@29.7245363743278,-90.6145296568234.jpg",6,179,304,148,100,327,404
"Morganza_all/017251@29.7248278946741,-90.6143234652158.jpg",6,154,190,141,113,295,303
"Morganza_all/017254@29.7252655215821,-90.6140724910885.jpg",6,232,227,84,95,316,322
"Morganza_all/017255@29.7253479696716,-90.614028167474.jpg",6,282,244,128,105,410,349
"Morganza_all/017256@29.725772944192,-90.6137918692325.jpg",6,217,282,192,84,409,366
"Morganza_all/017257@29.7259566318719,-90.6136447673686.jpg",6,0,250,379,200,379,450
"Morganza_all/017258@29.7260834273681,-90.6135636709475.jpg",6,260,262,158,89,418,351
"Morganza_all/017259@29.7262231143579,-90.6135116250771.jpg",6,224,273,182,97,406,370
"Morganza_all/017261@29.7264893169743,-90.6133274748759.jpg",6,207,224,103,101,310,325
"Morganza_all/017262@29.7266159923414,-90.6132245128636.jpg",6,216,171,141,109,357,280
"Morganza_all/017263@29.7267683711976,-90.6131651283093.jpg",6,238,192,116,117,354,309
"Morganza_all/017264@29.7268951262905,-90.6130767213456.jpg",6,231,260,133,102,364,362
"Morganza_all/017265@29.7270345458196,-90.61298097638.jpg",6,223,271,180,102,403,373
"Morganza_all/017266@29.7271804922146,-90.6129070183676.jpg",6,175,287,174,104,349,391
"Morganza_all/017267@29.7273009876727,-90.6128405530846.jpg",6,262,303,140,88,402,391
"Morganza_all/017268@29.7274214305325,-90.6127595003199.jpg",6,333,271,111,91,444,362
"Morganza_all/017269@29.7275483055402,-90.6126929887307.jpg",6,201,272,174,113,375,385
"Morganza_all/017270@29.7277005639427,-90.6126117063139.jpg",6,191,275,203,84,394,359
"Morganza_all/017271@29.7278019354084,-90.6125381000307.jpg",6,172,228,94,81,266,309
"Morganza_all/017272@29.7279350696962,-90.6124496453745.jpg",6,283,209,96,109,379,318
"Morganza_all/017277@29.72857547533,-90.612058718601.jpg",6,254,274,149,91,403,365
"Morganza_all/017280@29.7289306629739,-90.6118593303455.jpg",6,193,250,251,123,444,373
"Morganza_all/017283@29.7292922026062,-90.6116599263434.jpg",6,250,285,212,81,462,366
"Morganza_all/017284@29.7294316884154,-90.6115714233578.jpg",6,236,279,108,87,344,366
"Morganza_all/017287@29.7299926498852,-90.6117714819915.jpg",6,124,255,153,95,277,350
"Morganza_all/017289@29.7298816534185,-90.6112547375123.jpg",6,246,268,129,109,375,377
"Morganza_all/017290@29.7300209786392,-90.6111370899437.jpg",6,176,272,204,98,380,370
"Morganza_all/017293@29.7304144931282,-90.6109665949545.jpg",6,249,219,241,128,490,347
"Morganza_all/017294@29.7306967647052,-90.6113946395809.jpg",6,196,268,298,97,494,365
"Morganza_all/017295@29.730541487517,-90.6109219447126.jpg",6,196,265,171,98,367,363
"Morganza_all/017296@29.7308903339932,-90.6107299041633.jpg",6,221,239,175,134,396,373
"Morganza_all/017297@29.7309833730504,-90.6102918688408.jpg",1,230,266,145,104,375,370
"Morganza_all/017298@29.7308124737621,-90.6104534800428.jpg",6,9,247,388,209,397,456
"Morganza_all/017299@29.7299413941274,-90.6105472416757.jpg",6,224,212,205,155,429,367
"Morganza_all/017300@29.7312198392191,-90.6116460163157.jpg",6,173,215,247,130,420,345
"Morganza_all/017302@29.7318545072634,-90.6125234484886.jpg",1,0,267,613,146,613,413
"Morganza_all/017305@29.7316477849793,-90.6131081245205.jpg",6,228,197,164,147,392,344
"Morganza_all/017306@29.7313664916726,-90.6128623071474.jpg",3,189,281,304,108,493,389
"Morganza_all/017307@29.7318342703398,-90.6134712380386.jpg",6,174,255,245,121,419,376
"Morganza_all/017308@29.7321086635536,-90.6136223621955.jpg",6,197,270,174,121,371,391
"Morganza_all/017309@29.7320978493333,-90.6139723406215.jpg",6,249,251,188,136,437,387
"Morganza_all/017310@29.7316517815662,-90.613837038957.jpg",6,230,254,155,105,385,359
"Morganza_all/017311@29.7313154350942,-90.6139925252782.jpg",6,207,181,123,145,330,326
"Morganza_all/017312@29.7312239309807,-90.6135485410213.jpg",6,242,203,105,155,347,358
"Morganza_all/017313@29.730951570632,-90.6126101442831.jpg",1,69,242,294,178,363,420
"Morganza_all/017314@29.73091815413,-90.6123188099373.jpg",2,350,263,287,168,637,431
"Morganza_all/017316@29.7306557805103,-90.6131954246986.jpg",2,28,196,613,264,641,460
"Morganza_all/017317@29.7303957305517,-90.6133431155603.jpg",3,304,281,255,120,559,401
"Morganza_all/017318@29.7307803759024,-90.612713432327.jpg",1,0,237,494,181,494,418
"Morganza_all/017319@29.7302399003284,-90.6127683693599.jpg",2,341,282,300,84,641,366
"Morganza_all/017321@29.7299269507292,-90.6125519291815.jpg",6,142,241,226,92,368,333
"Morganza_all/017322@29.7296483650852,-90.6127944976006.jpg",6,199,258,107,100,306,358
"Morganza_all/017324@29.7291842276804,-90.6140078542725.jpg",2,5,224,631,190,636,414
"Morganza_all/017325@29.7289586294156,-90.6134773799966.jpg",3,90,275,403,91,493,366
"Morganza_all/017326@29.7283817035242,-90.613845976486.jpg",1,222,253,294,98,516,351
"Morganza_all/017327@29.7287275970262,-90.6142735630436.jpg",1,231,314,157,88,388,402
"Morganza_all/017331@29.7318172144286,-90.6147200345292.jpg",6,248,276,148,90,396,366
"Morganza_all/017336@29.733042490966,-90.6148425268041.jpg",1,152,282,240,109,392,391
"Morganza_all/017337@29.7329361770924,-90.6150484118905.jpg",3,235,282,227,93,462,375
"Morganza_all/017338@29.7327280156016,-90.6149596664018.jpg",6,272,240,172,113,444,353
"Morganza_all/017339@29.7327720279051,-90.6151480552207.jpg",6,149,238,171,140,320,378
"Morganza_all/017340@29.7323708843749,-90.6151263278435.jpg",6,176,257,149,94,325,351
"Morganza_all/017342@29.7332961184909,-90.6153904694607.jpg",1,209,278,162,106,371,384
"Morganza_all/017343@29.7327960616521,-90.6156155962986.jpg",6,259,216,126,115,385,331
"Morganza_all/017345@29.7318949954571,-90.6158435978631.jpg",6,183,259,203,118,386,377
"Morganza_all/017346@29.7328268225755,-90.6160010409228.jpg",6,225,247,177,120,402,367
"Morganza_all/017347@29.7330777566527,-90.6160566813544.jpg",6,232,254,153,123,385,377
"Morganza_all/017348@29.7336618845969,-90.6167991890509.jpg",1,16,274,324,103,340,377
"Morganza_all/017349@29.7336177676593,-90.6165861586692.jpg",1,223,282,157,81,380,363
"Morganza_all/017351@29.7333512700226,-90.6163090899725.jpg",6,275,256,128,84,403,340
"Morganza_all/017352@29.7329581723458,-90.6164513971762.jpg",6,245,238,101,100,346,338
"Morganza_all/017353@29.7333696721,-90.6170556215798.jpg",2,0,253,513,266,513,519
"Morganza_all/017354@29.7333359725795,-90.6174415302643.jpg",1,164,270,423,100,587,370
"Morganza_all/017355@29.7331692882937,-90.6170816966028.jpg",1,89,271,406,158,495,429
"Morganza_all/017357@29.7329690213534,-90.6171241551836.jpg",2,0,272,324,251,324,523
"Morganza_all/017358@29.7329315172171,-90.6168126142626.jpg",2,0,273,329,248,329,521
"Morganza_all/017359@29.732742265951,-90.6175688527701.jpg",2,0,278,586,243,586,521
"Morganza_all/017362@29.7316036677083,-90.6175770017718.jpg",6,252,274,153,82,405,356
"Morganza_all/017363@29.718053283268,-90.6383363282326.jpg",6,213,248,183,103,396,351
"Morganza_all/017364@29.7222702665436,-90.6507258224429.jpg",6,155,264,248,108,403,372
"Morganza_all/017365@29.7239922056639,-90.6501932799002.jpg",6,152,282,223,83,375,365
"Morganza_all/017366@29.7256573617553,-90.6478108054146.jpg",6,225,280,202,87,427,367
"Morganza_all/017367@29.7267234662133,-90.647464581149.jpg",6,203,257,210,113,413,370
"Morganza_all/017368@29.7273633963869,-90.647115539351.jpg",6,169,231,293,144,462,375
"Morganza_all/017369@29.7290877873623,-90.6460926672557.jpg",6,151,278,245,106,396,384
"Morganza_all/017370@29.7291838537663,-90.6462471181047.jpg",6,231,239,161,96,392,335
"Morganza_all/017371@29.7291866631839,-90.6458277351483.jpg",6,268,219,166,131,434,350
"Morganza_all/017372@29.7294190970576,-90.646170829213.jpg",6,216,237,187,130,403,367
"Morganza_all/017373@29.7294278134085,-90.6459237506174.jpg",6,90,245,324,118,414,363
"Morganza_all/017374@29.7296087642794,-90.64600868001.jpg",6,232,239,126,127,358,366
"Morganza_all/017375@29.7295377486714,-90.6458540565311.jpg",6,218,250,155,100,373,350
"Morganza_all/017376@29.7298733385751,-90.6457885453518.jpg",6,254,271,135,99,389,370
"Morganza_all/017377@29.7297809523803,-90.6453813461074.jpg",6,192,238,249,149,441,387
"Morganza_all/017378@29.7303537712083,-90.6456186608483.jpg",6,180,244,293,126,473,370
"Morganza_all/017379@29.730408243543,-90.6454919084934.jpg",6,241,231,155,142,396,373
"Morganza_all/017380@29.7300664451659,-90.6453276781305.jpg",6,197,219,221,185,418,404
"Morganza_all/017381@29.7308962434978,-90.6448509257076.jpg",6,207,240,203,133,410,373
"Morganza_all/017382@29.7310983555039,-90.6451482303192.jpg",6,213,249,220,145,433,394
"Morganza_all/017383@29.7312477205111,-90.6449518840191.jpg",6,145,245,211,146,356,391
"Morganza_all/017384@29.7313929239789,-90.6449164146806.jpg",6,172,263,349,123,521,386
"Morganza_all/017385@29.731562633658,-90.6447716322644.jpg",6,106,275,313,99,419,374
"Morganza_all/017386@29.7319077504853,-90.6446141724027.jpg",6,88,295,350,99,438,394
"Morganza_all/017387@29.7321010008253,-90.6441762305862.jpg",6,0,244,454,172,454,416
"Morganza_all/017388@29.7323975250455,-90.6443120680998.jpg",6,156,233,315,167,471,400
"Morganza_all/017389@29.7325923755768,-90.6441843450927.jpg",6,260,240,174,119,434,359
"Morganza_all/017390@29.7321212249798,-90.6451641612206.jpg",6,172,265,279,108,451,373
"Morganza_all/017393@29.7330368126367,-90.6447959527821.jpg",6,23,276,372,87,395,363
"Morganza_all/017394@29.7328000024537,-90.643619951003.jpg",6,218,257,236,117,454,374
"Morganza_all/017395@29.7329733266592,-90.6432108766981.jpg",6,208,247,246,121,454,368
"Morganza_all/017396@29.7331547923792,-90.6433934460106.jpg",6,276,207,172,126,448,333
"Morganza_all/017400@29.7333072334222,-90.6437830393703.jpg",6,264,284,164,88,428,372
"Morganza_all/017401@29.7332045630346,-90.6442777718996.jpg",6,212,267,209,89,421,356
"Morganza_all/017407@29.7336193106247,-90.6449700301203.jpg",6,272,252,127,97,399,349
"Morganza_all/017408@29.7335527235494,-90.6447004896332.jpg",6,217,252,198,111,415,363
"Morganza_all/017409@29.7333283943482,-90.6449490626908.jpg",6,174,258,198,117,372,375
"Morganza_all/017410@29.7220865337563,-90.6224443306097.jpg",6,99,261,227,160,326,421
"Morganza_all/017411@29.723186743045,-90.622177156875.jpg",6,293,222,93,126,386,348
"Morganza_all/017412@29.7234356007018,-90.6221494582599.jpg",6,246,253,155,103,401,356
"Morganza_all/017414@29.7251237954516,-90.6217743452397.jpg",6,224,289,165,88,389,377
"Morganza_all/017415@29.7260734200404,-90.6215687516956.jpg",6,100,270,285,128,385,398
"Morganza_all/017416@29.7265631316656,-90.6214269524784.jpg",6,57,252,308,142,365,394
"Morganza_all/017417@29.7268193360736,-90.6213646043977.jpg",6,235,259,161,104,396,363
"Morganza_all/017418@29.7281758685521,-90.621052384431.jpg",6,164,234,298,141,462,375
"Morganza_all/017419@29.7285077158874,-90.6210240590511.jpg",6,120,233,273,160,393,393
"Morganza_all/017420@29.7287112365078,-90.6209880460053.jpg",6,213,296,167,97,380,393
"Morganza_all/017421@29.7288765875084,-90.6208658170021.jpg",6,261,209,121,134,382,343
"Morganza_all/017422@29.7290879047243,-90.620872976141.jpg",6,210,193,228,145,438,338
"Morganza_all/017425@29.7312129810703,-90.6203563858375.jpg",2,180,244,461,246,641,490
"Morganza_all/017427@29.7320366378125,-90.6219672388577.jpg",6,277,240,194,99,471,339
"Morganza_all/017428@29.7322854484969,-90.6219309042924.jpg",6,166,258,281,143,447,401
"Morganza_all/017429@29.7325262753835,-90.6218168003348.jpg",6,129,248,298,160,427,408
"Morganza_all/017430@29.732817047576,-90.6211662846627.jpg",6,183,228,226,130,409,358
"Morganza_all/017431@29.7323132324926,-90.6200978292374.jpg",2,0,265,441,201,441,466
"Morganza_all/017432@29.7326900132217,-90.6200086826114.jpg",2,44,262,597,197,641,459
"Morganza_all/017433@29.7330143256691,-90.619980406234.jpg",2,0,279,631,167,631,446
"Morganza_all/017434@29.7324992481866,-90.6182290252647.jpg",6,117,275,302,90,419,365
"Morganza_all/017436@29.7340639062801,-90.6187279361064.jpg",1,179,296,259,95,438,391
"Morganza_all/017438@29.7337759098387,-90.6184965445472.jpg",6,275,283,117,83,392,366
"Morganza_all/017439@29.7335709307831,-90.6182645922334.jpg",6,51,271,331,196,382,467
"Morganza_all/017444@29.7337425572469,-90.6193008583921.jpg",3,183,257,328,128,511,385
"Morganza_all/017445@29.7337902911727,-90.6197500866633.jpg",2,134,292,503,165,637,457
"Morganza_all/017446@29.7340765000093,-90.6196529502921.jpg",1,67,286,511,183,578,469
"Morganza_all/017447@29.7340270576911,-90.6202757945583.jpg",6,289,282,134,81,423,363
"Morganza_all/017449@29.733654099289,-90.6252584289035.jpg",6,115,284,256,103,371,387
"Morganza_all/017450@29.7338564825918,-90.6250062795022.jpg",6,197,262,193,110,390,372
"Morganza_all/017452@29.7339648547933,-90.6255156103472.jpg",1,123,298,190,88,313,386
"Morganza_all/017454@29.7336675040564,-90.62634768973.jpg",6,192,261,228,91,420,352
"Morganza_all/017456@29.7328602252247,-90.6263620615352.jpg",6,241,236,169,120,410,356
"Morganza_all/017457@29.7336526244987,-90.6235897933848.jpg",6,210,240,197,105,407,345
"Morganza_all/017461@29.7318187103143,-90.6277267690417.jpg",6,207,251,168,112,375,363
"Morganza_all/017462@29.7317799602912,-90.6275368585853.jpg",6,201,233,209,90,410,323
"Morganza_all/017463@29.7315075874308,-90.6274004599349.jpg",6,173,252,229,85,402,337
"Morganza_all/017467@29.7319228517595,-90.6302592072765.jpg",6,45,283,357,140,402,423
"Morganza_all/017468@29.732507308816,-90.6309035430198.jpg",6,155,250,232,118,387,368
"Morganza_all/017470@29.7330973557873,-90.6311847096393.jpg",3,226,289,224,81,450,370
"Morganza_all/017471@29.7327205674824,-90.6312738145224.jpg",6,259,272,144,82,403,354
"Morganza_all/017472@29.7319738505398,-90.6313309191853.jpg",6,256,209,110,122,366,331
"Morganza_all/017473@29.7316453274808,-90.6319816326998.jpg",1,105,276,201,97,306,373
"Morganza_all/017474@29.7321274419739,-90.6318312966469.jpg",2,288,231,353,164,641,395
"Morganza_all/017476@29.7329720610826,-90.6317389123664.jpg",1,26,243,610,151,636,394
"Morganza_all/017477@29.7329518313865,-90.6321886193024.jpg",1,170,255,250,142,420,397
"Morganza_all/017479@29.732894195338,-90.6326991161567.jpg",3,270,310,234,84,504,394
"Morganza_all/017481@29.7328428470114,-90.6329761527884.jpg",1,286,306,161,96,447,402
"Morganza_all/017483@29.732593894964,-90.6329865295437.jpg",6,265,266,247,93,512,359
"Morganza_all/017484@29.7323624829134,-90.6334550105732.jpg",6,224,265,216,98,440,363
"Morganza_all/017485@29.7322623678068,-90.633075310261.jpg",6,214,260,188,96,402,356
"Morganza_all/017486@29.7321667425903,-90.6335428393822.jpg",6,227,264,105,108,332,372
"Morganza_all/017487@29.7317368058039,-90.6335718105769.jpg",6,259,256,167,110,426,366
"Morganza_all/017488@29.7317121004675,-90.6331829198315.jpg",6,234,278,144,99,378,377
"Morganza_all/017489@29.7314860100912,-90.6332363650971.jpg",6,255,261,142,100,397,361
"Morganza_all/017490@29.7315635397206,-90.6336248853908.jpg",6,254,219,181,165,435,384
"Morganza_all/017491@29.7312469705582,-90.633687627283.jpg",6,218,234,192,114,410,348
"Morganza_all/017492@29.7310282763612,-90.6337150883246.jpg",6,307,229,102,91,409,320
"Morganza_all/017494@29.7326427527715,-90.6336605642937.jpg",1,258,310,176,84,434,394
"Morganza_all/017495@29.7321302402866,-90.633767906951.jpg",6,250,240,128,106,378,346
"Morganza_all/017496@29.7317233214331,-90.6338744784772.jpg",6,186,285,185,81,371,366
"Morganza_all/017498@29.7325157899809,-90.6339035322134.jpg",6,238,264,172,89,410,353
"Morganza_all/017499@29.7319902246876,-90.6343999979277.jpg",6,197,245,257,131,454,376
"Morganza_all/017500@29.7305461136811,-90.6338567808121.jpg",6,195,264,193,113,388,377
"Morganza_all/017503@29.7299436472889,-90.6340771371195.jpg",6,228,210,144,122,372,332
"Morganza_all/017504@29.732473768671,-90.6345176740624.jpg",1,246,302,199,82,445,384
"Morganza_all/017505@29.7322950376795,-90.6349598516584.jpg",6,257,200,118,158,375,358
"Morganza_all/017506@29.7343335927748,-90.6456335777196.jpg",3,273,296,161,92,434,388
"Morganza_all/017507@29.7339476894479,-90.6458323428862.jpg",6,275,250,96,92,371,342
"Morganza_all/017511@29.7340119080478,-90.6467271331831.jpg",6,208,251,247,90,455,341
"Morganza_all/017512@29.7336691892279,-90.646644223286.jpg",6,203,239,204,99,407,338
"Morganza_all/017514@29.7348753682108,-90.6467808833489.jpg",1,309,303,219,95,528,398
"Morganza_all/017515@29.7347567458338,-90.6468669615132.jpg",1,278,297,221,109,499,406
"Morganza_all/017516@29.7342006981991,-90.647254463343.jpg",6,229,229,104,110,333,339
"Morganza_all/017517@29.7341054286977,-90.6475364919369.jpg",6,183,194,258,188,441,382
"Morganza_all/017518@29.7341961407114,-90.6478086746884.jpg",6,242,247,140,110,382,357
"Morganza_all/017519@29.7346779405583,-90.6474473021469.jpg",6,89,259,251,175,340,434
"Morganza_all/017520@29.7350108011574,-90.647069870146.jpg",1,284,296,183,99,467,395
"Morganza_all/017526@29.7352940388462,-90.6485855735215.jpg",6,197,240,245,116,442,356
"Morganza_all/017527@29.7349350657958,-90.6482384681774.jpg",6,196,260,133,101,329,361
"Morganza_all/017528@29.7349597960374,-90.6486987115849.jpg",6,208,275,101,84,309,359
"Morganza_all/017529@29.7347798151932,-90.6484356133032.jpg",6,233,271,107,92,340,363
"Morganza_all/017530@29.7345495587361,-90.6485139463999.jpg",6,221,299,132,82,353,381
"Morganza_all/017533@29.7352896810535,-90.6491739140647.jpg",6,241,206,199,124,440,330
"Morganza_all/017534@29.73460670661,-90.6494855167271.jpg",6,229,217,175,130,404,347
"Morganza_all/017535@29.7340999805175,-90.6493440405656.jpg",6,209,243,199,132,408,375
"Morganza_all/017536@29.7358326796761,-90.6491360744552.jpg",1,346,292,285,107,631,399
"Morganza_all/017537@29.7359379099874,-90.6493400089244.jpg",1,9,306,270,97,279,403
"Morganza_all/017539@29.7354417886387,-90.6498038172224.jpg",6,164,268,244,139,408,407
"Morganza_all/017542@29.7358818828912,-90.6500139395337.jpg",6,149,197,222,124,371,321
"Morganza_all/017543@29.7360397536097,-90.6503198269925.jpg",6,241,247,107,137,348,384
"Morganza_all/017544@29.7356164603952,-90.6504847079976.jpg",6,258,221,90,94,348,315
"Morganza_all/017545@29.7351848113859,-90.6504706088354.jpg",6,170,236,210,123,380,359
"Morganza_all/017546@29.7352537205889,-90.6508452882188.jpg",6,221,240,164,109,385,349
"Morganza_all/017549@29.7362216088255,-90.6509495020851.jpg",6,182,272,158,123,340,395
"Morganza_all/017550@29.7359467820241,-90.6510451812641.jpg",6,232,292,208,83,440,375
"Morganza_all/017552@29.7352265367517,-90.6513399807957.jpg",6,235,180,140,114,375,294
"Morganza_all/017553@29.734803198053,-90.6514963489667.jpg",6,240,188,134,125,374,313
"Morganza_all/017556@29.7231714647566,-90.6115874570223.jpg",1,298,264,216,115,514,379
"Morganza_all/017557@29.7241455867721,-90.6117189273085.jpg",6,282,223,131,124,413,347
"Morganza_all/017558@29.724256871016,-90.6111277034947.jpg",1,239,296,298,97,537,393
"Morganza_all/017559@29.7243665856967,-90.611411189462.jpg",6,164,234,251,132,415,366
"Morganza_all/017560@29.7248220603394,-90.6109413910227.jpg",1,280,283,155,125,435,408
"Morganza_all/017562@29.7257758156667,-90.6108397624131.jpg",6,206,211,174,125,380,336
"Morganza_all/017563@29.7261322451757,-90.6108663311102.jpg",6,186,161,137,134,323,295
"Morganza_all/017564@29.725938770775,-90.6103939347251.jpg",1,255,258,301,146,556,404
"Morganza_all/017566@29.7265346377133,-90.6099960151267.jpg",1,319,281,107,82,426,363
"Morganza_all/017569@29.7271109901268,-90.6095253252119.jpg",1,276,235,267,152,543,387
"Morganza_all/017570@29.7274155559076,-90.6093773385159.jpg",1,188,281,350,99,538,380
"Morganza_all/017571@29.7275675435839,-90.6092523214379.jpg",1,270,260,174,108,444,368
"Morganza_all/017572@29.7278335392745,-90.6090317367316.jpg",1,290,276,189,125,479,401
"Morganza_all/017574@29.7284616325433,-90.6087137223673.jpg",1,172,288,309,86,481,374
"Morganza_all/017576@29.7287411638285,-90.6086388205896.jpg",1,311,250,262,167,573,417
"Morganza_all/017578@29.7291652556545,-90.6082494029648.jpg",2,0,307,435,87,435,394
"Morganza_all/017579@29.7294631860486,-90.6080504467042.jpg",1,170,282,398,95,568,377
"Morganza_all/017580@29.7297018727523,-90.6086464471337.jpg",6,246,268,205,82,451,350
"Morganza_all/017581@29.7298532559214,-90.6084120672855.jpg",6,204,237,206,99,410,336
"Morganza_all/017582@29.72973569268,-90.6078589204416.jpg",3,134,242,310,159,444,401
"Morganza_all/017583@29.7299831257532,-90.6077332056628.jpg",2,10,282,631,84,641,366
"Morganza_all/017584@29.7303609755189,-90.6081824127986.jpg",1,113,285,347,104,460,389
"Morganza_all/017585@29.7304650009854,-90.6085898746041.jpg",1,76,235,492,162,568,397
"Morganza_all/017587@29.7306006270321,-90.6089533753816.jpg",2,249,177,390,274,639,451
"Morganza_all/017590@29.730334792443,-90.6092031414906.jpg",1,232,242,304,205,536,447
"Morganza_all/017591@29.7301316641772,-90.6092847995397.jpg",2,46,289,592,105,638,394
"Morganza_all/017592@29.7300084893314,-90.6088701988136.jpg",1,128,274,369,137,497,411
"Morganza_all/017593@29.7298628138425,-90.6089878640257.jpg",1,110,271,428,173,538,444
"Morganza_all/017594@29.7298778499966,-90.6094105568453.jpg",1,215,269,187,165,402,434
"Morganza_all/017595@29.7297193090973,-90.6094991696556.jpg",1,94,267,497,146,591,413
"Morganza_all/017596@29.7295329459796,-90.609165214773.jpg",1,201,248,242,186,443,434
"Morganza_all/017597@29.7295168361834,-90.6097047411601.jpg",1,48,285,541,146,589,431
"Morganza_all/017598@29.7294251967928,-90.6092388719386.jpg",1,63,261,494,162,557,423
"Morganza_all/017600@29.7292540046973,-90.6093421641767.jpg",1,31,253,365,170,396,423
"Morganza_all/017601@29.7293008954496,-90.6097719022376.jpg",1,132,212,378,196,510,408
"Morganza_all/017602@29.7291208723416,-90.6094305926297.jpg",1,72,277,391,133,463,410
"Morganza_all/017603@29.7289749554228,-90.6095045569511.jpg",1,82,270,361,164,443,434
"Morganza_all/017604@29.7291359345696,-90.6098532821812.jpg",1,106,223,419,185,525,408
"Morganza_all/017605@29.7289772854882,-90.609927306483.jpg",1,158,243,356,158,514,401
"Morganza_all/017606@29.7287973433685,-90.6096006165275.jpg",1,93,278,277,133,370,411
"Morganza_all/017607@29.7286574442208,-90.6096089070971.jpg",1,143,275,257,147,400,422
"Morganza_all/017608@29.728863545302,-90.6100666355996.jpg",1,343,266,292,166,635,432
"Morganza_all/017609@29.7287049363608,-90.6101479687686.jpg",1,200,244,342,192,542,436
"Morganza_all/017610@29.7285625999513,-90.6097189236816.jpg",3,220,296,146,105,366,401
"Morganza_all/017611@29.7283968757366,-90.6096618028742.jpg",2,317,257,323,170,640,427
"Morganza_all/017612@29.7283851082314,-90.6098368476209.jpg",1,158,264,307,167,465,431
"Morganza_all/017613@29.7285588182536,-90.6101854792703.jpg",1,202,243,281,198,483,441
"Morganza_all/017614@29.7284065888606,-90.6102667658795.jpg",3,179,264,413,170,592,434
"Morganza_all/017615@29.7282584756376,-90.6099470936138.jpg",1,158,268,279,156,437,424
"Morganza_all/017616@29.7282671840767,-90.6103698255165.jpg",1,134,247,415,175,549,422
"Morganza_all/017617@29.7281023029594,-90.6104657593479.jpg",1,146,240,369,221,515,461
"Morganza_all/017618@29.7279350662489,-90.6101389479105.jpg",1,160,303,166,118,326,421
"Morganza_all/017619@29.7278616607504,-90.6106716013624.jpg",1,179,273,301,151,480,424
"Morganza_all/017621@29.7276622751701,-90.6102794252169.jpg",3,191,280,292,131,483,411
"Morganza_all/017622@29.727702971137,-90.6107383455944.jpg",1,181,254,340,163,521,417
"Morganza_all/017623@29.7275318981669,-90.6108634984415.jpg",1,210,257,330,168,540,425
"Morganza_all/017624@29.7275229506952,-90.6103970712057.jpg",1,203,261,218,151,421,412
"Morganza_all/017625@29.7273834529132,-90.6104782646304.jpg",3,110,276,304,139,414,415
"Morganza_all/017626@29.7271803764475,-90.6105744734597.jpg",1,191,277,200,140,391,417
"Morganza_all/017627@29.7273859402055,-90.610930150186.jpg",3,178,262,388,146,566,408
"Morganza_all/017628@29.7272656589857,-90.6110403793237.jpg",1,147,269,343,153,490,422
"Morganza_all/017629@29.7271261333049,-90.6111215718408.jpg",1,74,246,496,167,570,413
"Morganza_all/017631@29.7268758896007,-90.6107370432045.jpg",5,110,296,203,115,313,411
"Morganza_all/017632@29.7268128875073,-90.6108468267275.jpg",1,158,296,300,105,458,401
"Morganza_all/017633@29.7269358156164,-90.6112176869918.jpg",1,210,243,274,187,484,430
"Morganza_all/017635@29.7266350338167,-90.610899152327.jpg",1,217,293,214,108,431,401
"Morganza_all/017636@29.7265083200576,-90.6109948080568.jpg",1,165,278,328,114,493,392
"Morganza_all/017637@29.7266375198337,-90.6113510660169.jpg",1,162,229,476,214,638,443
"Morganza_all/017638@29.7264602268751,-90.6115054049875.jpg",2,0,279,502,143,502,422
"Morganza_all/017639@29.7262770223381,-90.6117399702449.jpg",3,205,288,285,87,490,375
"Morganza_all/017641@29.725902270321,-90.6118520328873.jpg",1,275,299,185,144,460,443
"Morganza_all/017642@29.7258236107477,-90.6114298157943.jpg",3,226,279,383,139,609,418
"Morganza_all/017643@29.7256654017433,-90.6115840471565.jpg",1,103,288,395,131,498,419
"Morganza_all/017644@29.7255245532273,-90.61142469643.jpg",1,0,287,318,121,318,408
"Morganza_all/017645@29.7257690962538,-90.6119331773475.jpg",1,267,257,289,184,556,441
"Morganza_all/017646@29.7256231777186,-90.6120071040339.jpg",1,259,262,350,189,609,451
"Morganza_all/017647@29.7252065720638,-90.611448856939.jpg",6,226,275,173,103,399,378
"Morganza_all/017648@29.7252403110276,-90.6117984900705.jpg",3,42,277,338,134,380,411
"Morganza_all/017649@29.7254772992958,-90.6120883396768.jpg",1,226,259,375,183,601,442
"Morganza_all/017651@29.7251920544863,-90.6122799065453.jpg",2,270,261,370,175,640,436
"Morganza_all/017652@29.7250375015327,-90.6119384542847.jpg",2,0,275,478,154,478,429
"Morganza_all/017654@29.7249259733711,-90.6124859215328.jpg",2,280,269,361,135,641,404
"Morganza_all/017655@29.7248789313763,-90.6120270589977.jpg",1,110,310,226,88,336,398
"Morganza_all/017656@29.7247205212509,-90.6121448053831.jpg",2,0,286,430,117,430,403
"Morganza_all/017657@29.7246974069735,-90.6125677518047.jpg",1,270,248,331,167,601,415
"Morganza_all/017658@29.7245516881687,-90.6126781277829.jpg",2,297,268,344,169,641,437
"Morganza_all/017659@29.724263801659,-90.6123886463616.jpg",3,0,299,344,105,344,404
"Morganza_all/017660@29.7243868580579,-90.6127886726289.jpg",5,360,220,139,96,499,316
"Morganza_all/017667@29.7224441150782,-90.6123653113095.jpg",6,214,256,116,86,330,342
"Morganza_all/017668@29.7211448013073,-90.6132639039693.jpg",6,202,271,219,108,421,379
"Morganza_all/017669@29.7209544821464,-90.6133600407998.jpg",6,213,312,144,82,357,394
"Morganza_all/017673@29.7195701974975,-90.6138437689753.jpg",3,176,301,137,92,313,393
"Morganza_all/017674@29.7193736180714,-90.6139618122487.jpg",1,140,297,188,88,328,385
"Morganza_all/017680@29.7180690577397,-90.6150644768601.jpg",6,228,278,189,84,417,362
"Morganza_all/017681@29.7169199138704,-90.6155027530344.jpg",1,135,297,193,91,328,388
"Morganza_all/017682@29.7160663925815,-90.6164855131333.jpg",6,255,219,125,94,380,313
"Morganza_all/017687@29.7143327804222,-90.6182471292443.jpg",6,119,310,249,97,368,407
"Morganza_all/017690@29.7325159573292,-90.6353560089529.jpg",1,288,313,154,103,442,416
"Morganza_all/017691@29.7321920090222,-90.6354533621424.jpg",6,263,233,132,116,395,349
"Morganza_all/017692@29.7319435623353,-90.635558852688.jpg",6,276,273,210,94,486,367
"Morganza_all/017693@29.7319228603372,-90.635922098678.jpg",6,293,272,138,83,431,355
"Morganza_all/017694@29.7315787147864,-90.6350599455451.jpg",6,262,243,186,98,448,341
"Morganza_all/017695@29.7313937796643,-90.6357528716411.jpg",6,240,247,135,98,375,345
"Morganza_all/017696@29.7310080021202,-90.6355740133932.jpg",6,165,248,176,121,341,369
"Morganza_all/017698@29.730316633722,-90.6361062143184.jpg",6,186,299,107,91,293,390
"Morganza_all/017699@29.7296893930095,-90.6359290404414.jpg",6,249,321,144,87,393,408
"Morganza_all/017702@29.7320226460365,-90.6362413068115.jpg",6,246,187,140,96,386,283
"Morganza_all/017703@29.7319413537219,-90.6365617456687.jpg",6,248,209,196,91,444,300
"Morganza_all/017704@29.7315115538682,-90.6366166340771.jpg",6,254,239,119,120,373,359
"Morganza_all/017706@29.7313071298497,-90.6364883708865.jpg",6,249,292,140,81,389,373
"Morganza_all/017707@29.7311849890882,-90.6362212144037.jpg",6,172,273,179,90,351,363
"Morganza_all/017709@29.7313237404158,-90.6367735610013.jpg",6,186,283,172,108,358,391
"Morganza_all/017714@29.7319158832916,-90.6374524418388.jpg",6,255,242,113,103,368,345
"Morganza_all/017715@29.7301833894527,-90.6380178041658.jpg",6,270,236,108,103,378,339
"Morganza_all/017716@29.7302653264815,-90.6378183889931.jpg",6,222,252,192,93,414,345
"Morganza_all/017717@29.7309061957119,-90.6377188095045.jpg",6,192,258,86,109,278,367
"Morganza_all/017718@29.7320981790289,-90.6376759539002.jpg",3,291,337,126,84,417,421
"Morganza_all/017720@29.731700101434,-90.6380245571217.jpg",6,258,261,145,110,403,371
"Morganza_all/017721@29.7312781558583,-90.6381398800261.jpg",6,248,264,245,88,493,352
"Morganza_all/017723@29.7316818171743,-90.6388460087744.jpg",6,276,240,227,92,503,332
"Morganza_all/017728@29.7313932226822,-90.6399200450708.jpg",6,195,281,208,105,403,386
"Morganza_all/017729@29.730866448296,-90.6401917356006.jpg",6,214,294,207,90,421,384
"Morganza_all/017730@29.7329069296611,-90.64211578122.jpg",1,224,300,255,93,479,393
"Morganza_all/017731@29.7327675034792,-90.6417233606781.jpg",1,252,302,259,87,511,389
"Morganza_all/017732@29.7326573490724,-90.641296993058.jpg",1,257,317,221,87,478,404
"Morganza_all/017734@29.7323908197984,-90.6414421692414.jpg",6,238,254,181,83,419,337
"Morganza_all/017735@29.7323520717786,-90.6410715202266.jpg",6,207,247,167,98,374,345
"Morganza_all/017736@29.7320950209155,-90.6411575843506.jpg",6,228,257,116,109,344,366
"Morganza_all/017737@29.7318680154106,-90.6413614700675.jpg",6,247,254,129,104,376,358
"Morganza_all/017738@29.7320169806779,-90.6417060855268.jpg",6,204,278,180,94,384,372
"Morganza_all/017739@29.7316398991476,-90.6413546357478.jpg",6,193,282,150,88,343,370
"Morganza_all/017741@29.731361699705,-90.6416178888835.jpg",6,235,219,139,92,374,311
"Morganza_all/017742@29.7310086092508,-90.6416287436784.jpg",6,223,180,179,153,402,333
"Morganza_all/017743@29.73160599289,-90.6419027976303.jpg",6,180,206,216,146,396,352
"Morganza_all/017744@29.7314223941942,-90.6419630816932.jpg",6,134,203,221,122,355,325
"Morganza_all/017745@29.7312466700455,-90.642124451999.jpg",6,217,209,168,134,385,343
"Morganza_all/017746@29.7304681901679,-90.6423911582822.jpg",6,212,264,201,125,413,389
"Morganza_all/017747@29.729895611764,-90.6426395818549.jpg",6,109,259,344,132,453,391
"Morganza_all/017748@29.7367114768947,-90.6521398441784.jpg",6,165,274,286,148,451,422
"Morganza_all/017749@29.7364738987424,-90.6522437744767.jpg",6,160,251,210,140,370,391
"Morganza_all/017750@29.7361134916067,-90.6516238202473.jpg",6,141,275,229,96,370,371
"Morganza_all/017751@29.7361465467232,-90.6522545430504.jpg",6,199,230,196,108,395,338
"Morganza_all/017752@29.7356013962226,-90.651883104597.jpg",6,82,194,214,136,296,330
"Morganza_all/017753@29.7350965312002,-90.6520997050033.jpg",6,238,162,184,182,422,344
"Morganza_all/017754@29.7355226128963,-90.652471953416.jpg",6,268,234,190,114,458,348
"Morganza_all/017755@29.735039606104,-90.6526031378851.jpg",6,286,264,107,92,393,356
"Morganza_all/017756@29.7347026185233,-90.6521876520579.jpg",6,252,248,161,104,413,352
"Morganza_all/017757@29.734519597998,-90.6527686657287.jpg",6,241,256,158,120,399,376
"Morganza_all/017758@29.7343007671098,-90.6521818501514.jpg",6,198,273,188,97,386,370
"Morganza_all/017759@29.7342968518743,-90.6528639838984.jpg",6,227,283,163,90,390,373
"Morganza_all/017760@29.7339152517594,-90.6524573114255.jpg",6,182,278,234,97,416,375
"Morganza_all/017761@29.7340293872205,-90.6529425280398.jpg",6,228,177,207,103,435,280
"Morganza_all/017762@29.7335216041198,-90.6525964244645.jpg",6,256,201,138,115,394,316
"Morganza_all/017763@29.7335465122983,-90.6530992609928.jpg",6,247,215,203,138,450,353
"Morganza_all/017764@29.7329968386559,-90.653282063174.jpg",6,204,222,296,136,500,358
"Morganza_all/017765@29.7330087111989,-90.6527022241113.jpg",6,144,263,237,135,381,398
"Morganza_all/017766@29.732845631663,-90.6528226884031.jpg",6,251,243,157,118,408,361
"Morganza_all/017767@29.7326853344915,-90.653480290324.jpg",6,225,202,261,142,486,344
"Morganza_all/017768@29.7324327901399,-90.6535672374062.jpg",6,250,254,207,104,457,358
"Morganza_all/017769@29.7324890730004,-90.6529444686144.jpg",6,175,236,286,124,461,360
"Morganza_all/017770@29.7321993680173,-90.6530402399372.jpg",6,209,265,222,108,431,373
"Morganza_all/017771@29.7322094695499,-90.653551709326.jpg",6,281,176,188,152,469,328
"Morganza_all/017772@29.7319469124205,-90.6531442645887.jpg",6,232,181,265,160,497,341
"Morganza_all/017773@29.731860715374,-90.6537416484631.jpg",6,172,209,284,157,456,366
"Morganza_all/017774@29.7316720397076,-90.65323139523.jpg",6,234,268,184,121,418,389
"Morganza_all/017775@29.7315706567452,-90.6537692041279.jpg",6,220,254,237,120,457,374
"Morganza_all/017776@29.7313971227072,-90.6533099869988.jpg",6,155,261,287,124,442,385
"Morganza_all/017777@29.7313032356882,-90.653856282093.jpg",6,217,281,297,84,514,365
"Morganza_all/017778@29.7311891918593,-90.6533881229069.jpg",6,183,283,234,112,417,395
"Morganza_all/017779@29.7309987140615,-90.6539691960983.jpg",6,179,280,258,96,437,376
"Morganza_all/017780@29.7307731261638,-90.6535103350944.jpg",6,210,240,247,100,457,340
"Morganza_all/017781@29.730709140499,-90.6540905150171.jpg",6,185,240,169,98,354,338
"Morganza_all/017782@29.7303053037505,-90.6537010807961.jpg",6,137,199,290,119,427,318
"Morganza_all/017783@29.7302336280074,-90.6542301415405.jpg",6,228,240,185,88,413,328
"Morganza_all/017784@29.7298401546813,-90.6544033325116.jpg",6,193,253,153,88,346,341
"Morganza_all/017787@29.7292358121218,-90.6540919828985.jpg",6,214,268,289,81,503,349
"Morganza_all/017788@29.7289906755413,-90.6541703996557.jpg",6,140,278,309,122,449,400
"Morganza_all/017789@29.728671012283,-90.6542322451475.jpg",6,215,265,217,98,432,363
"Morganza_all/017790@29.7286810210733,-90.6547266517941.jpg",6,134,257,308,109,442,366
"Morganza_all/017791@29.7284780456628,-90.6543273207875.jpg",6,110,174,261,126,371,300
"Morganza_all/017792@29.7283172122916,-90.6548825915341.jpg",6,227,218,157,117,384,335
"Morganza_all/017793@29.7280054412681,-90.6550296388077.jpg",6,0,226,366,123,366,349
"Morganza_all/017794@29.7279208905388,-90.6545101577221.jpg",6,253,232,128,123,381,355
"Morganza_all/017795@29.7276905862061,-90.6545799333838.jpg",6,155,274,165,98,320,372
"Morganza_all/017796@29.7276929653262,-90.6550402649506.jpg",6,159,239,309,143,468,382
"Morganza_all/017797@29.7274009678787,-90.6546927084686.jpg",6,202,223,229,129,431,352
"Morganza_all/017798@29.726972534619,-90.6553009223277.jpg",6,18,282,388,204,406,486
"Morganza_all/017799@29.7268732846433,-90.6548156678363.jpg",6,207,268,219,116,426,384
"Morganza_all/017800@29.7266285163509,-90.6549707655101.jpg",6,257,262,147,84,404,346
"Morganza_all/017801@29.7264822047272,-90.6554577148498.jpg",6,241,253,204,107,445,360
"Morganza_all/017802@29.725937618877,-90.6551885922538.jpg",6,171,267,302,92,473,359
"Morganza_all/017803@29.7258285118487,-90.6556752858217.jpg",6,130,284,311,93,441,377
"Morganza_all/017804@29.7254621491551,-90.6553367447829.jpg",6,117,259,255,116,372,375
"Morganza_all/017805@29.724434660542,-90.6581058950863.jpg",6,197,261,150,91,347,352
"Morganza_all/017807@29.7256167293373,-90.6578933128885.jpg",1,98,293,483,85,581,378
"Morganza_all/017808@29.7262115058839,-90.6577955013708.jpg",1,103,263,422,127,525,390
"Morganza_all/017810@29.7267316960731,-90.657664102391.jpg",1,82,252,481,146,563,398
"Morganza_all/017811@29.7269994105869,-90.65762820351.jpg",1,213,262,302,129,515,391
"Morganza_all/017812@29.7272741985682,-90.6575240444425.jpg",1,91,252,468,169,559,421
"Morganza_all/017813@29.7275645652381,-90.6575561728106.jpg",1,113,283,378,96,491,379
"Morganza_all/017814@29.7280254404414,-90.6574678006814.jpg",1,124,283,432,100,556,383
"Morganza_all/017815@29.7284636632764,-90.657311399332.jpg",1,43,275,567,139,610,414
"Morganza_all/017816@29.7289174647995,-90.6572912549163.jpg",1,294,273,254,98,548,371
"Morganza_all/017822@29.7315180544315,-90.6565489883825.jpg",2,0,230,543,174,543,404
"Morganza_all/017823@29.7316241517041,-90.6569234065766.jpg",2,116,205,523,215,639,420
"Morganza_all/017824@29.7321149389897,-90.6568604103553.jpg",2,155,289,484,95,639,384
"Morganza_all/017825@29.7323060176454,-90.6563987174481.jpg",3,55,271,515,146,570,417
"Morganza_all/017826@29.732404646761,-90.6567646501797.jpg",2,0,261,511,145,511,406
"Morganza_all/017827@29.7327096266613,-90.6567455408325.jpg",2,71,269,425,143,496,412
"Morganza_all/017828@29.7327966288647,-90.65630162718.jpg",2,0,277,507,113,507,390
"Morganza_all/017830@29.7331483317735,-90.6566828954436.jpg",1,255,240,198,168,453,408
"Morganza_all/017831@29.7333564239184,-90.6566303488481.jpg",2,12,273,627,134,639,407
"Morganza_all/017832@29.7337630180982,-90.6561160201096.jpg",1,96,275,508,136,604,411
"Morganza_all/017833@29.7339659001224,-90.6564983301289.jpg",2,47,273,589,149,636,422
"Morganza_all/017834@29.7344342539842,-90.65640989684.jpg",1,23,276,618,159,641,435
"Morganza_all/017835@29.7344022745776,-90.6559837960105.jpg",1,54,254,585,132,639,386
"Morganza_all/017836@29.7350662344496,-90.656311816.jpg",1,12,257,596,135,608,392
"Morganza_all/017837@29.7348706721347,-90.6559038986171.jpg",2,0,271,527,120,527,391
"Morganza_all/017838@29.7350933490578,-90.6558000796557.jpg",3,193,247,203,138,396,385
"Morganza_all/017839@29.7353834080411,-90.6557725289106.jpg",1,45,293,347,87,392,380
"Morganza_all/017840@29.7356611854042,-90.6562481093611.jpg",3,82,278,475,98,557,376
"Morganza_all/017841@29.7357402772597,-90.65571043209.jpg",1,123,263,412,138,535,401
"Morganza_all/017842@29.7360304682567,-90.6557084657686.jpg",1,93,257,463,151,556,408
"Morganza_all/017843@29.7360104269344,-90.656151972387.jpg",3,131,273,421,138,552,411
"Morganza_all/017844@29.7362459843842,-90.6556558338098.jpg",1,85,292,427,122,512,414
"Morganza_all/017845@29.7363970055797,-90.6560811362146.jpg",1,336,271,115,86,451,357
"Morganza_all/017846@29.737038240805,-90.6563325906841.jpg",6,236,241,194,111,430,352
"Morganza_all/017848@29.7373116202788,-90.6559555824243.jpg",1,117,254,442,227,559,481
"Morganza_all/017849@29.7373089359408,-90.6554354657744.jpg",1,228,266,245,147,473,413
"Morganza_all/017850@29.736796261098,-90.6555839176357.jpg",2,0,285,548,142,548,427
"Morganza_all/017851@29.7371658053638,-90.6550954042597.jpg",6,245,254,143,91,388,345
"Morganza_all/017853@29.7366497826669,-90.6545958508594.jpg",6,273,217,158,116,431,333
"Morganza_all/017854@29.7371093328868,-90.6542516687133.jpg",6,205,233,160,110,365,343
"Morganza_all/017855@29.7371214578793,-90.6537144371282.jpg",1,329,292,150,81,479,373
"Morganza_all/017856@29.7367031133857,-90.6534018043851.jpg",6,291,238,112,99,403,337
"Morganza_all/017857@29.7363683367002,-90.6534126196723.jpg",6,182,268,196,102,378,370
"Morganza_all/017858@29.7356701666889,-90.6536646210621.jpg",6,162,297,246,95,408,392
"Morganza_all/017859@29.7371752175933,-90.6569199534279.jpg",6,122,261,290,139,412,400
"Morganza_all/017860@29.7371849694489,-90.6573718026522.jpg",6,207,280,230,90,437,370
"Morganza_all/017862@29.7373440949479,-90.6579249242874.jpg",1,308,292,118,84,426,376
"Morganza_all/017863@29.737338879061,-90.6583598284838.jpg",1,288,285,156,95,444,380
"Morganza_all/017864@29.737394202888,-90.6589903793491.jpg",1,198,300,226,86,424,386
"Morganza_all/017865@29.737014987237,-90.6590441084935.jpg",6,235,271,88,87,323,358
"Morganza_all/017866@29.717089030888,-90.6151951663126.jpg",1,184,289,191,112,375,401
"Morganza_all/017868@29.7176036624102,-90.6154979404908.jpg",6,258,251,119,101,377,352
"Morganza_all/017870@29.7230720112679,-90.6116196802464.jpg",3,193,271,189,108,382,379
"Morganza_all/017871@29.7236062673535,-90.6119792119618.jpg",6,262,216,145,175,407,391
"Morganza_all/017872@29.7363630292609,-90.6591079001068.jpg",6,278,217,156,143,434,360
"Morganza_all/017876@29.7335261324647,-90.6272425311057.jpg",1,12,183,584,218,596,401
"Morganza_all/017877@29.7334346865566,-90.6267448023449.jpg",1,292,240,264,140,556,380
"Morganza_all/017880@29.7281499617315,-90.6100717015816.jpg",1,144,293,199,122,343,415
"Morganza_all/017881@29.7280507265174,-90.6101285018913.jpg",1,100,292,226,138,326,430
"Morganza_all/017882@29.7261356693787,-90.611693919373.jpg",1,150,264,333,199,483,463
"Morganza_all/017883@29.7271124346435,-90.6106960766626.jpg",1,120,271,307,157,427,428
"Morganza_all/017885@29.7301904744282,-90.607564520935.jpg",1,37,258,446,153,483,411
"Morganza_all/017886@29.7323416164023,-90.6122299967481.jpg",1,25,303,614,133,639,436
"Morganza_all/017887@29.7325167307556,-90.6127104048004.jpg",2,0,288,641,132,641,420
"Morganza_all/017888@29.7332056319096,-90.6141670363676.jpg",2,155,291,486,135,641,426
"Morganza_all/017889@29.7327440884394,-90.6132151725647.jpg",1,144,233,367,182,511,415
"Morganza_all/017890@29.7329111647439,-90.6135392331999.jpg",2,147,204,491,257,638,461
"Morganza_all/017891@29.7329805214167,-90.6137404524639.jpg",3,277,234,308,205,585,439
"Morganza_all/017892@29.7333415013055,-90.6143719061302.jpg",1,113,249,259,187,372,436
"Morganza_all/017893@29.7330802933035,-90.6139167819086.jpg",1,228,275,336,143,564,418
"Morganza_all/017894@29.7334797487439,-90.6146796986632.jpg",1,221,275,264,148,485,423
"Morganza_all/017895@29.7335053102889,-90.614757719881.jpg",1,390,272,213,177,603,449
"Morganza_all/017896@29.7335924238796,-90.6149176630575.jpg",1,279,264,222,147,501,411
"Morganza_all/017897@29.7336439172271,-90.6151313959071.jpg",2,339,267,300,163,639,430
"Morganza_all/017898@29.733687800377,-90.6152710747208.jpg",1,231,268,344,153,575,421
"Morganza_all/017899@29.73386593848,-90.615652692269.jpg",3,172,268,414,119,586,387
"Morganza_all/017900@29.7342692432727,-90.6171278251362.jpg",1,163,292,421,147,584,439
"Morganza_all/017901@29.7345147573063,-90.6186617907293.jpg",1,290,231,295,229,585,460
"Morganza_all/017902@29.7346312592295,-90.6195996479315.jpg",3,307,254,269,171,576,425
"Morganza_all/017903@29.7346771061184,-90.6201016086568.jpg",2,170,208,471,241,641,449
"Morganza_all/017904@29.7347376903715,-90.6206693505413.jpg",1,362,263,259,188,621,451
"Morganza_all/017905@29.7347648346127,-90.6210397054353.jpg",1,83,323,140,113,223,436
"Morganza_all/017906@29.7347197725515,-90.6213405926236.jpg",2,101,275,538,169,639,444
"Morganza_all/017907@29.7347575380068,-90.6216820411155.jpg",2,245,285,396,154,641,439
"Morganza_all/017908@29.7347857104263,-90.6222376632161.jpg",1,245,265,321,151,566,416
"Morganza_all/017909@29.7345284480975,-90.6244998001589.jpg",2,156,223,484,216,640,439
"Morganza_all/017910@29.7343986917294,-90.6257564515961.jpg",2,329,243,312,200,641,443
"Morganza_all/017911@29.7337318075515,-90.6307140814035.jpg",1,94,256,382,173,476,429
"Morganza_all/017912@29.7323082458871,-90.6611732294058.jpg",2,0,296,431,102,431,398
"Morganza_all/017913@29.7324816812285,-90.6616239260566.jpg",1,71,275,539,127,610,402
"Morganza_all/017915@29.7242097606355,-90.6621313054224.jpg",1,106,298,467,93,573,391
"Morganza_all/017916@29.7242532136401,-90.6619008322032.jpg",4,294,239,151,86,445,325
"Morganza_all/017918@29.7246783090625,-90.6620855334311.jpg",1,116,248,498,143,614,391
"Morganza_all/017919@29.7249834481995,-90.6620920236448.jpg",1,207,250,331,154,538,404
"Morganza_all/017920@29.7249959266293,-90.6616230351146.jpg",5,127,270,237,108,364,378
"Morganza_all/017921@29.72546469296,-90.6616198868253.jpg",1,117,258,392,145,509,403
"Morganza_all/017923@29.7256828280113,-90.6620787915954.jpg",1,157,272,399,122,556,394
"Morganza_all/017925@29.7262184499445,-90.6620496449779.jpg",1,166,296,285,86,451,382
"Morganza_all/017926@29.7261118598767,-90.6615814503838.jpg",1,71,267,517,124,588,391
"Morganza_all/017929@29.7269822867641,-90.6615415138031.jpg",1,15,271,563,133,578,404
"Morganza_all/017933@29.7361615431157,-90.6756333838081.jpg",6,188,230,173,108,361,338
"Morganza_all/017934@29.7363860566874,-90.6758877024334.jpg",1,163,306,172,89,335,395
"Morganza_all/017935@29.7361871588479,-90.6762897487282.jpg",6,189,213,151,87,340,300
"Morganza_all/017936@29.7362186184296,-90.6766306017112.jpg",3,113,288,258,95,371,383
"Morganza_all/017938@29.7361083512924,-90.6768956278587.jpg",6,124,313,158,81,282,394
"Morganza_all/017941@29.7356137233129,-90.6776832693074.jpg",6,211,185,91,97,302,282
"Morganza_all/017942@29.7348324794745,-90.6776969302383.jpg",6,249,243,187,81,436,324
"Morganza_all/017946@29.7361369552739,-90.6781573346021.jpg",1,130,298,194,87,324,385
"Morganza_all/017947@29.736115759928,-90.6783791431003.jpg",3,192,301,138,93,330,394
"Morganza_all/017948@29.7358030271792,-90.6783385589893.jpg",6,186,239,191,101,377,340
"Morganza_all/017949@29.7361393368801,-90.6786347832178.jpg",1,92,302,259,88,351,390
"Morganza_all/017953@29.7358764870642,-90.6796426012844.jpg",6,240,237,261,118,501,355
"Morganza_all/017957@29.7357453423763,-90.68020618533.jpg",6,120,272,123,84,243,356
"Morganza_all/017961@29.7347295494324,-90.6809375287567.jpg",6,224,196,130,127,354,323
"Morganza_all/017962@29.7338071049361,-90.6809861777861.jpg",6,210,244,141,109,351,353
"Morganza_all/017967@29.7358943223281,-90.6817314049963.jpg",6,227,289,85,119,312,408
"Morganza_all/017968@29.7359483923842,-90.6821317588078.jpg",6,190,268,136,119,326,387
"Morganza_all/017969@29.7356284201507,-90.6821338423778.jpg",6,257,239,205,100,462,339
"Morganza_all/017970@29.7354271781091,-90.6820669666339.jpg",6,204,227,216,128,420,355
"Morganza_all/017973@29.7349440845656,-90.6821809304399.jpg",6,177,261,168,95,345,356
"Morganza_all/017975@29.7362798040516,-90.6829396177191.jpg",1,122,255,338,153,460,408
"Morganza_all/017976@29.7358776161218,-90.6828654763654.jpg",6,268,264,122,99,390,363
"Morganza_all/017977@29.7359080453045,-90.6830017144491.jpg",6,259,282,175,86,434,368
"Morganza_all/017978@29.7356850238391,-90.6830457969818.jpg",6,183,278,128,89,311,367
"Morganza_all/017979@29.7363193737029,-90.6834168253353.jpg",1,22,243,385,168,407,411
"Morganza_all/017983@29.7364975789505,-90.6848480645718.jpg",1,207,289,151,101,358,390
"Morganza_all/017985@29.7361425756065,-90.6852851982909.jpg",6,257,264,146,89,403,353
"Morganza_all/017986@29.7364351648361,-90.6857693068151.jpg",6,194,275,188,98,382,373
"Morganza_all/017987@29.7344225256157,-90.6865582167474.jpg",6,197,289,160,91,357,380
"Morganza_all/017988@29.736746576335,-90.6870547778347.jpg",2,301,301,338,117,639,418
"Morganza_all/017989@29.7366182781674,-90.6866889602373.jpg",1,96,273,312,142,408,415
"Morganza_all/017990@29.7365457563575,-90.6870731223731.jpg",1,221,266,285,239,506,505
"Morganza_all/017991@29.7364102435964,-90.6867499846565.jpg",1,105,281,186,149,291,430
"Morganza_all/017992@29.7363062199021,-90.6867847821164.jpg",1,102,294,156,95,258,389
"Morganza_all/017993@29.7362186111677,-90.6871263765179.jpg",2,224,281,416,188,640,469
"Morganza_all/017994@29.7359733709445,-90.6871876401746.jpg",2,215,278,426,242,641,520
"Morganza_all/017995@29.7360014035887,-90.6868378927285.jpg",1,75,297,251,106,326,403
"Morganza_all/017996@29.7356890932733,-90.6868825439221.jpg",1,8,292,267,137,275,429
"Morganza_all/017999@29.7351258530239,-90.6873465974967.jpg",2,306,245,335,259,641,504
"Morganza_all/018000@29.7349474456136,-90.6873818428369.jpg",2,233,192,408,325,641,517
"Morganza_all/018001@29.7347095459836,-90.6874260112624.jpg",1,302,255,339,260,641,515
"Morganza_all/018002@29.7345235607543,-90.6874357514332.jpg",2,161,265,480,255,641,520
"Morganza_all/018003@29.7346264939542,-90.6871792960784.jpg",1,1,288,502,158,503,446
"Morganza_all/018004@29.7343303606381,-90.6874881697965.jpg",2,34,295,607,187,641,482
"Morganza_all/018005@29.7343736758433,-90.687215053804.jpg",2,172,275,469,91,641,366
"Morganza_all/018006@29.7341432847277,-90.6872762201846.jpg",1,1,287,484,153,485,440
"Morganza_all/018009@29.733934494631,-90.6871837671809.jpg",2,339,292,302,123,641,415
"Morganza_all/018010@29.7338235076184,-90.6873123785252.jpg",2,3,294,490,149,493,443
"Morganza_all/018011@29.7338261493321,-90.6878494920991.jpg",2,15,259,626,267,641,526
"Morganza_all/018012@29.7337876024575,-90.68757693775.jpg",2,139,263,502,247,641,510
"Morganza_all/018013@29.7336464004184,-90.6876119419799.jpg",2,179,278,462,268,641,546
"Morganza_all/018014@29.733570773323,-90.6873651813069.jpg",2,2,271,447,157,449,428
"Morganza_all/018015@29.7334308437965,-90.6876644723731.jpg",2,147,240,494,306,641,546
"Morganza_all/018016@29.7332747652048,-90.6876996039044.jpg",2,161,254,480,225,641,479
"Morganza_all/018017@29.7329477874649,-90.6877869769134.jpg",1,228,285,208,84,436,369
"Morganza_all/018018@29.7329018300584,-90.6875229486273.jpg",1,330,292,122,95,452,387
"Morganza_all/018022@29.7360938801063,-90.6874852882265.jpg",1,8,288,522,209,530,497
"Morganza_all/018023@29.7362717003436,-90.6873306881771.jpg",2,222,279,419,188,641,467
"Morganza_all/018035@29.7366154719002,-90.6891445596972.jpg",1,127,284,297,106,424,390
"Morganza_all/018038@29.7360882165491,-90.6893610864546.jpg",3,59,254,375,122,434,376
"Morganza_all/018039@29.7356722428373,-90.6895087082655.jpg",2,1,284,545,119,546,403
"Morganza_all/018044@29.7373841818509,-90.6896085386047.jpg",2,1,237,346,207,347,444
"Morganza_all/018045@29.7370349995874,-90.6897216378369.jpg",1,128,242,237,180,365,422
"Morganza_all/018046@29.7367303075048,-90.6898003249692.jpg",1,199,268,281,160,480,428
"Morganza_all/018047@29.7364554524181,-90.689895897862.jpg",1,50,284,352,124,402,408
"Morganza_all/018048@29.7361807642999,-90.690025562483.jpg",1,57,287,345,107,402,394
"Morganza_all/018049@29.7359132774651,-90.6901040087111.jpg",1,4,282,467,121,471,403
"Morganza_all/018050@29.7356383803155,-90.690191041217.jpg",1,1,273,512,120,513,393
"Morganza_all/018052@29.7349771364196,-90.6903999142576.jpg",1,4,275,426,114,430,389
"Morganza_all/018053@29.734412673638,-90.6906167014693.jpg",1,20,283,511,106,531,389
"Morganza_all/018054@29.733848210476,-90.6908334862337.jpg",1,111,290,303,93,414,383
"Morganza_all/018055@29.7335585611454,-90.6909461632678.jpg",3,142,229,232,164,374,393
"Morganza_all/018056@29.7331872431255,-90.6910934879633.jpg",1,120,264,280,130,400,394
"Morganza_all/018057@29.7327863942939,-90.6912921709268.jpg",1,134,278,377,112,511,390
"Morganza_all/018058@29.7324000883459,-90.6914225433781.jpg",1,142,279,269,111,411,390
"Morganza_all/018059@29.7313150805176,-90.6917108425631.jpg",3,219,269,200,95,419,364
"Morganza_all/018060@29.7309217660655,-90.6919265167698.jpg",1,189,280,248,90,437,370
"Morganza_all/018062@29.7302308075155,-90.6921440975548.jpg",1,241,279,249,86,490,365
"Morganza_all/018063@29.7298892414405,-90.6922912221888.jpg",3,206,281,249,92,455,373
"Morganza_all/018064@29.7297412103378,-90.6924541511552.jpg",3,194,240,340,149,534,389
"Morganza_all/018065@29.7295109275548,-90.692532378956.jpg",1,105,256,342,139,447,395
"Morganza_all/018066@29.7292877362554,-90.6925423160014.jpg",1,166,283,290,90,456,373
"Morganza_all/018067@29.7290802539061,-90.6927227013921.jpg",3,172,250,283,154,455,404
"Morganza_all/018077@29.7381440937065,-90.6920408005063.jpg",1,258,275,208,96,466,371
"Morganza_all/018079@29.7382494598336,-90.6924946908699.jpg",1,266,284,99,88,365,372
"Morganza_all/018096@29.7406325714918,-90.6975954721699.jpg",1,276,285,148,88,424,373
"Morganza_all/018103@29.7411758579396,-90.6992011644235.jpg",1,217,281,247,87,464,368
"Morganza_all/018107@29.7410005576585,-90.6998636614875.jpg",6,290,295,91,83,381,378
"Morganza_all/018108@29.7405462186376,-90.700657463321.jpg",6,296,288,81,83,377,371
"Morganza_all/018109@29.7406658287007,-90.700786248057.jpg",6,291,279,85,81,376,360
"Morganza_all/018114@29.7416121105428,-90.7020553015727.jpg",3,234,246,227,102,461,348
"Morganza_all/018120@29.7418718549216,-90.7028650783173.jpg",1,204,252,154,108,358,360
"Morganza_all/018128@29.7420547967601,-90.7037912416787.jpg",3,172,262,154,104,326,366
"Morganza_all/018131@29.7420155167458,-90.7042824044848.jpg",1,17,251,341,140,358,391
"Morganza_all/018135@29.7271333759924,-90.6619837987567.jpg",1,119,273,396,120,515,393
"Morganza_all/018136@29.7273317503684,-90.6614879993885.jpg",1,88,288,455,104,543,392
"Morganza_all/018137@29.7274087939096,-90.6620075335179.jpg",1,162,263,259,165,421,428
"Morganza_all/018138@29.7278475016933,-90.661944914531.jpg",1,120,277,340,127,460,404
"Morganza_all/018139@29.7278449284718,-90.6614419231264.jpg",3,32,260,400,127,432,387
"Morganza_all/018140@29.7281523791075,-90.6619002388118.jpg",1,91,282,546,131,637,413
"Morganza_all/018141@29.7284052340955,-90.6618729574611.jpg",1,102,284,539,142,641,426
"Morganza_all/018143@29.7286581764115,-90.6618627522991.jpg",1,54,298,380,125,434,423
"Morganza_all/018144@29.7288494036353,-90.6614266679395.jpg",3,7,265,568,127,575,392
"Morganza_all/018145@29.7290524881345,-90.6618515664149.jpg",1,65,284,572,127,637,411
"Morganza_all/018146@29.7291248054237,-90.6614418631859.jpg",1,75,284,399,111,474,395
"Morganza_all/018148@29.7294914575014,-90.6618401121088.jpg",2,81,236,560,221,641,457
"Morganza_all/018149@29.7294742253976,-90.6613798405503.jpg",1,51,286,439,102,490,388
"Morganza_all/018150@29.7301090888465,-90.6618444722442.jpg",1,95,287,516,100,611,387
"Morganza_all/018151@29.7299651456813,-90.6613424193634.jpg",3,61,244,360,164,421,408
"Morganza_all/018152@29.730203254806,-90.6613408194503.jpg",1,54,290,467,108,521,398
"Morganza_all/018154@29.7307113639101,-90.6617551681272.jpg",1,124,292,476,100,600,392
"Morganza_all/018155@29.730842865892,-90.6612768457306.jpg",1,5,291,505,103,510,394
"Morganza_all/018156@29.7311503332182,-90.661743713208.jpg",1,123,277,492,116,615,393
"Morganza_all/018157@29.7313857809113,-90.6612220282312.jpg",1,13,286,569,105,582,391
"Morganza_all/018158@29.7318127528466,-90.6617733567229.jpg",1,179,278,389,103,568,381
"Morganza_all/018159@29.7319067440122,-90.6612356045348.jpg",2,2,284,528,128,530,412
"Morganza_all/018162@29.7328388586059,-90.6616215270368.jpg",1,139,276,415,114,554,390
"Morganza_all/018163@29.7330767495806,-90.6615772980548.jpg",3,124,283,449,126,573,409
"Morganza_all/018164@29.7333447428766,-90.661601082977.jpg",1,155,290,264,111,419,401
"Morganza_all/018165@29.7335754433928,-90.661608040756.jpg",1,213,281,261,100,474,381
"Morganza_all/018166@29.7339992741376,-90.6615455160889.jpg",3,220,263,400,121,620,384
"Morganza_all/018167@29.734482829616,-90.6615252214052.jpg",1,53,285,416,101,469,386
"Morganza_all/018173@29.7355540287005,-90.6614583465385.jpg",1,149,272,350,124,499,396
"Morganza_all/018175@29.7361563032713,-90.6613690352337.jpg",1,182,289,361,90,543,379
"Morganza_all/018177@29.7366248510443,-90.661323254203.jpg",1,172,287,469,111,641,398
"Morganza_all/018179@29.7373347357253,-90.6619068061856.jpg",1,332,287,178,95,510,382
"Morganza_all/018185@29.737300119043,-90.6638680912873.jpg",1,54,227,299,105,353,332
"Morganza_all/018186@29.7370248481474,-90.663878473244.jpg",1,223,253,190,90,413,343
"Morganza_all/018198@29.7373127353658,-90.6678156981687.jpg",1,314,304,147,92,461,396
"Morganza_all/018202@29.7373362307445,-90.6680457534595.jpg",1,272,306,238,114,510,420
"Morganza_all/018205@29.7372601517905,-90.6691887777469.jpg",1,381,296,173,107,554,403
"Morganza_all/018209@29.737138442633,-90.6701360167771.jpg",1,327,284,108,96,435,380
"Morganza_all/018210@29.7370805721459,-90.6704604164501.jpg",1,309,289,115,92,424,381
"Morganza_all/018213@29.7370389263366,-90.6710575204939.jpg",1,283,306,123,83,406,389
"Morganza_all/018219@29.7366858727149,-90.6733534205203.jpg",1,374,295,151,82,525,377
"Morganza_all/018220@29.73667910635,-90.6734899022995.jpg",1,233,294,114,84,347,378
"Morganza_all/018224@29.7374253088122,-90.6892528102514.jpg",3,0,268,615,276,615,544
"Morganza_all/018225@29.737317071255,-90.6894265912742.jpg",1,291,240,256,153,547,393
"Morganza_all/018227@29.7373592848386,-90.6606481019628.jpg",1,289,280,312,107,601,387
"Morganza_all/018228@29.7369675244351,-90.6607976045579.jpg",1,150,300,418,97,568,397
"Morganza_all/018229@29.7365194360215,-90.6608970061724.jpg",1,65,307,398,109,463,416
"Morganza_all/018230@29.7362551170532,-90.6609033838851.jpg",1,100,306,379,103,479,409
"Morganza_all/018231@29.7360027872396,-90.6609096494399.jpg",1,48,295,406,111,454,406
"Morganza_all/018232@29.7357906208295,-90.660929446056.jpg",1,86,254,491,139,577,393
"Morganza_all/018233@29.7355222869117,-90.6609358191222.jpg",3,28,293,460,100,488,393
"Morganza_all/018234@29.7352217294732,-90.660905731999.jpg",1,64,301,494,87,558,388
"Morganza_all/018235@29.7344649638087,-90.6609521287799.jpg",3,86,279,473,124,559,403
"Morganza_all/018236@29.7348017087893,-90.6610141118602.jpg",1,30,268,541,157,571,425
"Morganza_all/018237@29.7340290994144,-90.6610973220161.jpg",1,66,306,461,120,527,426
"Morganza_all/018238@29.7336967176239,-90.6611087253266.jpg",3,59,296,471,111,530,407
"Morganza_all/018239@29.7331801668727,-90.6611351672705.jpg",1,117,254,385,150,502,404
"Morganza_all/018240@29.7327998118112,-90.6611652622752.jpg",1,51,311,397,107,448,418
"Morganza_all/018241@29.7326075426483,-90.6611665545503.jpg",1,119,312,420,97,539,409
"Morganza_all/018242@29.6852170806238,-90.7853407774735.jpg",1,183,294,219,112,402,406
"Morganza_all/018243@29.6853807292937,-90.784741884285.jpg",3,27,282,381,94,408,376
"Morganza_all/018244@29.6851194294914,-90.7846889594684.jpg",3,115,292,163,82,278,374
"Morganza_all/018246@29.6847261703471,-90.7852438216161.jpg",1,164,306,333,98,497,404
"Morganza_all/018247@29.6844252518491,-90.7851729728488.jpg",1,202,303,120,117,322,420
"Morganza_all/018248@29.6841876835781,-90.7851199173869.jpg",1,300,310,303,93,603,403
"Morganza_all/018250@29.6832769807362,-90.7849074496761.jpg",2,75,273,566,146,641,419
"Morganza_all/018251@29.6820349987523,-90.7830478623056.jpg",1,164,275,361,81,525,356
"Morganza_all/018252@29.681234905126,-90.7827985620482.jpg",1,305,284,153,88,458,372
"Morganza_all/018255@29.7227922019287,-90.8010160371748.jpg",3,221,252,197,82,418,334
"Morganza_all/018256@29.7229767480381,-90.8004802222014.jpg",1,219,259,203,91,422,350
"Morganza_all/018260@29.6887652319428,-90.7857682820902.jpg",3,152,295,232,90,384,385
"Morganza_all/018261@29.6882203230777,-90.7856999926423.jpg",1,241,273,315,103,556,376
"Morganza_all/018262@29.6876367637481,-90.7856942738744.jpg",1,117,273,423,122,540,395
"Morganza_all/018263@29.6873179649252,-90.7857405828478.jpg",1,102,277,324,132,426,409
"Morganza_all/018264@29.6866402293318,-90.7855393303722.jpg",2,4,286,637,95,641,381
"Morganza_all/018266@29.6844501092219,-90.7847842115797.jpg",1,52,274,295,95,347,369
"Morganza_all/018267@29.6823747712319,-90.7847664901431.jpg",2,2,286,487,129,489,415
"Morganza_all/018274@29.6930694838971,-90.7850580841193.jpg",1,90,273,258,150,348,423
"Morganza_all/018275@29.6893488177212,-90.7857408058377.jpg",1,258,298,152,81,410,379
"Morganza_all/018276@29.6872870528545,-90.7858124009042.jpg",1,84,285,305,124,389,409
"Morganza_all/018277@29.6866410147832,-90.785549624547.jpg",2,1,287,640,96,641,383
"Morganza_all/018280@29.6842662466345,-90.7838700312074.jpg",1,302,257,339,100,641,357
"Morganza_all/018285@29.6934554653298,-90.7848740797464.jpg",4,278,274,180,130,458,404
"Morganza_all/018286@29.6935069176611,-90.784716443818.jpg",1,341,276,186,139,527,415
"Morganza_all/018288@29.7422088220538,-90.7048880354487.jpg",1,204,281,143,100,347,381
"Morganza_all/018289@29.7423536443475,-90.7053098831481.jpg",1,220,286,144,98,364,384
"Morganza_all/018293@29.7431713693848,-90.7070843720762.jpg",1,297,282,255,97,552,379
"Morganza_all/018299@29.7435370199016,-90.7076480347093.jpg",3,209,293,277,91,486,384
"Morganza_all/018300@29.7437406905654,-90.7079331404787.jpg",3,269,273,232,114,501,387
"Morganza_all/018304@29.7443855752504,-90.708406421026.jpg",1,294,303,212,87,506,390
"Morganza_all/018309@29.744708257724,-90.7086907873178.jpg",1,308,299,170,94,478,393
"Morganza_all/018310@29.7448931392405,-90.7087782764085.jpg",1,205,294,348,125,553,419
"Morganza_all/018316@29.7471006894673,-90.710025951754.jpg",3,287,271,248,118,535,389
"Morganza_all/018317@29.747327591151,-90.7101950228361.jpg",3,230,292,194,87,424,379
"Morganza_all/018323@29.7485320452187,-90.7107193685541.jpg",1,247,270,298,98,545,368
"Morganza_all/018327@29.7494196270941,-90.7121799214755.jpg",6,282,282,101,97,383,379
"Morganza_all/018336@29.7512256278412,-90.715353217211.jpg",3,269,281,209,92,478,373
"Morganza_all/018371@29.7519393798648,-90.7254888687932.jpg",6,281,282,83,83,364,365
"Morganza_all/018387@29.7342622538139,-90.7340539887823.jpg",3,164,285,371,90,535,375
"Morganza_all/018391@29.7354812808915,-90.7336227266687.jpg",3,241,270,167,123,408,393
"Morganza_all/018392@29.7362499253159,-90.733414597338.jpg",1,222,294,318,88,540,382
"Morganza_all/018393@29.736493686166,-90.7333198666718.jpg",3,170,268,313,109,483,377
"Morganza_all/018398@29.7385481106093,-90.7327140134244.jpg",1,299,287,134,106,433,393
"Morganza_all/018399@29.7390653634172,-90.7325497941141.jpg",1,233,284,165,109,398,393
"Morganza_all/018400@29.7393388558785,-90.7324803089748.jpg",1,240,294,123,98,363,392
"Morganza_all/018402@29.7396267932127,-90.7323344180574.jpg",3,204,279,220,92,424,371
"Morganza_all/018404@29.7400923936448,-90.7322044425638.jpg",3,239,279,160,92,399,371
"Morganza_all/018419@29.7436616691832,-90.7311314987943.jpg",3,245,290,267,83,512,373
"Morganza_all/018423@29.7447477554566,-90.7307603305895.jpg",1,175,286,218,90,393,376
"Morganza_all/018434@29.7466539748659,-90.7301128209433.jpg",1,280,273,136,103,416,376
"Morganza_all/018435@29.7469055977125,-90.7301197799619.jpg",1,175,304,445,83,620,387
"Morganza_all/018436@29.7472303894612,-90.7299397408574.jpg",1,142,289,345,87,487,376
"Morganza_all/018438@29.7480728701635,-90.7296972362835.jpg",3,148,278,285,95,433,373
"Morganza_all/018439@29.7483757153466,-90.7295766658277.jpg",3,105,280,351,90,456,370
"Morganza_all/018440@29.7489152722532,-90.7294377423188.jpg",1,153,268,351,130,504,398
"Morganza_all/018441@29.7491295585809,-90.729368599428.jpg",3,233,273,237,99,470,372
"Morganza_all/018442@29.7493586780585,-90.7293078438041.jpg",3,262,279,231,92,493,371
"Morganza_all/018443@29.7495285542211,-90.7292389686323.jpg",1,153,265,269,119,422,384
"Morganza_all/018444@29.7497352873266,-90.729135961725.jpg",1,291,292,121,96,412,388
"Morganza_all/018445@29.749942188038,-90.7290753709849.jpg",3,267,279,203,100,470,379
"Morganza_all/018446@29.7504152598726,-90.7289622447279.jpg",1,172,277,358,99,530,376
"Morganza_all/018449@29.7509178305585,-90.7288235386749.jpg",3,174,280,237,92,411,372
"Morganza_all/018450@29.751087745475,-90.7287631386861.jpg",1,223,289,190,87,413,376
"Morganza_all/018451@29.7513462853625,-90.7286598158897.jpg",1,301,290,220,94,521,384
"Morganza_all/018453@29.7518043283364,-90.7284959127191.jpg",3,207,279,284,98,491,377
"Morganza_all/018456@29.7522625274518,-90.7283659482773.jpg",5,275,312,81,82,356,394
"Morganza_all/018459@29.735967188958,-90.733573588444.jpg",3,291,279,262,100,553,379
"Morganza_all/018463@29.749389900716,-90.7112040961096.jpg",1,339,270,302,103,641,373
"Morganza_all/018465@29.759839229631,-90.7563535872163.jpg",1,156,270,324,112,480,382
"Morganza_all/018466@29.7603140773395,-90.7560825106901.jpg",4,261,304,90,87,351,391
"Morganza_all/018467@29.7602421158823,-90.7556894045097.jpg",1,298,289,126,93,424,382
"Morganza_all/018474@29.7599144877388,-90.7539471504885.jpg",1,250,237,169,134,419,371
"Morganza_all/018480@29.7340288285998,-90.7347930401094.jpg",1,155,283,245,93,400,376
"Morganza_all/018483@29.7348119599436,-90.7345170286017.jpg",3,117,263,247,117,364,380
"Morganza_all/018490@29.736740495608,-90.7338865049469.jpg",1,288,304,103,89,391,393
"Morganza_all/018491@29.7370066416183,-90.7338340213651.jpg",1,302,288,161,94,463,382
"Morganza_all/018492@29.7373319145462,-90.7337642307224.jpg",1,250,290,81,83,331,373
"Morganza_all/018499@29.7404058980831,-90.7327961271865.jpg",1,267,284,98,98,365,382
"Morganza_all/018513@29.7429035728626,-90.732026424492.jpg",1,250,296,105,83,355,379
"Morganza_all/018519@29.7442554569405,-90.7315264554695.jpg",1,167,298,238,82,405,380
"Morganza_all/018520@29.7445215906526,-90.7314655164836.jpg",1,132,308,142,82,274,390
"Morganza_all/018521@29.7447875801148,-90.7313791161874.jpg",1,226,275,264,111,490,386
"Morganza_all/018525@29.7455928056992,-90.7310774530747.jpg",1,77,308,445,82,522,390
"Morganza_all/018530@29.747011626206,-90.7306449015312.jpg",1,131,271,241,102,372,373
"Morganza_all/018535@29.7474329313551,-90.7305406066151.jpg",1,171,283,242,90,413,373
"Morganza_all/018536@29.7477282636078,-90.7303946852119.jpg",1,173,257,326,122,499,379
"Morganza_all/018539@29.7490435841045,-90.7299881706982.jpg",3,48,290,398,100,446,390
"Morganza_all/018540@29.7493317133911,-90.7298846746145.jpg",3,114,293,295,98,409,391
"Morganza_all/018541@29.7495756273014,-90.7298238307575.jpg",1,173,302,274,86,447,388
"Morganza_all/018548@29.75010755336,-90.7296340580768.jpg",1,153,304,333,85,486,389
"Morganza_all/018551@29.7511052597768,-90.7293481882703.jpg",1,231,303,287,81,518,384
"Morganza_all/018558@29.7525094473896,-90.7289580639399.jpg",1,189,292,194,92,383,384
"Morganza_all/018559@29.753004320071,-90.7287600276392.jpg",2,0,281,552,128,552,409
"Morganza_all/018560@29.7537646762974,-90.7299681598908.jpg",1,252,262,214,111,466,373
"Morganza_all/018561@29.7536743246389,-90.7296294776682.jpg",1,256,289,253,120,509,409
"Morganza_all/018573@29.7541336930901,-90.7313652368939.jpg",1,300,298,150,103,450,401
"Morganza_all/018578@29.7541656015996,-90.7318654108401.jpg",3,263,281,156,101,419,382
"Morganza_all/018601@29.7562051895879,-90.7377472873452.jpg",3,232,279,253,82,485,361
"Morganza_all/018602@29.7558818371792,-90.7382411102662.jpg",6,275,276,94,101,369,377
"Morganza_all/018613@29.7574065321497,-90.7415819826235.jpg",1,291,244,271,113,562,357
"Morganza_all/018614@29.7561502006992,-90.7419541185669.jpg",4,289,298,99,95,388,393
"Morganza_all/018615@29.7575375470637,-90.7418280420799.jpg",3,366,261,275,100,641,361
"Morganza_all/018618@29.7538117065487,-90.7291561431407.jpg",3,327,282,255,129,582,411
"Morganza_all/018619@29.7538374293616,-90.7295112883913.jpg",1,337,284,236,126,573,410
"Morganza_all/018620@29.7488058593543,-90.7300913305841.jpg",4,286,309,93,84,379,393
"Morganza_all/018629@29.4119577706809,-90.782169089793.jpg",1,178,282,303,127,481,409
"Morganza_all/018630@29.4120887344037,-90.7823024180976.jpg",1,97,258,300,132,397,390
"Morganza_all/018632@29.4124119299787,-90.7816353958761.jpg",1,189,276,173,81,362,357
"Morganza_all/018634@29.4128706414267,-90.7811513279108.jpg",1,207,264,134,102,341,366
"Morganza_all/018635@29.4134346258389,-90.7801676958612.jpg",3,123,239,175,92,298,331
"Morganza_all/018637@29.4136182370541,-90.7798093848298.jpg",1,170,260,189,94,359,354
"Morganza_all/018638@29.4137126615071,-90.779495347808.jpg",3,164,268,273,83,437,351
"Morganza_all/018643@29.4149728734821,-90.7770821514973.jpg",1,209,247,241,118,450,365
"Morganza_all/018644@29.4151251084435,-90.7768552912486.jpg",1,150,248,269,117,419,365
"Morganza_all/018647@29.4362536213811,-90.7541415463128.jpg",1,199,287,279,91,478,378
"Morganza_all/018651@29.4387424878755,-90.7510542483138.jpg",1,202,257,225,91,427,348
"Morganza_all/018654@29.4395228439717,-90.7504370695904.jpg",1,279,331,103,84,382,415
"Morganza_all/018656@29.440507225489,-90.7497603537245.jpg",6,284,279,83,92,367,371
"Morganza_all/018663@29.4442559393434,-90.7486104563616.jpg",1,262,228,151,120,413,348
"Morganza_all/018671@29.4471010952149,-90.7477991343595.jpg",3,280,307,143,95,423,402
"Morganza_all/018678@29.4494112949468,-90.7479025581503.jpg",1,230,246,222,102,452,348
"Morganza_all/018680@29.4506114224361,-90.7482212496104.jpg",1,228,280,208,86,436,366
"Morganza_all/018681@29.4509186152068,-90.7482695720278.jpg",1,237,268,180,100,417,368
"Morganza_all/018682@29.4514314139418,-90.7485254498439.jpg",3,142,232,304,117,446,349
"Morganza_all/018685@29.4565549063435,-90.7500991108069.jpg",1,194,155,281,199,475,354
"Morganza_all/018692@29.4581625723758,-90.7500229574174.jpg",6,277,280,89,92,366,372
"Morganza_all/018693@29.4584939397075,-90.7505722383092.jpg",1,229,229,283,117,512,346
"Morganza_all/018694@29.4587208271044,-90.7506377550049.jpg",3,95,208,451,175,546,383
"Morganza_all/018697@29.4596204020682,-90.7507577782566.jpg",3,186,244,307,125,493,369
"Morganza_all/018699@29.4608198914081,-90.7509345711804.jpg",1,262,274,148,110,410,384
"Morganza_all/018706@29.4240940805274,-90.7648195125381.jpg",1,199,265,244,90,443,355
"Morganza_all/018708@29.4245434237485,-90.7644086158409.jpg",5,272,266,92,110,364,376
"Morganza_all/018716@29.4284546633444,-90.7614596731215.jpg",3,68,286,340,92,408,378
"Morganza_all/018717@29.4288103627237,-90.7610492776936.jpg",1,103,224,299,142,402,366
"Morganza_all/018720@29.4292937224011,-90.7606283810602.jpg",1,231,272,127,95,358,367
"Morganza_all/018725@29.4328092409408,-90.7586927375066.jpg",1,183,232,239,124,422,356
"Morganza_all/018740@29.6151953117961,-90.6585437642758.jpg",6,289,275,90,85,379,360
"Morganza_all/018741@29.6148515621278,-90.6586710539289.jpg",6,289,277,84,86,373,363
"Morganza_all/018742@29.6145594434472,-90.6623067006735.jpg",6,282,264,88,98,370,362
"Morganza_all/018743@29.6145572293396,-90.6618741422868.jpg",6,277,267,96,97,373,364
"Morganza_all/018744@29.6144373528698,-90.6614327432651.jpg",6,277,259,87,90,364,349
"Morganza_all/018753@29.6124673056016,-90.6605519760334.jpg",4,297,286,107,94,404,380
"Morganza_all/018757@29.6107412902018,-90.6588433535951.jpg",1,176,246,415,185,591,431
"Morganza_all/018758@29.6109969816439,-90.6584318891911.jpg",3,67,252,485,151,552,403
"Morganza_all/018759@29.6112245096823,-90.6581107120167.jpg",1,164,285,408,138,572,423
"Morganza_all/018760@29.6117718585884,-90.657320259786.jpg",5,262,284,101,81,363,365
"Morganza_all/018761@29.6118130366723,-90.6569757893486.jpg",3,153,292,316,94,469,386
"Morganza_all/018762@29.611775457655,-90.6566318194158.jpg",3,151,287,416,118,567,405
"Morganza_all/018763@29.611773723338,-90.65629582115.jpg",1,126,251,231,136,357,387
"Morganza_all/018764@29.6115712143434,-90.6559120243869.jpg",1,193,282,262,91,455,373
"Morganza_all/018767@29.610402752727,-90.6556822679073.jpg",1,266,274,149,82,415,356
"Morganza_all/018775@29.6091274914409,-90.6583543293807.jpg",1,233,284,196,109,429,393
"Morganza_all/018776@29.6086033651265,-90.6580956275285.jpg",3,101,272,401,102,502,374
"Morganza_all/018778@29.6078276447229,-90.6576501250846.jpg",1,263,254,294,101,557,355
"Morganza_all/018780@29.6081476623278,-90.657213626252.jpg",6,262,280,101,81,363,361
"Morganza_all/018789@29.6102538810409,-90.6587565068498.jpg",3,229,306,179,99,408,405
"Morganza_all/018791@29.6106654661436,-90.6580243515408.jpg",1,90,292,269,87,359,379
"Morganza_all/018793@29.6109567469166,-90.6575716395085.jpg",3,90,284,366,96,456,380
"Morganza_all/018794@29.6111273038355,-90.6573164291578.jpg",3,132,284,270,102,402,386
"Morganza_all/018797@29.6113807491367,-90.6564705895087.jpg",1,131,295,287,133,418,428
"Morganza_all/018798@29.6108776574817,-90.6561215873931.jpg",3,136,302,285,97,421,399
"Morganza_all/018800@29.6104937641665,-90.6566650909524.jpg",1,82,253,336,126,418,379
"Morganza_all/018801@29.610338606562,-90.6571332486607.jpg",1,75,284,424,92,499,376
"Morganza_all/018802@29.6101332604781,-90.6575853792396.jpg",1,146,256,241,110,387,366
"Morganza_all/018803@29.6100561510001,-90.6579055080047.jpg",1,212,281,206,82,418,363
"Morganza_all/018804@29.6098712661483,-90.6581608112259.jpg",1,137,292,346,86,483,378
"Morganza_all/018814@29.6046779820704,-90.6528273172755.jpg",1,269,237,270,142,539,379
"Morganza_all/018825@29.6024730183374,-90.6461062659341.jpg",1,119,276,330,86,449,362
"Morganza_all/018852@29.6022874684458,-90.6448619618217.jpg",1,233,294,299,88,532,382
"Morganza_all/018853@29.6021729247083,-90.6448709308689.jpg",1,217,289,298,94,515,383
"Morganza_all/018854@29.6020440387382,-90.6448718169718.jpg",1,192,299,310,82,502,381
"Morganza_all/018855@29.6020749014609,-90.6452977365879.jpg",1,209,310,356,102,565,412
"Morganza_all/018856@29.6021966652945,-90.6452968999681.jpg",1,217,314,362,98,579,412
"Morganza_all/018894@29.602341339673,-90.6455745192028.jpg",5,250,287,85,95,335,382
"Morganza_all/018895@29.6022482293874,-90.6455751586916.jpg",2,136,287,505,150,641,437
"Morganza_all/018896@29.6021337130996,-90.6455841267307.jpg",2,140,290,501,149,641,439
"Morganza_all/018898@29.6029594018449,-90.644627879659.jpg",6,280,291,84,82,364,373
"Morganza_all/018902@29.6018817976814,-90.6426194287708.jpg",3,201,306,165,101,366,407
"Morganza_all/018914@29.6018278641696,-90.6405383615765.jpg",3,73,262,291,87,364,349
"Morganza_all/018918@29.6020579196971,-90.6393567416055.jpg",1,4,255,291,160,295,415
"Morganza_all/018928@29.6022959984927,-90.6365852907588.jpg",1,217,292,236,84,453,376
"Morganza_all/018932@29.6024122441922,-90.6355519375194.jpg",6,267,274,88,99,355,373
"Morganza_all/018934@29.6019987312951,-90.6345550992415.jpg",1,239,288,260,82,499,370
"Morganza_all/018954@29.6025346897171,-90.6289871661921.jpg",6,296,288,85,82,381,370
"Morganza_all/018964@29.6132515883891,-90.661511163639.jpg",1,291,286,144,98,435,384
"Morganza_all/018990@29.6009607268207,-90.623958560401.jpg",6,272,272,95,86,367,358
"Morganza_all/018992@29.6003675327714,-90.6228565114477.jpg",6,280,279,93,84,373,363
"Morganza_all/018997@29.6002192507177,-90.6149170849074.jpg",2,0,263,459,147,459,410
"Morganza_all/018998@29.5998112864918,-90.614960981389.jpg",1,162,267,243,137,405,404
"Morganza_all/018999@29.6001455338256,-90.6145324908006.jpg",3,165,286,365,104,530,390
"Morganza_all/019000@29.5998018466261,-90.6145431391106.jpg",1,180,297,296,118,476,415
"Morganza_all/019001@29.6000631549926,-90.6138775019689.jpg",2,1,274,437,142,438,416
"Morganza_all/019002@29.5997275617659,-90.6140602174078.jpg",1,46,297,539,112,585,409
"Morganza_all/019004@29.5962206833032,-90.6018451125147.jpg",3,155,294,266,109,421,403
"Morganza_all/019005@29.5948414152334,-90.5997984627575.jpg",1,142,273,301,104,443,377
"Morganza_all/019017@29.6007478287076,-90.6203544805416.jpg",6,265,276,100,99,365,375
"Morganza_all/019024@29.5981588612459,-90.6183571232817.jpg",1,280,268,154,106,434,374
"Morganza_all/019026@29.598676019616,-90.6173291053191.jpg",1,147,312,322,100,469,412
"Morganza_all/019027@29.5999326950103,-90.6153370826792.jpg",1,23,228,517,152,540,380
"Morganza_all/019028@29.5989639041621,-90.6067398919319.jpg",1,234,309,154,84,388,393
"Morganza_all/019029@29.5990516984327,-90.6070752231162.jpg",1,126,257,228,135,354,392
"Morganza_all/019033@29.5992479545922,-90.6088929780246.jpg",2,3,287,525,106,528,393
"Morganza_all/019034@29.599343282426,-90.6092938025077.jpg",1,99,277,438,88,537,365
"Morganza_all/019038@29.5995423678037,-90.6116359701363.jpg",1,317,311,233,90,550,401
"Morganza_all/019040@29.5996166165928,-90.612110708129.jpg",1,261,306,109,85,370,391
"Morganza_all/019043@29.5996627682787,-90.6126921953403.jpg",1,304,307,98,81,402,388
"Morganza_all/019045@29.5996596699246,-90.6134297345029.jpg",3,122,296,385,88,507,384
"Morganza_all/019046@29.600010911428,-90.6134927548482.jpg",3,0,279,617,144,617,423
"Morganza_all/019047@29.6007627870187,-90.613479137197.jpg",3,129,258,375,143,504,401
"Morganza_all/019051@29.600471838283,-90.6139647186527.jpg",1,217,299,335,102,552,401
"Morganza_all/019052@29.6005529312812,-90.6143902621402.jpg",1,78,227,511,191,589,418
"Morganza_all/019053@29.6008037154289,-90.6144130374452.jpg",1,21,274,453,147,474,421
"Morganza_all/019055@29.6008487793391,-90.6147978710561.jpg",1,223,306,298,102,521,408
"Morganza_all/019056@29.6005768605506,-90.6148325793043.jpg",1,26,284,615,131,641,415
"Morganza_all/019059@29.7009820902142,-90.9297517605615.jpg",1,214,262,187,116,401,378
"Morganza_all/019060@29.7010047373142,-90.929417032691.jpg",2,2,270,519,159,521,429
"Morganza_all/019062@29.7014752250134,-90.9283387726776.jpg",3,94,262,445,139,539,401
"Morganza_all/019063@29.7017270739757,-90.9280663944394.jpg",1,202,302,321,83,523,385
"Morganza_all/019066@29.7049889214606,-90.9937293472858.jpg",3,181,298,186,81,367,379
"Morganza_all/019067@29.6968283713261,-90.9995177801011.jpg",6,277,285,82,81,359,366
"Morganza_all/019069@29.6947272938345,-90.9992335143827.jpg",3,188,255,143,116,331,371
"Morganza_all/019071@29.6882647557373,-90.9987049554637.jpg",3,123,265,321,119,444,384
"Morganza_all/019104@29.7670356509644,-90.9010285747589.jpg",6,283,284,85,88,368,372
"Morganza_all/019126@29.7756625448829,-90.896136733085.jpg",6,278,269,81,82,359,351
"Morganza_all/019130@29.7658555499279,-90.8518507435205.jpg",6,277,287,96,82,373,369
"Morganza_all/019140@29.7720195655483,-90.8975715006722.jpg",6,272,292,83,86,355,378
"Morganza_all/019158@29.610969552749,-90.8061753315314.jpg",1,164,280,270,102,434,382
"Morganza_all/019163@29.5946514977633,-90.7551347524308.jpg",1,137,226,341,167,478,393
"Morganza_all/019164@29.5942495911357,-90.7553213936054.jpg",1,128,240,413,156,541,396
"Morganza_all/019165@29.5943211873935,-90.7555743980062.jpg",1,170,223,353,170,523,393
"Morganza_all/019166@29.5947431727091,-90.75537612567.jpg",1,187,215,300,169,487,384
"Morganza_all/019167@29.5948244909487,-90.755551356788.jpg",1,70,246,393,138,463,384
"Morganza_all/019168@29.5949008780056,-90.755749617544.jpg",1,125,222,390,168,515,390
"Morganza_all/019169@29.5944789429783,-90.7559594359309.jpg",1,163,244,344,155,507,399
"Morganza_all/019170@29.594646508296,-90.7562867748156.jpg",1,178,247,369,139,547,386
"Morganza_all/019171@29.5950236859795,-90.7561981985106.jpg",1,136,209,446,207,582,416
"Morganza_all/019173@29.5954005318876,-90.7560405259714.jpg",1,324,240,317,162,641,402
"Morganza_all/019174@29.5955659670031,-90.7558840397981.jpg",5,258,289,100,84,358,373
"Morganza_all/019175@29.5957995311953,-90.7557617405031.jpg",2,7,207,306,177,313,384
"Morganza_all/019176@29.5959831446299,-90.7563050004141.jpg",1,102,220,394,96,496,316
"Morganza_all/019177@29.5958322355438,-90.7563317973381.jpg",1,275,219,263,156,538,375
"Morganza_all/019180@29.5952296527084,-90.756672228944.jpg",2,341,190,300,186,641,376
"Morganza_all/019181@29.5949893507868,-90.7569760229977.jpg",1,57,234,458,147,515,381
"Morganza_all/019182@29.5949677929646,-90.7572267029971.jpg",3,118,226,375,153,493,379
"Morganza_all/019183@29.5949385586293,-90.7574514998609.jpg",1,42,218,344,161,386,379
"Morganza_all/019184@29.5948717095753,-90.7577024714202.jpg",1,178,232,349,169,527,401
"Morganza_all/019185@29.594737110369,-90.7580056231897.jpg",1,100,254,350,135,450,389
"Morganza_all/019186@29.5946399149381,-90.7582221881893.jpg",1,15,255,362,135,377,390
"Morganza_all/019187@29.5943764958794,-90.758422432786.jpg",1,102,230,394,163,496,393
"Morganza_all/019188@29.5944257469198,-90.7576013580923.jpg",1,73,211,465,160,538,371
"Morganza_all/019189@29.5939256030821,-90.7571981500707.jpg",1,217,270,303,128,520,398
"Morganza_all/019190@29.5938341971851,-90.7570172192188.jpg",1,148,240,348,158,496,398
"Morganza_all/019191@29.5937426012179,-90.7567931203141.jpg",1,269,237,372,164,641,401
"Morganza_all/019192@29.5940889120771,-90.75655784703.jpg",2,1,237,351,150,352,387
"Morganza_all/019193@29.5942865935949,-90.7568677381056.jpg",1,208,240,321,133,529,373
"Morganza_all/019194@29.5946481808563,-90.756666924311.jpg",1,211,250,430,144,641,394
"Morganza_all/019223@29.5988863060866,-90.7588199205514.jpg",2,0,271,336,111,336,382
"Morganza_all/019226@29.5978948530846,-90.7600352533191.jpg",2,377,226,264,176,641,402
"Morganza_all/019231@29.5999713190313,-90.7600060905983.jpg",1,166,295,255,83,421,378
"Morganza_all/019232@29.6003600737793,-90.7608420120937.jpg",2,139,243,502,177,641,420
"Morganza_all/019241@29.5986961730895,-90.7619661193559.jpg",1,148,262,262,87,410,349
"Morganza_all/019260@29.5920613212409,-90.7660560757042.jpg",1,241,255,211,94,452,349
"Morganza_all/019261@29.5917305759003,-90.7664035495868.jpg",1,182,270,342,81,524,351
"Morganza_all/019266@29.5899961508917,-90.7669490328208.jpg",2,3,284,477,106,480,390
"Morganza_all/019268@29.590499534843,-90.7681038891442.jpg",1,16,267,498,130,514,397
"Morganza_all/019269@29.5907924916906,-90.7677480175244.jpg",1,274,276,176,87,450,363
"Morganza_all/019275@29.5927215543377,-90.7668126392108.jpg",3,220,275,170,84,390,359
"Morganza_all/019285@29.5955611414067,-90.7651463208546.jpg",2,1,263,351,108,352,371
"Morganza_all/019286@29.5957514925312,-90.765508129625.jpg",1,26,253,329,127,355,380
"Morganza_all/019289@29.5960439928328,-90.7650485245245.jpg",5,292,255,123,110,415,365
"Morganza_all/019293@29.5968871046777,-90.7644475612429.jpg",1,137,290,325,83,462,373
"Morganza_all/019294@29.5971803791542,-90.764160784515.jpg",1,125,269,274,107,399,376
"Morganza_all/019295@29.5974888347932,-90.7638998161305.jpg",1,114,267,361,111,475,378
"Morganza_all/019302@29.5993719606107,-90.7645630553192.jpg",1,202,273,174,88,376,361
"Morganza_all/019312@29.602071588474,-90.7637095920303.jpg",1,189,254,252,115,441,369
"Morganza_all/019324@29.5974677426223,-90.7659995224833.jpg",1,226,292,216,90,442,382
"Morganza_all/019327@29.5970199759735,-90.767228999203.jpg",6,287,279,85,86,372,365
"Morganza_all/019329@29.5962016355014,-90.7665769424451.jpg",1,253,276,188,95,441,371
"Morganza_all/019331@29.5961834542231,-90.7676138927157.jpg",1,214,210,299,123,513,333
"Morganza_all/019335@29.5944999767891,-90.7677184263966.jpg",1,197,251,247,130,444,381
"Morganza_all/019338@29.5980193063139,-90.7678281572802.jpg",1,137,263,318,111,455,374
"Morganza_all/019339@29.5982829634285,-90.7676797849182.jpg",1,144,278,232,85,376,363
"Morganza_all/019341@29.5987651828543,-90.7674351175239.jpg",1,94,257,374,108,468,365
"Morganza_all/019344@29.600263942925,-90.7682734474545.jpg",1,148,265,259,83,407,348
"Morganza_all/019357@29.6043307033318,-90.7692968083132.jpg",1,41,212,535,174,576,386
"Morganza_all/019358@29.6040720058028,-90.7688917951004.jpg",2,9,223,493,170,502,393
"Morganza_all/019359@29.6039427497251,-90.7687109228805.jpg",3,124,203,270,192,394,395
"Morganza_all/019360@29.6038964359306,-90.7684863465406.jpg",1,249,224,264,154,513,378
"Morganza_all/019361@29.6037822290364,-90.7682880829683.jpg",1,179,213,381,185,560,398
"Morganza_all/019362@29.6037054695339,-90.7680117572606.jpg",3,167,223,344,162,511,385
"Morganza_all/019363@29.6034703969851,-90.7678314844043.jpg",1,200,262,309,112,509,374
"Morganza_all/019364@29.6032062965561,-90.7679281023681.jpg",1,185,232,319,137,504,369
"Morganza_all/019365@29.6030329616034,-90.7680415145691.jpg",2,291,228,350,184,641,412
"Morganza_all/019366@29.6028748626319,-90.7681807695942.jpg",1,208,229,433,161,641,390
"Morganza_all/019367@29.602716698725,-90.7683113710001.jpg",1,245,250,393,151,638,401
"Morganza_all/019368@29.6025515961561,-90.7685804046906.jpg",1,289,254,262,117,551,371
"Morganza_all/019369@29.6026964235342,-90.7688649660229.jpg",1,186,244,327,132,513,376
"Morganza_all/019370@29.6027805944637,-90.7691066336322.jpg",1,140,223,387,173,527,396
"Morganza_all/019371@29.6028719179262,-90.7692531351577.jpg",1,151,206,351,181,502,387
"Morganza_all/019372@29.6029863092875,-90.7694946333534.jpg",1,91,217,430,181,521,398
"Morganza_all/019373@29.6030931655407,-90.7697361745073.jpg",1,50,252,402,141,452,393
"Morganza_all/019374@29.6034016832538,-90.7694231286393.jpg",1,126,234,297,147,423,381
"Morganza_all/019375@29.6032263381903,-90.769069539202.jpg",3,94,255,433,146,527,401
"Morganza_all/019376@29.603134791161,-90.7688711485662.jpg",1,153,232,419,169,572,401
"Morganza_all/019377@29.6030356071397,-90.7686554942101.jpg",1,34,260,466,137,500,397
"Morganza_all/019378@29.6033746414202,-90.768411438879.jpg",1,111,195,358,206,469,401
"Morganza_all/019379@29.6034584780396,-90.7685752900878.jpg",1,49,244,352,146,401,390
"Morganza_all/019380@29.6035425749899,-90.7687996524803.jpg",1,87,274,348,131,435,405
"Morganza_all/019381@29.6037026751552,-90.7691187454045.jpg",3,7,228,440,176,447,404
"Morganza_all/019382@29.6034990533019,-90.7692236731027.jpg",1,100,268,283,103,383,371
"Morganza_all/019383@29.6040819120951,-90.769436573865.jpg",3,145,213,423,165,568,378
"Morganza_all/019384@29.6039161007968,-90.7695412884321.jpg",1,101,254,450,130,551,384
"Morganza_all/019385@29.6037432477299,-90.7697671302207.jpg",1,149,223,486,164,635,387
"Morganza_all/019386@29.6035777705407,-90.769949661639.jpg",1,126,210,376,163,502,373
"Morganza_all/019387@29.6034194934931,-90.7700543324465.jpg",1,49,241,380,140,429,381
"Morganza_all/019388@29.6032238319151,-90.7702456861193.jpg",1,159,227,318,170,477,397
"Morganza_all/019389@29.6030655449742,-90.7703417025688.jpg",3,101,238,353,152,454,390
"Morganza_all/019390@29.6028393002983,-90.770455407827.jpg",1,124,220,451,175,575,395
"Morganza_all/019391@29.6027615423712,-90.7699456002347.jpg",1,121,244,426,148,547,392
"Morganza_all/019392@29.6027002178143,-90.769747039632.jpg",2,0,225,347,165,347,390
"Morganza_all/019393@29.6026009609508,-90.7695141101607.jpg",1,68,234,310,147,378,381
"Morganza_all/019394@29.6024794166312,-90.7693677789946.jpg",1,0,232,403,161,403,393
"Morganza_all/019395@29.6024329550213,-90.7691085923908.jpg",1,170,259,213,109,383,368
"Morganza_all/019396@29.6023336225194,-90.7688583575705.jpg",3,140,264,242,115,382,379
"Morganza_all/019397@29.6019330285722,-90.7688433401937.jpg",1,113,230,297,121,410,351
"Morganza_all/019398@29.601851435341,-90.7692069941416.jpg",1,24,217,484,145,508,362
"Morganza_all/019399@29.6019503580751,-90.7693621050783.jpg",1,228,234,296,146,524,380
"Morganza_all/019400@29.6020872498372,-90.7695602385259.jpg",3,179,227,438,177,617,404
"Morganza_all/019401@29.6022089797825,-90.7697498043425.jpg",1,247,229,307,159,554,388
"Morganza_all/019402@29.6022630022872,-90.7700089481236.jpg",3,208,240,317,169,525,409
"Morganza_all/019403@29.6023997817135,-90.7701811546167.jpg",1,205,225,415,179,620,404
"Morganza_all/019404@29.6020379833439,-90.7704080225535.jpg",3,70,244,422,154,492,398
"Morganza_all/019405@29.6019917094827,-90.7701920715066.jpg",1,65,234,406,160,471,394
"Morganza_all/019406@29.601869942999,-90.7699938523015.jpg",1,65,215,452,175,517,390
"Morganza_all/019407@29.6017858852796,-90.7697781459084.jpg",1,97,244,298,140,395,384
"Morganza_all/019408@29.6016867771565,-90.7695798000512.jpg",1,36,242,396,144,432,386
"Morganza_all/019409@29.6015952308948,-90.7693814119989.jpg",3,67,245,350,143,417,388
"Morganza_all/019410@29.6015412718821,-90.7691309233628.jpg",1,107,273,251,106,358,379
"Morganza_all/019411@29.601321399536,-90.7689678414978.jpg",1,127,243,339,125,466,368
"Morganza_all/019412@29.6010663113404,-90.769401666017.jpg",1,231,215,410,156,641,371
"Morganza_all/019413@29.6012107749128,-90.7696084085584.jpg",1,197,204,444,194,641,398
"Morganza_all/019414@29.6012946844247,-90.7697895636534.jpg",1,240,221,401,175,641,396
"Morganza_all/019415@29.6014014286129,-90.7700051413769.jpg",3,161,237,363,147,524,384
"Morganza_all/019416@29.6015006847429,-90.7702381000111.jpg",1,231,226,317,173,548,399
"Morganza_all/019417@29.6015618324627,-90.7704020457481.jpg",1,286,243,281,150,567,393
"Morganza_all/019418@29.6016762120765,-90.7706348886965.jpg",3,200,266,441,137,641,403
"Morganza_all/019419@29.6013595730523,-90.7708182954963.jpg",1,153,234,386,161,539,395
"Morganza_all/019420@29.6012452954022,-90.7706027278704.jpg",3,133,220,315,169,448,389
"Morganza_all/019421@29.6011765582717,-90.7704388251912.jpg",1,54,239,445,153,499,392
"Morganza_all/019422@29.6010773396604,-90.7702145203059.jpg",1,73,251,442,148,515,399
"Morganza_all/019423@29.6009707347074,-90.7700248709892.jpg",1,140,229,325,174,465,403
"Morganza_all/019424@29.6008791147393,-90.7698091775958.jpg",1,90,233,387,154,477,387
"Morganza_all/019425@29.6007799694575,-90.769602180336.jpg",3,84,234,401,170,485,404
"Morganza_all/019426@29.6006959853894,-90.7694037514743.jpg",1,151,214,298,184,449,398
"Morganza_all/019427@29.6005206031549,-90.7690415499453.jpg",1,156,228,313,145,469,373
"Morganza_all/019428@29.5999230561877,-90.768923833786.jpg",1,157,241,303,143,460,384
"Morganza_all/019429@29.5997118253206,-90.7690114942282.jpg",1,120,234,329,147,449,381
"Morganza_all/019430@29.5993726783407,-90.7692296109287.jpg",1,182,242,295,141,477,383
"Morganza_all/019431@29.5991917428594,-90.7693344060944.jpg",1,134,243,354,144,488,387
"Morganza_all/019432@29.5989957944724,-90.7694652136207.jpg",1,127,242,330,147,457,389
"Morganza_all/019433@29.5988148215952,-90.7695613549684.jpg",1,91,257,339,135,430,392
"Morganza_all/019434@29.5986339133446,-90.7696661487961.jpg",1,99,217,347,173,446,390
"Morganza_all/019435@29.5984605396733,-90.7697708998432.jpg",1,98,235,396,160,494,395
"Morganza_all/019436@29.5982795665692,-90.7698670401246.jpg",1,160,226,382,167,542,393
"Morganza_all/019437@29.5980532479152,-90.7699634351564.jpg",1,14,226,468,181,482,407
"Morganza_all/019438@29.597676241688,-90.7701644516938.jpg",1,154,229,364,174,518,403
"Morganza_all/019439@29.5974802554416,-90.7702866341986.jpg",1,142,181,344,225,486,406
"Morganza_all/019440@29.597291821592,-90.7704001206957.jpg",1,85,221,417,184,502,405
"Morganza_all/019441@29.5971108851643,-90.7705049115691.jpg",1,70,190,393,211,463,401
"Morganza_all/019442@29.5969300599243,-90.7706356291054.jpg",1,1,211,442,195,443,406
"Morganza_all/019443@29.5967339893502,-90.7707318511674.jpg",1,1,204,433,189,434,393
"Morganza_all/019444@29.5965454162465,-90.7708193777286.jpg",1,0,200,433,197,433,397
"Morganza_all/019445@29.5961759433556,-90.77102034571.jpg",1,37,211,428,177,465,388
"Morganza_all/019446@29.5959875088639,-90.7711338293486.jpg",1,70,210,354,180,424,390
"Morganza_all/019447@29.595806608938,-90.7712472702702.jpg",2,0,203,480,191,480,394
"Morganza_all/019448@29.595633345115,-90.7713779423294.jpg",1,178,157,454,237,632,394
"Morganza_all/019449@29.5956883273366,-90.7718618835939.jpg",2,1,185,640,233,641,418
"Morganza_all/019450@29.5960048663755,-90.771661216587.jpg",2,3,265,550,147,553,412
"Morganza_all/019451@29.5963743402504,-90.7714602513133.jpg",1,143,228,487,184,630,412
"Morganza_all/019452@29.5965630250393,-90.7713986845206.jpg",1,133,193,417,211,550,404
"Morganza_all/019453@29.5967513484783,-90.7712592422673.jpg",1,201,204,321,198,522,402
"Morganza_all/019454@29.5969248346468,-90.7711804540904.jpg",1,217,229,348,162,565,391
"Morganza_all/019455@29.5971359185573,-90.7710581892489.jpg",1,87,201,460,194,547,395
"Morganza_all/019456@29.597316929654,-90.770970705087.jpg",1,189,232,434,157,623,389
"Morganza_all/019457@29.5974600460151,-90.7708574741722.jpg",1,164,223,449,162,613,385
"Morganza_all/019458@29.5976786176614,-90.7707178911775.jpg",1,204,202,330,192,534,394
"Morganza_all/019459@29.5978900352164,-90.7706734692413.jpg",1,84,201,398,194,482,395
"Morganza_all/019460@29.5980785710769,-90.7705772882955.jpg",1,151,203,320,198,471,401
"Morganza_all/019461@29.5982066370606,-90.7704814468575.jpg",1,73,250,522,154,595,404
"Morganza_all/019462@29.5985609201207,-90.7702719050277.jpg",2,4,181,583,209,587,390
"Morganza_all/019463@29.5987418935202,-90.7701757652078.jpg",1,161,215,344,172,505,387
"Morganza_all/019464@29.5989304290109,-90.7700795825068.jpg",1,211,221,282,168,493,389
"Morganza_all/019465@29.5990886414223,-90.7699662635642.jpg",1,208,229,321,161,529,390
"Morganza_all/019466@29.5992469556059,-90.7698702501796.jpg",1,244,208,310,185,554,393
"Morganza_all/019467@29.5994581126664,-90.7697652858485.jpg",1,151,237,411,164,562,401
"Morganza_all/019468@29.5996389839276,-90.7696518697339.jpg",1,150,214,475,184,625,398
"Morganza_all/019469@29.5998653022067,-90.7695554410057.jpg",1,59,212,408,194,467,406
"Morganza_all/019470@29.6000238020064,-90.769502660273.jpg",1,148,227,342,175,490,402
"Morganza_all/019471@29.6002502788831,-90.7694495280674.jpg",1,137,251,434,157,571,408
"Morganza_all/019472@29.6004331479098,-90.7697944119688.jpg",1,61,182,484,221,545,403
"Morganza_all/019473@29.6002142427448,-90.7698561542134.jpg",1,196,221,201,155,397,376
"Morganza_all/019474@29.6000411290369,-90.7700214468472.jpg",1,225,207,380,176,605,383
"Morganza_all/019475@29.5998676807506,-90.7701088925729.jpg",1,183,230,447,150,630,380
"Morganza_all/019476@29.599633790237,-90.7701967093535.jpg",1,123,212,384,192,507,404
"Morganza_all/019477@29.5994680153311,-90.7703100395998.jpg",1,230,223,321,177,551,400
"Morganza_all/019478@29.5993098122743,-90.7704320116241.jpg",1,213,189,402,203,615,392
"Morganza_all/019479@29.5991289499785,-90.7705540791369.jpg",1,145,228,496,162,641,390
"Morganza_all/019480@29.5989329166103,-90.7706589564799.jpg",1,172,223,401,164,573,387
"Morganza_all/019481@29.5987670671835,-90.7707550106447.jpg",1,175,215,367,166,542,381
"Morganza_all/019482@29.5984427915699,-90.7709211482727.jpg",2,1,230,525,175,526,405
"Morganza_all/019483@29.5982238117712,-90.7709656123977.jpg",1,187,189,277,198,464,387
"Morganza_all/019484@29.5980125054476,-90.7710359926526.jpg",1,198,221,335,158,533,379
"Morganza_all/019485@29.5978769510978,-90.7711491814844.jpg",1,46,245,503,149,549,394
"Morganza_all/019486@29.5976432450734,-90.7712801956463.jpg",1,222,236,339,162,561,398
"Morganza_all/019487@29.5973114435666,-90.7714549935428.jpg",1,227,223,319,173,546,396
"Morganza_all/019488@29.5970777002951,-90.7715773848675.jpg",1,223,216,306,168,529,384
"Morganza_all/019489@29.5969042138888,-90.771656172477.jpg",1,205,240,398,140,603,380
"Morganza_all/019490@29.5967384007827,-90.7717608758638.jpg",1,178,221,427,175,605,396
"Morganza_all/019491@29.5965423759905,-90.7718744012977.jpg",1,185,221,426,165,611,386
"Morganza_all/019492@29.5963842729183,-90.7720136412463.jpg",1,201,195,435,205,636,400
"Morganza_all/019493@29.5962106382213,-90.7720578479238.jpg",1,277,159,364,234,641,393
"Morganza_all/019494@29.5958338138954,-90.7723021165849.jpg",1,93,238,318,152,411,390
"Morganza_all/019495@29.59618290556,-90.772646059805.jpg",1,200,232,407,155,607,387
"Morganza_all/019496@29.5963639545943,-90.7725672006683.jpg",1,120,247,324,143,444,390
"Morganza_all/019497@29.5965222336808,-90.7724625412067.jpg",1,169,244,383,150,552,394
"Morganza_all/019498@29.5967635769684,-90.7723487630866.jpg",1,123,265,324,118,447,383
"Morganza_all/019499@29.5969369897362,-90.7722526711141.jpg",1,24,253,390,131,414,384
"Morganza_all/019500@29.5971028033687,-90.7721479997988.jpg",1,42,237,354,150,396,387
"Morganza_all/019501@29.5972760678171,-90.7720172956895.jpg",1,68,248,349,150,417,398
"Morganza_all/019502@29.5974796548925,-90.7719037273083.jpg",1,42,164,358,235,400,399
"Morganza_all/019503@29.5976909247638,-90.7718247278223.jpg",1,30,207,450,186,480,393
"Morganza_all/019504@29.5978491386891,-90.7717114130393.jpg",1,39,185,354,197,393,382
"Morganza_all/019505@29.5980376382406,-90.7716065811553.jpg",1,37,204,379,175,416,379
"Morganza_all/019506@29.5982111616873,-90.7715364455146.jpg",1,122,212,300,183,422,395
"Morganza_all/019507@29.5984526523522,-90.7714572436478.jpg",1,59,248,319,131,378,379
"Morganza_all/019508@29.5986260644582,-90.7713611485108.jpg",3,112,240,321,147,433,387
"Morganza_all/019509@29.5988973960214,-90.7711866874551.jpg",1,46,233,470,151,516,384
"Morganza_all/019510@29.5991085541378,-90.7710817262661.jpg",1,134,255,299,142,433,397
"Morganza_all/019511@29.5993045136171,-90.7709595434852.jpg",1,75,248,342,139,417,387
"Morganza_all/019512@29.5997266713855,-90.7707063847788.jpg",2,1,220,464,178,465,398
"Morganza_all/019513@29.5999605623749,-90.7706186005729.jpg",1,68,215,260,176,328,391
"Morganza_all/019514@29.6001336768359,-90.7704533091044.jpg",1,0,235,428,149,428,384
"Morganza_all/019515@29.6003224352972,-90.7704090128943.jpg",1,33,227,358,158,391,385
"Morganza_all/019516@29.6006013002436,-90.7702345039354.jpg",1,184,142,403,247,587,389
"Morganza_all/019517@29.6007537974932,-90.7705449476481.jpg",1,139,223,502,185,641,408
"Morganza_all/019518@29.6008986207507,-90.770829538179.jpg",1,153,207,433,198,586,405
"Morganza_all/019519@29.6009902485141,-90.7710538544227.jpg",1,114,175,382,214,496,389
"Morganza_all/019520@29.6007263956506,-90.7712023488571.jpg",1,147,251,369,141,516,392
"Morganza_all/019521@29.6005234392462,-90.7714629314343.jpg",1,236,242,270,148,506,390
"Morganza_all/019522@29.6003578856774,-90.7716281793834.jpg",1,126,257,380,134,506,391
"Morganza_all/019523@29.6001772074387,-90.7717934801299.jpg",1,221,225,294,161,515,386
"Morganza_all/019524@29.6000037210529,-90.7718723012695.jpg",1,194,257,291,128,485,385
"Morganza_all/019525@29.5998304566281,-90.772002977724.jpg",1,197,226,354,169,551,395
"Morganza_all/019526@29.5995892616716,-90.7721513409594.jpg",1,209,245,318,155,527,400
"Morganza_all/019527@29.5989785175254,-90.7724833970636.jpg",1,52,235,430,151,482,386
"Morganza_all/019528@29.5980661066948,-90.7729641151344.jpg",1,179,239,366,158,545,397
"Morganza_all/019529@29.5978850572962,-90.7730429434287.jpg",1,219,231,268,162,487,393
"Morganza_all/019530@29.5976966949992,-90.7731737310035.jpg",1,142,241,351,154,493,395
"Morganza_all/019531@29.5975005211446,-90.7732526432151.jpg",1,147,262,277,120,424,382
"Morganza_all/019532@29.5967769409094,-90.77370636437.jpg",1,121,246,421,144,542,390
"Morganza_all/019533@29.5969224211364,-90.7741465733612.jpg",1,178,215,414,158,592,373
"Morganza_all/019534@29.5973071433024,-90.7739801425643.jpg",1,161,210,354,170,515,380
"Morganza_all/019535@29.5975031054928,-90.7738579676528.jpg",1,126,222,409,165,535,387
"Morganza_all/019536@29.5976918281932,-90.7738050261211.jpg",1,208,204,291,198,499,402
"Morganza_all/019537@29.5978727303224,-90.7736915876843.jpg",1,269,240,372,141,641,381
"Morganza_all/019538@29.5980914526143,-90.7735865905825.jpg",1,166,179,428,199,594,378
"Morganza_all/019539@29.5991919693395,-90.7729145803604.jpg",1,49,210,511,180,560,390
"Morganza_all/019540@29.5995915922596,-90.7726961379963.jpg",2,0,223,483,182,483,405
"Morganza_all/019541@29.5998179499175,-90.7726084007453.jpg",1,71,216,408,168,479,384
"Morganza_all/019542@29.6000064226766,-90.7725035686427.jpg",1,74,223,376,156,450,379
"Morganza_all/019543@29.6001343790044,-90.7723817684839.jpg",1,114,214,346,176,460,390
"Morganza_all/019544@29.6003608475223,-90.7723199894444.jpg",1,96,207,370,180,466,387
"Morganza_all/019545@29.6006019960945,-90.7721543190112.jpg",1,37,206,381,181,418,387
"Morganza_all/019546@29.6006994073528,-90.7719635248682.jpg",3,276,197,335,193,611,390
"Morganza_all/019547@29.6008499756878,-90.771824321089.jpg",1,178,214,408,169,586,383
"Morganza_all/019548@29.6010305056875,-90.7716244065269.jpg",1,140,232,394,147,534,379
"Morganza_all/019549@29.6012489668881,-90.7714588606024.jpg",1,137,248,313,125,450,373
"Morganza_all/019550@29.6014223789809,-90.7713627627849.jpg",1,29,246,426,148,455,394
"Morganza_all/019551@29.6016183387086,-90.7712405777307.jpg",1,59,243,382,150,441,393
"Morganza_all/019552@29.6017842997787,-90.7711704814005.jpg",3,137,237,380,156,517,393
"Morganza_all/019553@29.6019801385233,-90.7710137137526.jpg",3,12,213,412,169,424,382
"Morganza_all/019554@29.6021687212085,-90.7709348047834.jpg",3,81,218,235,178,316,396
"Morganza_all/019555@29.6023041641203,-90.7707956823771.jpg",1,99,215,330,172,429,387
"Morganza_all/019556@29.6024927000458,-90.7706994974217.jpg",3,87,215,362,173,449,388
"Morganza_all/019557@29.6026583267158,-90.7705515510752.jpg",1,56,236,511,146,567,382
"Morganza_all/019558@29.5998654763432,-90.7731183644843.jpg",1,159,252,354,133,513,385
"Morganza_all/019560@29.6003403704623,-90.7728303049768.jpg",1,176,240,225,114,401,354
"Morganza_all/019561@29.6006119353309,-90.7727163856838.jpg",1,227,246,237,110,464,356
"Morganza_all/019562@29.6008302870191,-90.77252491478.jpg",1,236,238,282,115,518,353
"Morganza_all/019563@29.6011093300895,-90.7723849605309.jpg",1,216,233,319,122,535,355
"Morganza_all/019564@29.6012592051661,-90.7720900935855.jpg",1,206,237,363,125,569,362
"Morganza_all/019565@29.6014851180983,-90.771898577681.jpg",3,183,248,264,103,447,351
"Morganza_all/019566@29.6017112159287,-90.7717502956911.jpg",3,209,250,228,104,437,354
"Morganza_all/019567@29.6022012685559,-90.7714708242829.jpg",1,237,233,292,119,529,352
"Morganza_all/019568@29.602412241573,-90.7713226251494.jpg",1,267,251,256,100,523,351
"Morganza_all/019569@29.602638311112,-90.771174309174.jpg",1,258,241,239,111,497,352
"Morganza_all/019570@29.6028493855071,-90.7710434153088.jpg",1,214,237,230,127,444,364
"Morganza_all/019571@29.6031885725911,-90.7708339505548.jpg",1,288,252,222,108,510,360
"Morganza_all/019572@29.6034071441753,-90.7706943595238.jpg",1,230,254,245,104,475,358
"Morganza_all/019573@29.6036633874962,-90.770528595287.jpg",1,244,250,208,109,452,359
"Morganza_all/019574@29.6038439898142,-90.7703459796379.jpg",1,256,231,252,112,508,343
"Morganza_all/019575@29.6044407556407,-90.7702820801215.jpg",1,214,254,241,85,455,339
"Morganza_all/019576@29.6046686339521,-90.7705489065586.jpg",1,195,246,254,103,449,349
"Morganza_all/019577@29.6047986666644,-90.7709114118845.jpg",1,117,261,440,115,557,376
"Morganza_all/019578@29.6048545864325,-90.7716202315383.jpg",1,83,185,441,160,524,345
"Morganza_all/019579@29.604757323911,-90.7718456479814.jpg",1,229,259,295,87,524,346
"Morganza_all/019580@29.6046456493305,-90.7722440930976.jpg",1,221,233,271,119,492,352
"Morganza_all/019581@29.604435082192,-90.7724874189917.jpg",1,158,244,253,112,411,356
"Morganza_all/019582@29.6042240708683,-90.7726269651984.jpg",1,176,267,256,89,432,356
"Morganza_all/019583@29.6039905577373,-90.7728098735805.jpg",1,222,208,208,149,430,357
"Morganza_all/019584@29.6037342007254,-90.7729497037154.jpg",3,217,236,231,123,448,359
"Morganza_all/019585@29.6035158854053,-90.773149832651.jpg",1,208,257,222,97,430,354
"Morganza_all/019586@29.6032518453849,-90.7732550583944.jpg",1,146,240,292,121,438,361
"Morganza_all/019587@29.6028072822197,-90.7735688838877.jpg",1,101,242,301,115,402,357
"Morganza_all/019588@29.6025208602561,-90.7737521146039.jpg",1,195,246,243,108,438,354
"Morganza_all/019589@29.6018704468473,-90.7736433169601.jpg",3,170,252,214,102,384,354
"Morganza_all/019590@29.6017180212597,-90.7733414866976.jpg",1,165,255,234,96,399,351
"Morganza_all/019591@29.6022228414431,-90.7729840904142.jpg",1,210,217,431,167,641,384
"Morganza_all/019592@29.602433705333,-90.772809965968.jpg",1,170,268,260,92,430,360
"Morganza_all/019593@29.6027128226944,-90.7726873169441.jpg",1,178,255,260,108,438,363
"Morganza_all/019594@29.6029540552439,-90.7725476037285.jpg",1,177,245,233,117,410,362
"Morganza_all/019595@29.6032025072299,-90.7723213450115.jpg",1,235,263,268,98,503,361
"Morganza_all/019596@29.6034589748068,-90.772207505678.jpg",3,242,248,172,113,414,361
"Morganza_all/019597@29.6036474842626,-90.7721113224257.jpg",1,170,256,279,109,449,365
"Morganza_all/019598@29.6039490748473,-90.7719453072016.jpg",1,241,263,214,102,455,365
"Morganza_all/019599@29.6042023179437,-90.7710790551999.jpg",1,139,259,299,131,438,390
"Morganza_all/019600@29.6039385859576,-90.7712621682507.jpg",3,132,265,254,97,386,362
"Morganza_all/019601@29.6036445211821,-90.771419458198.jpg",1,127,262,241,100,368,362
"Morganza_all/019602@29.6033882396623,-90.7715765667301.jpg",1,170,280,238,88,408,368
"Morganza_all/019603@29.6031619939178,-90.7716902695648.jpg",1,169,273,255,92,424,365
"Morganza_all/019604@29.6029436339095,-90.7718730932371.jpg",1,183,265,199,96,382,361
"Morganza_all/019605@29.6027173879047,-90.771986794897.jpg",1,154,248,217,121,371,369
"Morganza_all/019607@29.6022198460763,-90.772283614177.jpg",1,150,270,252,96,402,366
"Morganza_all/019608@29.6019787988806,-90.7724665933661.jpg",1,206,230,402,160,608,390
"Morganza_all/019609@29.6016024173882,-90.7728146190401.jpg",1,72,230,470,146,542,376
"Morganza_all/019610@29.6014296324884,-90.7730577249447.jpg",1,225,254,194,104,419,358
"Morganza_all/019611@29.6011357596817,-90.7732668935652.jpg",1,176,278,228,83,404,361
"Morganza_all/019612@29.6009323467568,-90.7734150758969.jpg",1,173,273,230,95,403,368
"Morganza_all/019613@29.6006985371036,-90.7735287825973.jpg",1,178,252,194,105,372,357
"Morganza_all/019614@29.6004424375606,-90.773729115344.jpg",1,150,259,262,108,412,367
"Morganza_all/019615@29.6001481854541,-90.7738431899138.jpg",1,157,240,389,157,546,397
"Morganza_all/019616@29.5995967527313,-90.7756796003928.jpg",1,134,232,241,114,375,346
"Morganza_all/019617@29.5991248149737,-90.7748866345496.jpg",1,23,226,401,170,424,396
"Morganza_all/019618@29.5991566241452,-90.773485514114.jpg",1,176,229,294,169,470,398
"Morganza_all/019619@29.5972975372286,-90.7788401400375.jpg",1,120,232,320,133,440,365
"Morganza_all/019620@29.5972787804545,-90.7779754716685.jpg",1,170,248,323,109,493,357
"Morganza_all/019621@29.5975199086951,-90.7778098201052.jpg",1,212,248,255,112,467,360
"Morganza_all/019622@29.5978781861821,-90.7785342544709.jpg",1,222,240,233,125,455,365
"Morganza_all/019623@29.5980513106318,-90.7783689801233.jpg",1,195,239,247,129,442,368
"Morganza_all/019624@29.5983303234615,-90.7782204245483.jpg",1,186,223,244,145,430,368
"Morganza_all/019626@29.5991967941004,-90.7776016192203.jpg",1,172,257,274,108,446,365
"Morganza_all/019627@29.5989296337405,-90.7769718262114.jpg",1,202,258,267,99,469,357
"Morganza_all/019628@29.5991936033289,-90.7768493087428.jpg",1,189,243,267,107,456,350
"Morganza_all/019629@29.5997095824232,-90.7773307105802.jpg",1,40,179,469,188,509,367
"Morganza_all/019630@29.5994043161802,-90.7766319322921.jpg",3,178,268,271,94,449,362
"Morganza_all/019631@29.5996908984453,-90.7764919810489.jpg",1,237,270,187,102,424,372
"Morganza_all/019632@29.6000187143175,-90.777164675757.jpg",1,194,251,221,91,415,342
"Morganza_all/019633@29.6002299414216,-90.7770683789683.jpg",1,197,229,236,113,433,342
"Morganza_all/019634@29.5999471491237,-90.7763262377988.jpg",1,235,283,250,94,485,377
"Morganza_all/019635@29.6005087417863,-90.7768765824212.jpg",1,244,221,238,111,482,332
"Morganza_all/019636@29.6007649562103,-90.7767021856325.jpg",3,186,231,277,122,463,353
"Morganza_all/019637@29.6004221238448,-90.7760554995473.jpg",1,189,272,295,96,484,368
"Morganza_all/019638@29.6006783373111,-90.7758811322747.jpg",1,219,274,215,85,434,359
"Morganza_all/019639@29.6009985482856,-90.7765365985968.jpg",1,203,247,252,94,455,341
"Morganza_all/019640@29.600919637441,-90.7757500511542.jpg",3,206,283,304,96,510,379
"Morganza_all/019642@29.6014735601892,-90.7762745117307.jpg",1,202,204,229,129,431,333
"Morganza_all/019643@29.6017373727432,-90.776108722894.jpg",3,189,236,320,96,509,332
"Morganza_all/019644@29.6013943903241,-90.7754274511351.jpg",3,210,278,210,92,420,370
"Morganza_all/019645@29.6016581743089,-90.7752616603511.jpg",1,237,265,198,108,435,373
"Morganza_all/019646@29.6019710835639,-90.7759777146447.jpg",1,230,224,241,108,471,332
"Morganza_all/019649@29.6025746054232,-90.7757235605031.jpg",3,225,260,235,94,460,354
"Morganza_all/019650@29.6029418034573,-90.7749864350485.jpg",1,235,249,319,149,554,398
"Morganza_all/019651@29.6032692960351,-90.775581329134.jpg",3,119,254,238,89,357,343
"Morganza_all/019654@29.6039722940045,-90.7738391310066.jpg",1,167,234,362,95,529,329
"Morganza_all/019655@29.6042736283524,-90.7736125776167.jpg",1,253,255,224,88,477,343
"Morganza_all/019657@29.6051857457446,-90.7730626387237.jpg",1,252,234,239,98,491,332
"Morganza_all/019659@29.6063096857643,-90.7725633951083.jpg",1,236,182,342,173,578,355
"Morganza_all/019662@29.6057076248893,-90.7713906048693.jpg",3,2,196,466,151,468,347
"Morganza_all/019663@29.6066441233194,-90.7730112408875.jpg",3,36,211,405,150,441,361
"Morganza_all/019665@29.6054380863888,-90.7737530885582.jpg",3,126,279,346,94,472,373
"Morganza_all/019666@29.6051519130481,-90.7739882132233.jpg",1,229,276,174,85,403,361
"Morganza_all/019667@29.6044657450161,-90.7743552494385.jpg",1,41,279,488,94,529,373
"Morganza_all/019673@29.6035616375348,-90.7767904202606.jpg",3,188,273,320,94,508,367
"Morganza_all/019677@29.6028797294614,-90.7763877447377.jpg",1,222,239,262,89,484,328
"Morganza_all/019679@29.6023749734734,-90.7767624328233.jpg",3,237,225,241,110,478,335
"Morganza_all/019680@29.6027253644964,-90.7774090919581.jpg",1,148,290,316,87,464,377
"Morganza_all/019682@29.601869812741,-90.7770419626862.jpg",1,268,244,264,94,532,338
"Morganza_all/019684@29.6018962476627,-90.7779325569136.jpg",1,234,281,189,91,423,372
"Morganza_all/019685@29.6016211967383,-90.7772249717771.jpg",1,239,246,285,97,524,343
"Morganza_all/019686@29.6016624617309,-90.7780462854748.jpg",1,229,284,182,86,411,370
"Morganza_all/019687@29.601334696145,-90.7773908519623.jpg",1,222,234,238,103,460,337
"Morganza_all/019689@29.6010936051387,-90.7775651640427.jpg",1,217,247,263,87,480,334
"Morganza_all/019691@29.6011951273314,-90.7783429040311.jpg",1,178,289,283,84,461,373
"Morganza_all/019692@29.6009010907871,-90.7785088535241.jpg",1,183,284,264,87,447,371
"Morganza_all/019693@29.6005884151769,-90.7778446864319.jpg",1,227,229,255,108,482,337
"Morganza_all/019695@29.6006524359932,-90.7786831725767.jpg",1,222,286,227,91,449,377
"Morganza_all/019696@29.600411197023,-90.7788228992668.jpg",1,137,247,433,143,570,390
"Morganza_all/019697@29.6000984132141,-90.778132806573.jpg",1,219,201,377,193,596,394
"Morganza_all/019698@29.5993265508963,-90.7779035740445.jpg",1,166,246,316,104,482,350
"Morganza_all/019699@29.5996315817164,-90.7785418154767.jpg",3,164,208,477,209,641,417
"Morganza_all/019700@29.599875454264,-90.7790247657588.jpg",3,4,192,395,178,399,370
"Morganza_all/019701@29.6000277205272,-90.7792919866925.jpg",1,137,219,320,139,457,358
"Morganza_all/019702@29.600134960467,-90.7796286525046.jpg",1,151,235,290,115,441,350
"Morganza_all/019703@29.6005470470387,-90.7805689915966.jpg",1,145,233,275,144,420,377
"Morganza_all/019704@29.6008183633385,-90.7803945522953.jpg",1,184,248,238,102,422,350
"Morganza_all/019705@29.6007770034159,-90.7795472850394.jpg",1,188,220,386,158,574,378
"Morganza_all/019706@29.6010823634763,-90.7802720099201.jpg",1,178,237,290,106,468,343
"Morganza_all/019707@29.6013007627056,-90.7800892078085.jpg",1,121,231,321,144,442,375
"Morganza_all/019708@29.601025622799,-90.779364314723.jpg",1,219,243,277,115,496,358
"Morganza_all/019709@29.6012671456706,-90.7792851293553.jpg",1,241,283,248,100,489,383
"Morganza_all/019710@29.6015723247196,-90.7799666222498.jpg",1,155,236,258,104,413,340
"Morganza_all/019711@29.6018661441775,-90.7797488192655.jpg",1,218,234,219,99,437,333
"Morganza_all/019712@29.6015232902728,-90.7790934624036.jpg",1,195,277,268,99,463,376
"Morganza_all/019713@29.6017568852296,-90.7789278482256.jpg",1,217,256,258,106,475,362
"Morganza_all/019714@29.6020924699992,-90.7796524426789.jpg",1,145,215,277,141,422,356
"Morganza_all/019715@29.6020813630389,-90.778813650881.jpg",3,226,261,254,94,480,355
"Morganza_all/019716@29.6023148844248,-90.7786307285198.jpg",1,205,224,305,130,510,354
"Morganza_all/019717@29.6025974900552,-90.7793383120496.jpg",1,128,204,317,142,445,346
"Morganza_all/019718@29.6028386474784,-90.7791726548175.jpg",1,183,218,275,163,458,381
"Morganza_all/019719@29.6025711379197,-90.7784650178663.jpg",1,246,262,228,112,474,374
"Morganza_all/019720@29.6028199752846,-90.7783338987347.jpg",1,218,244,232,114,450,358
"Morganza_all/019721@29.6030874491014,-90.7790329151904.jpg",1,169,229,248,113,417,342
"Morganza_all/019722@29.6033587908357,-90.7788584671496.jpg",1,134,234,239,104,373,338
"Morganza_all/019723@29.6030005884772,-90.7781512987012.jpg",1,202,229,261,125,463,354
"Morganza_all/019724@29.6033023331765,-90.778019884829.jpg",1,222,268,307,102,529,370
"Morganza_all/019725@29.6036299950228,-90.7786580580635.jpg",1,154,227,304,106,458,333
"Morganza_all/019726@29.6038829160791,-90.7777053543444.jpg",1,220,246,278,114,498,360
"Morganza_all/019727@29.6041840371306,-90.7774269234693.jpg",1,273,246,202,96,475,342
"Morganza_all/019728@29.604639983766,-90.7780124667989.jpg",1,126,238,336,101,462,339
"Morganza_all/019730@29.6048554470468,-90.7771378119697.jpg",1,206,262,356,97,562,359
"Morganza_all/019731@29.6048083034941,-90.7767143246283.jpg",3,208,258,230,89,438,347
"Morganza_all/019733@29.6049482649283,-90.7758573618353.jpg",1,151,246,255,86,406,332
"Morganza_all/019734@29.6049993795482,-90.775441949516.jpg",1,163,248,261,82,424,330
"Morganza_all/019735@29.6051180736843,-90.7749137556299.jpg",1,256,258,290,91,546,349
"Morganza_all/019736@29.605396133838,-90.7745489667529.jpg",1,238,243,278,92,516,335
"Morganza_all/019737@29.6057577181086,-90.7742702160392.jpg",1,210,246,264,110,474,356
"Morganza_all/019738@29.6068492981607,-90.7750424690836.jpg",3,194,252,297,88,491,340
"Morganza_all/019739@29.6070169544701,-90.7753701627817.jpg",3,151,236,308,97,459,333
"Morganza_all/019740@29.6071847939568,-90.7757411261946.jpg",3,150,279,255,82,405,361
"Morganza_all/019742@29.6062993570584,-90.7754606683726.jpg",1,215,271,218,90,433,361
"Morganza_all/019743@29.6060482775898,-90.7750642427379.jpg",1,157,243,327,108,484,351
"Morganza_all/019744@29.6056568017435,-90.7754210106505.jpg",1,197,287,278,89,475,376
"Morganza_all/019746@29.6054657257629,-90.7766933626887.jpg",3,236,223,227,140,463,363
"Morganza_all/019747@29.6058124840078,-90.776483869547.jpg",1,194,246,247,92,441,338
"Morganza_all/019748@29.6061817539825,-90.7762396658201.jpg",3,229,281,257,95,486,376
"Morganza_all/019749@29.6052205941257,-90.7776979319172.jpg",1,145,263,263,104,408,367
"Morganza_all/019750@29.6055748519601,-90.7774797473575.jpg",1,163,257,275,103,438,360
"Morganza_all/019751@29.605815970452,-90.7773054585858.jpg",1,137,246,300,99,437,345
"Morganza_all/019752@29.6061778997816,-90.7771131587761.jpg",3,70,243,358,89,428,332
"Morganza_all/019753@29.6064872057073,-90.776981727058.jpg",1,67,255,396,94,463,349
"Morganza_all/019755@29.6070598473909,-90.7765720630616.jpg",1,147,259,253,104,400,363
"Morganza_all/019756@29.6073463927724,-90.7764234472097.jpg",1,186,265,189,92,375,357
"Morganza_all/019757@29.6076327082617,-90.7762142854856.jpg",3,153,213,396,123,549,336
"Morganza_all/019758@29.6081900026964,-90.7757528366989.jpg",2,1,201,564,153,565,354
"Morganza_all/019759@29.6077872112284,-90.775227501471.jpg",1,161,220,371,144,532,364
"Morganza_all/019772@29.6128653185813,-90.7856852351567.jpg",1,242,229,238,106,480,335
"Morganza_all/019773@29.6125631634225,-90.7848581748842.jpg",1,180,263,247,94,427,357
"Morganza_all/019774@29.6125851535085,-90.7857903369696.jpg",3,238,245,261,90,499,335
"Morganza_all/019777@29.6119038953963,-90.7852140017531.jpg",3,175,276,249,92,424,368
"Morganza_all/019778@29.6119259692251,-90.7861668332993.jpg",3,242,242,277,93,519,335
"Morganza_all/019779@29.6116420688479,-90.7853708034896.jpg",1,154,282,251,90,405,372
"Morganza_all/019780@29.6113078968214,-90.7855487075386.jpg",3,217,259,228,101,445,360
"Morganza_all/019782@29.6106755794421,-90.7858525785676.jpg",1,189,243,195,83,384,326
"Morganza_all/019784@29.6099702674694,-90.7860221543582.jpg",1,214,285,260,102,474,387
"Morganza_all/019785@29.6094824117653,-90.7862423383899.jpg",1,74,241,500,109,574,350
"Morganza_all/019786@29.6091757255143,-90.786502976072.jpg",1,187,257,248,83,435,340
"Morganza_all/019787@29.6089054115973,-90.7867944738721.jpg",3,183,246,228,85,411,331
"Morganza_all/019788@29.6088173019568,-90.7873750289242.jpg",1,120,228,198,101,318,329
"Morganza_all/019792@29.6099019362429,-90.7891817993782.jpg",1,148,239,246,99,394,338
"Morganza_all/019793@29.6099759578883,-90.7895646664679.jpg",1,159,235,227,102,386,337
"Morganza_all/019794@29.6100317707786,-90.7899268943953.jpg",1,148,237,252,92,400,329
"Morganza_all/019795@29.6100878554061,-90.7903616274907.jpg",3,179,269,185,89,364,358
"Morganza_all/019796@29.6102252308135,-90.7907441528438.jpg",1,151,257,395,128,546,385
"Morganza_all/019797@29.6094120206019,-90.7910903812538.jpg",1,6,199,442,177,448,376
"Morganza_all/019798@29.6090555895223,-90.7902636592164.jpg",1,231,231,281,128,512,359
"Morganza_all/019800@29.6089089785582,-90.7898294220207.jpg",1,256,257,207,108,463,365
"Morganza_all/019801@29.608744373288,-90.7894263440389.jpg",1,217,265,263,95,480,360
"Morganza_all/019802@29.6085611135686,-90.788888711877.jpg",1,160,251,328,108,488,359
"Morganza_all/019803@29.6084509445584,-90.7885164007364.jpg",1,261,272,232,91,493,363
"Morganza_all/019804@29.6083043278054,-90.7880821687211.jpg",1,159,264,288,102,447,366
"Morganza_all/019806@29.6095592111874,-90.7916592775483.jpg",2,164,216,477,161,641,377
"Morganza_all/019807@29.610201274088,-90.7915211451144.jpg",3,287,235,197,99,484,334
"Morganza_all/019811@29.6118186641708,-90.7908391183312.jpg",1,228,228,306,114,534,342
"Morganza_all/019812@29.612107965946,-90.790754657985.jpg",1,228,206,259,121,487,327
"Morganza_all/019813@29.6123871059231,-90.7904009596167.jpg",1,242,240,252,88,494,328
"Morganza_all/019815@29.6125103868301,-90.7895716103189.jpg",3,250,221,161,95,411,316
"Morganza_all/019816@29.612373336487,-90.7892616154317.jpg",3,260,234,222,93,482,327
"Morganza_all/019817@29.6121275361367,-90.7889211199194.jpg",1,227,241,225,88,452,329
"Morganza_all/019819@29.611934295656,-90.7881660020656.jpg",3,211,252,211,84,422,336
"Morganza_all/019820@29.6117968540867,-90.7877627666064.jpg",3,231,225,191,102,422,327
"Morganza_all/019823@29.6113123492809,-90.7866156144591.jpg",1,219,227,273,119,492,346
"Morganza_all/019824@29.6105888989848,-90.7867749313611.jpg",3,126,240,307,124,433,364
"Morganza_all/019825@29.6101730147988,-90.7868911534216.jpg",3,146,274,223,87,369,361
"Morganza_all/019826@29.6098657938347,-90.7870171351564.jpg",3,237,276,211,98,448,374
"Morganza_all/019827@29.6095321371925,-90.7873193324666.jpg",1,282,273,272,112,554,385
"Morganza_all/019829@29.6103506395995,-90.7882471308061.jpg",1,219,276,200,88,419,364
"Morganza_all/019830@29.6104611103968,-90.7886919221252.jpg",3,263,287,250,83,513,370
"Morganza_all/019831@29.6105620322774,-90.7890228453694.jpg",1,170,283,210,90,380,373
"Morganza_all/019832@29.6107084586886,-90.7894053215515.jpg",1,208,260,236,105,444,365
"Morganza_all/019833@29.610809550437,-90.7897776598562.jpg",3,266,274,181,88,447,362
"Morganza_all/019834@29.6108573880771,-90.7903989005266.jpg",3,180,282,245,84,425,366
"Morganza_all/019837@29.611842058783,-90.7899274235956.jpg",1,128,267,271,106,399,373
"Morganza_all/019840@29.6112034747336,-90.7887293302383.jpg",1,210,276,234,95,444,371
"Morganza_all/019841@29.6111474862923,-90.7883256536091.jpg",3,209,269,236,99,445,368
"Morganza_all/019843@29.6108009901206,-90.7877163931364.jpg",3,200,269,175,94,375,363
"Morganza_all/019846@29.611859938163,-90.7818199828261.jpg",1,158,241,191,107,349,348
"Morganza_all/019847@29.6118224271783,-90.7828798252128.jpg",1,174,265,296,91,470,356
"Morganza_all/019848@29.6115552316978,-90.7829623298479.jpg",1,166,238,264,146,430,384
"Morganza_all/019849@29.6113118569797,-90.783098768792.jpg",1,171,246,288,129,459,375
"Morganza_all/019850@29.6110605418224,-90.7832172183633.jpg",1,153,239,259,137,412,376
"Morganza_all/019851@29.6108328102582,-90.7833265373885.jpg",1,187,242,342,140,529,382
"Morganza_all/019852@29.610597224193,-90.7834448994406.jpg",3,223,250,285,125,508,375
"Morganza_all/019853@29.610322400462,-90.7835904774642.jpg",3,189,227,334,152,523,379
"Morganza_all/019854@29.6100948573238,-90.7837448269886.jpg",1,211,234,296,141,507,375
"Morganza_all/019855@29.6098043795049,-90.7839085214598.jpg",1,29,239,580,180,609,419
"Morganza_all/019856@29.6115889467285,-90.783493487468.jpg",1,224,218,417,141,641,359
"Morganza_all/019857@29.6113377444035,-90.7836389371226.jpg",1,190,234,284,119,474,353
"Morganza_all/019858@29.6109056205168,-90.78380341131.jpg",3,146,270,281,96,427,366
"Morganza_all/019859@29.6107096865553,-90.7839935894184.jpg",1,117,234,338,136,455,370
"Morganza_all/019860@29.6103798474835,-90.7841484996821.jpg",1,178,243,246,134,424,377
"Morganza_all/019861@29.6100501314504,-90.7843394096089.jpg",3,239,267,402,117,641,384
"Morganza_all/019862@29.6114889209168,-90.7821612434034.jpg",1,185,262,263,95,448,357
"Morganza_all/019863@29.611190845149,-90.7823879896713.jpg",1,92,255,276,111,368,366
"Morganza_all/019864@29.6109398333223,-90.7825785055221.jpg",1,154,227,224,150,378,377
"Morganza_all/019865@29.6106963454897,-90.7826879125193.jpg",1,160,264,258,113,418,377
"Morganza_all/019866@29.6104608733522,-90.7828332764214.jpg",1,139,251,272,127,411,378
"Morganza_all/019867@29.610186153475,-90.7829968875332.jpg",1,101,253,319,119,420,372
"Morganza_all/019868@29.6098956765906,-90.7831605843233.jpg",1,93,251,264,122,357,373
"Morganza_all/019869@29.6095895079461,-90.783333366654.jpg",1,237,245,404,151,641,396
"Morganza_all/019870@29.6109194198521,-90.7814709683562.jpg",1,246,175,395,169,641,344
"Morganza_all/019871@29.611078678994,-90.7819113321276.jpg",2,4,287,357,103,361,390
"Morganza_all/019872@29.6104819606201,-90.7822298203735.jpg",1,81,246,354,144,435,390
"Morganza_all/019873@29.6103171470791,-90.7823387947954.jpg",1,162,258,287,133,449,391
"Morganza_all/019874@29.6100344874217,-90.7824844185619.jpg",1,189,247,302,146,491,393
"Morganza_all/019875@29.6098381394633,-90.7825755648785.jpg",1,222,223,343,157,565,380
"Morganza_all/019876@29.6096105698852,-90.7827298846452.jpg",1,185,228,402,165,587,393
"Morganza_all/019877@29.6093829899746,-90.7828752349554.jpg",2,168,240,473,152,641,392
"Morganza_all/019878@29.6103381183609,-90.781708307566.jpg",1,304,201,337,175,641,376
"Morganza_all/019879@29.6100948963369,-90.781880748445.jpg",1,176,210,373,154,549,364
"Morganza_all/019880@29.6098827436792,-90.7819539509084.jpg",1,178,198,338,162,516,360
"Morganza_all/019881@29.6096474616414,-90.7821443473053.jpg",1,105,229,358,142,463,371
"Morganza_all/019882@29.6093882448592,-90.782253840513.jpg",1,158,229,335,125,493,354
"Morganza_all/019883@29.6091683787364,-90.7823631166287.jpg",3,18,219,451,159,469,378
"Morganza_all/019884@29.610924517546,-90.7845597518633.jpg",1,86,236,414,127,500,363
"Morganza_all/019885@29.6105556660455,-90.7847959092771.jpg",1,177,284,258,87,435,371
"Morganza_all/019886@29.6102495328893,-90.7849776878978.jpg",1,151,231,318,147,469,378
"Morganza_all/019887@29.6099432866047,-90.7851324650352.jpg",1,73,240,452,127,525,367
"Morganza_all/019888@29.6095663537254,-90.7853236292949.jpg",1,107,253,359,127,466,380
"Morganza_all/019889@29.6092445658538,-90.7855235221536.jpg",1,48,248,358,129,406,377
"Morganza_all/019890@29.6089618375624,-90.7856601354847.jpg",1,125,239,331,141,456,380
"Morganza_all/019891@29.6085850442573,-90.785878327209.jpg",1,166,247,283,132,449,379
"Morganza_all/019892@29.6083416663504,-90.7860147235501.jpg",1,155,259,241,120,396,379
"Morganza_all/019893@29.6080512232349,-90.7861874085247.jpg",1,119,250,305,131,424,381
"Morganza_all/019894@29.6073445971163,-90.7865694939448.jpg",1,144,257,337,121,481,378
"Morganza_all/019895@29.6063314585121,-90.7870432779545.jpg",1,56,232,408,117,464,349
"Morganza_all/019896@29.6061169385885,-90.7865491658626.jpg",1,68,254,254,103,322,357
"Morganza_all/019897@29.6065485126116,-90.7862586511341.jpg",1,83,250,292,123,375,373
"Morganza_all/019898@29.6068547877576,-90.7861038825379.jpg",1,72,243,317,126,389,369
"Morganza_all/019899@29.6071061808201,-90.7860034763931.jpg",1,61,251,391,130,452,381
"Morganza_all/019900@29.6074514130804,-90.7857674607331.jpg",1,141,258,297,115,438,373
"Morganza_all/019901@29.6077183744698,-90.7856219044083.jpg",1,124,253,359,113,483,366
"Morganza_all/019902@29.6080245085442,-90.7854401323521.jpg",1,183,254,285,108,468,362
"Morganza_all/019903@29.6083620532356,-90.785240186882.jpg",1,158,236,430,124,588,360
"Morganza_all/019904@29.6086997206416,-90.785076240263.jpg",1,190,237,298,128,488,365
"Morganza_all/019905@29.6092571329888,-90.7847670217637.jpg",1,140,249,363,112,503,361
"Morganza_all/019906@29.609199678407,-90.7842000052401.jpg",1,51,241,349,132,400,373
"Morganza_all/019907@29.6089091622012,-90.784354665428.jpg",3,130,227,365,153,495,380
"Morganza_all/019908@29.608477780847,-90.7846902266402.jpg",1,59,252,399,135,458,387
"Morganza_all/019909@29.6081870381745,-90.784790884495.jpg",1,100,223,369,157,469,380
"Morganza_all/019910@29.6079673204895,-90.7849361535141.jpg",1,161,240,272,138,433,378
"Morganza_all/019911@29.6077239813184,-90.7850815826965.jpg",1,101,244,314,144,415,388
"Morganza_all/019912@29.607425448929,-90.7852002815052.jpg",1,145,219,376,162,521,381
"Morganza_all/019913@29.6072450164356,-90.785336333441.jpg",1,137,249,367,131,504,380
"Morganza_all/019914@29.6070016667123,-90.7854727605918.jpg",1,213,235,258,148,471,383
"Morganza_all/019916@29.6063940270958,-90.785061832882.jpg",1,73,262,337,109,410,371
"Morganza_all/019917@29.606974807355,-90.7846984615541.jpg",1,177,247,272,129,449,376
"Morganza_all/019918@29.6072496801759,-90.7845708913522.jpg",1,236,240,257,136,493,376
"Morganza_all/019919@29.6074694248283,-90.7844255909538.jpg",1,241,259,261,113,502,372
"Morganza_all/019920@29.6077444105564,-90.7843250506189.jpg",1,164,222,259,162,423,384
"Morganza_all/019921@29.6080036290817,-90.7842155645705.jpg",1,201,267,280,112,481,379
"Morganza_all/019922@29.6082706264418,-90.7840790032788.jpg",3,176,242,343,145,519,387
"Morganza_all/019923@29.6084431654743,-90.7839429909851.jpg",1,216,280,295,96,511,376
"Morganza_all/019924@29.6087334547501,-90.7837342987658.jpg",3,225,243,182,133,407,376
"Morganza_all/019925@29.6089534729289,-90.7836610262732.jpg",1,143,245,306,131,449,376
"Morganza_all/019926@29.6091654275133,-90.7835337961655.jpg",1,102,257,349,118,451,375
"Morganza_all/019927@29.6089825041926,-90.7830755363375.jpg",1,8,188,422,191,430,379
"Morganza_all/019928@29.6087545940591,-90.7831488220333.jpg",1,73,223,457,150,530,373
"Morganza_all/019929@29.6085585752838,-90.7833119971897.jpg",1,173,193,334,164,507,357
"Morganza_all/019930@29.6082995188571,-90.7834665176812.jpg",1,219,223,332,142,551,365
"Morganza_all/019931@29.6078911675064,-90.7836668577031.jpg",1,249,220,297,140,546,360
"Morganza_all/019932@29.6076241980711,-90.7838034194254.jpg",1,230,212,367,155,597,367
"Morganza_all/019933@29.607404594725,-90.7839757209488.jpg",1,273,241,305,128,578,369
"Morganza_all/019934@29.6072395910908,-90.7840396582771.jpg",1,252,206,389,159,641,365
"Morganza_all/019935@29.6069725080541,-90.7841491870792.jpg",1,311,223,299,144,610,367
"Morganza_all/019936@29.6064151724653,-90.7844764015758.jpg",1,264,222,374,119,638,341
"Morganza_all/019937@29.6065540279452,-90.7838092924274.jpg",1,23,254,304,121,327,375
"Morganza_all/019938@29.6067580526818,-90.7836730776983.jpg",4,296,306,118,91,414,397
"Morganza_all/019939@29.6070329622411,-90.7835545048196.jpg",1,48,248,363,131,411,379
"Morganza_all/019940@29.6072213330234,-90.7834364065275.jpg",1,116,262,341,128,457,390
"Morganza_all/019941@29.6074333354026,-90.7833271780916.jpg",1,167,246,274,144,441,390
"Morganza_all/019942@29.6076923643055,-90.7831726901955.jpg",1,124,237,316,136,440,373
"Morganza_all/019943@29.6079043184247,-90.7830454606566.jpg",1,214,254,292,133,506,387
"Morganza_all/019944@29.6080927367968,-90.7829453604439.jpg",1,169,236,278,139,447,375
"Morganza_all/019945@29.6083283979962,-90.7828450001327.jpg",1,112,265,393,121,505,386
"Morganza_all/019946@29.6085088278985,-90.7827089422357.jpg",1,101,242,297,139,398,381
"Morganza_all/019947@29.6088073202222,-90.7825812346943.jpg",1,224,251,337,136,561,387
"Morganza_all/019948@29.6099795079148,-90.7926644429911.jpg",1,121,232,271,100,392,332
"Morganza_all/019949@29.6101827601364,-90.7931926037652.jpg",1,151,240,308,98,459,338
"Morganza_all/019950@29.6103249002862,-90.7935254797705.jpg",1,186,230,237,102,423,332
"Morganza_all/019951@29.6104671542377,-90.7938929099855.jpg",3,194,259,233,81,427,340
"Morganza_all/019952@29.6106598442301,-90.7942945607149.jpg",1,202,245,234,88,436,333
"Morganza_all/019953@29.6107616091541,-90.7945931660326.jpg",1,232,260,174,83,406,343
"Morganza_all/019955@29.6102217707295,-90.7953439179284.jpg",1,259,271,252,94,511,365
"Morganza_all/019958@29.6156524421847,-90.7896249481193.jpg",3,197,235,188,119,385,354
"Morganza_all/019963@29.6158825353665,-90.7905556969908.jpg",6,278,272,91,96,369,368
"Morganza_all/019975@29.6176356160209,-90.795111346343.jpg",1,284,245,335,128,619,373
"Morganza_all/019977@29.6163965903933,-90.7963693215192.jpg",1,34,284,305,115,339,399
"Morganza_all/019978@29.6160939940677,-90.7961293053496.jpg",3,177,275,254,98,431,373
"Morganza_all/019980@29.6155192926719,-90.7957354397303.jpg",3,192,284,209,86,401,370
"Morganza_all/019981@29.6152846684098,-90.7955209633744.jpg",3,203,273,221,98,424,371
"Morganza_all/019982@29.6149369137785,-90.7953070959264.jpg",1,221,265,215,103,436,368
"Morganza_all/019983@29.6146646233633,-90.7951014473932.jpg",3,191,285,222,83,413,368
"Morganza_all/019986@29.6140573685669,-90.7941209292943.jpg",1,159,257,230,94,389,351
"Morganza_all/019987@29.6139198242795,-90.7936815806142.jpg",1,134,271,236,83,370,354
"Morganza_all/019988@29.6135843552313,-90.7927859353309.jpg",1,219,259,194,87,413,346
"Morganza_all/019990@29.6131422073675,-90.7916233406164.jpg",1,272,258,176,85,448,343
"Morganza_all/019991@29.6129818008908,-90.7911236995124.jpg",3,149,236,300,107,449,343
"Morganza_all/019992@29.6122142922988,-90.7915161688118.jpg",1,189,265,205,86,394,351
"Morganza_all/019993@29.6123969725572,-90.7919293943232.jpg",1,99,263,262,94,361,357
"Morganza_all/019994@29.6125036445018,-90.7921963166252.jpg",1,206,262,208,93,414,355
"Morganza_all/019995@29.612648550666,-90.7925925027035.jpg",1,138,225,274,159,412,384
"Morganza_all/019996@29.6118957869504,-90.7929072111713.jpg",3,73,235,410,136,483,371
"Morganza_all/019997@29.6118114276939,-90.7925625006451.jpg",1,131,244,177,109,308,353
"Morganza_all/019998@29.6116141074634,-90.7922529239641.jpg",1,246,248,267,83,513,331
"Morganza_all/019999@29.6115898731853,-90.7918647442032.jpg",1,237,234,237,111,474,345
"Morganza_all/020000@29.61093617683,-90.7924291687571.jpg",3,263,254,223,103,486,357
"Morganza_all/020001@29.6110887946638,-90.7928684212865.jpg",3,272,262,217,92,489,354
"Morganza_all/020003@29.6117709553812,-90.7937190305858.jpg",3,230,262,211,90,441,352
"Morganza_all/020004@29.6120800967747,-90.7937173645646.jpg",3,161,265,187,88,348,353
"Morganza_all/020005@29.612343221391,-90.7935261169049.jpg",3,213,262,224,89,437,351
"Morganza_all/020006@29.6126969507587,-90.7933602483857.jpg",3,214,259,252,85,466,344
"Morganza_all/020007@29.6130050259315,-90.7930997095329.jpg",3,199,172,442,207,641,379
"Morganza_all/020008@29.6133181727908,-90.7940645177031.jpg",1,295,207,179,157,474,364
"Morganza_all/020009@29.6130397731923,-90.7942127017884.jpg",3,219,257,256,97,475,354
"Morganza_all/020010@29.6127161380441,-90.7943611600137.jpg",1,259,266,204,93,463,359
"Morganza_all/020011@29.6123474799141,-90.7945616284157.jpg",1,200,257,219,105,419,362
"Morganza_all/020012@29.6126220656555,-90.7953195344324.jpg",1,309,190,283,145,592,335
"Morganza_all/020013@29.6132843010976,-90.7949966741173.jpg",1,215,235,281,97,496,332
"Morganza_all/020014@29.613668277341,-90.7948565470752.jpg",3,191,225,450,149,641,374
"Morganza_all/020015@29.6140634631994,-90.7956051931777.jpg",1,98,230,336,126,434,356
"Morganza_all/020016@29.6138541312998,-90.7960464064536.jpg",1,210,232,288,121,498,353
"Morganza_all/020017@29.6136971716941,-90.7963837979788.jpg",3,223,251,313,100,536,351
"Morganza_all/020018@29.6133379162094,-90.7970415432245.jpg",3,217,256,247,94,464,350
"Morganza_all/020019@29.6133397505656,-90.7974902746356.jpg",1,249,264,189,82,438,346
"Morganza_all/020020@29.6136649053687,-90.7977128901424.jpg",1,230,272,215,88,445,360
"Morganza_all/020021@29.6139143840263,-90.7978755190578.jpg",3,201,262,252,95,453,357
"Morganza_all/020022@29.6142698452449,-90.7981324988024.jpg",1,182,270,256,94,438,364
"Morganza_all/020023@29.6144666236838,-90.7983126889808.jpg",1,198,262,209,103,407,365
"Morganza_all/020025@29.6150866936135,-90.7987408469623.jpg",1,133,248,288,164,421,412
"Morganza_all/020026@29.6155284007813,-90.7979618368063.jpg",3,114,253,416,146,530,399
"Morganza_all/020027@29.6152185193394,-90.7977822503674.jpg",3,114,241,262,102,376,343
"Morganza_all/020028@29.6148933294413,-90.7975510082541.jpg",1,189,252,207,91,396,343
"Morganza_all/020029@29.6146590960529,-90.7974314439006.jpg",3,207,257,242,87,449,344
"Morganza_all/020030@29.6142733966514,-90.797157349962.jpg",1,193,238,205,109,398,347
"Morganza_all/020031@29.614038668892,-90.7969170043833.jpg",1,5,257,494,119,499,376
"Morganza_all/020032@29.6145328878862,-90.7960772880055.jpg",3,7,256,423,115,430,371
"Morganza_all/020034@29.6151149463015,-90.7964279651074.jpg",3,279,256,200,84,479,340
"Morganza_all/020035@29.6153874112062,-90.7966767644901.jpg",3,178,248,252,90,430,338
"Morganza_all/020036@29.6156747959799,-90.7968823379062.jpg",3,179,238,194,103,373,341
"Morganza_all/020046@29.6156413543035,-90.7997734538188.jpg",1,16,239,464,142,480,381
"Morganza_all/020047@29.6151526822945,-90.8001298582863.jpg",2,232,205,409,171,641,376
"Morganza_all/020063@29.6206738120724,-90.7987777059519.jpg",1,65,281,337,95,402,376
"Morganza_all/020064@29.6204746915787,-90.7990077664628.jpg",3,65,270,329,84,394,354
"Morganza_all/020065@29.6202679101156,-90.7994095516582.jpg",3,132,236,212,125,344,361
"Morganza_all/020066@29.6199561409015,-90.7985907494586.jpg",3,247,267,274,109,521,376
"Morganza_all/020067@29.6197744624444,-90.7990115034316.jpg",3,203,248,357,121,560,369
"Morganza_all/020068@29.6195425955911,-90.7993848109129.jpg",1,186,238,316,119,502,357
"Morganza_all/020069@29.6199119478496,-90.8000220537069.jpg",3,86,275,328,88,414,363
"Morganza_all/020070@29.6197549785601,-90.8003663519424.jpg",1,145,264,290,112,435,376
"Morganza_all/020071@29.6192778487187,-90.7998823254023.jpg",1,163,252,373,112,536,364
"Morganza_all/020072@29.6190047178141,-90.8003608095358.jpg",3,249,235,209,137,458,372
"Morganza_all/020073@29.6195146707624,-90.8007206286542.jpg",3,85,269,304,105,389,374
"Morganza_all/020074@29.6193658381173,-90.8010171686613.jpg",3,134,268,335,98,469,366
"Morganza_all/020075@29.6188477975891,-90.8007241761677.jpg",3,183,230,289,132,472,362
"Morganza_all/020076@29.6191839196744,-90.8013806683823.jpg",1,112,234,345,127,457,361
"Morganza_all/020077@29.6186406124969,-90.8010210244318.jpg",3,179,249,245,122,424,371
"Morganza_all/020078@29.6184502070509,-90.801346390658.jpg",1,290,251,257,118,547,369
"Morganza_all/020079@29.6189853471095,-90.8017537913696.jpg",1,154,245,276,115,430,360
"Morganza_all/020081@29.6188029629231,-90.802002825538.jpg",1,66,223,328,137,394,360
"Morganza_all/020088@29.6180703214245,-90.8022261378017.jpg",1,162,228,438,137,600,365
"Morganza_all/020093@29.6173618372406,-90.8022489679894.jpg",1,159,260,366,109,525,369
"Morganza_all/020094@29.6178382634081,-90.8025612567387.jpg",1,35,270,364,98,399,368
"Morganza_all/020095@29.6176311128501,-90.8028676655151.jpg",1,146,232,316,142,462,374
"Morganza_all/020096@29.6174741471256,-90.8032214874124.jpg",3,125,249,322,124,447,373
"Morganza_all/020097@29.6172130783185,-90.8025645709396.jpg",1,166,262,344,109,510,371
"Morganza_all/020098@29.6170476269947,-90.8028802928554.jpg",1,185,234,295,131,480,365
"Morganza_all/020099@29.6172503801735,-90.8035470221606.jpg",1,32,244,378,143,410,387
"Morganza_all/020100@29.6168572555999,-90.8032152176023.jpg",3,227,218,236,160,463,378
"Morganza_all/020101@29.6171020033454,-90.8039580436274.jpg",1,102,230,345,149,447,379
"Morganza_all/020102@29.616617017123,-90.8035885487016.jpg",1,171,253,343,112,514,365
"Morganza_all/020103@29.6164848422489,-90.8038849877448.jpg",1,160,232,441,141,601,373
"Morganza_all/020104@29.6168865282278,-90.804273995728.jpg",1,95,260,346,113,441,373
"Morganza_all/020105@29.6167045513523,-90.8046184088894.jpg",1,90,208,404,167,494,375
"Morganza_all/020106@29.6158637357695,-90.8048995149817.jpg",1,187,250,260,106,447,356
"Morganza_all/020107@29.6156902539976,-90.8052915894153.jpg",1,229,243,193,100,422,343
"Morganza_all/020108@29.6161165758837,-90.8055850796864.jpg",1,112,219,275,137,387,356
"Morganza_all/020112@29.6159701865385,-90.8064921690537.jpg",3,130,248,202,84,332,332
"Morganza_all/020113@29.615465354658,-90.8074106429009.jpg",3,118,248,271,100,389,348
"Morganza_all/020114@29.615205494096,-90.8070494898213.jpg",1,46,249,450,125,496,374
"Morganza_all/020115@29.6155531189177,-90.8064275812264.jpg",1,198,251,264,117,462,368
"Morganza_all/020116@29.6148626668322,-90.8067841956887.jpg",1,131,251,241,128,372,379
"Morganza_all/020117@29.6151603466192,-90.806181591395.jpg",3,252,235,273,127,525,362
"Morganza_all/020118@29.6149012609063,-90.8060207842699.jpg",1,176,218,286,138,462,356
"Morganza_all/020122@29.6139314667283,-90.8073900926581.jpg",1,148,237,310,128,458,365
"Morganza_all/020123@29.6136580897048,-90.8078208221412.jpg",1,145,240,355,133,500,373
"Morganza_all/020124@29.6140761120128,-90.8081238964298.jpg",1,270,246,255,121,525,367
"Morganza_all/020125@29.6142934795947,-90.8082849578921.jpg",1,214,259,282,106,496,365
"Morganza_all/020126@29.6145443448958,-90.8084744202095.jpg",3,261,243,210,110,471,353
"Morganza_all/020127@29.6149111728926,-90.8084916003361.jpg",3,187,246,172,85,359,331
"Morganza_all/020130@29.6143475065862,-90.8092863662808.jpg",3,123,213,307,122,430,335
"Morganza_all/020131@29.613979202,-90.8089066775089.jpg",1,152,269,217,102,369,371
"Morganza_all/020132@29.6137367351018,-90.8087267068444.jpg",1,128,259,275,123,403,382
"Morganza_all/020133@29.6135109596032,-90.8085466180969.jpg",1,120,299,286,82,406,381
"Morganza_all/020136@29.613082542439,-90.8077284553275.jpg",3,249,268,330,112,579,380
"Morganza_all/020137@29.6132812575221,-90.8073935080219.jpg",3,164,269,299,119,463,388
"Morganza_all/020138@29.6132621431271,-90.8067830453748.jpg",3,193,300,202,88,395,388
"Morganza_all/020139@29.6136262008465,-90.8061038159859.jpg",1,222,248,253,105,475,353
"Morganza_all/020148@29.609916741122,-90.8102825650921.jpg",1,157,279,339,100,496,379
"Morganza_all/020150@29.6118082006067,-90.8100819119921.jpg",3,216,219,316,157,532,376
"Morganza_all/020151@29.6119902955038,-90.8097565960601.jpg",1,208,221,390,142,598,363
"Morganza_all/020152@29.6127647037531,-90.8095426696049.jpg",3,258,244,257,116,515,360
"Morganza_all/020153@29.612400171586,-90.8101074250957.jpg",1,124,257,322,150,446,407
"Morganza_all/020154@29.6127260616752,-90.8103060635197.jpg",1,105,251,339,129,444,380
"Morganza_all/020155@29.6130488303568,-90.8097224541074.jpg",3,234,272,280,90,514,362
"Morganza_all/020156@29.613324728192,-90.8099213538998.jpg",3,270,226,210,137,480,363
"Morganza_all/020157@29.6129936370072,-90.8105145433263.jpg",3,199,256,257,125,456,381
"Morganza_all/020158@29.6132696476437,-90.8107420514607.jpg",1,103,268,181,114,284,382
"Morganza_all/020159@29.613608816099,-90.8100915735571.jpg",1,327,240,176,122,503,362
"Morganza_all/020160@29.613901605954,-90.8103476327972.jpg",1,234,231,242,123,476,354
"Morganza_all/020162@29.6119117022471,-90.8109494785472.jpg",2,1,203,640,196,641,399
"Morganza_all/020163@29.6122710989962,-90.8111860860992.jpg",3,222,252,333,121,555,373
"Morganza_all/020164@29.6127810983655,-90.8115650383746.jpg",1,160,240,350,122,510,362
"Morganza_all/020165@29.6130822173654,-90.811821024939.jpg",3,269,251,227,117,496,368
"Morganza_all/020167@29.6128471795121,-90.8135108021494.jpg",3,186,244,154,116,340,360
"Morganza_all/020168@29.6123921300954,-90.8143812760331.jpg",1,224,246,192,103,416,349
"Morganza_all/020169@29.6121184181079,-90.8147261303593.jpg",1,233,240,408,123,641,363
"Morganza_all/020170@29.6118454214724,-90.8152522477012.jpg",1,189,230,292,137,481,367
"Morganza_all/020173@29.6114922515311,-90.8144813573703.jpg",3,165,246,239,136,404,382
"Morganza_all/020174@29.6116660629549,-90.81416562894.jpg",1,75,254,363,118,438,372
"Morganza_all/020175@29.6118481302087,-90.8138307856078.jpg",1,112,259,324,118,436,377
"Morganza_all/020176@29.6120549662168,-90.8134385994341.jpg",1,175,261,281,118,456,379
"Morganza_all/020177@29.6122287752516,-90.8131228988892.jpg",1,198,271,265,102,463,373
"Morganza_all/020178@29.6124026212495,-90.8128167011198.jpg",1,163,253,244,120,407,373
"Morganza_all/020179@29.6127092296073,-90.8123572111652.jpg",1,164,248,416,144,580,392
"Morganza_all/020180@29.6123664233298,-90.8121014094849.jpg",1,103,255,273,124,376,379
"Morganza_all/020181@29.6119901742306,-90.8118171772313.jpg",1,178,230,318,150,496,380
"Morganza_all/020182@29.6116310063618,-90.8116378111516.jpg",3,98,248,263,136,361,384
"Morganza_all/020183@29.6113662024111,-90.8121256870759.jpg",1,114,235,314,130,428,365
"Morganza_all/020184@29.6112338945804,-90.8123934936143.jpg",1,162,234,386,134,548,368
"Morganza_all/020185@29.6110185127893,-90.8127380461429.jpg",1,201,243,262,122,463,365
"Morganza_all/020186@29.6108365136494,-90.8130824237371.jpg",1,189,246,452,127,641,373
"Morganza_all/020187@29.6106958442235,-90.8133502710067.jpg",3,164,221,358,143,522,364
"Morganza_all/020188@29.6104638334187,-90.8137044412638.jpg",3,255,190,327,172,582,362
"Morganza_all/020191@29.6098052814234,-90.8136982920402.jpg",3,60,261,227,113,287,374
"Morganza_all/020192@29.609954180596,-90.8134113343055.jpg",2,0,271,317,115,317,386
"Morganza_all/020193@29.6101613456371,-90.813095467033.jpg",3,55,270,292,118,347,388
"Morganza_all/020194@29.6103599987403,-90.8127414698569.jpg",1,104,275,252,104,356,379
"Morganza_all/020195@29.6104840130189,-90.8124832446161.jpg",1,126,265,246,125,372,390
"Morganza_all/020196@29.6106745977274,-90.81219606616.jpg",3,149,251,229,134,378,385
"Morganza_all/020197@29.6108319671135,-90.8119376972111.jpg",1,194,248,244,139,438,387
"Morganza_all/020198@29.6112211618622,-90.8112869784031.jpg",1,120,196,347,220,467,416
"Morganza_all/020210@29.6070491059877,-90.8102689390996.jpg",6,271,281,82,86,353,367
"Morganza_all/020211@29.6078046876598,-90.813708673978.jpg",6,269,268,120,125,389,393
"Morganza_all/020212@29.6073907590482,-90.814435832719.jpg",6,270,265,99,106,369,371
"Morganza_all/020213@29.6071162922399,-90.8145898784948.jpg",6,274,265,82,88,356,353
"Morganza_all/020218@29.6001781173922,-90.7752269880224.jpg",2,303,179,338,203,641,382
"Morganza_all/020219@29.5999832792006,-90.77535510443.jpg",1,212,174,429,224,641,398
"Morganza_all/020220@29.5997202228821,-90.7750974436454.jpg",1,132,233,505,190,637,423
"Morganza_all/020221@29.5993524687953,-90.7752773415984.jpg",1,164,235,426,158,590,393
"Morganza_all/020225@29.5993528115746,-90.7743120143664.jpg",1,1,174,379,238,380,412
"Morganza_all/020226@29.5992359633433,-90.7739824274627.jpg",2,0,198,402,200,402,398
"Morganza_all/020227@29.5984297041413,-90.7744137053184.jpg",1,239,222,297,176,536,398
"Morganza_all/020228@29.5984972155438,-90.7746267001608.jpg",1,72,215,463,185,535,400
"Morganza_all/020229@29.5982981080131,-90.7747853299949.jpg",2,286,210,355,192,641,402
"Morganza_all/020230@29.5983610341708,-90.7749678597581.jpg",2,1,216,335,191,336,407
"Morganza_all/020231@29.5986542775616,-90.7750170425514.jpg",1,5,177,419,232,424,409
"Morganza_all/020232@29.5985182680358,-90.7753988239349.jpg",1,128,183,398,237,526,420
"Morganza_all/020233@29.5989052783604,-90.7755694173354.jpg",1,118,171,484,244,602,415
"Morganza_all/020234@29.5988005136618,-90.7759916793358.jpg",2,1,184,403,207,404,391
"Morganza_all/020235@29.5985217245127,-90.7762117001182.jpg",1,368,202,259,175,627,377
"Morganza_all/020237@29.5978930078009,-90.7766267089947.jpg",1,362,223,211,186,573,409
"Morganza_all/020238@29.597680409876,-90.7767498209867.jpg",2,9,204,314,200,323,404
"Morganza_all/020239@29.5974500691202,-90.7768780970345.jpg",2,4,225,387,190,391,415
"Morganza_all/020240@29.5982250412734,-90.7764013286159.jpg",1,75,137,463,258,538,395
"Morganza_all/020242@29.5972906283551,-90.7769755198054.jpg",1,341,236,254,154,595,390
"Morganza_all/020243@29.597051756044,-90.7771800520115.jpg",1,167,273,197,132,364,405
"Morganza_all/020244@29.5967549852006,-90.7773493485896.jpg",1,282,210,245,188,527,398
"Morganza_all/020245@29.5981479596989,-90.7760258016432.jpg",2,291,199,350,204,641,403
"Morganza_all/020246@29.5979309133743,-90.7761438424984.jpg",1,24,228,431,175,455,403
"Morganza_all/020248@29.5978098585056,-90.7758650989854.jpg",1,19,233,341,151,360,384
"Morganza_all/020249@29.5979820618046,-90.7756456723661.jpg",1,49,149,434,255,483,404
"Morganza_all/020250@29.5978832622,-90.7753820348073.jpg",1,200,217,178,167,378,384
"Morganza_all/020251@29.6022537974876,-90.7738386315653.jpg",1,218,233,190,121,408,354
"Morganza_all/020252@29.6029697283205,-90.7733515422992.jpg",1,236,244,263,112,499,356
"Morganza_all/020253@29.5987117367522,-90.7726935433641.jpg",2,0,221,247,154,247,375
"Morganza_all/020254@29.5989711676373,-90.7729961808291.jpg",2,262,207,379,184,641,391
"Morganza_all/020256@29.5988556982465,-90.7726232599972.jpg",1,187,218,366,174,553,392
"Morganza_all/020257@29.5983956727756,-90.77334688078.jpg",2,209,213,432,178,641,391
"Morganza_all/020258@29.5984616783533,-90.7728079065696.jpg",1,146,237,369,158,515,395
"Morganza_all/020262@29.6002894587091,-90.7689877228296.jpg",2,181,223,460,149,641,372
"Morganza_all/020263@29.5995521822145,-90.7691691911315.jpg",1,180,258,298,129,478,387
"Morganza_all/020264@29.6001465392334,-90.7689418632448.jpg",2,1,206,369,163,370,369
"Morganza_all/020265@29.5979334539878,-90.770134780285.jpg",1,92,217,363,172,455,389
"Morganza_all/020266@29.5961859494129,-90.7715069960308.jpg",1,195,256,392,135,587,391
"Morganza_all/020267@29.5974983062195,-90.7713596735932.jpg",1,235,257,341,147,576,404
"Morganza_all/020270@29.6038657346575,-90.7666289755672.jpg",1,192,275,368,115,560,390
"Morganza_all/020271@29.6038167065456,-90.76652160174.jpg",1,191,266,362,130,553,396
"Morganza_all/020272@29.60378600009,-90.7664349559579.jpg",1,175,272,345,123,520,395
"Morganza_all/020273@29.6032189128864,-90.7659976829153.jpg",1,319,252,238,90,557,342
"Morganza_all/020274@29.6027656274376,-90.7662809407101.jpg",2,70,246,571,127,641,373
"Morganza_all/020280@29.5965612772793,-90.7696014164675.jpg",1,48,264,317,86,365,350
"Morganza_all/020285@29.5947375477811,-90.7699418753339.jpg",2,2,279,440,106,442,385
"Morganza_all/020286@29.5952775848599,-90.7696994507839.jpg",1,225,270,238,98,463,368
"Morganza_all/020290@29.5942126561037,-90.7703493077059.jpg",1,308,286,282,82,590,368
"Morganza_all/020294@29.6036775792671,-90.7652933851275.jpg",1,58,234,459,87,517,321
"Morganza_all/020295@29.6036337679662,-90.7651780526836.jpg",1,209,237,232,84,441,321
"Morganza_all/020296@29.6034612437752,-90.7653193773706.jpg",1,168,248,228,82,396,330
"Morganza_all/020299@29.5980110404543,-90.7655655182349.jpg",1,265,249,264,117,529,366
"Morganza_all/020300@29.6134930961087,-90.7967459566915.jpg",3,243,241,271,109,514,350
"Morganza_all/020301@29.6160138393764,-90.7970714279674.jpg",2,265,263,376,121,641,384
"Morganza_all/020302@29.6129813276847,-90.7951812103306.jpg",1,279,235,260,99,539,334
"Morganza_all/020304@29.6111591057702,-90.7932944295729.jpg",1,203,237,241,121,444,358
"Morganza_all/020305@29.6110030195865,-90.7921339022192.jpg",1,127,232,229,89,356,321
"Morganza_all/020307@29.6022228302247,-90.7757229704664.jpg",1,123,232,421,108,544,340
"Morganza_all/020308@29.6002091772016,-90.7762711611866.jpg",1,215,254,228,116,443,370
"Morganza_all/020309@29.5985618530818,-90.7779569968996.jpg",1,129,232,216,122,345,354
"Morganza_all/020310@29.5983586140947,-90.7774595129326.jpg",1,320,219,321,119,641,338
"Morganza_all/020311@29.6097079772909,-90.7922107328284.jpg",2,413,229,228,122,641,351
"Morganza_all/020313@29.5981439929623,-90.7776634396076.jpg",1,61,263,257,101,318,364
"Morganza_all/020314@29.5970925846098,-90.778151453283.jpg",1,269,240,260,108,529,348
"Morganza_all/020315@29.6041366825573,-90.7702921288556.jpg",1,259,238,212,104,471,342
"Morganza_all/020316@29.5995946288205,-90.773896377217.jpg",1,26,243,615,152,641,395
"Morganza_all/020317@29.5981113324664,-90.7745079607375.jpg",2,156,166,485,234,641,400
"Morganza_all/020318@29.5978642513064,-90.7746373113434.jpg",1,241,192,342,203,583,395
"Morganza_all/020319@29.5976531889355,-90.7747847735265.jpg",1,139,194,421,176,560,370
"Morganza_all/020320@29.5968681796473,-90.7752279080524.jpg",1,250,173,380,228,630,401
"Morganza_all/020321@29.5911784835317,-90.7676737540865.jpg",1,95,251,222,112,317,363
"Morganza_all/020323@29.5946119972446,-90.7571623588122.jpg",2,1,236,533,170,534,406
"Morganza_all/020325@29.5934845735182,-90.7588165177412.jpg",1,126,193,351,193,477,386
"Morganza_all/020326@29.5933729419653,-90.7586821753736.jpg",2,1,207,352,180,353,387
"Morganza_all/020327@29.5938965553185,-90.7585997539976.jpg",1,37,152,604,255,641,407
"Morganza_all/020328@29.5936866908079,-90.7582197960657.jpg",1,101,210,346,188,447,398
"Morganza_all/020329@29.5930053895393,-90.7579497794694.jpg",1,10,238,404,141,414,379
"Morganza_all/020331@29.5930063964583,-90.7573899590794.jpg",1,252,252,251,114,503,366
"Morganza_all/020332@29.5927540590268,-90.7580533566255.jpg",1,234,203,407,182,641,385
"Morganza_all/020333@29.5922355522094,-90.7582905227794.jpg",1,150,208,491,185,641,393
"Morganza_all/020344@29.5944034875027,-90.7558165171356.jpg",1,60,253,327,145,387,398
"Morganza_all/020345@29.5919820038227,-90.7579136860158.jpg",1,34,214,468,186,502,400
"Morganza_all/020346@29.5919765097454,-90.7584541130834.jpg",1,173,237,378,161,551,398
"Morganza_all/020347@29.5917150698196,-90.7580773536759.jpg",5,312,262,82,82,394,344
"Morganza_all/020348@29.5915836701665,-90.7586275004991.jpg",1,185,243,313,156,498,399
"Morganza_all/020349@29.591384965799,-90.7581963269149.jpg",1,123,200,508,201,631,401
"Morganza_all/020351@29.5910940424241,-90.7582700497153.jpg",1,134,212,384,183,518,395
"Morganza_all/020353@29.5907019533437,-90.7586145629459.jpg",1,34,220,293,167,327,387
"Morganza_all/020354@29.5903420080238,-90.7591029607723.jpg",1,159,248,343,145,502,393
"Morganza_all/020356@29.5904557433224,-90.7599129052793.jpg",1,147,234,384,175,531,409
"Morganza_all/020357@29.6096527216599,-90.78467072899.jpg",1,203,234,326,139,529,373
"Morganza_all/020358@29.6090489168116,-90.7849204743783.jpg",1,264,216,340,152,604,368
"Morganza_all/020360@29.6063653732159,-90.7840303559226.jpg",1,2,243,439,164,441,407
"Morganza_all/020362@29.5966170908949,-90.7753526836369.jpg",2,250,212,391,181,641,393
"Morganza_all/020363@29.5964219964163,-90.7755046160159.jpg",1,194,207,425,197,619,404
"Morganza_all/020364@29.5964408210858,-90.7752302897178.jpg",2,310,174,331,246,641,420
"Morganza_all/020365@29.5968072364901,-90.7749814317543.jpg",1,217,216,424,147,641,363
"Morganza_all/020366@29.5970182797872,-90.7748294402872.jpg",1,2,218,461,163,463,381
"Morganza_all/020367@29.5972015513035,-90.7747232912933.jpg",1,62,236,339,134,401,370
"Morganza_all/020369@29.5976358293827,-90.774460363229.jpg",1,287,215,267,185,554,400
"Morganza_all/020370@29.5978349799974,-90.7743312800302.jpg",1,142,183,249,208,391,391
"Morganza_all/020371@29.5981180096682,-90.7741971339594.jpg",1,106,211,237,182,343,393
"Morganza_all/020372@29.5998315712775,-90.7741366220345.jpg",2,6,240,391,149,397,389
"Morganza_all/020373@29.5999527872801,-90.774445859303.jpg",1,285,232,308,144,593,376
"Morganza_all/020376@29.6101400596013,-90.8095925894282.jpg",3,186,218,356,136,542,354
"Morganza_all/020379@29.5908804254038,-90.7598204245256.jpg",1,219,247,188,118,407,365
"Morganza_all/020380@29.5908746872272,-90.7603067922134.jpg",1,16,169,474,181,490,350
"Morganza_all/020381@29.5929179853143,-90.7568455045841.jpg",1,187,204,319,191,506,395
"Morganza_all/020383@29.5929866705745,-90.7563497337681.jpg",1,10,256,285,90,295,346
"Morganza_all/020384@29.593268816278,-90.7560688924012.jpg",1,25,212,418,178,443,390
"Morganza_all/020386@29.5940098630365,-90.7563168105931.jpg",1,0,226,311,161,311,387
"Morganza_all/020387@29.6087078603887,-90.7844451733457.jpg",1,0,243,359,136,359,379
"Morganza_all/020388@29.6081182351075,-90.7835499622542.jpg",1,135,201,434,156,569,357
"Morganza_all/020390@29.6036690761353,-90.7779769430117.jpg",1,319,271,232,94,551,365
"Morganza_all/020393@29.5961949886446,-90.7744972263322.jpg",1,40,210,447,187,487,397
"Morganza_all/020394@29.596475296253,-90.7743566791664.jpg",1,313,251,206,133,519,384
"Morganza_all/020395@29.5971344090982,-90.7740228623198.jpg",1,174,234,416,149,590,383
"Morganza_all/020396@29.5965075876163,-90.7739134335353.jpg",1,81,226,258,151,339,377
"Morganza_all/020398@29.5971664768719,-90.7735275077321.jpg",1,177,223,399,182,576,405
"Morganza_all/020399@29.5973557170669,-90.7733961502251.jpg",1,192,221,270,163,462,384
"Morganza_all/020401@29.5983706120305,-90.7728171009258.jpg",2,1,244,354,151,355,395
"Morganza_all/020402@29.5984788896872,-90.7732769068295.jpg",2,1,218,395,173,396,391
"Morganza_all/020403@29.5985449321076,-90.7727466165663.jpg",2,350,246,291,155,641,401
"Morganza_all/020405@29.5974513689711,-90.766900040134.jpg",1,192,226,258,119,450,345
"Morganza_all/020406@29.5972524507375,-90.7670048448065.jpg",1,29,244,308,107,337,351
"Morganza_all/020408@29.5942752418528,-90.7688009200457.jpg",1,346,266,295,112,641,378
"Morganza_all/020412@29.5918262119863,-90.7573921838591.jpg",1,100,223,541,170,641,393
"Morganza_all/020414@29.5916905152846,-90.7569696477417.jpg",2,318,182,323,216,641,398
"Morganza_all/020415@29.5915745607488,-90.7574476861253.jpg",1,73,247,397,143,470,390
"Morganza_all/020416@29.5913919655405,-90.7570974731879.jpg",1,150,156,410,228,560,384
"Morganza_all/020417@29.5912133667698,-90.7576569209785.jpg",1,223,229,326,161,549,390
"Morganza_all/020419@29.5908765447727,-90.7580371140446.jpg",2,320,236,321,157,641,393
"Morganza_all/020420@29.5906062895869,-90.7574442238149.jpg",1,26,232,336,134,362,366
"Morganza_all/020421@29.592020301361,-90.7567786191509.jpg",1,222,232,419,165,641,397
"Morganza_all/020422@29.5922320866373,-90.756606266352.jpg",1,294,204,347,180,641,384
"Morganza_all/020423@29.5924599179958,-90.7565058734771.jpg",2,340,196,301,191,641,387
"Morganza_all/020425@29.5927819972902,-90.7563509129507.jpg",1,158,201,440,196,598,397
"Morganza_all/020434@29.6123700121529,-90.8931703103804.jpg",1,262,262,140,100,402,362
"Morganza_all/020435@29.6134618266017,-90.8940753905503.jpg",3,131,277,321,94,452,371
"Morganza_all/020436@29.614380231475,-90.8945386421727.jpg",1,175,271,252,83,427,354
"Morganza_all/020437@29.6144810683204,-90.8947103465371.jpg",1,26,120,443,295,469,415
"Morganza_all/020438@29.6064123986649,-90.8136682240802.jpg",1,342,277,197,99,539,376
"Morganza_all/020457@29.440716820698,-90.4618435151204.jpg",1,289,261,150,94,439,355
"Morganza_all/020459@29.4403634886819,-90.4616556953063.jpg",3,266,247,216,146,482,393
"Morganza_all/020460@29.4400819159549,-90.4614944915276.jpg",1,145,200,278,193,423,393
"Morganza_all/020464@29.4387291725787,-90.4608926538286.jpg",1,206,218,203,138,409,356
"Morganza_all/020465@29.4380219049192,-90.4604351954373.jpg",1,189,180,233,196,422,376
"Morganza_all/020466@29.4378314565251,-90.4605118434095.jpg",1,164,251,205,94,369,345
"Morganza_all/020471@29.4375742057537,-90.4604186396915.jpg",3,233,268,122,85,355,353
"Morganza_all/020472@29.4374351882812,-90.4601539435413.jpg",1,113,195,375,98,488,293
"Morganza_all/020475@29.4361484868258,-90.4596129193224.jpg",1,175,252,203,117,378,369
"Morganza_all/020476@29.4359984618639,-90.4594915165563.jpg",3,241,257,87,108,328,365
"Morganza_all/020479@29.4353065650425,-90.4595452643394.jpg",1,250,204,196,146,446,350
"Morganza_all/020480@29.434721093588,-90.4594549249691.jpg",1,240,201,246,147,486,348
"Morganza_all/020482@29.43405830436,-90.4593993456635.jpg",1,302,266,136,120,438,386
"Morganza_all/020484@29.4336105140765,-90.4593691619135.jpg",1,286,310,154,99,440,409
"Morganza_all/020488@29.3531381306666,-90.7285168179155.jpg",3,145,279,316,146,461,425
"Morganza_all/020489@29.3536325977847,-90.7289510619867.jpg",2,0,240,403,231,403,471
"Morganza_all/020492@29.3596819696281,-90.7278430658171.jpg",3,249,171,272,246,521,417
"Morganza_all/020493@29.3601137570668,-90.7273304759188.jpg",1,281,271,110,113,391,384
"Morganza_all/020495@29.3607593548401,-90.7267950550466.jpg",1,297,295,114,89,411,384
"Morganza_all/020498@29.3628538164308,-90.7252596213767.jpg",1,128,272,474,143,602,415
"Morganza_all/020502@29.3637521209955,-90.7244985914197.jpg",1,241,283,364,120,605,403
"Morganza_all/020504@29.36419515312,-90.7238937603621.jpg",1,317,273,171,120,488,393
"Morganza_all/020505@29.3644018880228,-90.7237921424146.jpg",1,260,260,204,114,464,374
"Morganza_all/020506@29.3645143336636,-90.7236624036789.jpg",1,290,263,155,119,445,382
"Morganza_all/020507@29.3647020648267,-90.7235250810957.jpg",1,332,249,266,138,598,387
"Morganza_all/020508@29.3648262807465,-90.7232303945174.jpg",1,299,279,139,90,438,369
"Morganza_all/020509@29.3652394031214,-90.7229411393349.jpg",3,290,252,270,129,560,381
"Morganza_all/020514@29.3664775448279,-90.7218296282621.jpg",1,262,314,223,91,485,405
"Morganza_all/020517@29.3674526360575,-90.7208630390571.jpg",3,156,297,175,106,331,403
"Morganza_all/020522@29.36971269536,-90.7193939580402.jpg",1,316,243,144,103,460,346
"Morganza_all/020528@29.3722810193849,-90.7167184727582.jpg",1,299,268,190,101,489,369
"Morganza_all/020537@29.4501902665694,-90.5932148354013.jpg",2,189,193,452,290,641,483
"Morganza_all/020538@29.4506277406887,-90.5930947874115.jpg",3,290,293,107,83,397,376
"Morganza_all/020540@29.4509719506024,-90.5928363615116.jpg",1,134,267,205,115,339,382
"Morganza_all/020541@29.4513614126901,-90.5928334858744.jpg",3,180,288,259,86,439,374
"Morganza_all/020542@29.451643170227,-90.5927257389717.jpg",1,148,230,257,150,405,380
"Morganza_all/020543@29.4518961959465,-90.5927015933831.jpg",3,192,275,232,90,424,365
"Morganza_all/020552@29.4461422913223,-90.5943068124942.jpg",1,191,268,190,82,381,350
"Morganza_all/020553@29.4462932034129,-90.5943057004867.jpg",1,175,276,179,115,354,391
"Morganza_all/020555@29.4466090640705,-90.5942032415405.jpg",1,204,303,170,115,374,418
"Morganza_all/020556@29.4468819361182,-90.594245751029.jpg",1,34,295,263,123,297,418
"Morganza_all/020557@29.4470517165874,-90.5941332456623.jpg",1,114,296,249,118,363,414
"Morganza_all/020561@29.4478594672619,-90.594060526564.jpg",1,112,287,279,103,391,390
"Morganza_all/020562@29.4480736221378,-90.5940533867968.jpg",1,220,292,173,83,393,375
"Morganza_all/020567@29.4483407161152,-90.5939346325426.jpg",3,129,247,266,139,395,386
"Morganza_all/020568@29.4485289218411,-90.593861200477.jpg",1,205,292,185,85,390,377
"Morganza_all/020570@29.4486695966739,-90.5937711521619.jpg",1,230,292,133,98,363,390
"Morganza_all/020571@29.4487714907487,-90.5937092271972.jpg",1,242,290,126,98,368,388
"Morganza_all/020572@29.4488931679544,-90.593702768619.jpg",1,259,282,132,109,391,391
"Morganza_all/020573@29.4490679448143,-90.5936180294791.jpg",1,174,280,198,118,372,398
"Morganza_all/020575@29.4493499229558,-90.5935492144932.jpg",1,233,292,145,91,378,383
"Morganza_all/020577@29.4498602135434,-90.5933897026901.jpg",1,279,293,143,85,422,378
"Morganza_all/020584@29.4524463265565,-90.5923320466779.jpg",3,209,289,253,101,462,390
"Morganza_all/020585@29.4525222934765,-90.5925869975792.jpg",1,109,237,251,153,360,390
"Morganza_all/020586@29.4525606655655,-90.5927783483768.jpg",1,231,285,108,84,339,369
"Morganza_all/020587@29.4526178143346,-90.592997933517.jpg",3,147,283,234,110,381,393
"Morganza_all/020588@29.4528059902926,-90.5933230365949.jpg",1,183,255,217,135,400,390
"Morganza_all/020589@29.4528693530006,-90.5935426081584.jpg",1,126,266,241,118,367,384
"Morganza_all/020590@29.452957333367,-90.5937193919582.jpg",1,65,282,324,125,389,407
"Morganza_all/020591@29.453008426463,-90.5939674589036.jpg",1,29,221,375,149,404,370
"Morganza_all/020592@29.4531404423526,-90.594243271238.jpg",3,153,223,293,108,446,331
"Morganza_all/020593@29.4531984299347,-90.5946119439495.jpg",1,143,271,179,123,322,394
"Morganza_all/020594@29.4534059663456,-90.5950646665686.jpg",1,81,221,453,119,534,340
"Morganza_all/020595@29.4535010395611,-90.5953975622406.jpg",1,106,276,346,122,452,398
"Morganza_all/020596@29.45360783401,-90.595609715997.jpg",1,131,270,299,114,430,384
"Morganza_all/020597@29.4536461741832,-90.5958010702245.jpg",1,147,267,318,144,465,411
"Morganza_all/020598@29.453747192803,-90.5960913168488.jpg",1,81,212,244,117,325,329
"Morganza_all/020600@29.4539049819467,-90.5965302395774.jpg",1,181,217,168,113,349,330
"Morganza_all/020601@29.4539558697993,-90.5967427745857.jpg",3,127,250,320,87,447,337
"Morganza_all/020602@29.454088438887,-90.5971180053332.jpg",1,29,226,371,112,400,338
"Morganza_all/020603@29.4542392642368,-90.5974291925647.jpg",1,204,251,310,131,514,382
"Morganza_all/020609@29.4545556088504,-90.5973487894965.jpg",1,179,190,402,146,581,336
"Morganza_all/020611@29.4544660242981,-90.5968809884799.jpg",1,109,234,248,108,357,342
"Morganza_all/020613@29.4547812504635,-90.5966018520809.jpg",1,204,259,268,81,472,340
"Morganza_all/020615@29.4546907440782,-90.5959708239984.jpg",2,0,172,282,303,282,475
"Morganza_all/020616@29.454517255356,-90.5960501812818.jpg",1,155,263,404,127,559,390
"Morganza_all/020618@29.4541120548629,-90.5957976440209.jpg",2,295,103,346,290,641,393
"Morganza_all/020619@29.4540551905117,-90.5956276972307.jpg",1,122,121,519,265,641,386
"Morganza_all/020620@29.4544515373173,-90.595411840335.jpg",1,32,282,279,116,311,398
"Morganza_all/020621@29.4543695739267,-90.5951995336601.jpg",1,189,280,169,126,358,406
"Morganza_all/020622@29.4539111480597,-90.5954229177323.jpg",1,196,215,253,180,449,395
"Morganza_all/020623@29.4538539633236,-90.5951962275277.jpg",1,141,235,409,165,550,400
"Morganza_all/020624@29.4537029324125,-90.5948495406499.jpg",1,37,218,460,133,497,351
"Morganza_all/020625@29.4542619781996,-90.594845423976.jpg",1,65,251,365,95,430,346
"Morganza_all/020626@29.4542049926037,-90.594654206265.jpg",1,97,191,373,135,470,326
"Morganza_all/020627@29.454098076559,-90.5944207810793.jpg",1,105,236,450,171,555,407
"Morganza_all/020628@29.4536079654412,-90.5945308462908.jpg",1,168,278,377,114,545,392
"Morganza_all/020629@29.4535879595486,-90.5942896810386.jpg",1,230,259,238,136,468,395
"Morganza_all/020630@29.4539724357194,-90.5941732606665.jpg",1,266,294,162,99,428,393
"Morganza_all/020631@29.4539088336351,-90.5939111125839.jpg",1,169,233,275,89,444,322
"Morganza_all/020632@29.4534688538906,-90.594098922821.jpg",1,182,205,285,130,467,335
"Morganza_all/020633@29.4533425309394,-90.593730753364.jpg",1,138,213,441,125,579,338
"Morganza_all/020634@29.4538334708214,-90.5937626384666.jpg",1,185,248,249,90,434,338
"Morganza_all/020635@29.4538320272892,-90.5935071335918.jpg",1,199,257,416,180,615,437
"Morganza_all/020636@29.4537690255577,-90.59335143612.jpg",1,186,119,368,204,554,323
"Morganza_all/020637@29.4532794092868,-90.5935537855026.jpg",1,258,259,269,143,527,402
"Morganza_all/020638@29.4532098319225,-90.5933342588911.jpg",1,142,265,420,164,562,429
"Morganza_all/020639@29.4536746694445,-90.5931462937297.jpg",1,262,92,315,220,577,312
"Morganza_all/020640@29.4536302311791,-90.5929762888455.jpg",1,114,262,438,169,552,431
"Morganza_all/020642@29.4531082050777,-90.5929375360611.jpg",1,277,268,202,136,479,404
"Morganza_all/020643@29.4535357011487,-90.5927356427524.jpg",1,335,240,298,200,633,440
"Morganza_all/020644@29.4534418661713,-90.5926227806668.jpg",1,294,261,326,163,620,424
"Morganza_all/020645@29.4532462684479,-90.5920847928215.jpg",2,1,251,640,187,641,438
"Morganza_all/020646@29.4529570880157,-90.5925766850097.jpg",1,139,276,310,138,449,414
"Morganza_all/020647@29.4528000089629,-90.5922655551805.jpg",2,164,248,477,168,641,416
"Morganza_all/020648@29.4529609729459,-90.5921649820022.jpg",1,228,268,267,82,495,350
"Morganza_all/020650@29.4540825459082,-90.5916740338735.jpg",2,92,276,549,129,641,405
"Morganza_all/020651@29.4541964050913,-90.5920351944572.jpg",1,189,223,452,206,641,429
"Morganza_all/020653@29.4538642313704,-90.5926125599613.jpg",3,117,232,296,92,413,324
"Morganza_all/020654@29.454309941786,-90.5923395488049.jpg",1,280,224,361,115,641,339
"Morganza_all/020655@29.4544488183252,-90.5927288995247.jpg",1,168,242,375,105,543,347
"Morganza_all/020656@29.4540090408744,-90.5929521888443.jpg",3,144,182,393,150,537,332
"Morganza_all/020657@29.4545058067332,-90.5929201166064.jpg",1,194,280,331,120,525,400
"Morganza_all/020658@29.4541284416717,-90.5931997224663.jpg",1,175,291,214,99,389,390
"Morganza_all/020659@29.4545691299736,-90.5931325907363.jpg",1,247,283,202,119,449,402
"Morganza_all/020661@29.4546886783226,-90.5934014284802.jpg",1,48,188,312,185,360,373
"Morganza_all/020662@29.4543746741639,-90.5939005767044.jpg",3,140,278,316,110,456,388
"Morganza_all/020663@29.4547771527452,-90.5936704960483.jpg",1,124,237,471,113,595,350
"Morganza_all/020665@29.4544819519378,-90.5941979100332.jpg",1,182,237,207,109,389,346
"Morganza_all/020666@29.4549222800971,-90.5940669055385.jpg",1,51,225,505,104,556,329
"Morganza_all/020667@29.4549422188204,-90.59430097323.jpg",1,302,241,293,161,595,402
"Morganza_all/020668@29.4545019579997,-90.5944390774169.jpg",1,173,242,347,107,520,349
"Morganza_all/020669@29.4545656391466,-90.5947154291868.jpg",1,144,281,497,118,641,399
"Morganza_all/020670@29.4550624855625,-90.5946975673775.jpg",1,280,262,166,82,446,344
"Morganza_all/020671@29.4546913588761,-90.5949771221431.jpg",2,3,224,221,144,224,368
"Morganza_all/020672@29.4547419693608,-90.5951400144738.jpg",5,284,251,106,94,390,345
"Morganza_all/020674@29.4548619534487,-90.5954869023791.jpg",2,346,251,295,149,641,400
"Morganza_all/020676@29.454969347446,-90.5958055102196.jpg",3,294,276,194,118,488,394
"Morganza_all/020677@29.4550820761591,-90.5959679466785.jpg",1,237,281,160,103,397,384
"Morganza_all/020678@29.4551206430312,-90.5961947769382.jpg",1,186,243,242,147,428,390
"Morganza_all/020679@29.4552339704176,-90.5964636654746.jpg",1,99,271,512,108,611,379
"Morganza_all/020680@29.4553365048126,-90.5970236594454.jpg",1,227,287,401,103,628,390
"Morganza_all/020684@29.4555543058832,-90.594885584862.jpg",1,110,243,259,144,369,387
"Morganza_all/020685@29.4554548461504,-90.5948721461352.jpg",2,390,252,251,137,641,389
"Morganza_all/020691@29.4558963141287,-90.593846780823.jpg",1,159,281,268,131,427,412
"Morganza_all/020692@29.4558016781344,-90.5935919581187.jpg",3,105,269,335,130,440,399
"Morganza_all/020694@29.4554838097556,-90.5945028243888.jpg",1,230,265,328,161,558,426
"Morganza_all/020695@29.4553770936739,-90.5943048697593.jpg",3,34,270,314,116,348,386
"Morganza_all/020696@29.4553200271031,-90.5940994483209.jpg",3,22,248,387,87,409,335
"Morganza_all/020697@29.4555865596593,-90.5939981287044.jpg",1,12,243,371,111,383,354
"Morganza_all/020698@29.4554593542617,-90.5934738246552.jpg",1,23,164,582,214,605,378
"Morganza_all/020700@29.4554795178255,-90.5926432367879.jpg",1,41,270,415,128,456,398
"Morganza_all/020701@29.4553583608737,-90.5920904852595.jpg",3,92,188,305,169,397,357
"Morganza_all/020702@29.4553204271381,-90.59307026687.jpg",2,131,243,510,197,641,440
"Morganza_all/020703@29.4550172091758,-90.5932783464552.jpg",2,6,139,635,259,641,398
"Morganza_all/020704@29.4549416174137,-90.5930943667403.jpg",1,149,264,371,157,520,421
"Morganza_all/020705@29.4548719991181,-90.592867735887.jpg",1,156,250,282,171,438,421
"Morganza_all/020706@29.4551379558782,-90.592659930555.jpg",2,119,212,522,167,641,379
"Morganza_all/020707@29.4548523790196,-90.5926904445883.jpg",1,255,250,240,93,495,343
"Morganza_all/020708@29.4550172812002,-90.5921923606525.jpg",1,222,143,390,206,612,349
"Morganza_all/020709@29.4547323873449,-90.5923435286419.jpg",2,342,267,299,137,641,404
"Morganza_all/020710@29.4545624235771,-90.5919473059663.jpg",1,111,269,530,151,641,420
"Morganza_all/020711@29.4544424299339,-90.5916003919121.jpg",1,92,248,327,197,419,445
"Morganza_all/020713@29.4550091377382,-90.5918517503928.jpg",2,2,270,255,152,257,422
"Morganza_all/020714@29.4552714451077,-90.5910051395869.jpg",1,164,286,335,98,499,384
"Morganza_all/020720@29.4564487042731,-90.5904711781036.jpg",1,213,240,407,223,620,463
"Morganza_all/020721@29.4566254104593,-90.5909596418877.jpg",2,0,259,624,166,624,425
"Morganza_all/020722@29.4564647967614,-90.5911169973239.jpg",2,0,257,401,185,401,442
"Morganza_all/020723@29.4568279512791,-90.5916253559314.jpg",2,0,194,532,269,532,463
"Morganza_all/020726@29.4569993458542,-90.5911769219404.jpg",1,103,234,455,204,558,438
"Morganza_all/020727@29.4568602908271,-90.5907520579543.jpg",3,217,268,152,97,369,365
"Morganza_all/020728@29.4568712432692,-90.5904964535465.jpg",2,292,282,349,105,641,387
"Morganza_all/020729@29.457104350253,-90.5899765776462.jpg",1,186,259,253,94,439,353
"Morganza_all/020733@29.4594116822648,-90.5893561258315.jpg",1,77,272,334,115,411,387
"Morganza_all/020734@29.459427618991,-90.5899735589808.jpg",1,139,279,490,119,629,398
"Morganza_all/020735@29.4594292304479,-90.5902574516143.jpg",1,94,257,425,146,519,403
"Morganza_all/020736@29.4594246267933,-90.590541421711.jpg",1,182,286,384,131,566,417
"Morganza_all/020737@29.4593958352417,-90.5909391326593.jpg",1,78,293,511,102,589,395
"Morganza_all/020738@29.4593118745927,-90.5914721178655.jpg",3,145,302,346,81,491,383
"Morganza_all/020739@29.4594009029631,-90.5918334492385.jpg",1,84,171,413,250,497,421
"Morganza_all/020740@29.4593908847858,-90.5922594271079.jpg",1,121,306,422,100,543,406
"Morganza_all/020741@29.4593683957031,-90.5926783954515.jpg",1,172,273,352,107,524,380
"Morganza_all/020742@29.459370362491,-90.5930261677042.jpg",1,151,251,407,95,558,346
"Morganza_all/020743@29.4593603003054,-90.5934450440847.jpg",1,118,252,416,100,534,352
"Morganza_all/020744@29.4593686000585,-90.5938140742155.jpg",1,120,224,312,179,432,403
"Morganza_all/020746@29.4593841552531,-90.5943676280499.jpg",1,73,237,409,161,482,398
"Morganza_all/020747@29.4593857972453,-90.594658621873.jpg",2,0,277,368,132,368,409
"Morganza_all/020749@29.4597271591466,-90.594606427874.jpg",2,313,262,328,111,641,373
"Morganza_all/020750@29.4597448821051,-90.5944430556382.jpg",1,232,239,284,129,516,368
"Morganza_all/020751@29.4597436401577,-90.5942230106081.jpg",1,215,209,323,105,538,314
"Morganza_all/020752@29.4597452445332,-90.5934066960882.jpg",1,169,206,450,156,619,362
"Morganza_all/020753@29.4597615341031,-90.5929949051076.jpg",3,8,168,631,143,639,311
"Morganza_all/020754@29.4597585631821,-90.5924696626442.jpg",3,90,229,519,148,609,377
"Morganza_all/020755@29.4597818954353,-90.5921997564365.jpg",3,167,259,354,112,521,371
"Morganza_all/020756@29.4597735507385,-90.5918235922283.jpg",1,101,273,429,111,530,384
"Morganza_all/020757@29.4597837686891,-90.5914331190357.jpg",1,145,263,468,129,613,392
"Morganza_all/020758@29.4597825218615,-90.5912131053792.jpg",1,79,259,448,122,527,381
"Morganza_all/020759@29.4597751805933,-90.5910144101167.jpg",1,101,265,450,151,551,416
"Morganza_all/020760@29.45979265745,-90.5908084295504.jpg",1,84,260,503,133,587,393
"Morganza_all/020761@29.4597666715448,-90.5906098723832.jpg",1,126,212,503,110,629,322
"Morganza_all/020762@29.4597966576989,-90.5904180022205.jpg",1,244,236,255,141,499,377
"Morganza_all/020764@29.4597828589029,-90.5901767768507.jpg",1,82,169,500,235,582,404
"Morganza_all/020766@29.4598095111618,-90.5894028539269.jpg",1,84,240,534,147,618,387
"Morganza_all/020769@29.4609709439936,-90.5893658625847.jpg",1,205,265,181,85,386,350
"Morganza_all/020770@29.4599664448758,-90.5918789785398.jpg",1,288,255,338,120,626,375
"Morganza_all/020771@29.4620095093579,-90.5895711149516.jpg",3,192,241,369,111,561,352
"Morganza_all/020773@29.4621437103509,-90.5902302352484.jpg",1,189,248,318,90,507,338
"Morganza_all/020775@29.4626128527667,-90.5908017504881.jpg",2,1,261,640,176,641,437
"Morganza_all/020776@29.4623972728397,-90.5911298702768.jpg",1,48,228,479,156,527,384
"Morganza_all/020784@29.4632121054367,-90.59350888454.jpg",1,92,211,447,145,539,356
"Morganza_all/020785@29.4631860435315,-90.5932961483032.jpg",1,76,235,393,123,469,358
"Morganza_all/020787@29.4630663343463,-90.5929988818949.jpg",1,220,268,157,103,377,371
"Morganza_all/020788@29.4629096852687,-90.5927587033243.jpg",2,98,251,543,102,641,353
"Morganza_all/020789@29.463189288494,-90.5927708419978.jpg",3,241,202,184,143,425,345
"Morganza_all/020790@29.463212754407,-90.5925293014565.jpg",1,116,257,351,155,467,412
"Morganza_all/020791@29.4629575280462,-90.5924318247186.jpg",1,58,249,583,113,641,362
"Morganza_all/020792@29.4631548013279,-90.5921677260627.jpg",1,124,290,342,153,466,443
"Morganza_all/020793@29.46323472073,-90.5920180601827.jpg",1,174,233,210,193,384,426
"Morganza_all/020794@29.4630298670628,-90.5920408799798.jpg",1,239,273,146,99,385,372
"Morganza_all/020795@29.4632270993373,-90.5917696788512.jpg",1,103,125,422,223,525,348
"Morganza_all/020796@29.4632070481238,-90.5915213895047.jpg",3,148,219,249,208,397,427
"Morganza_all/020798@29.4632118549604,-90.5912728848788.jpg",1,70,198,459,211,529,409
"Morganza_all/020800@29.4629868285346,-90.5910261129987.jpg",1,162,218,400,122,562,340
"Morganza_all/020801@29.4632413593398,-90.5909958530008.jpg",1,233,154,327,323,560,477
"Morganza_all/020802@29.4632586878513,-90.5907685609699.jpg",1,11,207,544,276,555,483
"Morganza_all/020803@29.4631452681804,-90.5904854543388.jpg",1,307,251,222,147,529,398
"Morganza_all/020804@29.4631685562192,-90.5902084684681.jpg",1,267,240,238,175,505,415
"Morganza_all/020805@29.4631671057509,-90.5899529398594.jpg",1,206,262,338,137,544,399
"Morganza_all/020806@29.463220793344,-90.5895621308008.jpg",1,84,223,479,164,563,387
"Morganza_all/020807@29.4629347734454,-90.5895145397079.jpg",3,227,269,206,107,433,376
"Morganza_all/020808@29.4627291540414,-90.5894024993325.jpg",1,81,240,406,153,487,393
"Morganza_all/020809@29.4627684305838,-90.589757139783.jpg",1,258,211,274,172,532,383
"Morganza_all/020810@29.4627388483768,-90.5900199991856.jpg",2,14,228,579,224,593,452
"Morganza_all/020811@29.4635256585679,-90.5896450287101.jpg",2,2,254,639,201,641,455
"Morganza_all/020813@29.464047403383,-90.5896340573872.jpg",1,232,275,292,103,524,378
"Morganza_all/020814@29.4642712636652,-90.5896750084405.jpg",2,8,234,633,159,641,393
"Morganza_all/020815@29.464248984217,-90.5901294742556.jpg",1,156,248,305,128,461,376
"Morganza_all/020816@29.4635029762873,-90.590028507255.jpg",1,186,205,455,227,641,432
"Morganza_all/020817@29.4636225310242,-90.5902973652492.jpg",3,139,268,412,100,551,368
"Morganza_all/020818@29.464262783101,-90.5903707103626.jpg",1,213,236,312,174,525,410
"Morganza_all/020819@29.4642952383474,-90.5906189102365.jpg",1,49,222,478,176,527,398
"Morganza_all/020820@29.4642841650391,-90.5908532602143.jpg",1,44,242,508,148,552,390
"Morganza_all/020821@29.4635369902668,-90.5905464689777.jpg",1,213,199,366,199,579,398
"Morganza_all/020822@29.4635446668461,-90.5908090228353.jpg",2,194,157,447,263,641,420
"Morganza_all/020823@29.4636205033879,-90.5910356258558.jpg",1,194,263,302,86,496,349
"Morganza_all/020824@29.4642425938789,-90.5911943012755.jpg",1,11,220,571,173,582,393
"Morganza_all/020825@29.4635846107025,-90.5912772282839.jpg",1,172,175,379,194,551,369
"Morganza_all/020826@29.4634929061932,-90.5915405489004.jpg",2,125,188,512,231,637,419
"Morganza_all/020827@29.4642635705222,-90.5916058353401.jpg",1,203,113,430,294,633,407
"Morganza_all/020828@29.464277447115,-90.5918612748605.jpg",2,0,227,506,197,506,424
"Morganza_all/020829@29.4635251858038,-90.5917532707953.jpg",1,40,127,439,187,479,314
"Morganza_all/020830@29.4635207395418,-90.5920656271359.jpg",1,212,242,369,147,581,389
"Morganza_all/020831@29.4642478606835,-90.5921241375979.jpg",1,73,257,415,144,488,401
"Morganza_all/020832@29.4641751874709,-90.5924512040193.jpg",1,83,276,551,111,634,387
"Morganza_all/020834@29.4636223690429,-90.5924623902764.jpg",1,242,295,148,125,390,420
"Morganza_all/020835@29.4634795140085,-90.5924634457227.jpg",1,194,282,411,183,605,465
"Morganza_all/020836@29.4642771370764,-90.5929047828439.jpg",1,138,276,396,182,534,458
"Morganza_all/020837@29.4640101236623,-90.5929209267406.jpg",1,131,226,359,106,490,332
"Morganza_all/020838@29.4637861969163,-90.5928728986205.jpg",1,90,265,405,126,495,391
"Morganza_all/020839@29.4635001783968,-90.5928253292389.jpg",2,2,250,428,200,430,450
"Morganza_all/020840@29.463546329719,-90.5932934894189.jpg",3,159,183,282,140,441,323
"Morganza_all/020841@29.4635103251216,-90.5935208879951.jpg",1,112,249,211,160,323,409
"Morganza_all/020843@29.4635707190532,-90.5943154707565.jpg",1,234,261,199,134,433,395
"Morganza_all/020844@29.464233062597,-90.593898868864.jpg",1,20,264,222,104,242,368
"Morganza_all/020846@29.4642068007449,-90.5936506224433.jpg",1,239,275,212,93,451,368
"Morganza_all/020847@29.4642676367717,-90.593423039112.jpg",1,188,265,182,132,370,397
"Morganza_all/020848@29.4641912828425,-90.5931041751031.jpg",1,189,292,246,94,435,386
"Morganza_all/020849@29.4647783962741,-90.5936677118403.jpg",1,61,270,512,148,573,418
"Morganza_all/020850@29.4645609123852,-90.5936551122563.jpg",1,209,282,345,136,554,418
"Morganza_all/020851@29.4645529330878,-90.5933428444689.jpg",1,46,308,285,132,331,440
"Morganza_all/020852@29.4645703333179,-90.5931226512768.jpg",1,68,218,400,197,468,415
"Morganza_all/020854@29.4646560397884,-90.5929019850612.jpg",1,208,267,246,163,454,430
"Morganza_all/020855@29.4646049044943,-90.5926467882337.jpg",1,233,251,172,140,405,391
"Morganza_all/020856@29.4646534299757,-90.5924406000706.jpg",2,253,267,388,157,641,424
"Morganza_all/020857@29.464614441926,-90.5921356317606.jpg",1,108,267,387,125,495,392
"Morganza_all/020858@29.4646069413924,-90.5919085518355.jpg",1,121,234,449,211,570,445
"Morganza_all/020859@29.4645928235328,-90.5916105018101.jpg",1,133,186,266,160,399,346
"Morganza_all/020860@29.4646162345002,-90.5913547856133.jpg",1,106,257,451,166,557,423
"Morganza_all/020861@29.4646087326124,-90.5911277057425.jpg",1,111,264,400,151,511,415
"Morganza_all/020862@29.4646197936438,-90.5908862532215.jpg",1,190,257,321,155,511,412
"Morganza_all/020863@29.4646059554295,-90.5906379145743.jpg",1,142,268,392,150,534,418
"Morganza_all/020864@29.4646108010615,-90.5903965394729.jpg",3,301,244,260,182,561,426
"Morganza_all/020865@29.4646156460702,-90.5901551329252.jpg",3,268,275,262,128,530,403
"Morganza_all/020866@29.4645942617378,-90.5896726130503.jpg",3,229,241,393,171,622,412
"Morganza_all/020867@29.4648739457396,-90.5896989151576.jpg",1,277,282,212,105,489,387
"Morganza_all/020868@29.4650478337942,-90.5896905236794.jpg",1,236,290,335,89,571,379
"Morganza_all/020870@29.465204717591,-90.5899662106368.jpg",1,192,249,274,188,466,437
"Morganza_all/020871@29.4652120329518,-90.5901649167848.jpg",1,144,265,347,162,491,427
"Morganza_all/020872@29.4651820343693,-90.5903496955302.jpg",1,184,214,290,118,474,332
"Morganza_all/020873@29.465189175394,-90.5905129246225.jpg",1,146,247,334,105,480,352
"Morganza_all/020874@29.4651717793739,-90.5907330882031.jpg",1,218,278,176,90,394,368
"Morganza_all/020875@29.4651040493569,-90.5908400875189.jpg",1,282,303,96,85,378,388
"Morganza_all/020876@29.465167094167,-90.5910028712396.jpg",1,210,196,296,136,506,332
"Morganza_all/020877@29.4652005009401,-90.5914143485191.jpg",1,36,203,559,129,595,332
"Morganza_all/020878@29.4651704730959,-90.5915991270728.jpg",1,101,229,431,101,532,330
"Morganza_all/020879@29.4651966183695,-90.5918261018071.jpg",2,186,261,455,169,641,430
"Morganza_all/020880@29.4651486163069,-90.5921245814029.jpg",1,155,179,310,178,465,357
"Morganza_all/020881@29.465188046019,-90.5925076066623.jpg",3,189,262,338,164,527,426
"Morganza_all/020882@29.4651344299484,-90.5929126251083.jpg",1,238,223,158,137,396,360
"Morganza_all/020883@29.4651481837386,-90.5931467935017.jpg",1,264,299,143,117,407,416
"Morganza_all/020884@29.4651927823267,-90.5933452246005.jpg",1,255,245,328,83,583,328
"Morganza_all/020885@29.4650208991463,-90.5937085032568.jpg",1,194,273,275,138,469,411
"Morganza_all/020886@29.4651840017595,-90.5939912524596.jpg",1,51,279,385,131,436,410
"Morganza_all/020887@29.4651852040096,-90.5942042077722.jpg",1,167,265,392,147,559,412
"Morganza_all/020888@29.4651870066467,-90.5945236250391.jpg",1,37,255,439,134,476,389
"Morganza_all/020890@29.4650970042057,-90.595085058742.jpg",1,192,308,275,85,467,393
"Morganza_all/020892@29.465173433355,-90.5954181304442.jpg",3,177,208,206,176,383,384
"Morganza_all/020893@29.4650884950745,-90.5957807973578.jpg",3,165,287,294,97,459,384
"Morganza_all/020894@29.4650727287365,-90.5962920015793.jpg",1,128,225,285,101,413,326
"Morganza_all/020896@29.4658842020002,-90.5947811364194.jpg",1,117,288,456,85,573,373
"Morganza_all/020897@29.4655927957403,-90.5959829511226.jpg",3,121,270,303,170,424,440
"Morganza_all/020898@29.4655596707149,-90.5956140491653.jpg",1,291,212,162,128,453,340
"Morganza_all/020902@29.4654981635421,-90.5946206972248.jpg",1,85,196,486,123,571,319
"Morganza_all/020903@29.4666734461366,-90.5937389263266.jpg",1,128,290,312,116,440,406
"Morganza_all/020904@29.4663500069036,-90.5936632210054.jpg",2,0,175,612,169,612,344
"Morganza_all/020905@29.466377631297,-90.5941528061043.jpg",1,163,284,381,97,544,381
"Morganza_all/020907@29.4660048357256,-90.5941413816015.jpg",1,170,290,274,201,444,491
"Morganza_all/020908@29.4659916848619,-90.5940136738715.jpg",1,165,273,274,186,439,459
"Morganza_all/020909@29.4659785741552,-90.5938930993075.jpg",1,196,295,252,180,448,475
"Morganza_all/020910@29.4659590356685,-90.5937299915862.jpg",1,174,278,222,146,396,424
"Morganza_all/020911@29.4658293040832,-90.5938587215.jpg",1,251,290,241,177,492,467
"Morganza_all/020912@29.4657805359714,-90.5940223326484.jpg",3,61,271,377,191,438,462
"Morganza_all/020913@29.4657874719733,-90.5941500544991.jpg",3,104,284,353,173,457,457
"Morganza_all/020914@29.4657756838331,-90.5942637418135.jpg",3,51,269,376,190,427,459
"Morganza_all/020915@29.4654834910451,-90.5942232835793.jpg",1,75,268,427,163,502,431
"Morganza_all/020916@29.4655011333363,-90.5940456985472.jpg",1,156,232,402,172,558,404
"Morganza_all/020917@29.4655002115688,-90.5938824542905.jpg",1,200,264,375,157,575,421
"Morganza_all/020918@29.4654865794438,-90.593669589996.jpg",1,153,229,328,160,481,389
"Morganza_all/020919@29.4654536485763,-90.5933361975511.jpg",1,54,263,359,155,413,418
"Morganza_all/020920@29.4655519853064,-90.5931509147909.jpg",1,176,253,210,143,386,396
"Morganza_all/020921@29.4656068865203,-90.5929730229199.jpg",1,158,170,333,132,491,302
"Morganza_all/020922@29.4656245397806,-90.5928025393358.jpg",2,3,157,469,166,472,323
"Morganza_all/020923@29.465959753957,-90.5927574831737.jpg",2,6,259,562,338,568,597
"Morganza_all/020924@29.4659423541629,-90.5929776480568.jpg",1,149,251,369,151,518,402
"Morganza_all/020925@29.4659308880292,-90.5931481179028.jpg",1,193,234,258,139,451,373
"Morganza_all/020926@29.4659321316055,-90.5933681450733.jpg",2,1,156,553,181,554,337
"Morganza_all/020927@29.4662613845596,-90.5933728174074.jpg",5,208,287,122,117,330,404
"Morganza_all/020928@29.4664726010392,-90.5933712587621.jpg",1,153,302,307,132,460,434
"Morganza_all/020929@29.4667428195537,-90.5928226889861.jpg",2,239,164,402,194,641,358
"Morganza_all/020930@29.4665565017663,-90.592831135539.jpg",2,258,284,383,169,641,453
"Morganza_all/020931@29.4662889667677,-90.5927550517736.jpg",1,8,183,438,176,446,359
"Morganza_all/020932@29.4662596995616,-90.5930747019243.jpg",1,74,274,440,148,514,422
"Morganza_all/020933@29.4666912425031,-90.5924894303884.jpg",2,0,163,601,183,601,346
"Morganza_all/020934@29.4666261903302,-90.5919716812471.jpg",1,208,262,353,146,561,408
"Morganza_all/020935@29.4662843071059,-90.5919316281663.jpg",1,143,276,477,150,620,426
"Morganza_all/020936@29.4662922495755,-90.5922367995025.jpg",1,114,237,378,197,492,434
"Morganza_all/020937@29.4662936555847,-90.5924852658007.jpg",2,0,259,518,143,518,402
"Morganza_all/020938@29.4659333292218,-90.5924808259568.jpg",1,150,278,351,189,501,467
"Morganza_all/020939@29.4655420373425,-90.592490818874.jpg",1,167,304,468,153,635,457
"Morganza_all/020940@29.465596736885,-90.5922774496765.jpg",1,125,248,289,98,414,346
"Morganza_all/020942@29.465513723348,-90.5918805412574.jpg",1,396,215,234,123,630,338
"Morganza_all/020943@29.4659362091955,-90.5918916213104.jpg",2,44,204,597,138,641,342
"Morganza_all/020944@29.465937454883,-90.5921116484771.jpg",3,5,271,489,124,494,395
"Morganza_all/020945@29.4655804893875,-90.591603196161.jpg",2,291,264,350,173,641,437
"Morganza_all/020946@29.4655234990479,-90.5914119587093.jpg",1,175,287,221,129,396,416
"Morganza_all/020949@29.4659064440336,-90.5910258058595.jpg",2,277,218,364,294,641,512
"Morganza_all/020950@29.4659766285923,-90.5913518214334.jpg",1,40,132,591,219,631,351
"Morganza_all/020951@29.4659471109087,-90.5916217902777.jpg",1,30,294,499,170,529,464
"Morganza_all/020952@29.4663566848631,-90.5915477718312.jpg",1,117,281,397,137,514,418
"Morganza_all/020953@29.4665804238644,-90.5915674228481.jpg",1,121,309,284,107,405,416
"Morganza_all/020954@29.466729413111,-90.5915521165979.jpg",1,106,262,284,140,390,402
"Morganza_all/020955@29.4667452012029,-90.5910480049479.jpg",2,259,186,382,214,641,400
"Morganza_all/020956@29.4665711520241,-90.5910279872152.jpg",2,275,262,366,186,641,448
"Morganza_all/020957@29.4663167419728,-90.5910795533315.jpg",1,27,242,507,165,534,407
"Morganza_all/020958@29.4666624254312,-90.5906936721132.jpg",2,2,232,486,157,488,389
"Morganza_all/020959@29.4662837239606,-90.5907319555187.jpg",1,46,229,458,241,504,470
"Morganza_all/020960@29.4663197365046,-90.5905116515873.jpg",1,201,249,294,192,495,441
"Morganza_all/020961@29.4662668641407,-90.5899512345649.jpg",2,153,256,488,173,641,429
"Morganza_all/020962@29.4664477325062,-90.5900776675576.jpg",1,176,273,221,89,397,362
"Morganza_all/020963@29.4665967217567,-90.5900623905379.jpg",1,137,292,274,102,411,394
"Morganza_all/020964@29.4659755164718,-90.5900598931239.jpg",1,81,188,321,218,402,406
"Morganza_all/020965@29.4656693213917,-90.5897427305793.jpg",3,239,245,255,129,494,374
"Morganza_all/020967@29.4656167208917,-90.5903252002212.jpg",1,145,279,277,95,422,374
"Morganza_all/020968@29.4655310993327,-90.5905600741049.jpg",1,88,109,334,285,422,394
"Morganza_all/020969@29.4655445351425,-90.5907374296866.jpg",1,148,281,333,155,481,436
"Morganza_all/020971@29.4659782553532,-90.5905425578347.jpg",1,87,301,362,106,449,407
"Morganza_all/020973@29.4670765222729,-90.5903214854514.jpg",1,186,327,211,81,397,408
"Morganza_all/020982@29.3906973752744,-90.6169234812646.jpg",1,161,225,457,101,618,326
"Morganza_all/020984@29.3910250518494,-90.6164548956111.jpg",1,168,290,153,84,321,374
"Morganza_all/020985@29.3911628491985,-90.6163990844862.jpg",1,300,273,207,122,507,395
"Morganza_all/020987@29.3915145199326,-90.6159234464815.jpg",1,90,229,208,107,298,336
"Morganza_all/020988@29.39171851889,-90.6158945745453.jpg",1,230,262,159,100,389,362
"Morganza_all/020992@29.3924584908214,-90.6150596501832.jpg",1,146,276,212,89,358,365
"Morganza_all/020995@29.3930201124536,-90.6145482380239.jpg",1,134,295,188,113,322,408
"Morganza_all/020996@29.3933251410517,-90.6143334928943.jpg",1,145,294,191,99,336,393
"Morganza_all/020997@29.3934505336305,-90.6142023387327.jpg",1,131,304,177,85,308,389
"Morganza_all/020998@29.3935760490912,-90.6140985659846.jpg",1,137,296,188,94,325,390
"Morganza_all/020999@29.3937314799899,-90.6139740415275.jpg",1,185,300,170,88,355,388
"Morganza_all/021001@29.3940958857884,-90.6136354564777.jpg",1,186,292,159,103,345,395
"Morganza_all/021002@29.3942151799979,-90.6134906213763.jpg",1,138,303,213,115,351,418
"Morganza_all/021003@29.3944188011235,-90.6133931636797.jpg",1,95,297,344,91,439,388
"Morganza_all/021004@29.3946220447773,-90.6132271254117.jpg",1,109,301,328,103,437,404
"Morganza_all/021005@29.3970694551015,-90.6116942010127.jpg",3,239,259,213,97,452,356
"Morganza_all/021006@29.3974063124371,-90.6118015015382.jpg",6,175,234,266,111,441,345
"Morganza_all/021007@29.3978264868961,-90.6117779109575.jpg",6,226,267,171,93,397,360
"Morganza_all/021008@29.3976686380324,-90.6114636305276.jpg",3,156,291,155,87,311,378
"Morganza_all/021009@29.3979021071616,-90.6113385039815.jpg",2,0,261,337,130,337,391
"Morganza_all/021010@29.3980191106782,-90.6118656489052.jpg",6,232,255,202,98,434,353
"Morganza_all/021011@29.3981169292358,-90.6121803624915.jpg",6,151,239,231,97,382,336
"Morganza_all/021014@29.3994360421115,-90.6107514872249.jpg",1,157,227,246,169,403,396
"Morganza_all/021015@29.3995738748708,-90.6107025093835.jpg",1,186,285,131,106,317,391
"Morganza_all/021016@29.3997597852175,-90.6106599998153.jpg",1,107,288,240,103,347,391
"Morganza_all/021017@29.3999272780437,-90.610549099032.jpg",1,96,276,204,133,300,409
"Morganza_all/021021@29.4009162533498,-90.6102265493355.jpg",1,116,277,235,103,351,380
"Morganza_all/021023@29.4012817486955,-90.6100867718597.jpg",1,103,287,231,100,334,387
"Morganza_all/021024@29.4014074022953,-90.6100035862292.jpg",1,231,293,141,88,372,381
"Morganza_all/021025@29.4015574135411,-90.609988781011.jpg",1,158,277,221,108,379,385
"Morganza_all/021026@29.4019848604569,-90.610191400506.jpg",6,238,255,200,105,438,360
"Morganza_all/021027@29.4019648402044,-90.6098281293377.jpg",1,385,285,181,109,566,394
"Morganza_all/021028@29.4020966777707,-90.6097791608184.jpg",1,146,278,183,109,329,387
"Morganza_all/021030@29.4024260738254,-90.6096259479109.jpg",1,231,244,149,147,380,391
"Morganza_all/021031@29.4025880260028,-90.6095973318999.jpg",1,194,251,205,137,399,388
"Morganza_all/021032@29.4027158406044,-90.6099049950967.jpg",6,202,174,204,136,406,310
"Morganza_all/021034@29.4029297041506,-90.6094920159137.jpg",1,110,269,211,100,321,369
"Morganza_all/021035@29.4031451496778,-90.6093601933467.jpg",1,110,290,247,91,357,381
"Morganza_all/021036@29.4033187772441,-90.6092697813396.jpg",1,114,289,220,102,334,391
"Morganza_all/021037@29.4034325651717,-90.609214095355.jpg",3,151,297,245,107,396,404
"Morganza_all/021039@29.4038045094982,-90.6091565460147.jpg",1,256,250,223,134,479,384
"Morganza_all/021040@29.4039779851888,-90.6090387172817.jpg",1,231,274,219,109,450,383
"Morganza_all/021041@29.4041577866518,-90.6089757077229.jpg",1,182,283,252,97,434,380
"Morganza_all/021042@29.4043793021549,-90.6088575313907.jpg",1,221,308,154,95,375,403
"Morganza_all/021043@29.4045292649782,-90.6088290315593.jpg",1,197,272,258,131,455,403
"Morganza_all/021044@29.4048827799134,-90.6086961769033.jpg",1,172,293,196,99,368,392
"Morganza_all/021046@29.4052786440247,-90.6086179126748.jpg",1,226,229,226,172,452,401
"Morganza_all/021048@29.4058136308811,-90.6087237493915.jpg",6,255,241,95,84,350,325
"Morganza_all/021051@29.4073117214036,-90.6081712011588.jpg",6,249,265,174,115,423,380
"Morganza_all/021052@29.4108298293756,-90.6146057923223.jpg",6,271,184,162,151,433,335
"Morganza_all/021053@29.4111799163479,-90.6149393457242.jpg",6,231,259,177,96,408,355
"Morganza_all/021055@29.4097713252148,-90.6099364087881.jpg",1,24,217,579,103,603,320
"Morganza_all/021057@29.4096608292495,-90.6094983222078.jpg",1,133,230,299,97,432,327
"Morganza_all/021060@29.4093813705611,-90.6089105768437.jpg",5,350,309,111,90,461,399
"Morganza_all/021061@29.4092346707328,-90.6095288150155.jpg",1,76,153,434,332,510,485
"Morganza_all/021062@29.4090476605832,-90.6093724384733.jpg",1,168,243,264,98,432,341
"Morganza_all/021063@29.4091295988439,-90.6089878342458.jpg",2,0,97,467,224,467,321
"Morganza_all/021064@29.4089438026633,-90.6090508901802.jpg",1,249,223,307,104,556,327
"Morganza_all/021065@29.4087522015504,-90.6091482840613.jpg",3,252,280,300,109,552,389
"Morganza_all/021066@29.4085363389864,-90.6092047097793.jpg",3,198,237,388,83,586,320
"Morganza_all/021067@29.4084165561862,-90.6092604104639.jpg",1,174,211,298,163,472,374
"Morganza_all/021068@29.4081704271523,-90.6092690647732.jpg",3,402,222,140,106,542,328
"Morganza_all/021070@29.407796026383,-90.6088877273931.jpg",1,176,278,312,91,488,369
"Morganza_all/021071@29.4077768759359,-90.6086821528023.jpg",1,123,195,302,136,425,331
"Morganza_all/021072@29.4077218158197,-90.6084973775869.jpg",1,129,265,410,180,539,445
"Morganza_all/021073@29.4081979886337,-90.6088231109237.jpg",1,134,242,413,173,547,415
"Morganza_all/021074@29.4080762696632,-90.6085291129415.jpg",1,85,233,488,173,573,406
"Morganza_all/021075@29.4078930871257,-90.6079818260865.jpg",2,0,261,451,216,451,477
"Morganza_all/021076@29.408055104591,-90.6079600834407.jpg",1,346,312,154,90,500,402
"Morganza_all/021077@29.4082172465239,-90.6079657578595.jpg",1,47,317,196,81,243,398
"Morganza_all/021080@29.4087626165286,-90.6077766715982.jpg",1,266,319,207,83,473,402
"Morganza_all/021082@29.4086595246074,-90.6086757778379.jpg",1,248,266,148,106,396,372
"Morganza_all/021087@29.4095356093312,-90.6074899252717.jpg",1,205,301,215,91,420,392
"Morganza_all/021088@29.4096673701005,-90.6074272570222.jpg",3,220,281,205,113,425,394
"Morganza_all/021089@29.4098893407002,-90.6073913543638.jpg",1,221,254,301,109,522,363
"Morganza_all/021091@29.410289994477,-90.6081770935492.jpg",6,235,269,168,85,403,354
"Morganza_all/021093@29.4106497068341,-90.6069949556211.jpg",1,203,274,184,113,387,387
"Morganza_all/021094@29.4108114682952,-90.606932068815.jpg",3,165,282,301,103,466,385
"Morganza_all/021095@29.4109913829682,-90.6068896223103.jpg",1,266,232,206,109,472,341
"Morganza_all/021097@29.4169947802424,-90.6046241539976.jpg",1,221,279,243,104,464,383
"Morganza_all/021098@29.4171426887162,-90.6045775044892.jpg",2,0,270,532,176,532,446
"Morganza_all/021099@29.4172357944319,-90.6049218302473.jpg",1,109,283,343,122,452,405
"Morganza_all/021101@29.4173461120204,-90.6052855684652.jpg",1,300,198,281,114,581,312
"Morganza_all/021102@29.4173586911339,-90.6055002870892.jpg",1,78,205,277,104,355,309
"Morganza_all/021104@29.4175656388343,-90.6047957757025.jpg",1,355,270,251,138,606,408
"Morganza_all/021105@29.4173983428734,-90.6044324511955.jpg",1,221,216,413,195,634,411
"Morganza_all/021106@29.4175462150694,-90.6043792996906.jpg",1,215,296,171,88,386,384
"Morganza_all/021108@29.4181490343752,-90.6041471042647.jpg",1,225,274,220,105,445,379
"Morganza_all/021109@29.4183136839929,-90.6040352192041.jpg",1,178,285,238,91,416,376
"Morganza_all/021112@29.4188828387584,-90.6039009185177.jpg",1,231,285,247,84,478,369
"Morganza_all/021113@29.4190648100597,-90.6038279804167.jpg",1,212,282,183,98,395,380
"Morganza_all/021114@29.4192236947177,-90.6037031319399.jpg",1,227,274,210,91,437,365
"Morganza_all/021115@29.4194059199926,-90.6036757675754.jpg",2,0,170,636,292,636,462
"Morganza_all/021116@29.419061185391,-90.6041990541107.jpg",1,148,242,371,115,519,357
"Morganza_all/021117@29.4191773420014,-90.6045887633298.jpg",2,0,264,479,140,479,404
"Morganza_all/021118@29.4193049543926,-90.6049914254878.jpg",1,205,262,272,114,477,376
"Morganza_all/021119@29.4193572171971,-90.6051668173999.jpg",1,200,184,349,144,549,328
"Morganza_all/021120@29.4194152356305,-90.6053486696367.jpg",1,176,198,180,109,356,307
"Morganza_all/021121@29.4197746187975,-90.6054111439035.jpg",1,252,255,220,150,472,405
"Morganza_all/021122@29.4198995866037,-90.605338652966.jpg",3,263,195,376,206,639,401
"Morganza_all/021123@29.4200702829821,-90.6052853358344.jpg",1,333,225,306,89,639,314
"Morganza_all/021124@29.4202864357709,-90.605212151299.jpg",1,221,207,390,169,611,376
"Morganza_all/021125@29.4204041535813,-90.6048597819572.jpg",1,195,244,357,142,552,386
"Morganza_all/021126@29.4202645488187,-90.6043530455926.jpg",1,158,229,339,106,497,335
"Morganza_all/021127@29.4201721307814,-90.6041323992417.jpg",1,331,197,299,132,630,329
"Morganza_all/021128@29.4198155727809,-90.6035556275689.jpg",1,193,281,264,103,457,384
"Morganza_all/021129@29.4196450860259,-90.6036414870269.jpg",2,1,160,640,366,641,526
"Morganza_all/021131@29.4198290883425,-90.604955079111.jpg",1,131,272,302,126,433,398
"Morganza_all/021132@29.4196700214262,-90.6050473866289.jpg",1,192,292,364,109,556,401
"Morganza_all/021133@29.4196176860868,-90.6048589909109.jpg",1,49,283,385,128,434,411
"Morganza_all/021135@29.4195414030149,-90.6044689585701.jpg",1,265,289,145,112,410,401
"Morganza_all/021136@29.4194834108576,-90.6042871064135.jpg",1,197,231,254,103,451,334
"Morganza_all/021137@29.419465110053,-90.6040724249721.jpg",1,209,275,315,151,524,426
"Morganza_all/021138@29.4196989830057,-90.6041097992777.jpg",1,255,166,317,137,572,303
"Morganza_all/021139@29.419865591012,-90.6043494426788.jpg",1,204,264,353,145,557,409
"Morganza_all/021140@29.4199640994352,-90.6046416285362.jpg",1,78,250,532,158,610,408
"Morganza_all/021141@29.4199917791803,-90.6034697262065.jpg",1,179,275,314,102,493,377
"Morganza_all/021142@29.4201682484519,-90.6034359011268.jpg",1,256,280,206,100,462,380
"Morganza_all/021143@29.4203105280718,-90.6033957913131.jpg",1,198,287,213,93,411,380
"Morganza_all/021144@29.4204468064628,-90.603310179799.jpg",1,218,279,180,119,398,398
"Morganza_all/021145@29.4207601898168,-90.603294863915.jpg",1,16,261,368,128,384,389
"Morganza_all/021146@29.4210107401615,-90.603260499146.jpg",3,160,264,220,106,380,370
"Morganza_all/021150@29.4217278296266,-90.6030795364046.jpg",3,190,292,158,87,348,379
"Morganza_all/021153@29.4229073450041,-90.6030449102655.jpg",6,247,155,152,135,399,290
"Morganza_all/021154@29.4232922299008,-90.6025668851329.jpg",1,142,308,200,89,342,397
"Morganza_all/021155@29.4234966333665,-90.6024286933963.jpg",3,83,292,251,116,334,408
"Morganza_all/021156@29.4237184767779,-90.6023554587288.jpg",1,193,301,176,97,369,398
"Morganza_all/021157@29.4239632893878,-90.6023080965861.jpg",1,155,313,229,81,384,394
"Morganza_all/021158@29.4241393585309,-90.602202683823.jpg",1,192,311,157,86,349,397
"Morganza_all/021159@29.4242093106394,-90.6024820836537.jpg",6,217,294,121,85,338,379
"Morganza_all/021163@29.42449570443,-90.6027404008695.jpg",6,236,213,121,81,357,294
"Morganza_all/021165@29.4245604217412,-90.602082417535.jpg",3,128,309,226,82,354,391
"Morganza_all/021166@29.4249204886383,-90.6022620762174.jpg",6,181,279,105,84,286,363
"Morganza_all/021169@29.4251736753807,-90.6016808366731.jpg",1,206,249,168,117,374,366
"Morganza_all/021170@29.425146605854,-90.6019349372563.jpg",6,217,233,175,93,392,326
"Morganza_all/021172@29.4256074602194,-90.6017948715314.jpg",6,183,240,167,95,350,335
"Morganza_all/021173@29.4256228175357,-90.6014822715322.jpg",3,166,280,219,86,385,366
"Morganza_all/021174@29.425957586178,-90.6012194216629.jpg",1,155,282,230,81,385,363
"Morganza_all/021175@29.4260422052073,-90.6010625594366.jpg",1,204,243,213,99,417,342
"Morganza_all/021177@29.4264594779452,-90.6012873790369.jpg",6,123,291,157,113,280,404
"Morganza_all/021178@29.4266721931953,-90.6016178251615.jpg",6,175,284,196,93,371,377
"Morganza_all/021179@29.4268833095928,-90.6006397950192.jpg",1,169,285,300,84,469,369
"Morganza_all/021182@29.4276326438017,-90.6001134980082.jpg",1,214,283,256,83,470,366
"Morganza_all/021183@29.427786170056,-90.6000537909167.jpg",3,289,275,144,85,433,360
"Morganza_all/021188@29.4290413989022,-90.5992894414113.jpg",1,123,260,424,142,547,402
"Morganza_all/021191@29.4291655969837,-90.6000957904433.jpg",1,94,240,319,84,413,324
"Morganza_all/021192@29.4292514911758,-90.6001667848745.jpg",1,190,184,206,210,396,394
"Morganza_all/021193@29.4292697253945,-90.6003684505661.jpg",1,242,247,204,103,446,350
"Morganza_all/021194@29.4293333058298,-90.600530738338.jpg",1,334,265,281,126,615,391
"Morganza_all/021195@29.4295530977439,-90.6000864553835.jpg",1,0,144,518,181,518,325
"Morganza_all/021196@29.4295008647278,-90.599917582003.jpg",1,92,119,395,201,487,320
"Morganza_all/021198@29.4294080377616,-90.59962529996.jpg",2,0,233,641,260,641,493
"Morganza_all/021199@29.4293730632065,-90.5994888449982.jpg",1,113,245,372,243,485,488
"Morganza_all/021200@29.4293663489254,-90.5993066026214.jpg",1,226,301,156,97,382,398
"Morganza_all/021201@29.4293082764602,-90.5991116996529.jpg",1,132,187,409,152,541,339
"Morganza_all/021202@29.4296289671985,-90.599389308615.jpg",1,206,236,388,263,594,499
"Morganza_all/021203@29.4296656540631,-90.5988161223384.jpg",1,218,278,259,92,477,370
"Morganza_all/021205@29.4302664331553,-90.5992414298342.jpg",6,176,286,230,87,406,373
"Morganza_all/021206@29.4301087433749,-90.5985589935031.jpg",1,207,285,181,112,388,397
"Morganza_all/021207@29.4302280517192,-90.598493030607.jpg",1,258,248,165,105,423,353
"Morganza_all/021208@29.4305659938359,-90.5987965243568.jpg",6,257,294,114,86,371,380
"Morganza_all/021209@29.4305857204223,-90.5982495301558.jpg",1,246,227,215,115,461,342
"Morganza_all/021210@29.4307862550114,-90.5984368573484.jpg",6,173,213,258,179,431,392
"Morganza_all/021211@29.4309732575793,-90.598246690226.jpg",1,171,302,133,89,304,391
"Morganza_all/021213@29.4314556608065,-90.5978850671526.jpg",1,110,174,404,140,514,314
"Morganza_all/021214@29.4316191193059,-90.5985804747646.jpg",1,256,237,139,91,395,328
"Morganza_all/021215@29.4396022824264,-90.5953056327472.jpg",1,83,221,420,135,503,356
"Morganza_all/021216@29.4399268292187,-90.5952511559019.jpg",1,241,243,189,81,430,324
"Morganza_all/021218@29.440210961676,-90.5951058362074.jpg",1,215,238,220,103,435,341
"Morganza_all/021219@29.4403703889344,-90.5950786182889.jpg",1,224,236,210,108,434,344
"Morganza_all/021220@29.4405180738466,-90.5949928943461.jpg",2,0,268,640,170,640,438
"Morganza_all/021221@29.4405210838676,-90.5955267696425.jpg",2,0,217,430,177,430,394
"Morganza_all/021223@29.4397358265185,-90.5957408692476.jpg",1,88,213,283,181,371,394
"Morganza_all/021224@29.439795150691,-90.5961571426695.jpg",2,0,239,468,195,468,434
"Morganza_all/021225@29.4399278124423,-90.5964361212691.jpg",2,0,215,315,138,315,353
"Morganza_all/021226@29.4399687848004,-90.5966311689525.jpg",1,239,227,243,124,482,351
"Morganza_all/021227@29.4401447667713,-90.5965061574058.jpg",2,0,208,423,137,423,345
"Morganza_all/021228@29.4403157619161,-90.5965114045075.jpg",1,73,205,364,119,437,324
"Morganza_all/021230@29.4400172473815,-90.5961294659198.jpg",1,292,234,171,101,463,335
"Morganza_all/021231@29.4401763815077,-90.5960501629294.jpg",1,280,256,352,152,632,408
"Morganza_all/021232@29.440398835655,-90.5960810755067.jpg",1,272,280,180,111,452,391
"Morganza_all/021233@29.440512377143,-90.5960021073007.jpg",1,302,286,188,108,490,394
"Morganza_all/021234@29.4406886978683,-90.5959422186539.jpg",1,210,237,352,104,562,341
"Morganza_all/021235@29.4408309845667,-90.5959086246545.jpg",2,0,251,635,233,635,484
"Morganza_all/021236@29.4409015000807,-90.5962857378111.jpg",1,117,285,325,130,442,415
"Morganza_all/021237@29.4401130130303,-90.5969426114224.jpg",1,245,193,220,159,465,352
"Morganza_all/021238@29.4403123044983,-90.5969086004968.jpg",1,136,253,384,185,520,438
"Morganza_all/021239@29.4404657927459,-90.5968423779427.jpg",1,270,178,272,129,542,307
"Morganza_all/021240@29.440604548042,-90.5971929449796.jpg",1,127,105,279,228,406,333
"Morganza_all/021241@29.4406795443319,-90.5973551653403.jpg",2,31,323,608,116,639,439
"Morganza_all/021242@29.4404230927553,-90.597357047119.jpg",1,90,199,466,113,556,312
"Morganza_all/021244@29.440561846673,-90.5977076147186.jpg",1,245,198,288,137,533,335
"Morganza_all/021245@29.4407437780641,-90.5976281465893.jpg",1,0,97,622,219,622,316
"Morganza_all/021246@29.4407904681711,-90.5978231229876.jpg",1,132,287,392,140,524,427
"Morganza_all/021249@29.4405819132121,-90.5982348619574.jpg",4,237,234,204,133,441,367
"Morganza_all/021251@29.4408400826692,-90.5985389705848.jpg",1,169,236,365,148,534,384
"Morganza_all/021252@29.4410283280194,-90.5985701394852.jpg",1,98,237,543,155,641,392
"Morganza_all/021253@29.4409973254527,-90.5991368458731.jpg",2,0,277,523,143,523,420
"Morganza_all/021254@29.4412186923693,-90.5989789571359.jpg",1,33,195,557,108,590,303
"Morganza_all/021257@29.4409072429987,-90.600355037137.jpg",5,211,290,198,91,409,381
"Morganza_all/021258@29.44101071498,-90.6005105489601.jpg",5,181,290,219,89,400,379
"Morganza_all/021259@29.4411315548942,-90.6007180236237.jpg",3,151,247,298,96,449,343
"Morganza_all/021267@29.4435527559677,-90.6056617987772.jpg",6,209,243,175,87,384,330
"Morganza_all/021269@29.4427949897932,-90.6026331496946.jpg",1,322,187,241,171,563,358
"Morganza_all/021271@29.4422928077802,-90.6025130866491.jpg",2,0,217,540,127,540,344
"Morganza_all/021276@29.4418975123656,-90.6011226123277.jpg",1,168,201,229,137,397,338
"Morganza_all/021280@29.4415846470315,-90.6002133593004.jpg",1,393,256,171,93,564,349
"Morganza_all/021281@29.4413742619684,-90.6002995346852.jpg",1,181,209,326,124,507,333
"Morganza_all/021282@29.4412874837297,-90.6000657662736.jpg",1,229,223,270,99,499,322
"Morganza_all/021283@29.4415494452437,-90.6000313029711.jpg",1,55,227,427,117,482,344
"Morganza_all/021284@29.4414853988983,-90.5997908647876.jpg",1,238,214,363,114,601,328
"Morganza_all/021285@29.4412293486225,-90.5998643682577.jpg",1,165,214,391,106,556,320
"Morganza_all/021286@29.4411539540126,-90.599630517282.jpg",1,155,264,371,122,526,386
"Morganza_all/021287@29.4413874268986,-90.5995962612957.jpg",1,68,223,468,112,536,335
"Morganza_all/021288@29.4413406663379,-90.5993882453623.jpg",1,162,258,308,137,470,395
"Morganza_all/021289@29.4410732318832,-90.5994618330515.jpg",1,110,218,526,102,636,320
"Morganza_all/021290@29.4428607612756,-90.6021638579793.jpg",1,97,261,382,88,479,349
"Morganza_all/021292@29.4424771250688,-90.6018411073477.jpg",1,57,223,517,119,574,342
"Morganza_all/021293@29.4426693517663,-90.6015662476343.jpg",2,0,234,462,105,462,339
"Morganza_all/021294@29.4423960054355,-90.6016007903684.jpg",2,61,179,578,144,639,323
"Morganza_all/021295@29.4423379090479,-90.6014058923691.jpg",5,331,320,218,93,549,413
"Morganza_all/021296@29.4425997616604,-90.6013518913422.jpg",3,80,238,354,121,434,359
"Morganza_all/021297@29.4425358909057,-90.6011374935926.jpg",1,71,294,346,123,417,417
"Morganza_all/021298@29.4422567886158,-90.6011655760753.jpg",1,205,198,434,132,639,330
"Morganza_all/021299@29.4424719923013,-90.6009230963169.jpg",1,127,250,325,86,452,336
"Morganza_all/021300@29.4421871978544,-90.6009512209429.jpg",1,258,201,381,127,639,328
"Morganza_all/021301@29.4421118051846,-90.600717366917.jpg",1,191,166,434,161,625,327
"Morganza_all/021302@29.4423851876757,-90.6006893250081.jpg",1,74,280,447,129,521,409
"Morganza_all/021303@29.4423155506458,-90.600461932054.jpg",1,160,295,371,127,531,422
"Morganza_all/021304@29.4420423230757,-90.6005225531595.jpg",1,298,215,337,103,635,318
"Morganza_all/021306@29.442164954563,-90.6000333062465.jpg",1,221,290,268,123,489,413
"Morganza_all/021307@29.4418975197416,-90.6001068928206.jpg",2,112,265,529,169,641,434
"Morganza_all/021309@29.4418049850211,-90.5998666620857.jpg",2,37,161,604,170,641,331
"Morganza_all/021310@29.4419573800507,-90.599605098538.jpg",1,222,225,316,122,538,347
"Morganza_all/021311@29.4417237613701,-90.5996133423315.jpg",1,191,247,355,158,546,405
"Morganza_all/021312@29.4416543413988,-90.5994250015625.jpg",1,115,219,500,112,615,331
"Morganza_all/021313@29.441823803358,-90.5991568408554.jpg",1,150,184,331,148,481,332
"Morganza_all/021314@29.4415847477882,-90.5992106489253.jpg",2,100,167,533,179,633,346
"Morganza_all/021315@29.4415261365936,-90.5989246165381.jpg",2,6,240,635,338,641,578
"Morganza_all/021316@29.4416735317717,-90.5987868097336.jpg",1,77,210,284,129,361,339
"Morganza_all/021317@29.4418555732997,-90.5987268519807.jpg",1,96,243,364,106,460,349
"Morganza_all/021318@29.44178645376,-90.5985971653011.jpg",5,0,282,388,229,388,511
"Morganza_all/021319@29.4414223979426,-90.5987170179443.jpg",1,166,292,341,140,507,432
"Morganza_all/021320@29.4415751562433,-90.5985205787115.jpg",2,0,293,257,135,257,428
"Morganza_all/021321@29.4412608139071,-90.5983601099246.jpg",2,0,136,351,164,351,300
"Morganza_all/021322@29.441477218867,-90.5983324793615.jpg",1,244,289,234,122,478,411
"Morganza_all/021324@29.4419209654306,-90.5981924996438.jpg",1,145,226,431,111,576,337
"Morganza_all/021325@29.4419449680913,-90.5984071863675.jpg",1,236,281,210,127,446,408
"Morganza_all/021326@29.4420371764834,-90.5985887938382.jpg",1,183,217,400,119,583,336
"Morganza_all/021327@29.4423497281552,-90.5984302655409.jpg",1,120,210,428,174,548,384
"Morganza_all/021328@29.4420656436589,-90.5975663606188.jpg",2,0,212,562,105,562,317
"Morganza_all/021329@29.4417290412818,-90.5964945188262.jpg",1,27,267,405,141,432,408
"Morganza_all/021330@29.4413708629267,-90.5966469153923.jpg",2,0,258,641,147,641,405
"Morganza_all/021331@29.4415396450176,-90.5972707196444.jpg",2,193,254,448,134,641,388
"Morganza_all/021332@29.4416839815524,-90.5976017085927.jpg",1,151,278,267,124,418,402
"Morganza_all/021333@29.4417477759817,-90.5977965927901.jpg",1,176,276,435,124,611,400
"Morganza_all/021334@29.4412020453732,-90.5980415006387.jpg",1,171,299,464,100,635,399
"Morganza_all/021335@29.44109674124,-90.5975604615575.jpg",1,183,186,428,155,611,341
"Morganza_all/021336@29.4413698212185,-90.5974738206828.jpg",1,191,276,313,111,504,387
"Morganza_all/021337@29.4412597747831,-90.5971620912533.jpg",1,169,281,394,130,563,411
"Morganza_all/021339@29.4409409834549,-90.5972230237014.jpg",1,247,289,250,116,497,405
"Morganza_all/021340@29.4408310463456,-90.5969308363939.jpg",1,140,264,313,193,453,457
"Morganza_all/021341@29.4407389088359,-90.5967622386848.jpg",1,152,257,350,210,502,467
"Morganza_all/021343@29.4412366617981,-90.5960944584523.jpg",1,198,257,195,116,393,373
"Morganza_all/021344@29.441040706344,-90.5957052286197.jpg",2,0,247,516,161,516,408
"Morganza_all/021345@29.4410884679343,-90.5950798361862.jpg",3,120,287,349,86,469,373
"Morganza_all/021346@29.4415519582723,-90.5954084724478.jpg",6,193,264,152,83,345,347
"Morganza_all/021348@29.4421164031398,-90.5954499061963.jpg",6,249,244,231,128,480,372
"Morganza_all/021349@29.4418768722316,-90.5954191201249.jpg",6,21,253,368,246,389,499
"Morganza_all/021350@29.4418248166782,-90.5952827753249.jpg",6,224,261,110,94,334,355
"Morganza_all/021351@29.4415037225111,-90.5949400523509.jpg",1,146,265,248,86,394,351
"Morganza_all/021355@29.3881943300336,-90.6192724846407.jpg",1,152,266,382,139,534,405
"Morganza_all/021356@29.3887040395778,-90.6191522988967.jpg",1,98,288,237,122,335,410
"Morganza_all/021357@29.3888947497103,-90.618890410732.jpg",1,146,284,275,176,421,460
"Morganza_all/021358@29.3890742187101,-90.6187656969705.jpg",1,163,211,231,141,394,352
"Morganza_all/021359@29.3892478902534,-90.6186821904061.jpg",1,194,296,285,129,479,425
"Morganza_all/021360@29.3894452683234,-90.6185436575255.jpg",1,146,315,244,145,390,460
"Morganza_all/021363@29.4128491401657,-90.6062490131758.jpg",1,426,269,168,103,594,372
"Morganza_all/021364@29.4129569955128,-90.6061701194177.jpg",1,232,268,158,112,390,380
"Morganza_all/021370@29.4137479528184,-90.6059495844317.jpg",1,243,304,171,82,414,386
"Morganza_all/021371@29.4138672285273,-90.6058771083857.jpg",1,194,291,212,85,406,376
"Morganza_all/021372@29.4140834179268,-90.6058104623596.jpg",1,158,295,227,82,385,377
"Morganza_all/021373@29.4143961502323,-90.6056780058209.jpg",1,238,268,212,90,450,358
"Morganza_all/021374@29.4146297055029,-90.6056632772567.jpg",2,0,184,524,164,524,348
"Morganza_all/021376@29.4148741935413,-90.6055573524796.jpg",1,47,180,589,150,636,330
"Morganza_all/021377@29.4150299211128,-90.6058882140382.jpg",1,165,234,244,191,409,425
"Morganza_all/021378@29.4150936032402,-90.606070017785.jpg",1,187,256,363,158,550,414
"Morganza_all/021379@29.4151114668191,-90.6062065795844.jpg",1,183,295,251,96,434,391
"Morganza_all/021381@29.4152840523759,-90.606498248126.jpg",1,200,247,141,96,341,343
"Morganza_all/021382@29.4153133721095,-90.6066477305634.jpg",1,132,250,312,94,444,344
"Morganza_all/021383@29.4153655878327,-90.6068100819817.jpg",1,158,223,326,116,484,339
"Morganza_all/021384@29.4153891428413,-90.6069466030697.jpg",1,110,258,320,119,430,377
"Morganza_all/021386@29.4149607298122,-90.6067739726884.jpg",1,235,208,348,116,583,324
"Morganza_all/021387@29.4148510946737,-90.6065274226615.jpg",1,233,258,163,100,396,358
"Morganza_all/021388@29.4148498653592,-90.6063060940175.jpg",5,301,289,154,89,455,378
"Morganza_all/021389@29.4147238211035,-90.6061898528789.jpg",5,282,302,142,84,424,386
"Morganza_all/021390@29.4146489080644,-90.6060406705608.jpg",1,276,281,194,99,470,380
"Morganza_all/021391@29.4159564211411,-90.6064738404616.jpg",6,260,223,188,111,448,334
"Morganza_all/021393@29.4157833751926,-90.6050756008857.jpg",1,152,281,286,101,438,382
"Morganza_all/021394@29.4163753183675,-90.6059630751349.jpg",1,85,247,325,155,410,402
"Morganza_all/021395@29.4162773192815,-90.60576198147.jpg",5,277,287,170,102,447,389
"Morganza_all/021396@29.4162650026647,-90.6055993396917.jpg",2,0,205,361,224,361,429
"Morganza_all/021397@29.4162011389039,-90.605384995516.jpg",1,93,226,310,175,403,401
"Morganza_all/021398@29.4161135817192,-90.605014594415.jpg",2,0,242,641,275,641,517
"Morganza_all/021399@29.416663815795,-90.6055769415687.jpg",1,325,244,229,92,554,336
"Morganza_all/021400@29.4166000968189,-90.6053886338243.jpg",1,292,285,202,113,494,398
"Morganza_all/021402@29.4164162417569,-90.6051230834236.jpg",1,232,115,296,156,528,271
"Morganza_all/021403@29.4163348832237,-90.6048437549125.jpg",1,50,245,527,198,577,443
"Morganza_all/021405@29.4168185007085,-90.6046970478079.jpg",1,304,288,166,88,470,376
"Morganza_all/021407@29.4321542392738,-90.5994880064634.jpg",6,179,276,213,94,392,370
"Morganza_all/021408@29.4321777246863,-90.598595922649.jpg",2,0,281,407,90,407,371
"Morganza_all/021410@29.4318599453934,-90.5978235156966.jpg",3,198,278,202,106,400,384
"Morganza_all/021411@29.4318810221575,-90.5975173877149.jpg",3,259,240,302,121,561,361
"Morganza_all/021413@29.4322669578175,-90.5972345930322.jpg",1,231,261,239,101,470,362
"Morganza_all/021414@29.4326334555977,-90.5975444134506.jpg",6,243,270,193,86,436,356
"Morganza_all/021417@29.4324662493295,-90.597200585347.jpg",1,224,216,292,102,516,318
"Morganza_all/021418@29.4332342490964,-90.5969540625149.jpg",1,162,260,250,92,412,352
"Morganza_all/021420@29.4337805637272,-90.5968133350681.jpg",1,162,289,264,86,426,375
"Morganza_all/021423@29.4344120413327,-90.5966133604274.jpg",1,249,287,168,91,417,378
"Morganza_all/021425@29.4346051000472,-90.5964882617442.jpg",1,238,280,144,98,382,378
"Morganza_all/021426@29.4347589453635,-90.5964806286911.jpg",3,228,283,130,89,358,372
"Morganza_all/021427@29.434828909703,-90.5967600541113.jpg",6,314,237,116,112,430,349
"Morganza_all/021429@29.435174421219,-90.5963799068846.jpg",1,103,179,534,302,637,481
"Morganza_all/021430@29.4362999991086,-90.5989172974226.jpg",2,200,160,440,142,640,302
"Morganza_all/021432@29.4360627627589,-90.5982809872825.jpg",2,229,205,412,223,641,428
"Morganza_all/021433@29.4359925456061,-90.5979559754993.jpg",1,133,226,480,108,613,334
"Morganza_all/021434@29.435888256753,-90.5976507544275.jpg",5,82,276,422,134,504,410
"Morganza_all/021435@29.4356802351176,-90.5971444518148.jpg",2,0,245,641,248,641,493
"Morganza_all/021436@29.4356102348359,-90.5968584896466.jpg",2,0,229,637,273,637,502
"Morganza_all/021437@29.435511635626,-90.5965532290678.jpg",2,0,243,640,205,640,448
"Morganza_all/021438@29.4355052682358,-90.5974452175265.jpg",1,178,217,285,198,463,415
"Morganza_all/021439@29.4352147183204,-90.5974668893656.jpg",6,231,271,203,87,434,358
"Morganza_all/021440@29.4351677713759,-90.597226342483.jpg",1,86,115,510,196,596,311
"Morganza_all/021441@29.4353896394328,-90.5971530875868.jpg",1,93,142,488,160,581,302
"Morganza_all/021442@29.4353421790211,-90.5968213772984.jpg",1,26,160,572,142,598,302
"Morganza_all/021443@29.4361857612908,-90.5968412264868.jpg",6,0,259,416,94,416,353
"Morganza_all/021444@29.4356921733414,-90.5962263461246.jpg",1,78,261,537,153,615,414
"Morganza_all/021445@29.4354929188603,-90.5962668909397.jpg",1,98,268,437,134,535,402
"Morganza_all/021447@29.4367565571861,-90.5969998311953.jpg",6,224,256,239,95,463,351
"Morganza_all/021449@29.4366765025019,-90.5959391680024.jpg",1,285,289,142,82,427,371
"Morganza_all/021450@29.4368242612359,-90.5958664540289.jpg",3,235,287,168,95,403,382
"Morganza_all/021451@29.437023478962,-90.5958194050946.jpg",2,0,188,521,132,521,320
"Morganza_all/021452@29.4371103382024,-90.5960661968918.jpg",1,128,284,303,128,431,412
"Morganza_all/021453@29.4371971508977,-90.5962999204914.jpg",1,9,188,365,123,374,311
"Morganza_all/021454@29.4372664928692,-90.5964687107071.jpg",2,0,209,393,116,393,325
"Morganza_all/021455@29.4373242393844,-90.5966050081171.jpg",2,0,186,511,115,511,301
"Morganza_all/021456@29.4373596931346,-90.596826103634.jpg",1,53,276,371,144,424,420
"Morganza_all/021457@29.4374460742776,-90.5969882348975.jpg",2,0,180,453,120,453,300
"Morganza_all/021458@29.4375097231602,-90.5971570677859.jpg",1,18,191,397,122,415,313
"Morganza_all/021459@29.437522233257,-90.5973522884819.jpg",1,103,273,348,148,451,421
"Morganza_all/021460@29.4376199525452,-90.5975013310941.jpg",2,0,156,352,162,352,318
"Morganza_all/021461@29.4376380445225,-90.5976769704073.jpg",1,107,247,282,152,389,399
"Morganza_all/021463@29.4377822337288,-90.5979819043085.jpg",1,201,196,358,113,559,309
"Morganza_all/021464@29.4378857177221,-90.598143943297.jpg",1,209,239,321,188,530,427
"Morganza_all/021465@29.438772197337,-90.5986973777418.jpg",2,0,147,274,177,274,324
"Morganza_all/021466@29.4390051582967,-90.5985719539257.jpg",4,231,302,168,92,399,394
"Morganza_all/021467@29.438894383228,-90.5981300154103.jpg",1,59,206,545,203,604,409
"Morganza_all/021468@29.4386218512598,-90.598314321371.jpg",1,25,224,590,220,615,444
"Morganza_all/021469@29.4382278085811,-90.5981674798082.jpg",1,215,250,323,125,538,375
"Morganza_all/021470@29.4384427140776,-90.5978729175008.jpg",3,175,184,363,182,538,366
"Morganza_all/021472@29.4380417070055,-90.5975047401717.jpg",1,63,226,466,111,529,337
"Morganza_all/021473@29.4379553721239,-90.5973556133956.jpg",1,205,193,285,143,490,336
"Morganza_all/021474@29.4382633647695,-90.5973989382467.jpg",1,4,209,507,133,511,342
"Morganza_all/021475@29.4382280859351,-90.5972038832051.jpg",1,235,127,335,173,570,300
"Morganza_all/021476@29.4381700561606,-90.5970220015719.jpg",1,125,228,514,194,639,422
"Morganza_all/021477@29.438106398016,-90.5968466645996.jpg",1,115,254,458,156,573,410
"Morganza_all/021479@29.4377473493381,-90.5968493009608.jpg",1,307,251,263,157,570,408
"Morganza_all/021480@29.4377176519231,-90.5966346654021.jpg",3,186,233,330,105,516,338
"Morganza_all/021481@29.4375558789722,-90.5962452284035.jpg",1,270,246,340,158,610,404
"Morganza_all/021482@29.4373364674911,-90.595739004005.jpg",3,52,243,533,228,585,471
"Morganza_all/021483@29.4376432864798,-90.5955739504697.jpg",5,0,296,405,81,405,377
"Morganza_all/021484@29.4377764998404,-90.5959506219022.jpg",2,0,254,542,189,542,443
"Morganza_all/021485@29.4379154407532,-90.5963337239388.jpg",1,281,243,318,179,599,422
"Morganza_all/021486@29.4379903648974,-90.596482933611.jpg",1,156,163,342,139,498,302
"Morganza_all/021487@29.4380484411106,-90.5966778205131.jpg",1,103,166,456,140,559,306
"Morganza_all/021488@29.4387611397713,-90.5977468654014.jpg",1,116,128,495,202,611,330
"Morganza_all/021489@29.4387598957838,-90.5975255155209.jpg",1,203,273,325,170,528,443
"Morganza_all/021490@29.4385644572651,-90.5972274585667.jpg",1,2,196,432,132,434,328
"Morganza_all/021491@29.438495152845,-90.5970651685237.jpg",1,56,258,491,173,547,431
"Morganza_all/021492@29.438408881719,-90.5969225755404.jpg",1,89,250,449,172,538,422
"Morganza_all/021493@29.4383962976208,-90.5967143160077.jpg",1,109,230,489,163,598,393
"Morganza_all/021494@29.4382219307322,-90.5961101140846.jpg",1,99,236,529,148,628,384
"Morganza_all/021496@29.4379053569197,-90.5955590166308.jpg",1,64,209,561,301,625,510
"Morganza_all/021498@29.4383602554307,-90.5953733627374.jpg",2,0,218,573,265,573,483
"Morganza_all/021499@29.4384761450679,-90.5957110822649.jpg",1,182,219,262,185,444,404
"Morganza_all/021500@29.4385400247046,-90.5959254678811.jpg",1,78,202,380,141,458,343
"Morganza_all/021502@29.438730726967,-90.5963928278535.jpg",1,127,241,492,197,619,438
"Morganza_all/021503@29.438754659382,-90.5965945015219.jpg",1,116,201,455,188,571,389
"Morganza_all/021504@29.4388125798058,-90.5967568438472.jpg",1,76,214,466,109,542,323
"Morganza_all/021505@29.4388818478498,-90.5969125998693.jpg",3,129,248,426,171,555,419
"Morganza_all/021506@29.4389512254306,-90.5970878648395.jpg",1,85,229,479,181,564,410
"Morganza_all/021507@29.4390384116748,-90.5973932515593.jpg",1,214,250,357,148,571,398
"Morganza_all/021508@29.4389885174346,-90.5976410212997.jpg",3,264,287,257,90,521,377
"Morganza_all/021509@29.4392003275453,-90.5978087392902.jpg",2,0,233,557,208,557,441
"Morganza_all/021510@29.43927634701,-90.5981532598537.jpg",1,0,171,236,143,236,314
"Morganza_all/021512@29.439687046263,-90.5982153760509.jpg",2,336,246,303,106,639,352
"Morganza_all/021514@29.4394845361034,-90.5976764652001.jpg",2,220,231,417,99,637,330
"Morganza_all/021515@29.4393921065946,-90.597455751306.jpg",2,175,254,462,207,637,461
"Morganza_all/021517@29.4397547242667,-90.5970754636285.jpg",2,27,194,610,254,637,448
"Morganza_all/021518@29.43942499719,-90.5972211431029.jpg",2,169,240,467,175,636,415
"Morganza_all/021519@29.4392980200556,-90.5969355885221.jpg",2,0,222,640,230,640,452
"Morganza_all/021520@29.4396096536456,-90.5966142656562.jpg",1,195,267,406,162,601,429
"Morganza_all/021521@29.439108199024,-90.596624452053.jpg",5,142,164,350,131,492,295
"Morganza_all/021522@29.4390673093291,-90.5964489778329.jpg",1,124,239,465,128,589,367
"Morganza_all/021523@29.4389978574872,-90.5962606758592.jpg",1,150,202,321,211,471,413
"Morganza_all/021524@29.4390423500957,-90.5960650019999.jpg",1,208,236,393,135,601,371
"Morganza_all/021525@29.4388989999289,-90.5959097909627.jpg",1,173,205,237,187,410,392
"Morganza_all/021526@29.4388524170749,-90.5957343592592.jpg",1,201,191,337,109,538,300
"Morganza_all/021527@29.4387710018074,-90.5954484729845.jpg",1,176,210,390,146,566,356
"Morganza_all/021528@29.4389350569238,-90.5952324098478.jpg",1,266,160,338,210,604,370
"Morganza_all/021529@29.4391285455609,-90.5951788976329.jpg",1,71,268,252,136,323,404
"Morganza_all/021530@29.4391985128622,-90.5954583657331.jpg",1,112,259,482,189,594,448
"Morganza_all/021531@29.4392682593634,-90.5956987538066.jpg",1,211,271,258,132,469,403
"Morganza_all/021532@29.4393948357329,-90.5959126801583.jpg",1,0,177,528,307,528,484
"Morganza_all/021533@29.4394537560846,-90.5962573256445.jpg",1,80,277,384,159,464,436
"Morganza_all/021534@29.4403510354257,-90.5987313680563.jpg",6,225,231,199,118,424,349
"Morganza_all/021538@29.4429871449727,-90.5945560788479.jpg",1,108,256,292,148,400,404
"Morganza_all/021539@29.4431237114441,-90.5945224928284.jpg",2,0,261,465,143,465,404
"Morganza_all/021540@29.4432795772399,-90.5948729714297.jpg",2,0,266,518,191,518,457
"Morganza_all/021541@29.4433261979269,-90.5950549136706.jpg",2,0,243,364,193,364,436
"Morganza_all/021543@29.4434484410943,-90.5955097909717.jpg",1,24,169,342,141,366,310
"Morganza_all/021544@29.44354678611,-90.5957695208046.jpg",1,96,168,257,141,353,309
"Morganza_all/021545@29.4436164219858,-90.5959903784603.jpg",1,54,278,362,151,416,429
"Morganza_all/021547@29.4437447572769,-90.5965168460836.jpg",1,102,240,246,107,348,347
"Morganza_all/021548@29.4438254009213,-90.5966660225542.jpg",3,89,275,335,157,424,432
"Morganza_all/021549@29.443900434455,-90.596834750962.jpg",2,0,208,414,213,414,421
"Morganza_all/021550@29.4433568890152,-90.5944361358807.jpg",2,0,227,640,323,640,550
"Morganza_all/021551@29.4435593024916,-90.5949555513683.jpg",2,0,217,641,268,641,485
"Morganza_all/021552@29.4438336659108,-90.595096765543.jpg",2,140,272,499,95,639,367
"Morganza_all/021553@29.4438641734997,-90.5944454370756.jpg",2,179,228,461,279,640,507
"Morganza_all/021554@29.4440906313869,-90.5951860175799.jpg",2,75,250,560,186,635,436
"Morganza_all/021555@29.4441716159941,-90.5954002890189.jpg",2,130,182,508,269,638,451
"Morganza_all/021556@29.4442527103666,-90.5956341019832.jpg",3,78,243,509,210,587,453
"Morganza_all/021557@29.4443688192891,-90.5960108926407.jpg",2,193,250,443,204,636,454
"Morganza_all/021558@29.4444499400699,-90.5962447063564.jpg",1,118,198,475,134,593,332
"Morganza_all/021559@29.444502141233,-90.5964070997236.jpg",1,68,282,529,190,597,472
"Morganza_all/021560@29.4445716294692,-90.5966019154078.jpg",1,100,255,506,195,606,450
"Morganza_all/021562@29.4446595127496,-90.5970310382422.jpg",1,11,217,404,232,415,449
"Morganza_all/021563@29.4439769689543,-90.5972704264984.jpg",1,141,264,338,125,479,389
"Morganza_all/021564@29.4446900788265,-90.5973954211687.jpg",1,43,274,586,118,629,392
"Morganza_all/021565@29.4441902067698,-90.5976920929964.jpg",1,154,258,242,160,396,418
"Morganza_all/021566@29.4441979106732,-90.59805013849.jpg",1,107,231,295,92,402,323
"Morganza_all/021569@29.4446382749816,-90.5993361520387.jpg",1,37,283,175,89,212,372
"Morganza_all/021571@29.4448281178291,-90.5966065663292.jpg",2,0,280,420,127,420,407
"Morganza_all/021572@29.4451333618431,-90.5961615465505.jpg",6,190,157,131,109,321,266
"Morganza_all/021574@29.4451151943958,-90.5959728563476.jpg",6,92,220,209,111,301,331
"Morganza_all/021575@29.4451866343844,-90.5955035389512.jpg",6,0,227,261,152,261,379
"Morganza_all/021577@29.444986856914,-90.5954463822268.jpg",6,234,223,120,122,354,345
"Morganza_all/021578@29.4450987462735,-90.5950744466169.jpg",6,132,258,288,179,420,437
"Morganza_all/021579@29.44483091948,-90.5950829216024.jpg",6,14,233,354,278,368,511
"Morganza_all/021580@29.4449311660221,-90.5946654526694.jpg",6,252,240,108,103,360,343
"Morganza_all/021582@29.4441320094538,-90.5944434639181.jpg",2,0,261,500,233,500,494
"Morganza_all/021584@29.4444299045131,-90.5947147319782.jpg",2,0,270,471,205,471,475
"Morganza_all/021585@29.4442480115655,-90.5948007115664.jpg",2,0,236,513,245,513,481
"Morganza_all/021587@29.4445571342375,-90.5950393492148.jpg",1,184,288,196,97,380,385
"Morganza_all/021588@29.4443811168065,-90.5951578341556.jpg",1,246,283,167,101,413,384
"Morganza_all/021589@29.4444218615907,-90.5953073040858.jpg",1,231,303,155,108,386,411
"Morganza_all/021590@29.4445927099703,-90.595286504846.jpg",1,365,296,151,133,516,429
"Morganza_all/021593@29.4446770325144,-90.5960932986577.jpg",2,2,224,639,268,641,492
"Morganza_all/021594@29.4258294041149,-90.6013953545741.jpg",2,395,285,244,81,639,366
"Morganza_all/021595@29.3921258766864,-90.6154594186565.jpg",1,163,222,193,151,356,373
"Morganza_all/021596@29.3931786605399,-90.6144804673779.jpg",1,270,267,108,88,378,355
"Morganza_all/021597@29.4056136863282,-90.6091072457439.jpg",6,280,250,112,81,392,331
"Morganza_all/021598@29.4077975434069,-90.6091270343535.jpg",1,49,270,396,170,445,440
"Morganza_all/021601@29.4177476999033,-90.6043092369585.jpg",1,185,261,149,102,334,363
"Morganza_all/021602@29.417849454836,-90.6042905939949.jpg",1,235,285,220,90,455,375
"Morganza_all/021603@29.4191667458122,-90.603752985652.jpg",1,342,268,243,116,585,384
"Morganza_all/021604@29.4241410597161,-90.6021281629219.jpg",1,119,310,152,87,271,397
"Morganza_all/021605@29.4308761418798,-90.5980434007212.jpg",1,205,302,121,85,326,387
"Morganza_all/021606@29.4383369328135,-90.5965445393664.jpg",1,97,228,242,145,339,373
"Morganza_all/021607@29.4243695984912,-90.7019398026785.jpg",1,43,216,397,202,440,418
"Morganza_all/021608@29.4246742500216,-90.7019992322102.jpg",1,131,273,414,83,545,356
"Morganza_all/021609@29.4250923445722,-90.7020716123597.jpg",1,169,275,234,102,403,377
"Morganza_all/021610@29.425438673336,-90.7021171477049.jpg",1,83,292,333,93,416,385
"Morganza_all/021615@29.4265694843992,-90.7027167289115.jpg",2,0,242,307,117,307,359
"Morganza_all/021616@29.4265804004814,-90.7025053184744.jpg",1,90,289,208,105,298,394
"Morganza_all/021619@29.3957439851537,-90.7106373796247.jpg",2,405,233,236,196,641,429
"Morganza_all/021620@29.3966046664939,-90.7111060337032.jpg",6,181,294,222,83,403,377
"Morganza_all/021626@29.3965334127504,-90.710007689425.jpg",1,346,280,126,87,472,367
"Morganza_all/021627@29.3967836323707,-90.7100599911332.jpg",6,274,252,98,83,372,335
"Morganza_all/021628@29.3967674450437,-90.7096292119991.jpg",1,333,238,198,142,531,380
"Morganza_all/021630@29.3976896359075,-90.7091494796526.jpg",6,229,225,201,96,430,321
"Morganza_all/021632@29.3974850064864,-90.7087736947853.jpg",1,254,252,269,125,523,377
"Morganza_all/021633@29.3976120186604,-90.7087028750928.jpg",1,272,263,228,86,500,349
"Morganza_all/021634@29.397763036162,-90.7087181076903.jpg",1,109,262,172,94,281,356
"Morganza_all/021639@29.3996333616136,-90.7072682950431.jpg",6,34,322,278,152,312,474
"Morganza_all/021640@29.4013108451862,-90.7118632775406.jpg",6,247,282,156,82,403,364
"Morganza_all/021642@29.409459260965,-90.7038329997341.jpg",1,300,284,331,105,631,389
"Morganza_all/021643@29.4094821462214,-90.7036283970699.jpg",1,306,176,312,169,618,345
"Morganza_all/021644@29.4095043420668,-90.7032806458432.jpg",1,241,288,228,134,469,422
"Morganza_all/021645@29.412050210633,-90.7027875432915.jpg",1,347,273,181,135,528,408
"Morganza_all/021646@29.4123557152191,-90.7030241656853.jpg",1,140,286,398,109,538,395
"Morganza_all/021647@29.413888611152,-90.7053388124396.jpg",2,0,219,342,109,342,328
"Morganza_all/021648@29.413850648512,-90.7048891891313.jpg",2,0,255,361,135,361,390
"Morganza_all/021650@29.4137693413968,-90.7041126893611.jpg",2,0,208,285,150,285,358
"Morganza_all/021652@29.4136763575385,-90.7033907574364.jpg",2,0,202,354,125,354,327
"Morganza_all/021653@29.4136157667009,-90.7032003015402.jpg",1,75,229,287,92,362,321
"Morganza_all/021654@29.4135970772473,-90.7030368135408.jpg",1,1,235,380,89,381,324
"Morganza_all/021655@29.4136191403069,-90.7026618178176.jpg",1,60,223,279,106,339,329
"Morganza_all/021656@29.413487861541,-90.7026626430534.jpg",1,231,247,301,100,532,347
"Morganza_all/021657@29.4132672440766,-90.7027049232395.jpg",2,229,137,412,192,641,329
"Morganza_all/021658@29.4133355097065,-90.7032497707175.jpg",2,214,113,427,219,641,332
"Morganza_all/021661@29.4142204143903,-90.7048391635578.jpg",1,315,230,320,106,635,336
"Morganza_all/021662@29.4141404174804,-90.7043352775012.jpg",1,316,257,244,98,560,355
"Morganza_all/021663@29.4141095985707,-90.7041310022172.jpg",1,210,220,428,109,638,329
"Morganza_all/021664@29.4140298940514,-90.7036884559333.jpg",1,50,227,515,101,565,328
"Morganza_all/021665@29.4140289428654,-90.7034907777613.jpg",1,333,181,308,143,641,324
"Morganza_all/021667@29.4139674661903,-90.7031163052983.jpg",1,346,195,220,131,566,326
"Morganza_all/021668@29.4139908754062,-90.7030207083148.jpg",1,50,192,276,149,326,341
"Morganza_all/021669@29.4138587155969,-90.7028443330155.jpg",1,40,262,314,116,354,378
"Morganza_all/021670@29.4138817963667,-90.7026806135258.jpg",1,137,188,485,150,622,338
"Morganza_all/021671@29.4140487417202,-90.7026454860448.jpg",1,106,232,279,110,385,342
"Morganza_all/021672@29.4130657376928,-90.7029924427879.jpg",1,39,242,370,107,409,349
"Morganza_all/021673@29.4130522982585,-90.7026858276828.jpg",2,0,159,312,223,312,382
"Morganza_all/021675@29.4145379166182,-90.7026083012744.jpg",1,252,218,261,108,513,326
"Morganza_all/021676@29.4147109659051,-90.7026072133581.jpg",1,177,196,372,135,549,331
"Morganza_all/021677@29.4154327256679,-90.702534518728.jpg",2,0,205,528,262,528,467
"Morganza_all/021678@29.4157760039217,-90.703179917558.jpg",5,0,246,636,232,636,478
"Morganza_all/021679@29.4156085989888,-90.7031196275748.jpg",1,339,191,227,116,566,307
"Morganza_all/021680@29.4156892449445,-90.7025124586791.jpg",1,249,231,332,118,581,349
"Morganza_all/021681@29.416458846325,-90.7024667249125.jpg",1,149,280,466,104,615,384
"Morganza_all/021683@29.4178665624314,-90.7023215552475.jpg",1,154,221,307,107,461,328
"Morganza_all/021685@29.4184333112631,-90.7022839109361.jpg",1,111,265,385,122,496,387
"Morganza_all/021686@29.4189819941143,-90.7022123001034.jpg",4,169,275,213,96,382,371
"Morganza_all/021687@29.4191551695135,-90.7022316585432.jpg",1,119,232,336,102,455,334
"Morganza_all/021688@29.4195906395539,-90.7021948391384.jpg",1,153,242,304,106,457,348
"Morganza_all/021690@29.4206576781708,-90.7021609875394.jpg",1,240,240,156,89,396,329
"Morganza_all/021692@29.4211148092456,-90.6989882822824.jpg",1,155,242,253,104,408,346
"Morganza_all/021693@29.4207931740934,-90.6991130053539.jpg",4,270,257,176,81,446,338
"Morganza_all/021694@29.4206199651972,-90.6990868361295.jpg",4,279,252,159,94,438,346
"Morganza_all/021695@29.4203636722757,-90.6991498322645.jpg",1,175,266,235,106,410,372
"Morganza_all/021696@29.4201011202688,-90.6991583080267.jpg",3,149,214,306,132,455,346
"Morganza_all/021697@29.4198920418792,-90.6991187022289.jpg",1,275,268,145,103,420,371
"Morganza_all/021699@29.4195269185441,-90.6988892669345.jpg",6,153,257,274,137,427,394
"Morganza_all/021707@29.4182879009992,-90.6993606152934.jpg",1,189,247,255,108,444,355
"Morganza_all/021710@29.4177331589809,-90.6994186477931.jpg",1,234,202,202,106,436,308
"Morganza_all/021712@29.4382085683677,-90.5954321272892.jpg",1,275,194,278,103,553,297
"Morganza_all/021713@29.4396112585828,-90.5968115182807.jpg",2,0,196,377,153,377,349
"Morganza_all/021716@29.4505784101643,-90.5935138855239.jpg",6,0,268,418,128,418,396
"Morganza_all/021717@29.4517485509826,-90.5936259704797.jpg",6,144,234,276,147,420,381
"Morganza_all/021719@29.4634830604878,-90.5922883248818.jpg",1,264,243,262,116,526,359
"Morganza_all/021720@29.4204620069083,-90.7022098053186.jpg",1,134,221,234,124,368,345
"Morganza_all/021722@29.4209807550478,-90.7021179327234.jpg",3,73,197,457,180,530,377
"Morganza_all/021723@29.4210727934769,-90.7026422239889.jpg",6,179,222,206,103,385,325
"Morganza_all/021724@29.4211094834332,-90.7028260278322.jpg",6,186,235,130,87,316,322
"Morganza_all/021726@29.4215055030712,-90.7020328061299.jpg",3,149,220,468,104,617,324
"Morganza_all/021728@29.423014825991,-90.7019210646254.jpg",1,174,235,298,113,472,348
"Morganza_all/021729@29.4233078443486,-90.7020487289356.jpg",1,183,272,209,96,392,368
"Morganza_all/021730@29.4235517715739,-90.7018904199754.jpg",1,179,235,275,97,454,332
"Morganza_all/021731@29.423797605844,-90.7021274736404.jpg",6,99,177,311,113,410,290
"Morganza_all/021732@29.4239457998691,-90.7019220212028.jpg",1,224,259,185,84,409,343
"Morganza_all/021733@29.4266547560892,-90.5663223036889.jpg",6,138,282,197,115,335,397
"Morganza_all/021739@29.4280456118462,-90.5670738102581.jpg",1,81,249,405,138,486,387
"Morganza_all/021743@29.43148424001,-90.5668259165434.jpg",1,138,277,317,113,455,390
"Morganza_all/021744@29.431829173973,-90.5667422008136.jpg",3,117,303,364,83,481,386
"Morganza_all/021748@29.433347167615,-90.5665792439741.jpg",3,178,265,198,112,376,377
"Morganza_all/021750@29.4344075133794,-90.5666468171712.jpg",1,143,256,361,107,504,363
"Morganza_all/021756@29.4163256145696,-90.5697657740279.jpg",3,242,314,171,84,413,398
"Morganza_all/021758@29.4156979960984,-90.7829991538906.jpg",6,136,390,252,126,388,516
"Morganza_all/021759@29.416157659558,-90.7834269029482.jpg",6,0,326,416,246,416,572
"Morganza_all/021763@29.4376888132102,-90.7553098705073.jpg",3,248,247,247,81,495,328
"Morganza_all/021764@29.4380107506818,-90.7549676880812.jpg",1,208,233,283,98,491,331
"Morganza_all/021766@29.4381876721763,-90.7545485231042.jpg",1,174,255,340,83,514,338
"Morganza_all/021771@29.4446304077806,-90.7510369369314.jpg",1,184,261,278,98,462,359
"Morganza_all/021772@29.4449664124068,-90.7509848745083.jpg",1,133,242,434,121,567,363
"Morganza_all/021773@29.4457338482237,-90.7509804185208.jpg",1,23,248,429,97,452,345
"Morganza_all/021774@29.4461209263397,-90.7509113756231.jpg",2,0,269,364,160,364,429
"Morganza_all/021775@29.4462891280697,-90.75092708202.jpg",2,0,266,402,137,402,403
"Morganza_all/021776@29.4464867935826,-90.7510010871029.jpg",1,155,239,305,98,460,337
"Morganza_all/021777@29.4466304500298,-90.750432395232.jpg",1,163,149,459,223,622,372
"Morganza_all/021778@29.4467752202961,-90.7501142266386.jpg",1,0,266,338,129,338,395
"Morganza_all/021779@29.4469429110275,-90.7500213835524.jpg",1,127,172,389,244,516,416
"Morganza_all/021782@29.4472569713811,-90.749969475583.jpg",5,83,216,558,216,641,432
"Morganza_all/021784@29.4478973790865,-90.7509762133979.jpg",6,84,291,340,82,424,373
"Morganza_all/021785@29.4477542446197,-90.7500250222026.jpg",3,123,263,303,82,426,345
"Morganza_all/021786@29.447980946231,-90.7500487759911.jpg",1,162,268,318,93,480,361
"Morganza_all/021787@29.4482075361395,-90.7500474581875.jpg",1,79,264,475,108,554,372
"Morganza_all/021788@29.4485001262343,-90.7500958385369.jpg",1,0,248,598,132,598,380
"Morganza_all/021789@29.4487927634083,-90.750160965311.jpg",1,0,244,542,158,542,402
"Morganza_all/021790@29.4497223507974,-90.7504561813418.jpg",1,85,240,362,114,447,354
"Morganza_all/021791@29.4503880860491,-90.7505859400141.jpg",1,157,266,359,97,516,363
"Morganza_all/021792@29.4507320096566,-90.7506758130311.jpg",1,176,267,324,86,500,353
"Morganza_all/021793@29.451039572983,-90.7508076234621.jpg",3,154,247,311,111,465,358
"Morganza_all/021794@29.4514419121217,-90.7508804745541.jpg",1,120,223,422,130,542,353
"Morganza_all/021795@29.4518446597079,-90.7510451648753.jpg",1,133,255,436,107,569,362
"Morganza_all/021796@29.4521738696609,-90.7511100528468.jpg",3,140,254,353,99,493,353
"Morganza_all/021797@29.4524299231689,-90.7511670081032.jpg",1,193,235,271,107,464,342
"Morganza_all/021798@29.4526790237447,-90.7512991929843.jpg",3,201,245,205,100,406,345
"Morganza_all/021799@29.4530007704368,-90.7513307256636.jpg",3,98,257,374,106,472,363
"Morganza_all/021800@29.453293397368,-90.7513875011466.jpg",1,75,257,380,88,455,345
"Morganza_all/021802@29.4541130105137,-90.7516082209845.jpg",2,146,226,493,109,639,335
"Morganza_all/021803@29.4544353136436,-90.751765027137.jpg",3,158,246,310,106,468,352
"Morganza_all/021805@29.4552985643304,-90.75193541421.jpg",1,261,252,209,94,470,346
"Morganza_all/021806@29.4555183587259,-90.7520510585214.jpg",1,237,262,255,90,492,352
"Morganza_all/021807@29.4558108740462,-90.7520827639289.jpg",1,175,233,323,117,498,350
"Morganza_all/021809@29.4570623890621,-90.7524513457108.jpg",1,212,222,191,116,403,338
"Morganza_all/021810@29.4574733477686,-90.7528248024249.jpg",6,228,274,193,86,421,360
"Morganza_all/021811@29.4578159271019,-90.752605661965.jpg",3,166,198,237,153,403,351
"Morganza_all/021812@29.4581232293479,-90.7526790440445.jpg",3,124,257,343,103,467,360
"Morganza_all/021813@29.4591846246855,-90.753032056588.jpg",2,0,74,639,330,639,404
"Morganza_all/021814@29.4599010610334,-90.7530613130294.jpg",1,171,213,328,178,499,391
"Morganza_all/021816@29.4616662124289,-90.7538779688765.jpg",6,73,237,358,150,431,387
"Morganza_all/021817@29.4608530765524,-90.7534734150833.jpg",1,145,271,299,81,444,352
"Morganza_all/021818@29.4161122902163,-90.77930709046.jpg",1,287,258,184,84,471,342
"Morganza_all/021819@29.4162390718766,-90.779094945396.jpg",3,237,252,285,97,522,349
"Morganza_all/021820@29.4203172837512,-90.7713283518314.jpg",2,122,225,515,136,637,361
"Morganza_all/021823@29.4317580313567,-90.7616158780764.jpg",1,263,251,272,107,535,358
"Morganza_all/021825@29.4340572807022,-90.7598913405524.jpg",5,272,237,181,91,453,328
"Morganza_all/021826@29.4344937182527,-90.7604236803194.jpg",6,78,279,277,113,355,392
"Morganza_all/021829@29.4360763488875,-90.7583433757876.jpg",6,268,289,223,128,491,417
"Morganza_all/021836@29.4525849610969,-90.5632601515075.jpg",6,230,292,103,85,333,377
"Morganza_all/021839@29.4532712766528,-90.5633169691571.jpg",6,282,299,139,87,421,386
"Morganza_all/021841@29.4538082565475,-90.5633904561155.jpg",1,163,248,204,142,367,390
"Morganza_all/021842@29.4540861131552,-90.5632874296465.jpg",1,200,281,189,99,389,380
"Morganza_all/021843@29.4543711907995,-90.563261957559.jpg",1,236,282,160,106,396,388
"Morganza_all/021844@29.4545659712967,-90.5628879626269.jpg",6,220,250,269,100,489,350
"Morganza_all/021847@29.4696402276388,-90.555568698948.jpg",1,96,237,488,84,584,321
"Morganza_all/021848@29.4694040062661,-90.5557217842868.jpg",1,257,188,184,126,441,314
"Morganza_all/021849@29.4694110773365,-90.5559863987503.jpg",5,57,236,353,165,410,401
"Morganza_all/021850@29.4694452428722,-90.5561689072336.jpg",1,43,254,349,113,392,367
"Morganza_all/021851@29.4696880019727,-90.5561859441618.jpg",1,177,247,403,86,580,333
"Morganza_all/021856@29.4697370063188,-90.55701112655.jpg",2,0,276,580,144,580,420
"Morganza_all/021857@29.4695771399384,-90.5570186808998.jpg",2,0,274,486,156,486,430
"Morganza_all/021858@29.4697166708244,-90.5573011891872.jpg",5,332,277,122,81,454,358
"Morganza_all/021859@29.4699551346816,-90.5575262087239.jpg",5,247,271,298,111,545,382
"Morganza_all/021860@29.4703510654727,-90.5573340851066.jpg",2,0,280,641,106,641,386
"Morganza_all/021863@29.4702379298408,-90.556855993945.jpg",2,0,251,400,148,400,399
"Morganza_all/021865@29.4701910936149,-90.5563963086855.jpg",1,33,266,439,118,472,384
"Morganza_all/021867@29.4699914588462,-90.5552823851981.jpg",1,83,247,547,121,630,368
"Morganza_all/021868@29.4702171396453,-90.5552113078272.jpg",1,176,248,275,85,451,333
"Morganza_all/021869@29.4699337773923,-90.554854274926.jpg",1,225,287,407,156,632,443
"Morganza_all/021874@29.4699707989472,-90.5536629060338.jpg",1,214,221,364,114,578,335
"Morganza_all/021880@29.4176820520788,-90.6987237214766.jpg",6,211,289,129,89,340,378
"Morganza_all/021882@29.417226347212,-90.6995104559723.jpg",3,153,237,213,87,366,324
"Morganza_all/021883@29.4170773648382,-90.6995522921281.jpg",5,217,276,173,118,390,394
"Morganza_all/021884@29.4169285474591,-90.6996282061662.jpg",1,170,261,318,104,488,365
"Morganza_all/021886@29.4168055102337,-90.6988723979603.jpg",6,0,303,325,141,325,444
"Morganza_all/021887@29.4162485484675,-90.698466942987.jpg",6,0,266,438,228,438,494
"Morganza_all/021888@29.4163110627197,-90.6990527348557.jpg",6,137,291,124,127,261,418
"Morganza_all/021890@29.4164156420019,-90.6996996351196.jpg",1,78,259,465,128,543,387
"Morganza_all/021891@29.4167199645329,-90.6996908972651.jpg",1,334,260,179,99,513,359
"Morganza_all/021892@29.4152640462708,-90.6997341711198.jpg",1,9,134,531,206,540,340
"Morganza_all/021893@29.4147041857942,-90.698735742198.jpg",6,167,157,135,105,302,262
"Morganza_all/021897@29.414571860205,-90.6997521738385.jpg",1,205,223,192,84,397,307
"Morganza_all/021898@29.4144594067977,-90.6999437219787.jpg",1,178,256,256,139,434,395
"Morganza_all/021899@29.4142317673854,-90.6997679528394.jpg",1,207,241,204,100,411,341
"Morganza_all/021902@29.4129974521513,-90.6987465376895.jpg",6,50,234,433,157,483,391
"Morganza_all/021903@29.4127043745685,-90.69983893792.jpg",2,0,96,593,205,593,301
"Morganza_all/021905@29.4122271347612,-90.6998760287547.jpg",3,250,238,249,99,499,337
"Morganza_all/021906@29.4119826163568,-90.6999116499648.jpg",3,68,230,435,112,503,342
"Morganza_all/021908@29.4116483588147,-90.6999001293743.jpg",1,241,238,207,111,448,349
"Morganza_all/021909@29.4113856034081,-90.6998608956891.jpg",1,244,261,195,102,439,363
"Morganza_all/021910@29.4112009220967,-90.6999302159557.jpg",1,194,205,278,88,472,293
"Morganza_all/021911@29.4111209393046,-90.699433164185.jpg",1,287,250,116,85,403,335
"Morganza_all/021915@29.4097742792957,-90.6998574386486.jpg",1,217,236,199,120,416,356
"Morganza_all/021916@29.4096323450812,-90.6988904973672.jpg",1,203,219,118,97,321,316
"Morganza_all/021917@29.4092744498806,-90.698926836953.jpg",1,222,260,156,94,378,354
"Morganza_all/021920@29.4088688830249,-90.6989771082185.jpg",6,221,192,123,156,344,348
"Morganza_all/021923@29.4084322990602,-90.7000158467158.jpg",1,157,214,272,136,429,350
"Morganza_all/021924@29.4081986595785,-90.6998333106397.jpg",1,249,271,220,92,469,363
"Morganza_all/021926@29.4076920455562,-90.699965997844.jpg",1,181,285,281,88,462,373
"Morganza_all/021928@29.4270904841719,-90.6991126141027.jpg",1,187,230,201,96,388,326
"Morganza_all/021931@29.4280589711595,-90.6994492354007.jpg",1,184,302,233,86,417,388
"Morganza_all/021932@29.4281467369995,-90.6992138388987.jpg",6,249,217,193,122,442,339
"Morganza_all/021933@29.4284151682813,-90.6995675785217.jpg",1,224,269,294,107,518,376
"Morganza_all/021935@29.4291216971349,-90.6997345044644.jpg",2,0,26,637,476,637,502
"Morganza_all/021936@29.4291688618406,-90.699150237131.jpg",1,38,263,371,117,409,380
"Morganza_all/021939@29.4293775127061,-90.6997773382748.jpg",2,49,254,591,200,640,454
"Morganza_all/021941@29.4296556699016,-90.6998453816955.jpg",2,155,267,484,134,639,401
"Morganza_all/021946@29.4243914938196,-90.6990629908203.jpg",1,217,278,214,99,431,377
"Morganza_all/021947@29.4240041755223,-90.6979543214685.jpg",6,23,261,349,151,372,412
"Morganza_all/021948@29.4240832711574,-90.6982674015438.jpg",6,0,303,276,169,276,472
"Morganza_all/021950@29.4241158841465,-90.6988397955653.jpg",2,0,266,377,122,377,388
"Morganza_all/021951@29.4241292722227,-90.6991396594643.jpg",1,23,245,488,137,511,382
"Morganza_all/021952@29.4238485816708,-90.6990936885872.jpg",5,329,220,138,84,467,304
"Morganza_all/021954@29.4233054768846,-90.6990903060236.jpg",1,193,281,210,87,403,368
"Morganza_all/021955@29.4230729867613,-90.699139520907.jpg",3,165,253,328,113,493,366
"Morganza_all/021957@29.4228939427504,-90.6991406527932.jpg",1,251,219,208,93,459,312
"Morganza_all/021958@29.4227652273318,-90.6984393344058.jpg",6,180,272,237,99,417,371
"Morganza_all/021960@29.4226372201589,-90.6991149795412.jpg",1,210,244,193,101,403,345
"Morganza_all/021961@29.4224821772765,-90.6991432558902.jpg",1,224,180,208,117,432,297
"Morganza_all/021962@29.4223208971321,-90.6991101631721.jpg",3,194,234,166,90,360,324
"Morganza_all/021963@29.4221659147766,-90.6991452552225.jpg",1,242,215,250,105,492,320
"Morganza_all/021964@29.4220975327272,-90.6985798833127.jpg",6,186,223,215,101,401,324
"Morganza_all/021969@29.3882231407043,-90.7134505668285.jpg",6,21,317,310,161,331,478
"Morganza_all/021971@29.3890914755593,-90.7135457475304.jpg",5,294,237,99,81,393,318
"Morganza_all/021975@29.3902999354473,-90.7124251844583.jpg",6,54,178,206,129,260,307
"Morganza_all/021976@29.3905922870291,-90.71306970232.jpg",1,254,187,312,171,566,358
"Morganza_all/021977@29.391031260287,-90.7128084634685.jpg",5,301,237,143,83,444,320
"Morganza_all/021978@29.3923057146199,-90.7116766902649.jpg",3,267,209,293,163,560,372
"Morganza_all/021981@29.3932443945093,-90.7106960052677.jpg",1,68,264,407,97,475,361
"Morganza_all/021982@29.3934367142203,-90.7104739624517.jpg",2,0,266,514,104,514,370
"Morganza_all/021983@29.39370456889,-90.7102622520462.jpg",1,111,238,364,90,475,328
"Morganza_all/021985@29.3942302529178,-90.7097203784467.jpg",3,137,257,323,123,460,380
"Morganza_all/021986@29.3941587304751,-90.7095538578592.jpg",1,275,245,252,108,527,353
"Morganza_all/021988@29.3946710976394,-90.7091897978399.jpg",1,169,257,232,97,401,354
"Morganza_all/021990@29.3951499254975,-90.7087128312739.jpg",1,151,226,286,121,437,347
"Morganza_all/021992@29.3952140999001,-90.7083192417132.jpg",1,122,216,181,112,303,328
"Morganza_all/021993@29.3954081908337,-90.7084688276586.jpg",1,203,235,202,104,405,339
"Morganza_all/021994@29.39557161894,-90.7081231040269.jpg",1,207,192,189,110,396,302
"Morganza_all/021995@29.3955175167152,-90.7076548523035.jpg",6,0,258,344,114,344,372
"Morganza_all/021996@29.3954871835357,-90.7072349068754.jpg",6,76,284,244,96,320,380
"Morganza_all/021998@29.3959373986658,-90.7066934790052.jpg",6,48,296,283,133,331,429
"Morganza_all/021999@29.3960243258783,-90.7071130729796.jpg",6,211,317,174,83,385,400
"Morganza_all/022001@29.3958702036155,-90.7074317983091.jpg",6,231,216,293,116,524,332
"Morganza_all/022002@29.3963558408394,-90.7073964556425.jpg",1,196,217,203,149,399,366
"Morganza_all/022004@29.3962772653199,-90.7067452123587.jpg",6,123,231,192,96,315,327
"Morganza_all/022006@29.3965860397424,-90.7072011382891.jpg",1,116,162,333,183,449,345
"Morganza_all/022007@29.3968020505291,-90.7070004758867.jpg",1,147,150,263,154,410,304
"Morganza_all/022008@29.3967715881234,-90.7065482438505.jpg",2,0,184,629,106,629,290
"Morganza_all/022009@29.3967420790797,-90.7062952577303.jpg",2,0,208,639,225,639,433
"Morganza_all/022011@29.3970811182775,-90.7061800253621.jpg",1,217,240,364,144,581,384
"Morganza_all/022012@29.3970633898191,-90.7064171348598.jpg",2,197,248,440,140,637,388
"Morganza_all/022013@29.3971354854772,-90.7066967682825.jpg",1,99,230,434,149,533,379
"Morganza_all/022014@29.3972994765542,-90.7064695161904.jpg",1,100,200,338,174,438,374
"Morganza_all/022015@29.3973593533505,-90.7061675151031.jpg",1,158,247,238,96,396,343
"Morganza_all/022016@29.3976845937919,-90.7061223970537.jpg",1,122,256,356,153,478,409
"Morganza_all/022018@29.3982987675744,-90.7053482949303.jpg",3,272,301,141,90,413,391
"Morganza_all/022021@29.398712359087,-90.7050387053773.jpg",1,235,293,219,126,454,419
"Morganza_all/022022@29.398881387464,-90.704876044052.jpg",1,161,287,284,101,445,388
"Morganza_all/022023@29.399084164478,-90.7048694039987.jpg",1,50,170,496,264,546,434
"Morganza_all/022024@29.3989111246671,-90.7041971628882.jpg",2,0,252,480,109,480,361
"Morganza_all/022025@29.3987046537509,-90.70441931861.jpg",1,169,289,433,136,602,425
"Morganza_all/022027@29.3988144209313,-90.7037022520439.jpg",1,226,237,172,139,398,376
"Morganza_all/022030@29.3992175129704,-90.7031718262945.jpg",1,277,249,261,119,538,368
"Morganza_all/022031@29.3992046479368,-90.7034412566938.jpg",2,246,242,391,93,637,335
"Morganza_all/022032@29.3992297192012,-90.7037481020328.jpg",2,184,250,448,148,632,398
"Morganza_all/022033@29.3992922056162,-90.7039954854336.jpg",1,259,280,211,113,470,393
"Morganza_all/022034@29.3993753175986,-90.7046036318361.jpg",1,144,282,389,109,533,391
"Morganza_all/022036@29.4004475238226,-90.7039343812223.jpg",3,275,255,187,95,462,350
"Morganza_all/022038@29.4014406035703,-90.7034864489445.jpg",1,183,216,205,143,388,359
"Morganza_all/022041@29.4017692229075,-90.7031666038967.jpg",1,252,255,182,89,434,344
"Morganza_all/022042@29.4019151495234,-90.70310102544.jpg",1,259,191,175,103,434,294
"Morganza_all/022043@29.4021505113264,-90.703002601027.jpg",1,240,188,226,98,466,286
"Morganza_all/022046@29.4026484145662,-90.702573938309.jpg",3,254,250,243,87,497,337
"Morganza_all/022048@29.4029778107766,-90.7024156596843.jpg",1,5,238,448,136,453,374
"Morganza_all/022049@29.4028350832487,-90.7021580010472.jpg",3,138,263,274,102,412,365
"Morganza_all/022050@29.4028012777674,-90.7019966044158.jpg",3,176,264,200,81,376,345
"Morganza_all/022051@29.4028284302676,-90.7017594212085.jpg",1,54,231,307,161,361,392
"Morganza_all/022052@29.4027993020678,-90.7015872234119.jpg",1,89,257,309,103,398,360
"Morganza_all/022053@29.4027788253632,-90.7012533933786.jpg",5,140,245,261,93,401,338
"Morganza_all/022054@29.4027438736336,-90.7008550235912.jpg",2,0,236,481,159,481,395
"Morganza_all/022056@29.402688494434,-90.7001281630595.jpg",2,0,155,462,196,462,351
"Morganza_all/022057@29.4026261296229,-90.6999130884028.jpg",1,197,209,272,147,469,356
"Morganza_all/022058@29.4025451612861,-90.6997520220588.jpg",1,294,224,211,82,505,306
"Morganza_all/022059@29.4029202545269,-90.6992864002054.jpg",2,0,255,189,148,189,403
"Morganza_all/022060@29.4029258962363,-90.699480289681.jpg",1,381,218,248,147,629,365
"Morganza_all/022062@29.4031117649185,-90.6998777069662.jpg",1,292,264,181,94,473,358
"Morganza_all/022063@29.4030230606436,-90.7000614204015.jpg",1,91,223,448,92,539,315
"Morganza_all/022066@29.4030973562258,-90.7007989045566.jpg",1,210,226,242,102,452,328
"Morganza_all/022067@29.4030888093205,-90.7009821119736.jpg",1,186,230,281,101,467,331
"Morganza_all/022068@29.4031463139973,-90.7011649032062.jpg",2,301,212,338,117,639,329
"Morganza_all/022069@29.403180170963,-90.7013424419416.jpg",1,238,289,356,109,594,398
"Morganza_all/022070@29.4032999056707,-90.7017187361156.jpg",1,244,281,330,90,574,371
"Morganza_all/022071@29.4032346353192,-90.7018753867196.jpg",1,242,271,239,116,481,387
"Morganza_all/022072@29.4033540827009,-90.7021924222805.jpg",3,217,246,266,96,483,342
"Morganza_all/022073@29.4034526134097,-90.7020840832189.jpg",1,223,274,340,142,563,416
"Morganza_all/022074@29.4036454904286,-90.7019805205557.jpg",3,179,279,357,122,536,401
"Morganza_all/022075@29.4039040553473,-90.7018011402563.jpg",1,187,223,201,142,388,365
"Morganza_all/022078@29.4044214170079,-90.701496235584.jpg",3,294,251,161,88,455,339
"Morganza_all/022079@29.404595002977,-90.7013614182946.jpg",2,0,216,636,245,636,461
"Morganza_all/022080@29.4045108508163,-90.7006322130972.jpg",2,193,238,444,179,637,417
"Morganza_all/022081@29.4044788045054,-90.7004198636776.jpg",1,64,275,322,163,386,438
"Morganza_all/022082@29.4044532192886,-90.7002641602885.jpg",1,88,151,389,283,477,434
"Morganza_all/022083@29.4044463465278,-90.7001225026973.jpg",2,0,198,430,217,430,415
"Morganza_all/022086@29.4047299515905,-90.6997593932793.jpg",2,0,257,363,120,363,377
"Morganza_all/022087@29.4047310490067,-90.6999861022426.jpg",2,275,228,361,123,636,351
"Morganza_all/022088@29.4047442394906,-90.7001489818445.jpg",2,305,252,335,157,640,409
"Morganza_all/022089@29.4047892363078,-90.7004745923502.jpg",1,244,247,360,92,604,339
"Morganza_all/022090@29.4048861609656,-90.7012745697599.jpg",3,294,188,310,133,604,321
"Morganza_all/022091@29.4051581888856,-90.7010815647811.jpg",3,228,242,214,89,442,331
"Morganza_all/022092@29.4050318549112,-90.7006147638357.jpg",1,281,291,306,101,587,392
"Morganza_all/022095@29.4056532593835,-90.7008304655031.jpg",2,376,196,265,153,641,349
"Morganza_all/022096@29.4056355671737,-90.7010218693009.jpg",1,205,222,228,148,433,370
"Morganza_all/022099@29.406472784502,-90.6996846337907.jpg",2,0,242,460,182,460,424
"Morganza_all/022100@29.4064409426069,-90.6995148029157.jpg",2,0,237,469,194,469,431
"Morganza_all/022101@29.4064153151941,-90.6993449328793.jpg",1,17,246,469,147,486,393
"Morganza_all/022102@29.4063388161402,-90.6989203053539.jpg",2,0,195,400,118,400,313
"Morganza_all/022103@29.4062426679874,-90.6982832789414.jpg",1,19,238,423,149,442,387
"Morganza_all/022105@29.4061838877007,-90.6976743765085.jpg",1,144,259,377,111,521,370
"Morganza_all/022106@29.4063170927247,-90.6970004718317.jpg",1,172,237,164,91,336,328
"Morganza_all/022107@29.4065650410655,-90.6969634733199.jpg",1,143,219,320,120,463,339
"Morganza_all/022108@29.407126893286,-90.6976896641435.jpg",3,389,237,232,162,621,399
"Morganza_all/022109@29.4071778012589,-90.6979514578715.jpg",3,163,219,477,182,640,401
"Morganza_all/022110@29.4072353773565,-90.6983124219305.jpg",2,294,202,347,180,641,382
"Morganza_all/022111@29.4071925757376,-90.6984402334678.jpg",1,190,205,420,168,610,373
"Morganza_all/022112@29.4072569147008,-90.6989145001847.jpg",1,339,233,264,154,603,387
"Morganza_all/022113@29.4073074083838,-90.6990913121624.jpg",2,311,233,328,155,639,388
"Morganza_all/022114@29.4073335167767,-90.6993603929772.jpg",1,158,225,311,197,469,422
"Morganza_all/022115@29.4073343403561,-90.6995304212568.jpg",1,371,181,237,142,608,323
"Morganza_all/022116@29.4073482791345,-90.6998420717676.jpg",2,248,125,389,171,637,296
"Morganza_all/022117@29.4075296154867,-90.7001384702986.jpg",1,246,224,358,148,604,372
"Morganza_all/022118@29.4071764898667,-90.7002399110459.jpg",1,77,230,470,225,547,455
"Morganza_all/022119@29.4069907556739,-90.7003190016611.jpg",1,93,317,251,103,344,420
"Morganza_all/022120@29.4067922426605,-90.7003202540926.jpg",2,0,268,641,225,641,493
"Morganza_all/022121@29.4067960232482,-90.6998171989124.jpg",2,292,257,347,148,639,405
"Morganza_all/022122@29.4070436912308,-90.6997164544409.jpg",1,29,216,400,113,429,329
"Morganza_all/022123@29.4070175218444,-90.6994403083148.jpg",1,57,236,393,148,450,384
"Morganza_all/022124@29.4067454619608,-90.6996262237643.jpg",1,336,202,299,117,635,319
"Morganza_all/022125@29.4067007032736,-90.6993501959419.jpg",2,280,251,356,102,636,353
"Morganza_all/022126@29.4070041932255,-90.6992490976309.jpg",1,83,244,264,128,347,372
"Morganza_all/022127@29.406927487832,-90.6987819764925.jpg",1,193,229,168,109,361,338
"Morganza_all/022128@29.4069019968574,-90.6986404332747.jpg",2,0,248,439,125,439,373
"Morganza_all/022129@29.4066345105366,-90.6984933549206.jpg",1,162,266,446,132,608,398
"Morganza_all/022130@29.4068381726725,-90.6982724434056.jpg",1,26,257,450,128,476,385
"Morganza_all/022131@29.406812344188,-90.6980671481992.jpg",1,123,235,311,135,434,370
"Morganza_all/022132@29.4065899213795,-90.6982527528193.jpg",1,238,283,339,124,577,407
"Morganza_all/022133@29.4065512369642,-90.6979483593284.jpg",1,279,267,338,150,617,417
"Morganza_all/022134@29.4068107961164,-90.6977483233046.jpg",3,110,272,271,122,381,394
"Morganza_all/022136@29.4067657581767,-90.6974156413102.jpg",1,234,239,228,165,462,404
"Morganza_all/022138@29.4062284599669,-90.6966326111455.jpg",2,343,237,293,174,636,411
"Morganza_all/022139@29.4058068370886,-90.696677810089.jpg",1,43,166,537,144,580,310
"Morganza_all/022140@29.4057742671215,-90.696359185331.jpg",3,128,224,299,139,427,363
"Morganza_all/022141@29.4061206233579,-90.6961444628787.jpg",3,196,248,391,133,587,381
"Morganza_all/022142@29.4057033934919,-90.6958211836329.jpg",3,76,192,341,126,417,318
"Morganza_all/022143@29.4060810780136,-90.6956700142674.jpg",1,315,253,247,141,562,394
"Morganza_all/022144@29.4056892655339,-90.6954670479525.jpg",1,31,105,349,163,380,268
"Morganza_all/022146@29.3884921691299,-90.7136481401844.jpg",2,454,248,187,83,641,331
"Morganza_all/022152@29.3989846338602,-90.7050047803871.jpg",1,306,296,331,118,637,414
"Morganza_all/022154@29.4061135868567,-90.7006397250983.jpg",2,247,135,394,285,641,420
"Morganza_all/022157@29.4289594361567,-90.6997089539284.jpg",2,377,240,264,103,641,343
"Morganza_all/022158@29.4291174420104,-90.6994179503387.jpg",1,396,269,156,139,552,408
"Morganza_all/022161@29.3933498054168,-90.5879477186584.jpg",3,125,266,244,147,369,413
"Morganza_all/022164@29.3978669907082,-90.5850241007295.jpg",1,204,248,255,108,459,356
"Morganza_all/022168@29.4024517465504,-90.5818583035218.jpg",3,240,223,149,95,389,318
"Morganza_all/022170@29.4045798315204,-90.5798438073103.jpg",3,145,271,279,81,424,352
"Morganza_all/022171@29.4049137496759,-90.5793979140181.jpg",1,226,257,159,93,385,350
"Morganza_all/022173@29.4052722358601,-90.5787252086805.jpg",1,150,285,294,88,444,373
"Morganza_all/022174@29.4054478844542,-90.5785120236575.jpg",1,175,279,263,108,438,387
"Morganza_all/022175@29.4055802456676,-90.5782745728012.jpg",1,244,289,155,115,399,404
"Morganza_all/022177@29.4058735382035,-90.5775185587659.jpg",1,136,181,378,161,514,342
"Morganza_all/022179@29.4061994401846,-90.5771810948217.jpg",3,282,320,169,96,451,416
"Morganza_all/022180@29.4063907901536,-90.5767017765074.jpg",3,207,244,220,126,427,370
"Morganza_all/022183@29.4073175049405,-90.5758227562553.jpg",3,259,313,144,92,403,405
"Morganza_all/022186@29.4080513864393,-90.5751668771285.jpg",1,166,313,223,96,389,409
"Morganza_all/022188@29.4083905483366,-90.5748835060617.jpg",3,201,291,177,94,378,385
"Morganza_all/022191@29.4112310895219,-90.5729996510352.jpg",3,219,247,208,144,427,391
"Morganza_all/022196@29.4194949811732,-90.5690395057343.jpg",1,195,200,243,194,438,394
"Morganza_all/022198@29.4205502195574,-90.5687555240857.jpg",2,0,247,448,124,448,371
"Morganza_all/022199@29.4207311494219,-90.5687147247528.jpg",2,132,243,509,129,641,372
"Morganza_all/022200@29.421293825124,-90.5682965353774.jpg",6,214,279,90,89,304,368
"Morganza_all/022203@29.4231469231944,-90.5679768957834.jpg",1,219,281,222,144,441,425
"Morganza_all/022204@29.4233146116724,-90.5678820102115.jpg",1,229,288,241,122,470,410
"Morganza_all/022205@29.4237275574741,-90.5676768198101.jpg",1,239,310,226,85,465,395
"Morganza_all/022206@29.4257601237093,-90.5663016583721.jpg",3,145,286,226,107,371,393
"Morganza_all/022207@29.4258937997173,-90.5663907895281.jpg",3,322,282,227,93,549,375
"Morganza_all/022208@29.4258664550773,-90.5667740399669.jpg",2,0,269,243,106,243,375
"Morganza_all/022209@29.4259567045484,-90.5670268476673.jpg",1,61,310,448,127,509,437
"Morganza_all/022210@29.4257932428655,-90.5669041749923.jpg",3,92,255,412,124,504,379
"Morganza_all/022213@29.4358679034903,-90.5663491773885.jpg",1,205,272,288,108,493,380
"Morganza_all/022218@29.4427096290439,-90.5653469797423.jpg",3,250,282,161,108,411,390
"Morganza_all/022222@29.4473257900838,-90.564976453922.jpg",3,232,299,191,110,423,409
"Morganza_all/022225@29.4492627674214,-90.5644479978072.jpg",1,189,274,162,102,351,376
"Morganza_all/022228@29.4557690458947,-90.56304946519.jpg",1,153,255,330,146,483,401
"Morganza_all/022229@29.4561011023087,-90.5629227358716.jpg",1,185,261,282,81,467,342
"Morganza_all/022230@29.4564132845842,-90.5628815316051.jpg",1,228,243,175,87,403,330
"Morganza_all/022232@29.4569830563517,-90.5627607669757.jpg",1,126,284,360,82,486,366
"Morganza_all/022233@29.4573426921531,-90.5627036746496.jpg",1,198,292,404,97,602,389
"Morganza_all/022234@29.4575327986956,-90.5626944524805.jpg",3,141,289,281,85,422,374
"Morganza_all/022235@29.4577900501228,-90.5625528035119.jpg",1,185,273,224,113,409,386
"Morganza_all/022236@29.4580141173201,-90.5625433199877.jpg",1,94,279,336,91,430,370
"Morganza_all/022237@29.4582033831761,-90.5623866384994.jpg",2,4,304,374,83,378,387
"Morganza_all/022238@29.4587939877415,-90.5623432911271.jpg",1,208,267,173,100,381,367
"Morganza_all/022239@29.4591198455169,-90.5623175016197.jpg",3,61,260,492,137,553,397
"Morganza_all/022247@29.4610325589172,-90.5607351494153.jpg",6,21,184,240,169,261,353
"Morganza_all/022259@29.4654218691547,-90.5610505532332.jpg",3,113,255,471,104,584,359
"Morganza_all/022264@29.4671777530163,-90.5605092744129.jpg",1,196,271,431,109,627,380
"Morganza_all/022269@29.4684821442907,-90.5594281722702.jpg",1,31,257,601,122,632,379
"Morganza_all/022270@29.4688075427594,-90.5593247527405.jpg",2,0,284,521,173,521,457
"Morganza_all/022271@29.4690429457227,-90.5589348895774.jpg",3,259,241,191,97,450,338
"Morganza_all/022272@29.469875862197,-90.55851708945.jpg",1,78,263,538,153,616,416
"Morganza_all/022273@29.4697918760596,-90.5580986090854.jpg",2,0,248,636,179,636,427
"Morganza_all/022274@29.4706328691729,-90.5578980808443.jpg",1,73,284,424,96,497,380
"Morganza_all/022275@29.4682412017955,-90.5586486350396.jpg",1,98,254,536,120,634,374
"Morganza_all/022276@29.4679896710547,-90.5580833795754.jpg",1,31,127,571,305,602,432
"Morganza_all/022278@29.4677604043847,-90.5566167991992.jpg",1,270,206,268,87,538,293
"Morganza_all/022282@29.467480213066,-90.5549363626395.jpg",3,276,217,207,114,483,331
"Morganza_all/022283@29.4674988742912,-90.5552954094823.jpg",1,289,233,197,81,486,314
"Morganza_all/022285@29.4681229098276,-90.554515425017.jpg",1,259,189,342,131,601,320
"Morganza_all/022286@29.4681582662661,-90.5548932626624.jpg",1,305,217,162,107,467,324
"Morganza_all/022287@29.4682705953237,-90.5552390148579.jpg",5,141,259,399,86,540,345
"Morganza_all/022288@29.4679094553861,-90.5547880647957.jpg",1,248,264,124,90,372,354
"Morganza_all/022290@29.4681096555168,-90.5559964878317.jpg",1,181,125,367,183,548,308
"Morganza_all/022291@29.4683858693389,-90.556076273144.jpg",1,228,161,312,202,540,363
"Morganza_all/022294@29.4682692193809,-90.5568649539171.jpg",3,208,254,191,82,399,336
"Morganza_all/022296@29.4685453205098,-90.5569258243634.jpg",2,111,237,528,108,639,345
"Morganza_all/022297@29.4684187962412,-90.5569772107539.jpg",2,33,235,603,105,636,340
"Morganza_all/022298@29.4686542727176,-90.5576308020592.jpg",1,155,243,417,123,572,366
"Morganza_all/022301@29.4687961429772,-90.5583040382366.jpg",2,110,215,527,158,637,373
"Morganza_all/022302@29.4694714668896,-90.5587336594063.jpg",1,130,263,420,126,550,389
"Morganza_all/022303@29.4691314877918,-90.558124990091.jpg",1,165,225,266,152,431,377
"Morganza_all/022304@29.4690683630716,-90.5577095257921.jpg",3,224,236,209,149,433,385
"Morganza_all/022305@29.469332391916,-90.5575940673289.jpg",1,325,298,203,93,528,391
"Morganza_all/022306@29.469287061869,-90.5573927265812.jpg",1,305,307,210,87,515,394
"Morganza_all/022307@29.4689940235217,-90.5572626601397.jpg",1,107,240,390,113,497,353
"Morganza_all/022309@29.469229125911,-90.55692052961.jpg",1,127,205,491,123,618,328
"Morganza_all/022311@29.4689085808188,-90.5568032793827.jpg",1,89,275,328,108,417,383
"Morganza_all/022312@29.4691438688101,-90.556492635331.jpg",1,130,261,441,93,571,354
"Morganza_all/022313@29.4688468351643,-90.5566209853048.jpg",1,133,242,301,99,434,341
"Morganza_all/022315@29.4687723423225,-90.5561489191598.jpg",1,279,243,193,110,472,353
"Morganza_all/022316@29.468725728112,-90.5557270443608.jpg",1,117,222,363,102,480,324
"Morganza_all/022319@29.4689209828964,-90.5551772443813.jpg",1,322,278,184,116,506,394
"Morganza_all/022320@29.4686902616842,-90.5553302868724.jpg",2,172,258,469,196,641,454
"Morganza_all/022321@29.4685282607082,-90.5549786335678.jpg",2,464,230,174,161,638,391
"Morganza_all/022323@29.4688136664856,-90.554749555566.jpg",1,301,202,241,104,542,306
"Morganza_all/022324@29.4687047836613,-90.554063466082.jpg",1,129,263,354,121,483,384
"Morganza_all/022325@29.4684629143959,-90.5541913940655.jpg",1,230,242,278,121,508,363
"Morganza_all/022326@29.4690612761089,-90.5537329869249.jpg",1,252,262,273,111,525,373
"Morganza_all/022327@29.4692764169227,-90.5537439160111.jpg",1,275,219,266,100,541,319
"Morganza_all/022328@29.4691744605359,-90.5542173538365.jpg",1,217,242,145,89,362,331
"Morganza_all/022329@29.469440585831,-90.5544547832279.jpg",1,262,237,166,101,428,338
"Morganza_all/022330@29.4694858553365,-90.554649806841.jpg",1,296,219,149,128,445,347
"Morganza_all/022331@29.4691781711891,-90.5548412542964.jpg",1,121,215,210,139,331,354
"Morganza_all/022332@29.4692071755556,-90.5550804943296.jpg",2,0,272,278,94,278,366
"Morganza_all/022336@29.4703453456496,-90.5535843507094.jpg",1,120,226,403,153,523,379
"Morganza_all/022337@29.470484658912,-90.5538290523116.jpg",2,0,255,359,129,359,384
"Morganza_all/022338@29.4705429810285,-90.5543642916564.jpg",2,0,257,502,135,502,392
"Morganza_all/022339@29.4708897222411,-90.5542481485708.jpg",1,89,225,543,159,632,384
"Morganza_all/022340@29.4708263227612,-90.553788590241.jpg",2,0,234,578,152,578,386
"Morganza_all/022341@29.4708021676368,-90.5534358597405.jpg",2,103,14,533,297,636,311
"Morganza_all/022342@29.4709870626883,-90.5548524140739.jpg",1,209,230,251,94,460,324
"Morganza_all/022343@29.4710155427641,-90.5550034484548.jpg",1,248,236,252,141,500,377
"Morganza_all/022344@29.4710663011187,-90.5551921160574.jpg",1,179,239,346,141,525,380
"Morganza_all/022345@29.4706366562885,-90.5552773787435.jpg",1,83,254,327,123,410,377
"Morganza_all/022346@29.4708473553964,-90.5554710902667.jpg",4,312,257,118,81,430,338
"Morganza_all/022347@29.4711113822717,-90.5553556238609.jpg",1,169,268,443,133,612,401
"Morganza_all/022348@29.471118219724,-90.5555761532714.jpg",3,195,184,323,200,518,384
"Morganza_all/022349@29.4711646473138,-90.555966518744.jpg",1,210,254,353,112,563,366
"Morganza_all/022350@29.4709159091517,-90.5568003357753.jpg",1,41,192,484,181,525,373
"Morganza_all/022351@29.4711955939818,-90.556533464339.jpg",1,186,253,167,119,353,372
"Morganza_all/022352@29.471312474269,-90.5567153355984.jpg",1,269,239,269,115,538,354
"Morganza_all/022353@29.4709612773709,-90.5570079645229.jpg",1,42,230,457,159,499,389
"Morganza_all/022354@29.4713466387894,-90.5568978477909.jpg",1,240,235,296,153,536,388
"Morganza_all/022355@29.4714193360751,-90.5570674283152.jpg",1,209,157,416,229,625,386
"Morganza_all/022356@29.4714372347937,-90.5572941582025.jpg",1,296,202,301,196,597,398
"Morganza_all/022357@29.4711043548648,-90.557889154954.jpg",1,39,254,428,150,467,404
"Morganza_all/022358@29.4714016136591,-90.5577986102722.jpg",1,250,226,243,123,493,349
"Morganza_all/022359@29.471572198726,-90.5577342805055.jpg",2,289,209,347,255,636,464
"Morganza_all/022360@29.4718253498044,-90.5576440761634.jpg",2,0,271,322,137,322,408
"Morganza_all/022361@29.4720179611026,-90.5575795754496.jpg",1,194,270,202,117,396,387
"Morganza_all/022362@29.4721775191605,-90.5575153302345.jpg",2,338,213,301,282,639,495
"Morganza_all/022363@29.4721481456332,-90.5572130431423.jpg",2,134,223,507,250,641,473
"Morganza_all/022364@29.4717566591064,-90.5572223587403.jpg",2,0,286,404,156,404,442
"Morganza_all/022365@29.4717390218284,-90.557039749165.jpg",1,29,278,445,133,474,411
"Morganza_all/022366@29.4717100483528,-90.5568004708861.jpg",1,0,293,499,121,499,414
"Morganza_all/022367@29.4720402003516,-90.5566781780317.jpg",1,161,204,401,251,562,455
"Morganza_all/022368@29.4716525688486,-90.5564101885579.jpg",2,0,209,396,211,396,420
"Morganza_all/022369@29.4719338983534,-90.5564206108184.jpg",2,0,229,425,229,425,458
"Morganza_all/022370@29.4719214130493,-90.5561749191036.jpg",1,270,196,276,215,546,411
"Morganza_all/022371@29.4719422324162,-90.5559667755928.jpg",2,105,108,536,376,641,484
"Morganza_all/022372@29.4715614363321,-90.5559193195396.jpg",2,0,277,452,126,452,403
"Morganza_all/022373@29.4719020155937,-90.5556960947401.jpg",2,368,81,273,417,641,498
"Morganza_all/022374@29.4718502472647,-90.5553372889464.jpg",2,108,253,532,211,640,464
"Morganza_all/022376@29.4718041547681,-90.555003612239.jpg",2,274,201,367,294,641,495
"Morganza_all/022377@29.4714847692117,-90.5550817352576.jpg",1,161,279,302,105,463,384
"Morganza_all/022378@29.4713833268406,-90.5547170002509.jpg",3,137,226,249,151,386,377
"Morganza_all/022379@29.4717299184887,-90.5545756543839.jpg",2,132,67,507,255,639,322
"Morganza_all/022380@29.4716778094061,-90.5541600958649.jpg",2,0,209,635,200,635,409
"Morganza_all/022381@29.4713084520655,-90.5541818848506.jpg",2,0,251,487,140,487,391
"Morganza_all/022382@29.4712176112924,-90.5537414253375.jpg",2,201,202,436,201,637,403
"Morganza_all/022383@29.4711777276657,-90.5535274695425.jpg",1,167,254,262,82,429,336
"Morganza_all/022385@29.4716899741858,-90.553422637562.jpg",1,196,240,259,123,455,363
"Morganza_all/022388@29.4720382535792,-90.5535649002643.jpg",1,106,191,428,106,534,297
"Morganza_all/022389@29.4729263283871,-90.5573141544156.jpg",1,0,149,446,259,446,408
"Morganza_all/022390@29.4729305857049,-90.5570998518764.jpg",1,112,206,221,195,333,401
"Morganza_all/022391@29.4728461141645,-90.5568043061727.jpg",1,0,210,632,119,632,329
"Morganza_all/022392@29.4728281396619,-90.556564940108.jpg",1,0,226,375,213,375,439
"Morganza_all/022393@29.4727754385343,-90.5560485628322.jpg",1,42,191,579,170,621,361
"Morganza_all/022394@29.4727793943041,-90.5557838225493.jpg",1,85,225,413,216,498,441
"Morganza_all/022395@29.4726730630476,-90.5555262545987.jpg",2,0,215,462,164,462,379
"Morganza_all/022396@29.4726440869929,-90.5552870059537.jpg",2,19,248,618,198,637,446
"Morganza_all/022397@29.4726369119249,-90.5550097501672.jpg",1,5,201,388,130,393,331
"Morganza_all/022398@29.4725350096569,-90.5545630846179.jpg",2,0,158,367,149,367,307
"Morganza_all/022399@29.4726664704513,-90.5544171224039.jpg",2,338,216,302,199,640,415
"Morganza_all/022400@29.4724562196096,-90.5542990192105.jpg",2,0,225,524,193,524,418
"Morganza_all/022401@29.4723881832587,-90.5539844304914.jpg",2,0,238,444,226,444,464
"Morganza_all/022402@29.4724143862226,-90.5537573246866.jpg",1,0,225,460,93,460,318
"Morganza_all/022403@29.4723464238072,-90.5534553694823.jpg",2,0,205,409,143,409,348
"Morganza_all/022405@29.472853570384,-90.5543463409236.jpg",2,384,222,257,141,641,363
"Morganza_all/022406@29.4721284571554,-90.5538982027942.jpg",1,158,164,364,174,522,338
"Morganza_all/022407@29.4719145165,-90.5540889290764.jpg",1,27,160,424,177,451,337
"Morganza_all/022408@29.4719772403827,-90.5544350786791.jpg",1,78,216,249,155,327,371
"Morganza_all/022409@29.4720062830512,-90.5546806417602.jpg",1,0,265,389,186,389,451
"Morganza_all/022410@29.4722486301274,-90.5546283511223.jpg",1,242,224,329,191,571,415
"Morganza_all/022411@29.4720077442581,-90.5549264191012.jpg",2,0,233,528,195,528,428
"Morganza_all/022412@29.4722272232039,-90.5547419367982.jpg",1,277,297,215,104,492,401
"Morganza_all/022414@29.4720527508509,-90.5550773267657.jpg",1,55,268,324,156,379,424
"Morganza_all/022415@29.4722953976679,-90.5550754434034.jpg",1,270,233,279,203,549,436
"Morganza_all/022416@29.4723414524577,-90.5554028052702.jpg",2,261,173,379,233,640,406
"Morganza_all/022417@29.4720983088878,-90.5553164452768.jpg",2,0,124,631,377,631,501
"Morganza_all/022418@29.4721108706483,-90.5555747388807.jpg",1,0,198,406,254,406,452
"Morganza_all/022419@29.4723866455224,-90.5555852019308.jpg",2,249,181,392,146,641,327
"Morganza_all/022420@29.4724104482903,-90.5558749303076.jpg",2,171,205,470,185,641,390
"Morganza_all/022421@29.4721790154927,-90.5559082458783.jpg",2,0,162,518,276,518,438
"Morganza_all/022422@29.4722868516823,-90.5564241928099.jpg",2,0,49,421,251,421,300
"Morganza_all/022423@29.4724852413823,-90.5563974512431.jpg",3,186,200,321,163,507,363
"Morganza_all/022424@29.4725138789596,-90.5565799768545.jpg",2,228,228,411,147,639,375
"Morganza_all/022425@29.4723269547994,-90.556675956895.jpg",2,0,237,640,204,640,441
"Morganza_all/022426@29.4725429176061,-90.5568255418711.jpg",3,212,237,331,170,543,407
"Morganza_all/022427@29.4723562174069,-90.5569593262647.jpg",1,14,202,372,232,386,434
"Morganza_all/022428@29.4723850037734,-90.5571670864234.jpg",2,0,223,632,206,632,429
"Morganza_all/022429@29.4725661670374,-90.5570270284352.jpg",2,195,195,446,242,641,437
"Morganza_all/022430@29.4726011528022,-90.5573481923201.jpg",2,0,245,636,215,636,460
"Morganza_all/022431@29.472458559679,-90.5574816345236.jpg",2,0,230,425,171,425,401
"Morganza_all/022433@29.4650764028017,-90.5610481231008.jpg",1,167,271,218,88,385,359
"Morganza_all/022435@29.4674839859376,-90.5561641528347.jpg",2,0,152,384,248,384,400
"Morganza_all/022436@29.4671900667149,-90.5551868430194.jpg",2,0,164,497,254,497,418
"Morganza_all/022438@29.4695342255748,-90.5549085070247.jpg",1,80,232,252,83,332,315
"Morganza_all/022439@29.4717934761841,-90.5574071141034.jpg",1,143,261,246,114,389,375
"Morganza_all/022447@29.502431244573,-90.5442362073083.jpg",3,249,230,237,84,486,314
"Morganza_all/022455@29.5046795187926,-90.5392488168841.jpg",1,228,255,208,86,436,341
"Morganza_all/022467@29.5013033553979,-90.5332858767678.jpg",1,236,271,176,104,412,375
"Morganza_all/022468@29.5011670595508,-90.5331091943422.jpg",1,217,260,245,89,462,349
"Morganza_all/022469@29.5010164787087,-90.532808989081.jpg",1,272,270,142,91,414,361
"Morganza_all/022470@29.5008525095656,-90.5325320598946.jpg",1,205,278,242,84,447,362
"Morganza_all/022471@29.5007972663137,-90.5323392966275.jpg",1,245,267,208,91,453,358
"Morganza_all/022478@29.4999373217464,-90.5299194057896.jpg",1,203,205,248,123,451,328
"Morganza_all/022479@29.4998681858079,-90.529672625063.jpg",1,192,243,385,136,577,379
"Morganza_all/022480@29.4997991720122,-90.5294413414052.jpg",1,221,271,255,136,476,407
"Morganza_all/022483@29.4992630992182,-90.5280235993795.jpg",1,258,253,197,109,455,362
"Morganza_all/022484@29.4888493695718,-90.5178834898232.jpg",1,176,282,199,108,375,390
"Morganza_all/022485@29.4886316919751,-90.5176688822435.jpg",1,143,230,407,105,550,335
"Morganza_all/022486@29.464624256201,-90.4900131250122.jpg",1,176,220,241,184,417,404
"Morganza_all/022487@29.4644528902357,-90.4898273389233.jpg",1,97,243,411,132,508,375
"Morganza_all/022489@29.4642439919018,-90.4896850464517.jpg",1,37,187,380,126,417,313
"Morganza_all/022490@29.4640977949216,-90.4894918222105.jpg",3,65,230,396,101,461,331
"Morganza_all/022498@29.4627332981459,-90.4880197783723.jpg",1,207,229,286,95,493,324
"Morganza_all/022499@29.4625995535763,-90.4878048662069.jpg",1,141,218,351,148,492,366
"Morganza_all/022502@29.4610885561798,-90.4860964174265.jpg",3,256,273,164,83,420,356
"Morganza_all/022503@29.4610233860724,-90.4857657020097.jpg",1,203,300,101,81,304,381
"Morganza_all/022504@29.4610345626972,-90.4855423753161.jpg",3,39,259,438,121,477,380
"Morganza_all/022505@29.4608084661201,-90.485666712309.jpg",3,68,244,365,138,433,382
"Morganza_all/022506@29.4609631872773,-90.4852261048404.jpg",3,106,208,375,113,481,321
"Morganza_all/022507@29.460784304175,-90.4848531453344.jpg",1,175,237,348,98,523,335
"Morganza_all/022508@29.4607816903265,-90.4844498798136.jpg",1,262,268,344,118,606,386
"Morganza_all/022510@29.4607819615503,-90.4835208767195.jpg",1,137,167,387,154,524,321
"Morganza_all/022511@29.4606266995998,-90.4829028700135.jpg",1,216,233,249,139,465,372
"Morganza_all/022512@29.4606989047338,-90.4823765449172.jpg",1,304,258,178,91,482,349
"Morganza_all/022513@29.4607034230953,-90.4821028405444.jpg",1,252,259,151,95,403,354
"Morganza_all/022515@29.4884140828583,-90.5174697395667.jpg",1,200,258,216,87,416,345
"Morganza_all/022516@29.4882969521775,-90.5171152290085.jpg",1,18,272,333,101,351,373
"Morganza_all/022523@29.4873598200499,-90.5175401452497.jpg",1,357,243,179,103,536,346
"Morganza_all/022524@29.4878104429147,-90.5171578196463.jpg",2,290,207,345,104,635,311
"Morganza_all/022525@29.4881534365186,-90.5168691227588.jpg",1,237,260,364,99,601,359
"Morganza_all/022526@29.4879078312829,-90.5165156291406.jpg",1,29,266,485,183,514,449
"Morganza_all/022527@29.4877397895767,-90.5166715482614.jpg",2,169,260,470,117,639,377
"Morganza_all/022528@29.4874835736284,-90.5167818232567.jpg",2,239,292,399,95,638,387
"Morganza_all/022529@29.4872551110943,-90.517007791453.jpg",1,197,254,352,104,549,358
"Morganza_all/022531@29.48762717605,-90.5159615427567.jpg",3,183,240,255,124,438,364
"Morganza_all/022532@29.4875039520748,-90.515715274295.jpg",1,133,201,248,119,381,320
"Morganza_all/022534@29.486965747761,-90.5150628076415.jpg",1,131,277,493,96,624,373
"Morganza_all/022536@29.4860340148448,-90.5152635887514.jpg",1,64,226,316,104,380,330
"Morganza_all/022537@29.4863433051116,-90.5149905983629.jpg",1,57,285,481,117,538,402
"Morganza_all/022538@29.4868277369505,-90.5146157211577.jpg",2,0,259,517,171,517,430
"Morganza_all/022539@29.4867448290988,-90.5143304976937.jpg",1,186,191,339,216,525,407
"Morganza_all/022541@29.4831264679755,-90.5162918579316.jpg",1,65,261,352,119,417,380
"Morganza_all/022543@29.4836854798397,-90.5159473186102.jpg",2,0,236,218,90,218,326
"Morganza_all/022546@29.4841003446998,-90.5152562027197.jpg",1,333,233,149,90,482,323
"Morganza_all/022547@29.4843155163149,-90.5150689744227.jpg",1,270,258,147,99,417,357
"Morganza_all/022548@29.4845972440257,-90.5147112243078.jpg",1,11,246,604,120,615,366
"Morganza_all/022549@29.4848659729387,-90.5144385674266.jpg",1,214,193,315,166,529,359
"Morganza_all/022551@29.48528909336,-90.5139869366926.jpg",2,68,274,565,85,633,359
"Morganza_all/022552@29.4856044201302,-90.5135979771228.jpg",2,91,268,538,126,629,394
"Morganza_all/022555@29.4859740770522,-90.5132471996186.jpg",2,162,231,479,180,641,411
"Morganza_all/022556@29.4856262735806,-90.5127709717016.jpg",1,50,246,374,106,424,352
"Morganza_all/022557@29.4853726257759,-90.5132907796585.jpg",1,67,278,488,120,555,398
"Morganza_all/022558@29.4855434099735,-90.5124934534016.jpg",1,75,167,278,127,353,294
"Morganza_all/022559@29.4852096800828,-90.5131839270572.jpg",2,0,283,477,136,477,419
"Morganza_all/022567@29.4848214432258,-90.5116493483601.jpg",1,197,258,313,96,510,354
"Morganza_all/022568@29.4844915720268,-90.51119633741.jpg",3,125,250,372,100,497,350
"Morganza_all/022570@29.4841486282811,-90.5107813734813.jpg",1,155,254,276,148,431,402
"Morganza_all/022572@29.4838452405674,-90.5106397849553.jpg",1,190,143,317,215,507,358
"Morganza_all/022574@29.4836672445203,-90.5103963391171.jpg",1,107,192,400,168,507,360
"Morganza_all/022575@29.4835280995285,-90.5103182450799.jpg",1,270,236,245,107,515,343
"Morganza_all/022576@29.4832434217882,-90.5101477149938.jpg",3,175,200,269,143,444,343
"Morganza_all/022577@29.4831689327226,-90.5103283910437.jpg",3,174,195,256,147,430,342
"Morganza_all/022579@29.4828071853082,-90.5099279850167.jpg",1,217,220,254,88,471,308
"Morganza_all/022580@29.4820549380075,-90.5095668093181.jpg",3,227,270,165,85,392,355
"Morganza_all/022581@29.4818590632579,-90.5094891838443.jpg",3,202,257,270,87,472,344
"Morganza_all/022584@29.481031330146,-90.5091502590096.jpg",3,242,255,203,91,445,346
"Morganza_all/022586@29.4803295306446,-90.5087958779855.jpg",1,233,226,255,86,488,312
"Morganza_all/022587@29.4801137661591,-90.5085599519578.jpg",1,128,257,285,103,413,360
"Morganza_all/022588@29.4797724297093,-90.5083970961462.jpg",1,162,236,246,113,408,349
"Morganza_all/022591@29.4788809864484,-90.5079506588552.jpg",1,119,253,353,110,472,363
"Morganza_all/022593@29.4785393039612,-90.507737398012.jpg",1,154,263,343,124,497,387
"Morganza_all/022594@29.4782169940498,-90.5075959824303.jpg",1,123,282,389,81,512,363
"Morganza_all/022596@29.4779329485647,-90.5075262871642.jpg",3,211,271,241,81,452,352
"Morganza_all/022597@29.4775582802782,-90.5070756070999.jpg",3,234,266,215,88,449,354
"Morganza_all/022598@29.4768976269018,-90.506252756374.jpg",1,261,277,225,117,486,394
"Morganza_all/022599@29.4765402800154,-90.5055498565303.jpg",1,304,273,166,107,470,380
"Morganza_all/022600@29.4764505804664,-90.5053201023292.jpg",1,258,271,223,89,481,360
"Morganza_all/022605@29.4756283590063,-90.5048587096906.jpg",6,0,247,313,133,313,380
"Morganza_all/022606@29.4753215562021,-90.5051781636416.jpg",6,228,247,170,102,398,349
"Morganza_all/022607@29.4747653556568,-90.5049234789587.jpg",6,200,252,126,83,326,335
"Morganza_all/022608@29.4747134079787,-90.5056801529756.jpg",6,185,246,104,94,289,340
"Morganza_all/022610@29.475980047423,-90.5036673814702.jpg",1,75,257,498,155,573,412
"Morganza_all/022612@29.47592097244,-90.5032933418127.jpg",1,155,256,252,131,407,387
"Morganza_all/022613@29.4757978832821,-90.5027685695735.jpg",1,127,273,276,83,403,356
"Morganza_all/022615@29.4757824561313,-90.5023221362971.jpg",3,174,271,210,92,384,363
"Morganza_all/022616@29.4752844249323,-90.5003167647747.jpg",6,204,278,102,81,306,359
"Morganza_all/022624@29.4736803675893,-90.4968369051989.jpg",1,221,188,155,97,376,285
"Morganza_all/022625@29.472490259369,-90.4960113463967.jpg",1,89,240,460,95,549,335
"Morganza_all/022627@29.4713077063421,-90.4953874402694.jpg",1,131,233,285,111,416,344
"Morganza_all/022628@29.4708086493043,-90.4952043403521.jpg",1,89,246,352,96,441,342
"Morganza_all/022630@29.4700607027203,-90.4945335761795.jpg",3,199,251,209,95,408,346
"Morganza_all/022633@29.4688775886812,-90.4938232860187.jpg",5,198,239,226,85,424,324
"Morganza_all/022634@29.4685283203023,-90.4934084986453.jpg",1,181,230,291,98,472,328
"Morganza_all/022647@29.4662157776227,-90.4915121343522.jpg",1,109,246,327,96,436,342
"Morganza_all/022648@29.4659561526537,-90.4913198875631.jpg",1,100,247,404,128,504,375
"Morganza_all/022651@29.4654739891978,-90.4908269839685.jpg",1,131,237,282,85,413,322
"Morganza_all/022652@29.4653407865417,-90.4906912795773.jpg",1,194,265,212,94,406,359
"Morganza_all/022656@29.4649856007848,-90.4903413651081.jpg",6,33,131,581,162,614,293
"Morganza_all/022657@29.4647954553989,-90.4901773244189.jpg",1,110,219,382,151,492,370
"Morganza_all/022658@29.49933634202,-90.5278375107983.jpg",1,273,255,307,138,580,393
"Morganza_all/022659@29.499206443384,-90.5276067189904.jpg",1,325,254,262,109,587,363
"Morganza_all/022660@29.4992050169716,-90.5273748634019.jpg",1,258,268,305,128,563,396
"Morganza_all/022663@29.4988495758739,-90.5267439870208.jpg",1,166,262,369,85,535,347
"Morganza_all/022664@29.4985772044781,-90.5264293123986.jpg",1,174,254,352,85,526,339
"Morganza_all/022666@29.4975364865051,-90.5254098025387.jpg",3,214,257,269,88,483,345
"Morganza_all/022667@29.4972234087254,-90.5250722964544.jpg",5,271,235,226,114,497,349
"Morganza_all/022671@29.4951957460838,-90.524076247552.jpg",6,221,177,139,86,360,263
"Morganza_all/022672@29.4953068410528,-90.5234571043766.jpg",1,264,223,202,129,466,352
"Morganza_all/022674@29.4949805155908,-90.5231660526767.jpg",1,41,233,520,137,561,370
"Morganza_all/022675@29.4945489542134,-90.5233472990985.jpg",6,33,263,308,141,341,404
"Morganza_all/022676@29.4946003392401,-90.5229141019362.jpg",1,110,240,427,126,537,366
"Morganza_all/022678@29.4936679728071,-90.5230143685685.jpg",6,215,215,187,117,402,332
"Morganza_all/022681@29.4934400193855,-90.5222356849424.jpg",1,215,248,264,109,479,357
"Morganza_all/022683@29.4930937122435,-90.5219912000919.jpg",1,256,262,263,97,519,359
"Morganza_all/022684@29.4929172239988,-90.5218767021858.jpg",1,196,192,340,169,536,361
"Morganza_all/022685@29.492706625276,-90.5217161166943.jpg",3,130,271,283,111,413,382
"Morganza_all/022686@29.4924150976071,-90.5215871175031.jpg",1,198,219,324,157,522,376
"Morganza_all/022687@29.4921847110654,-90.5215039563611.jpg",1,141,241,279,101,420,342
"Morganza_all/022688@29.4919672311506,-90.5213202623781.jpg",1,269,269,274,94,543,363
"Morganza_all/022689@29.4917771171924,-90.5211904122723.jpg",3,304,246,249,107,553,353
"Morganza_all/022690@29.49159376792,-90.5210605392796.jpg",1,270,306,187,95,457,401
"Morganza_all/022691@29.4914309040188,-90.520961399304.jpg",1,247,283,286,81,533,364
"Morganza_all/022694@29.4912474106195,-90.5208083308973.jpg",2,0,127,529,182,529,309
"Morganza_all/022695@29.4910911397267,-90.5206859408176.jpg",1,180,282,341,84,521,366
"Morganza_all/022699@29.4901235601505,-90.5194727885496.jpg",1,126,268,235,117,361,385
"Morganza_all/022703@29.4891024089671,-90.5183451192302.jpg",3,231,260,220,87,451,347
"Morganza_all/022710@29.4722207137474,-90.5892387087913.jpg",2,0,277,637,118,637,395
"Morganza_all/022712@29.4724871801577,-90.5892570330748.jpg",6,0,234,639,180,639,414
"Morganza_all/022714@29.4726989209918,-90.5890186914024.jpg",1,198,248,331,92,529,340
"Morganza_all/022715@29.4728935512321,-90.5888954985075.jpg",2,0,278,543,100,543,378
"Morganza_all/022717@29.4727077927794,-90.5895395266838.jpg",2,238,271,401,143,639,414
"Morganza_all/022718@29.4729044594533,-90.5897748072154.jpg",3,156,257,321,140,477,397
"Morganza_all/022719@29.4728822425697,-90.590032044584.jpg",1,268,260,219,110,487,370
"Morganza_all/022720@29.4731140910799,-90.5902061915772.jpg",2,0,275,638,135,638,410
"Morganza_all/022721@29.4732278267269,-90.5904285751624.jpg",2,110,267,526,139,636,406
"Morganza_all/022722@29.4733650958015,-90.5906305144443.jpg",2,0,293,534,131,534,424
"Morganza_all/022723@29.4734975151787,-90.5910151134222.jpg",2,203,264,433,150,636,414
"Morganza_all/022724@29.4737180472594,-90.591284069178.jpg",2,26,285,606,121,632,406
"Morganza_all/022725@29.473879555143,-90.5915805216655.jpg",3,129,243,456,155,585,398
"Morganza_all/022726@29.4740058406016,-90.5919313534101.jpg",5,287,254,137,90,424,344
"Morganza_all/022727@29.4745131649025,-90.5926717104507.jpg",1,74,272,475,126,549,398
"Morganza_all/022728@29.4747702160839,-90.5931163029133.jpg",1,169,240,381,118,550,358
"Morganza_all/022729@29.4748781981757,-90.5933725519855.jpg",1,219,260,418,110,637,370
"Morganza_all/022730@29.4750513347182,-90.5936351093031.jpg",1,138,279,441,118,579,397
"Morganza_all/022733@29.4755991637908,-90.5931643018202.jpg",1,110,178,412,169,522,347
"Morganza_all/022734@29.4759353857461,-90.5929521012607.jpg",2,78,239,561,118,639,357
"Morganza_all/022735@29.4765008233616,-90.5924540961735.jpg",1,146,195,483,190,629,385
"Morganza_all/022736@29.4752701932067,-90.5925578812271.jpg",5,194,263,424,131,618,394
"Morganza_all/022737@29.4749452882693,-90.5926753067242.jpg",2,0,114,620,266,620,380
"Morganza_all/022738@29.4750726510126,-90.5921669978862.jpg",2,46,258,593,142,639,400
"Morganza_all/022739@29.4748812878407,-90.5918234003327.jpg",1,179,217,375,176,554,393
"Morganza_all/022740@29.4745923819991,-90.5920284957241.jpg",1,137,167,495,217,632,384
"Morganza_all/022741@29.4746300296146,-90.5913584970454.jpg",2,48,237,589,160,637,397
"Morganza_all/022742@29.4743535784577,-90.5916649488659.jpg",1,48,260,477,133,525,393
"Morganza_all/022743@29.4741380011536,-90.5912268432801.jpg",1,25,252,598,133,623,385
"Morganza_all/022744@29.4743015111263,-90.590833293264.jpg",1,100,250,509,130,609,380
"Morganza_all/022745@29.4739471341931,-90.5909712120491.jpg",1,133,268,417,136,550,404
"Morganza_all/022746@29.4741339742045,-90.5905165833091.jpg",2,26,255,606,146,632,401
"Morganza_all/022747@29.4738094161452,-90.5906948547081.jpg",2,78,242,563,145,641,387
"Morganza_all/022748@29.4735881537932,-90.5902973996235.jpg",1,85,199,466,193,551,392
"Morganza_all/022749@29.4738771062961,-90.5901058460907.jpg",2,17,164,622,234,639,398
"Morganza_all/022750@29.4737151725293,-90.5897349794355.jpg",1,162,255,479,124,641,379
"Morganza_all/022751@29.4733908076738,-90.5899470982135.jpg",2,0,212,479,150,479,362
"Morganza_all/022752@29.4732651699144,-90.5897112580001.jpg",2,130,259,502,140,632,399
"Morganza_all/022753@29.4735541215591,-90.5895197033951.jpg",2,82,226,547,142,629,368
"Morganza_all/022754@29.4733504273593,-90.5890882744875.jpg",1,94,260,506,129,600,389
"Morganza_all/022755@29.4731216908997,-90.5894620371044.jpg",1,161,257,357,127,518,384
"Morganza_all/022756@29.4730436354955,-90.5892664487185.jpg",1,86,237,553,175,639,412
"Morganza_all/022757@29.4736272076536,-90.5888359337876.jpg",2,148,249,493,171,641,420
"Morganza_all/022758@29.4739815439167,-90.5886912513081.jpg",2,95,264,540,134,635,398
"Morganza_all/022759@29.4741789043,-90.5890483091155.jpg",2,77,289,556,112,633,401
"Morganza_all/022760@29.4737408413262,-90.5890448040174.jpg",2,0,282,434,124,434,406
"Morganza_all/022761@29.4739381512972,-90.5893883168633.jpg",2,0,276,521,116,521,392
"Morganza_all/022762@29.4744598469906,-90.5895332865124.jpg",1,149,292,489,106,638,398
"Morganza_all/022763@29.4742072683463,-90.5898733817244.jpg",1,30,262,486,102,516,364
"Morganza_all/022765@29.4744466032919,-90.5903248539156.jpg",1,98,215,290,193,388,408
"Morganza_all/022766@29.4746136802822,-90.5905603906859.jpg",2,99,290,520,102,619,392
"Morganza_all/022767@29.4747454204372,-90.5908300059777.jpg",2,0,271,621,136,621,407
"Morganza_all/022768@29.475075929015,-90.5906584147955.jpg",1,40,287,561,117,601,404
"Morganza_all/022769@29.4752315646071,-90.5909617021639.jpg",3,127,245,503,149,630,394
"Morganza_all/022770@29.4749546651627,-90.5911937396441.jpg",1,99,272,491,122,590,394
"Morganza_all/022771@29.4754232364905,-90.5913593841868.jpg",2,75,241,564,160,639,401
"Morganza_all/022772@29.475164023872,-90.5915777762606.jpg",3,57,261,374,127,431,388
"Morganza_all/022773@29.4755960322782,-90.5915610663234.jpg",1,36,278,489,119,525,397
"Morganza_all/022774@29.4757397370291,-90.591850868044.jpg",3,30,233,490,160,520,393
"Morganza_all/022775@29.4758474919497,-90.5920665465158.jpg",1,138,205,419,207,557,412
"Morganza_all/022776@29.475955120893,-90.5922551669329.jpg",1,229,246,268,157,497,403
"Morganza_all/022777@29.4757201188739,-90.5925681025.jpg",1,67,231,485,166,552,397
"Morganza_all/022778@29.4755765686483,-90.5923053265945.jpg",1,53,230,483,126,536,356
"Morganza_all/022779@29.4757947754914,-90.5911198885224.jpg",2,176,275,463,127,639,402
"Morganza_all/022780@29.4755321122274,-90.5907294568233.jpg",2,0,211,625,173,625,384
"Morganza_all/022781@29.4753766956016,-90.5904600149676.jpg",1,135,231,466,142,601,373
"Morganza_all/022782@29.4752690640732,-90.5902713975656.jpg",1,151,249,460,140,611,389
"Morganza_all/022783@29.4751730155273,-90.5900353646062.jpg",1,32,228,472,138,504,366
"Morganza_all/022784@29.4750353999097,-90.5897725497125.jpg",1,100,270,493,120,593,390
"Morganza_all/022785@29.4748441457791,-90.5894492582214.jpg",1,115,251,510,140,625,391
"Morganza_all/022786@29.4744973280129,-90.5888362298662.jpg",2,40,246,588,135,628,381
"Morganza_all/022787@29.4743596331361,-90.5885599051631.jpg",3,214,215,374,186,588,401
"Morganza_all/022788@29.4742460098073,-90.5883578224296.jpg",2,142,251,494,180,636,431
"Morganza_all/022790@29.4738893263495,-90.5880898836105.jpg",1,95,245,537,135,632,380
"Morganza_all/022793@29.4738346531947,-90.5868049773702.jpg",1,202,249,190,86,392,335
"Morganza_all/022797@29.4928882826837,-90.5743981450378.jpg",1,245,282,112,82,357,364
"Morganza_all/022803@29.4939420050993,-90.574557300093.jpg",1,148,279,248,94,396,373
"Morganza_all/022807@29.4949959210245,-90.5747499027296.jpg",1,210,283,178,94,388,377
"Morganza_all/022808@29.4949444501065,-90.5749508405901.jpg",1,236,270,179,112,415,382
"Morganza_all/022818@29.4984047604011,-90.576589459035.jpg",1,253,272,203,115,456,387
"Morganza_all/022822@29.5001963014461,-90.5780977608616.jpg",1,178,251,282,118,460,369
"Morganza_all/022823@29.4999862344017,-90.5783845891749.jpg",1,12,271,624,168,636,439
"Morganza_all/022824@29.4997719817693,-90.5779453838749.jpg",1,260,303,194,98,454,401
"Morganza_all/022825@29.4995840755083,-90.5781455971158.jpg",1,184,275,279,174,463,449
"Morganza_all/022826@29.4993136610099,-90.5784588121466.jpg",1,137,266,374,184,511,450
"Morganza_all/022827@29.4991561794568,-90.578684759947.jpg",1,119,250,489,200,608,450
"Morganza_all/022828@29.4990141425357,-90.578971072088.jpg",1,109,276,522,170,631,446
"Morganza_all/022829@29.4989250671936,-90.5792569850053.jpg",1,119,250,409,195,528,445
"Morganza_all/022830@29.4988209887622,-90.5795689442032.jpg",1,130,297,430,128,560,425
"Morganza_all/022832@29.4984243016374,-90.5802807233419.jpg",1,123,269,297,115,420,384
"Morganza_all/022833@29.49840328235,-90.5805661223261.jpg",1,91,270,538,163,629,433
"Morganza_all/022834@29.4982681577961,-90.5807399978037.jpg",2,89,103,546,316,635,419
"Morganza_all/022835@29.4981713898761,-90.5810087069564.jpg",1,60,213,513,218,573,431
"Morganza_all/022836@29.4980523594511,-90.5813467079005.jpg",1,149,229,327,162,476,391
"Morganza_all/022838@29.4983270974942,-90.5817854593724.jpg",1,172,258,280,91,452,349
"Morganza_all/022840@29.4987665559594,-90.5806239068894.jpg",2,68,268,567,168,635,436
"Morganza_all/022841@29.4990572760883,-90.5798956337899.jpg",1,155,288,283,106,438,394
"Morganza_all/022842@29.4992215038892,-90.5795227090691.jpg",2,0,274,531,127,531,401
"Morganza_all/022843@29.4993561017127,-90.5792623872028.jpg",2,79,276,550,156,629,432
"Morganza_all/022844@29.4994371943913,-90.5788987307297.jpg",1,89,268,526,170,615,438
"Morganza_all/022845@29.4996779592075,-90.5786894765399.jpg",2,145,258,487,120,632,378
"Morganza_all/022846@29.4996951742394,-90.5790523628911.jpg",2,0,271,537,159,537,430
"Morganza_all/022847@29.4995304281317,-90.5793302335749.jpg",2,0,282,431,122,431,404
"Morganza_all/022848@29.4993737629798,-90.5797031029071.jpg",2,0,264,563,173,563,437
"Morganza_all/022849@29.4992168757041,-90.580032749275.jpg",2,0,247,370,219,370,466
"Morganza_all/022850@29.4989692423823,-90.580363076249.jpg",2,75,266,557,187,632,453
"Morganza_all/022851@29.4990085653831,-90.5806307343259.jpg",1,147,277,368,112,515,389
"Morganza_all/022852@29.4989038656338,-90.5808303163563.jpg",1,75,265,293,122,368,387
"Morganza_all/022853@29.4987769482264,-90.5811165112441.jpg",2,0,240,590,148,590,388
"Morganza_all/022854@29.4989457956798,-90.5815474461726.jpg",2,60,221,578,190,638,411
"Morganza_all/022855@29.4991029349373,-90.5812610246128.jpg",2,177,195,464,229,641,424
"Morganza_all/022856@29.4991845793523,-90.580992458152.jpg",2,190,172,451,224,641,396
"Morganza_all/022857@29.4993941553863,-90.580619194257.jpg",1,186,240,320,96,506,336
"Morganza_all/022858@29.4995207238366,-90.5802724865638.jpg",1,64,223,568,122,632,345
"Morganza_all/022860@29.4997444771919,-90.5797348633212.jpg",2,238,271,393,184,631,455
"Morganza_all/022861@29.4999608654913,-90.5792319035329.jpg",2,169,275,462,140,631,415
"Morganza_all/022862@29.5002068030108,-90.5786076922207.jpg",1,144,275,304,113,448,388
"Morganza_all/022866@29.5010776069308,-90.5788172256376.jpg",3,106,292,305,85,411,377
"Morganza_all/022871@29.5014871746569,-90.5803441621953.jpg",6,228,222,107,100,335,322
"Morganza_all/022876@29.5028364687057,-90.5809218236497.jpg",6,0,216,319,199,319,415
"Morganza_all/022878@29.5025262794461,-90.5822121277856.jpg",6,201,242,133,117,334,359
"Morganza_all/022879@29.5029342584624,-90.582148555554.jpg",6,216,236,218,125,434,361
"Morganza_all/022883@29.5038857118917,-90.5819166842609.jpg",1,101,177,484,248,585,425
"Morganza_all/022884@29.5034573761905,-90.5823866654196.jpg",2,0,250,364,118,364,368
"Morganza_all/022885@29.5029086671274,-90.5829613153252.jpg",2,66,226,571,160,637,386
"Morganza_all/022886@29.5025705286732,-90.5833355492872.jpg",1,89,254,345,130,434,384
"Morganza_all/022887@29.502210224841,-90.5837963645252.jpg",1,39,283,369,116,408,399
"Morganza_all/022888@29.5034684553132,-90.5830003500554.jpg",3,59,249,465,81,524,330
"Morganza_all/022889@29.5037614183607,-90.5826610302675.jpg",1,177,256,363,124,540,380
"Morganza_all/022890@29.5041453240022,-90.5823556075751.jpg",1,249,278,203,85,452,363
"Morganza_all/022891@29.5044266797501,-90.5826301126817.jpg",2,0,266,464,212,464,478
"Morganza_all/022892@29.5042315784136,-90.5828908961177.jpg",2,0,242,617,187,617,429
"Morganza_all/022893@29.5040282928221,-90.583047998521.jpg",2,0,273,533,109,533,382
"Morganza_all/022894@29.5038032392171,-90.5833608747351.jpg",2,0,299,517,127,517,426
"Morganza_all/022895@29.5035176387485,-90.5836655887359.jpg",2,0,253,437,143,437,396
"Morganza_all/022896@29.5033223869779,-90.5839004337682.jpg",2,0,264,339,139,339,403
"Morganza_all/022898@29.502872840414,-90.5846299123939.jpg",1,245,278,225,86,470,364
"Morganza_all/022902@29.5032145400438,-90.5848780346992.jpg",5,221,285,160,88,381,373
"Morganza_all/022903@29.503447752309,-90.5846688434668.jpg",2,0,224,382,175,382,399
"Morganza_all/022904@29.5033627683784,-90.5843496428893.jpg",2,315,126,325,152,640,278
"Morganza_all/022905@29.5035755174676,-90.5845295681458.jpg",1,45,278,354,111,399,389
"Morganza_all/022906@29.5035731449806,-90.5841146541568.jpg",2,276,254,362,147,638,401
"Morganza_all/022907@29.503748578172,-90.5843813089518.jpg",1,37,279,470,105,507,384
"Morganza_all/022908@29.5037007338684,-90.5839494754749.jpg",2,190,264,445,129,635,393
"Morganza_all/022909@29.5040113952817,-90.5840595078332.jpg",2,119,226,404,179,523,405
"Morganza_all/022910@29.5041085653471,-90.583859975343.jpg",1,117,241,396,147,513,388
"Morganza_all/022911@29.5041517118185,-90.5834706539593.jpg",2,54,248,583,144,637,392
"Morganza_all/022912@29.5043044105428,-90.583728834062.jpg",1,47,275,482,141,529,416
"Morganza_all/022913@29.5043845258133,-90.5831922993711.jpg",2,77,261,559,140,636,401
"Morganza_all/022914@29.5046574765237,-90.5833199340705.jpg",5,315,268,88,81,403,349
"Morganza_all/022915@29.5046248517953,-90.5829052420898.jpg",2,147,229,492,206,639,435
"Morganza_all/022916@29.5048684453839,-90.5831886778297.jpg",1,388,282,148,88,536,370
"Morganza_all/022918@29.5047352744946,-90.5836996763887.jpg",2,96,184,536,315,632,499
"Morganza_all/022919@29.5046309383997,-90.583968456555.jpg",1,105,244,433,147,538,391
"Morganza_all/022920@29.5044604481256,-90.5845661830741.jpg",3,79,256,427,92,506,348
"Morganza_all/022921@29.5042728062425,-90.5848096168465.jpg",3,59,188,578,115,637,303
"Morganza_all/022922@29.5039347118813,-90.5851924943942.jpg",1,92,275,405,87,497,362
"Morganza_all/022923@29.503811841817,-90.5848649296384.jpg",1,156,235,166,129,322,364
"Morganza_all/022924@29.5036387805652,-90.585013188091.jpg",2,287,120,352,185,639,305
"Morganza_all/022925@29.5036115925622,-90.5855493224336.jpg",2,0,281,541,176,541,457
"Morganza_all/022944@29.5081012497492,-90.586527251337.jpg",1,230,284,141,100,371,384
"Morganza_all/022960@29.5124749882599,-90.5893914560923.jpg",1,151,302,206,82,357,384
"Morganza_all/022965@29.5142358049909,-90.5905368535695.jpg",2,0,265,450,135,450,400
"Morganza_all/022966@29.5140031223977,-90.5908411552529.jpg",3,38,260,430,141,468,401
"Morganza_all/022967@29.5138306420527,-90.5910931340336.jpg",2,0,278,447,166,447,444
"Morganza_all/022968@29.5136496902967,-90.5911895793337.jpg",2,0,209,537,237,537,446
"Morganza_all/022969@29.5134918438578,-90.591354989123.jpg",1,40,282,358,122,398,404
"Morganza_all/022970@29.5133191883517,-90.5915810607546.jpg",2,0,250,464,85,464,335
"Morganza_all/022971@29.5131388997955,-90.5917898648634.jpg",2,0,261,445,138,445,399
"Morganza_all/022972@29.5129137763973,-90.5920941043818.jpg",2,60,168,575,151,635,319
"Morganza_all/022973@29.5126280576445,-90.5923814987937.jpg",2,0,270,563,135,563,405
"Morganza_all/022974@29.5124180082063,-90.5926769782073.jpg",2,0,210,553,205,553,415
"Morganza_all/022975@29.5121694850232,-90.5928603765751.jpg",1,50,250,311,151,361,401
"Morganza_all/022976@29.511824467245,-90.5933556716876.jpg",1,155,278,359,99,514,377
"Morganza_all/022979@29.5123680050053,-90.5931960654737.jpg",2,203,292,429,114,632,406
"Morganza_all/022981@29.5127812275915,-90.5927261692504.jpg",1,155,197,433,114,588,311
"Morganza_all/022982@29.5129765715712,-90.592499964557.jpg",1,181,232,456,175,637,407
"Morganza_all/022983@29.5131193928679,-90.5923519288459.jpg",1,176,243,381,144,557,387
"Morganza_all/022984@29.5132922455398,-90.5921604725845.jpg",2,53,191,585,123,638,314
"Morganza_all/022985@29.5136231132124,-90.5918381579164.jpg",1,103,217,438,175,541,392
"Morganza_all/022986@29.5137505923185,-90.5916470041292.jpg",1,85,275,502,128,587,403
"Morganza_all/022987@29.513908439126,-90.5914815943728.jpg",2,279,261,357,134,636,395
"Morganza_all/022988@29.5141338334832,-90.5912205783081.jpg",2,248,250,388,144,636,394
"Morganza_all/022989@29.5144570172429,-90.5908723767296.jpg",2,205,190,434,229,639,419
"Morganza_all/022995@29.5157347540478,-90.5921769944431.jpg",1,69,246,476,155,545,401
"Morganza_all/022996@29.5153893691883,-90.5926117896934.jpg",1,41,286,525,143,566,429
"Morganza_all/022997@29.5151645370533,-90.5929679083983.jpg",1,112,246,261,146,373,392
"Morganza_all/022999@29.5145140554342,-90.5929381294528.jpg",6,287,238,95,102,382,340
"Morganza_all/023001@29.5141690375422,-90.5934334673224.jpg",6,208,149,174,119,382,268
"Morganza_all/023002@29.5133419453683,-90.5942695169558.jpg",6,67,136,312,86,379,222
"Morganza_all/023005@29.512816454949,-90.5949476744286.jpg",6,275,146,155,99,430,245
"Morganza_all/023006@29.5125384383495,-90.5952609726006.jpg",6,256,147,176,111,432,258
"Morganza_all/023007@29.5123658034242,-90.5954870037127.jpg",6,269,193,163,85,432,278
"Morganza_all/023008@29.5120952501181,-90.5957829210226.jpg",6,228,164,337,150,565,314
"Morganza_all/023009@29.5131957996027,-90.5951696729076.jpg",6,238,226,150,98,388,324
"Morganza_all/023010@29.51302812889,-90.5962774855317.jpg",1,158,204,389,165,547,369
"Morganza_all/023011@29.5132308188034,-90.5960166181992.jpg",1,118,268,283,98,401,366
"Morganza_all/023012@29.5133959412076,-90.595799287245.jpg",1,95,285,412,88,507,373
"Morganza_all/023013@29.5139318709735,-90.5956310704056.jpg",2,0,240,511,129,511,369
"Morganza_all/023014@29.5142652577444,-90.5957496603112.jpg",2,0,250,348,119,348,369
"Morganza_all/023015@29.5145827900989,-90.5957386775178.jpg",2,182,262,455,114,637,376
"Morganza_all/023016@29.5147638425691,-90.5956595308669.jpg",1,119,283,399,106,518,389
"Morganza_all/023017@29.5149444781509,-90.5955112501109.jpg",1,89,282,404,102,493,384
"Morganza_all/023018@29.5151025244673,-90.5953803958153.jpg",3,91,289,327,98,418,387
"Morganza_all/023019@29.515267916882,-90.5952062881029.jpg",1,102,214,353,176,455,390
"Morganza_all/023020@29.5153956170205,-90.5950583642713.jpg",2,0,261,381,123,381,384
"Morganza_all/023021@29.515538273951,-90.5948757769355.jpg",2,0,271,330,106,330,377
"Morganza_all/023024@29.515119216809,-90.5943169023003.jpg",1,98,243,315,105,413,348
"Morganza_all/023026@29.5152286964482,-90.5936158265637.jpg",1,227,233,295,119,522,352
"Morganza_all/023027@29.5153518861819,-90.5940039593777.jpg",3,186,244,380,127,566,371
"Morganza_all/023028@29.5155473512847,-90.5938036887768.jpg",2,0,216,572,157,572,373
"Morganza_all/023029@29.5157651606616,-90.5935427296873.jpg",2,0,244,366,128,366,372
"Morganza_all/023031@29.5158927399221,-90.5933688655094.jpg",2,0,265,455,127,455,392
"Morganza_all/023032@29.5157468619872,-90.5929808989634.jpg",1,210,260,398,109,608,369
"Morganza_all/023034@29.5160389710974,-90.5924859742608.jpg",2,312,222,327,193,639,415
"Morganza_all/023038@29.5166784329794,-90.5932420494106.jpg",3,113,289,303,81,416,370
"Morganza_all/023040@29.5165751997581,-90.5937096427027.jpg",1,55,257,439,100,494,357
"Morganza_all/023041@29.5164328159399,-90.593935462435.jpg",1,159,295,389,114,548,409
"Morganza_all/023042@29.5162370306073,-90.5940838914303.jpg",1,85,286,467,104,552,390
"Morganza_all/023043@29.5157938470712,-90.5946058643182.jpg",2,98,256,543,128,641,384
"Morganza_all/023044@29.5155959434498,-90.5943739098075.jpg",1,23,278,497,100,520,378
"Morganza_all/023045@29.5158668838455,-90.5941471444494.jpg",2,119,278,522,116,641,394
"Morganza_all/023046@29.5160469809688,-90.5939037557902.jpg",2,259,287,378,92,637,379
"Morganza_all/023047@29.5162351764919,-90.5937553827299.jpg",1,99,261,479,147,578,408
"Morganza_all/023048@29.5163777339645,-90.5935555003997.jpg",1,258,278,354,98,612,376
"Morganza_all/023049@29.5162480062759,-90.5933489502418.jpg",2,235,264,406,116,641,380
"Morganza_all/023050@29.5160886436512,-90.5932464046097.jpg",1,96,252,406,123,502,375
"Morganza_all/023052@29.5138213867018,-90.5961506087994.jpg",3,172,240,386,134,558,374
"Morganza_all/023053@29.5140331468781,-90.5961576972319.jpg",1,185,279,376,99,561,378
"Morganza_all/023054@29.5142070965136,-90.596165063792.jpg",5,269,257,280,85,549,342
"Morganza_all/023055@29.5144900065334,-90.5967162641786.jpg",1,88,282,457,98,545,380
"Morganza_all/023056@29.514602049457,-90.596473383848.jpg",1,110,240,429,161,539,401
"Morganza_all/023057@29.5147818378743,-90.5961694825563.jpg",1,151,270,422,107,573,377
"Morganza_all/023058@29.51500794382,-90.5960381288456.jpg",3,225,263,388,108,613,371
"Morganza_all/023059@29.5152111201498,-90.5958637443714.jpg",2,113,267,526,123,639,390
"Morganza_all/023060@29.5154143934298,-90.5957066191974.jpg",2,18,269,622,120,640,389
"Morganza_all/023061@29.5155946183387,-90.595480525714.jpg",2,0,271,641,115,641,386
"Morganza_all/023062@29.5158350199544,-90.5952021115518.jpg",2,0,271,639,156,639,427
"Morganza_all/023063@29.5159652040066,-90.5954950897256.jpg",2,0,247,483,146,483,393
"Morganza_all/023065@29.51624662956,-90.5957869556788.jpg",2,199,245,442,156,641,401
"Morganza_all/023066@29.516502378305,-90.5955430121649.jpg",3,197,253,293,126,490,379
"Morganza_all/023067@29.5162730800407,-90.5951124237754.jpg",1,77,251,451,130,528,381
"Morganza_all/023068@29.5166300788231,-90.5953950869403.jpg",1,179,258,437,127,616,385
"Morganza_all/023069@29.516848134947,-90.5951773577228.jpg",1,151,255,488,123,639,378
"Morganza_all/023070@29.5166113008724,-90.5947468242096.jpg",2,3,209,631,143,634,352
"Morganza_all/023071@29.5165185843358,-90.5943930456452.jpg",1,138,175,439,196,577,371
"Morganza_all/023072@29.5167141963675,-90.5942187109754.jpg",3,34,239,347,134,381,373
"Morganza_all/023073@29.5171165209619,-90.5944923918517.jpg",2,0,245,585,140,585,385
"Morganza_all/023074@29.5171201533488,-90.5938007296111.jpg",2,0,210,641,177,641,387
"Morganza_all/023075@29.5172800309915,-90.5939897358091.jpg",1,105,243,311,85,416,328
"Morganza_all/023077@29.5175094029734,-90.5944376179653.jpg",1,163,257,214,86,377,343
"Morganza_all/023078@29.5177111554131,-90.5953525418907.jpg",2,174,296,466,105,640,401
"Morganza_all/023079@29.5180314140456,-90.5958256991496.jpg",3,170,271,351,97,521,368
"Morganza_all/023080@29.5177922270771,-90.5963202346888.jpg",2,145,276,491,117,636,393
"Morganza_all/023081@29.5174960190899,-90.5960889953205.jpg",2,95,254,546,224,641,478
"Morganza_all/023082@29.5173591501099,-90.5959516621468.jpg",2,287,285,354,195,641,480
"Morganza_all/023083@29.5170106881577,-90.5958418565011.jpg",2,0,275,412,131,412,406
"Morganza_all/023084@29.5172392754827,-90.5961514075989.jpg",2,209,273,428,131,637,404
"Morganza_all/023085@29.5175740233559,-90.5965120571809.jpg",2,125,264,514,148,639,412
"Morganza_all/023086@29.5173261540641,-90.5968078203829.jpg",2,121,268,517,145,638,413
"Morganza_all/023087@29.517187897054,-90.5964284335575.jpg",1,94,242,467,163,561,405
"Morganza_all/023088@29.516868175854,-90.5960503826902.jpg",2,0,253,501,172,501,425
"Morganza_all/023089@29.51668012367,-90.5962246898759.jpg",1,0,223,368,112,368,335
"Morganza_all/023090@29.5170074062986,-90.5966026535624.jpg",1,86,237,395,156,481,393
"Morganza_all/023091@29.5170410079855,-90.5971989643788.jpg",2,113,240,524,132,637,372
"Morganza_all/023092@29.5168876278915,-90.5968196892364.jpg",2,0,289,454,153,454,442
"Morganza_all/023093@29.5167734460016,-90.5966821891528.jpg",2,167,276,474,124,641,400
"Morganza_all/023094@29.5164925573842,-90.5964854231329.jpg",2,0,276,443,136,443,412
"Morganza_all/023095@29.5162143911098,-90.5967727597133.jpg",1,103,291,334,127,437,418
"Morganza_all/023096@29.5166004410912,-90.596847738227.jpg",2,280,229,361,128,641,357
"Morganza_all/023097@29.5167524606709,-90.5969849288252.jpg",1,13,273,188,161,201,434
"Morganza_all/023098@29.51647298172,-90.597038859193.jpg",1,94,257,434,166,528,423
"Morganza_all/023099@29.5168003593083,-90.5974341478835.jpg",2,247,237,394,98,641,335
"Morganza_all/023100@29.5165597798083,-90.5976866221065.jpg",1,127,224,465,147,592,371
"Morganza_all/023101@29.5162933855676,-90.597377347252.jpg",1,27,218,607,122,634,340
"Morganza_all/023102@29.515985502918,-90.5977600063221.jpg",2,0,293,461,151,461,444
"Morganza_all/023103@29.5158711765301,-90.5975966005537.jpg",2,214,278,427,147,641,425
"Morganza_all/023104@29.5159582788126,-90.5969475330207.jpg",2,0,272,368,91,368,363
"Morganza_all/023105@29.5158613319055,-90.5971903366628.jpg",2,0,237,434,144,434,381
"Morganza_all/023106@29.5156656673488,-90.5973560183037.jpg",1,0,201,466,225,466,426
"Morganza_all/023107@29.5163044428121,-90.5979997264962.jpg",2,0,237,449,106,449,343
"Morganza_all/023108@29.5160939927958,-90.5982260701486.jpg",1,219,277,325,131,544,408
"Morganza_all/023109@29.5156529707618,-90.5977883851513.jpg",2,302,243,337,193,639,436
"Morganza_all/023110@29.5154703151627,-90.5975822510405.jpg",1,0,236,412,160,412,396
"Morganza_all/023111@29.5152300055616,-90.5978779498971.jpg",1,0,221,554,90,554,311
"Morganza_all/023112@29.515555585364,-90.5979533441734.jpg",2,148,188,488,131,636,319
"Morganza_all/023113@29.5154202438279,-90.5980926745036.jpg",2,67,292,574,151,641,443
"Morganza_all/023114@29.5155576229856,-90.5983164336707.jpg",1,35,226,455,117,490,343
"Morganza_all/023115@29.5159363799774,-90.5984347017372.jpg",3,134,275,443,91,577,366
"Morganza_all/023116@29.5157481516562,-90.5985830657702.jpg",1,157,252,415,108,572,360
"Morganza_all/023117@29.5156132245963,-90.5987915298112.jpg",1,245,210,354,146,599,356
"Morganza_all/023118@29.5152553601504,-90.5983532346224.jpg",2,293,236,344,127,637,363
"Morganza_all/023119@29.5148765062346,-90.5982177077503.jpg",2,0,283,462,134,462,417
"Morganza_all/023120@29.514695916093,-90.5983746291903.jpg",1,11,272,412,143,423,415
"Morganza_all/023122@29.5150746245378,-90.5984842507647.jpg",2,166,275,475,82,641,357
"Morganza_all/023123@29.5152191497696,-90.5986387888083.jpg",1,57,217,559,130,616,347
"Morganza_all/023124@29.5154475852654,-90.5989224350081.jpg",1,203,226,252,123,455,349
"Morganza_all/023125@29.5150993679886,-90.5988558181765.jpg",1,322,160,204,160,526,320
"Morganza_all/023126@29.5149110695878,-90.5989868571768.jpg",1,260,222,330,116,590,338
"Morganza_all/023127@29.5145577611414,-90.5993611926418.jpg",1,141,244,217,135,358,379
"Morganza_all/023129@29.5143881274834,-90.5987745703701.jpg",1,91,174,322,266,413,440
"Morganza_all/023133@29.5146584411703,-90.5997840786061.jpg",1,171,237,418,93,589,330
"Morganza_all/023134@29.51497408558,-90.5994359581923.jpg",1,71,223,462,115,533,338
"Morganza_all/023137@29.5197535779225,-90.5981732882094.jpg",1,134,329,169,90,303,419
"Morganza_all/023138@29.5200117776742,-90.5983702317312.jpg",3,89,330,293,85,382,415
"Morganza_all/023139@29.5200361126128,-90.5986640021078.jpg",6,237,265,95,97,332,362
"Morganza_all/023140@29.5202794297569,-90.5989042890097.jpg",6,226,265,104,93,330,358
"Morganza_all/023150@29.5233163767186,-90.5997466464154.jpg",3,242,327,199,91,441,418
"Morganza_all/023156@29.523448561571,-90.600394123872.jpg",6,237,267,134,86,371,353
"Morganza_all/023157@29.5231324794828,-90.6006644531823.jpg",6,224,230,102,98,326,328
"Morganza_all/023160@29.5228472735721,-90.6010469624994.jpg",6,249,254,99,94,348,348
"Morganza_all/023161@29.5226517007756,-90.60122994086.jpg",6,256,274,168,82,424,356
"Morganza_all/023166@29.5260679948477,-90.6009456051222.jpg",6,0,292,333,111,333,403
"Morganza_all/023169@29.5269263665457,-90.6002908643937.jpg",6,208,268,123,91,331,359
"Morganza_all/023176@29.527546114235,-90.6002344482866.jpg",6,199,256,87,91,286,347
"Morganza_all/023177@29.527839025088,-90.5998778037643.jpg",6,190,268,128,112,318,380
"Morganza_all/023178@29.5281412885059,-90.5998410342329.jpg",6,151,274,92,103,243,377
"Morganza_all/023179@29.5282075560583,-90.5995206034169.jpg",1,304,250,190,86,494,336
"Morganza_all/023196@29.5313180125531,-90.6043817804553.jpg",1,238,314,359,120,597,434
"Morganza_all/023197@29.5310277996277,-90.6040886527497.jpg",2,0,246,504,167,504,413
"Morganza_all/023198@29.5306956935133,-90.6044557695242.jpg",2,0,272,480,158,480,430
"Morganza_all/023199@29.5309029235607,-90.6048450309837.jpg",2,78,271,558,137,636,408
"Morganza_all/023200@29.5304691509356,-90.6046831924049.jpg",1,97,280,391,124,488,404
"Morganza_all/023201@29.5306614631698,-90.6051246663322.jpg",1,203,192,362,246,565,438
"Morganza_all/023202@29.5301522707852,-90.6050589047335.jpg",1,19,279,575,128,594,407
"Morganza_all/023203@29.5303065579983,-90.6054919753477.jpg",2,234,279,407,133,641,412
"Morganza_all/023204@29.5299819205047,-90.6058329942481.jpg",2,68,281,573,127,641,408
"Morganza_all/023205@29.5296580436956,-90.6049496098364.jpg",6,139,282,351,105,490,387
"Morganza_all/023206@29.5297446725913,-90.6055047351311.jpg",1,75,278,482,153,557,431
"Morganza_all/023207@29.5294348493028,-90.6057848619729.jpg",3,103,210,496,104,599,314
"Morganza_all/023208@29.5296647960711,-90.6061652776651.jpg",2,167,281,471,126,638,407
"Morganza_all/023209@29.5292614591854,-90.6060118931975.jpg",2,0,264,408,147,408,411
"Morganza_all/023210@29.5295138368975,-90.6063313634248.jpg",2,115,278,519,145,634,423
"Morganza_all/023212@29.5291257275886,-90.6061865467308.jpg",3,23,217,445,208,468,425
"Morganza_all/023213@29.5289747683874,-90.6063526315651.jpg",1,16,299,430,106,446,405
"Morganza_all/023214@29.5291891697186,-90.6066723771078.jpg",1,165,213,383,199,548,412
"Morganza_all/023215@29.5290306202912,-90.6068385163371.jpg",2,334,230,305,185,639,415
"Morganza_all/023216@29.5288799490751,-90.6070567014762.jpg",2,231,257,408,119,639,376
"Morganza_all/023217@29.5287288443133,-90.6071967181875.jpg",1,240,275,288,139,528,414
"Morganza_all/023218@29.5285147537374,-90.6069377527471.jpg",1,26,199,467,125,493,324
"Morganza_all/023219@29.5283484700553,-90.607077910577.jpg",2,0,282,420,138,420,420
"Morganza_all/023220@29.5284272598111,-90.607589662502.jpg",1,283,205,310,154,593,359
"Morganza_all/023223@29.5291313136664,-90.6071938018801.jpg",1,352,268,118,111,470,379
"Morganza_all/023225@29.529320249485,-90.6070274428167.jpg",6,124,261,205,99,329,360
"Morganza_all/023228@29.5296221693866,-90.6066952735356.jpg",6,218,236,105,120,323,356
"Morganza_all/023230@29.5298258984836,-90.606459343861.jpg",6,289,205,103,97,392,302
"Morganza_all/023234@29.5302186580808,-90.6060744077409.jpg",2,0,286,299,172,299,458
"Morganza_all/023238@29.5305960445413,-90.6056548648965.jpg",6,194,230,99,99,293,329
"Morganza_all/023242@29.5314186160706,-90.6047197145347.jpg",1,106,294,290,83,396,377
"Morganza_all/023243@29.5314893429677,-90.6051447183981.jpg",1,185,281,161,85,346,366
"Morganza_all/023244@29.5317566123892,-90.6054119489098.jpg",2,0,306,410,92,410,398
"Morganza_all/023251@29.5325283442018,-90.6076294244006.jpg",1,101,183,299,195,400,378
"Morganza_all/023253@29.5327028938798,-90.608982872437.jpg",6,322,253,136,82,458,335
"Morganza_all/023255@29.5328435715708,-90.6097025919229.jpg",2,0,289,396,176,396,465
"Morganza_all/023257@29.5322015485906,-90.6103324912061.jpg",1,54,288,319,115,373,403
"Morganza_all/023260@29.5315149348909,-90.611145023803.jpg",1,87,287,253,99,340,386
"Morganza_all/023261@29.5312737002986,-90.6114680698377.jpg",2,0,223,287,101,287,324
"Morganza_all/023262@29.5310240144475,-90.6116348612459.jpg",1,68,256,424,165,492,421
"Morganza_all/023263@29.5307749977367,-90.6119232137099.jpg",1,158,303,142,107,300,410
"Morganza_all/023264@29.5306768992422,-90.6120368076701.jpg",1,141,254,200,86,341,340
"Morganza_all/023266@29.5304506982395,-90.6123336727879.jpg",1,42,239,333,173,375,412
"Morganza_all/023267@29.5302687994819,-90.6123957645676.jpg",1,100,285,169,86,269,371
"Morganza_all/023268@29.530148381991,-90.612596368815.jpg",2,0,214,351,131,351,345
"Morganza_all/023269@29.5299972713111,-90.6127363789455.jpg",3,335,277,146,92,481,369
"Morganza_all/023271@29.5331251480677,-90.6098134490925.jpg",3,78,285,551,165,629,450
"Morganza_all/023273@29.5335326287012,-90.6107136662611.jpg",3,120,253,197,85,317,338
"Morganza_all/023277@29.5342475070151,-90.6136610554213.jpg",1,92,271,209,99,301,370
"Morganza_all/023278@29.534287294549,-90.6139907659448.jpg",1,159,278,141,95,300,373
"Morganza_all/023298@29.5387773748745,-90.624093271293.jpg",6,87,271,163,150,250,421
"Morganza_all/023299@29.5392903351939,-90.6248625629832.jpg",6,37,306,216,189,253,495
"Morganza_all/023308@29.4824972439301,-90.5804851204021.jpg",1,132,258,417,94,549,352
"Morganza_all/023309@29.4826898706321,-90.5800101172094.jpg",1,224,166,349,206,573,372
"Morganza_all/023322@29.5316286367302,-90.6109737076533.jpg",3,169,282,189,93,358,375
"Morganza_all/023323@29.5314016362403,-90.6112597980356.jpg",3,100,270,276,122,376,392
"Morganza_all/023324@29.5306132829081,-90.6121649638611.jpg",1,332,278,95,96,427,374
"Morganza_all/023327@29.5161446968408,-90.5976029558513.jpg",2,0,245,472,146,472,391
"Morganza_all/023333@29.4761687892736,-90.5918754460094.jpg",2,343,202,298,115,641,317
"Morganza_all/023334@29.4815860093994,-90.58104924316.jpg",2,0,251,382,115,382,366
"Morganza_all/023338@29.504095727244,-90.5845435380702.jpg",1,150,274,413,105,563,379
"Morganza_all/023339@29.5038376858011,-90.5842385179012.jpg",2,0,240,305,90,305,330
"Morganza_all/023340@29.5037257791166,-90.5849439438341.jpg",2,0,155,339,158,339,313
"Morganza_all/023342@29.4324496877197,-90.7008652505256.jpg",1,158,254,464,100,622,354
"Morganza_all/023347@29.4320667287208,-90.6999892982918.jpg",1,230,251,342,111,572,362
"Morganza_all/023348@29.4320684408644,-90.7003432604498.jpg",2,119,177,518,128,637,305
"Morganza_all/023349@29.4321332933068,-90.7007033899258.jpg",1,233,249,382,159,615,408
"Morganza_all/023350@29.4317020829768,-90.7005290922333.jpg",3,0,278,358,106,358,384
"Morganza_all/023351@29.4314668992844,-90.7005502723544.jpg",1,130,163,401,188,531,351
"Morganza_all/023352@29.430932562205,-90.7004094230535.jpg",1,151,226,339,140,490,366
"Morganza_all/023353@29.4313384612844,-90.7000922216031.jpg",6,249,240,90,84,339,324
"Morganza_all/023354@29.4316127781343,-90.6998610430465.jpg",1,153,220,216,194,369,414
"Morganza_all/023355@29.4315543095662,-90.6996385310838.jpg",1,88,208,351,155,439,363
"Morganza_all/023362@29.4331216428464,-90.7009855714854.jpg",1,173,248,309,87,482,335
"Morganza_all/023363@29.4337371852034,-90.7013029045322.jpg",1,134,144,388,226,522,370
"Morganza_all/023364@29.4334039885526,-90.7012263422766.jpg",1,107,230,462,150,569,380
"Morganza_all/023368@29.4377366204333,-90.7012711374048.jpg",6,209,256,96,91,305,347
"Morganza_all/023369@29.4378306534406,-90.7017294355043.jpg",6,263,244,127,90,390,334
"Morganza_all/023371@29.4401849814822,-90.7020620770122.jpg",3,182,239,300,94,482,333
"Morganza_all/023376@29.4414369408432,-90.7022705343535.jpg",3,162,254,327,98,489,352
"Morganza_all/023378@29.4416955329322,-90.702347575546.jpg",1,214,240,347,84,561,324
"Morganza_all/023379@29.4416184316809,-90.7018301515183.jpg",6,245,272,119,94,364,366
"Morganza_all/023383@29.4424927222218,-90.70225732533.jpg",3,195,242,226,106,421,348
"Morganza_all/023385@29.443203935309,-90.7021872820669.jpg",1,262,263,116,93,378,356
"Morganza_all/023386@29.4435482191855,-90.7021851155767.jpg",1,197,268,299,81,496,349
"Morganza_all/023388@29.4440299006463,-90.7021165470379.jpg",3,226,243,217,91,443,334
"Morganza_all/023390@29.4451302453522,-90.7018211410648.jpg",6,219,202,147,91,366,293
"Morganza_all/023398@29.4462648913464,-90.7014993095405.jpg",6,135,267,95,82,230,349
"Morganza_all/023406@29.4491111980132,-90.7015207149554.jpg",6,148,177,230,129,378,306
"Morganza_all/023407@29.4497679307506,-90.7020541974828.jpg",6,224,160,127,111,351,271
"Morganza_all/023414@29.4518918418363,-90.70220474755.jpg",6,204,160,158,93,362,253
"Morganza_all/023424@29.4549520143077,-90.7025460783186.jpg",6,216,169,90,84,306,253
"Morganza_all/023439@29.4581106372935,-90.7018836586624.jpg",6,250,341,135,83,385,424
"Morganza_all/023440@29.458662977372,-90.7021883395172.jpg",6,363,198,134,97,497,295
"Morganza_all/023444@29.4589840471006,-90.7021338747652.jpg",6,147,160,148,98,295,258
"Morganza_all/023447@29.4593876727995,-90.7013445134104.jpg",6,181,192,119,107,300,299
"Morganza_all/023450@29.4600160097632,-90.7019372401935.jpg",6,155,176,118,94,273,270
"Morganza_all/023457@29.4607948777228,-90.7016175720239.jpg",6,212,261,100,84,312,345
"Morganza_all/023463@29.4618227589701,-90.700581637396.jpg",6,163,184,99,99,262,283
"Morganza_all/023465@29.4620893163343,-90.7011176413216.jpg",6,279,225,89,86,368,311
"Morganza_all/023473@29.4640719828715,-90.7017280910875.jpg",6,37,181,376,106,413,287
"Morganza_all/023474@29.4643240965574,-90.7016478171618.jpg",6,249,192,133,94,382,286
"Morganza_all/023476@29.4652230835918,-90.7012487206969.jpg",6,208,177,133,107,341,284
"Morganza_all/023477@29.4652734597868,-90.7009861036667.jpg",6,207,165,137,114,344,279
"Morganza_all/023486@29.4668035553608,-90.7005633431057.jpg",6,178,200,161,117,339,317
"Morganza_all/023488@29.4674426663033,-90.7010117683753.jpg",6,137,242,106,124,243,366
"Morganza_all/023489@29.4677757048547,-90.7010555490115.jpg",6,296,267,98,109,394,376
"Morganza_all/023490@29.4679994894415,-90.7010541379237.jpg",6,208,263,101,117,309,380
"Morganza_all/023491@29.4683205270191,-90.7009930967691.jpg",6,251,202,87,109,338,311
"Morganza_all/023493@29.4688942478238,-90.7009698063608.jpg",6,213,155,132,88,345,243
"Morganza_all/023494@29.4691120276693,-90.7009094156477.jpg",6,252,122,81,102,333,224
"Morganza_all/023496@29.4696631670523,-90.7009649571545.jpg",6,235,160,98,111,333,271
"Morganza_all/023506@29.4721218152582,-90.70032648265.jpg",6,179,218,123,96,302,314
"Morganza_all/023508@29.4729942416157,-90.700366889482.jpg",1,52,245,573,242,625,487
"Morganza_all/023509@29.4732369515336,-90.7007194756094.jpg",2,0,272,511,146,511,418
"Morganza_all/023510@29.4732582651796,-90.700378327784.jpg",2,0,259,331,208,331,467
"Morganza_all/023511@29.4731463788053,-90.6997888374412.jpg",2,0,281,330,120,330,401
"Morganza_all/023512@29.4731108397207,-90.699559520205.jpg",1,332,266,168,131,500,397
"Morganza_all/023513@29.4734160227005,-90.6997739972187.jpg",3,136,323,449,96,585,419
"Morganza_all/023514@29.4735315679596,-90.6999372217425.jpg",2,0,281,372,327,372,608
"Morganza_all/023515@29.4735163197373,-90.7003439204252.jpg",1,221,295,395,109,616,404
"Morganza_all/023516@29.473592729992,-90.7007172309085.jpg",1,238,300,398,209,636,509
"Morganza_all/023517@29.4737859954449,-90.7003356496982.jpg",2,381,154,258,258,639,412
"Morganza_all/023518@29.4737159021803,-90.7000803388751.jpg",2,303,293,336,178,639,471
"Morganza_all/023519@29.4736858296026,-90.6997985339684.jpg",1,50,236,484,248,534,484
"Morganza_all/023520@29.4736785867003,-90.6994838065129.jpg",2,0,261,468,202,468,463
"Morganza_all/023525@29.4745740424768,-90.6995437345692.jpg",6,117,234,131,81,248,315
"Morganza_all/023526@29.4745438373789,-90.6992291181302.jpg",6,162,225,86,94,248,319
"Morganza_all/023528@29.4747955092895,-90.6990636012415.jpg",6,176,226,171,151,347,377
"Morganza_all/023532@29.4749969268246,-90.700367352036.jpg",6,163,205,207,88,370,293
"Morganza_all/023534@29.4759075989241,-90.7000140122668.jpg",6,55,141,203,86,258,227
"Morganza_all/023536@29.4761635276502,-90.6995402241744.jpg",6,52,282,209,95,261,377
"Morganza_all/023538@29.4774652511496,-90.700541941637.jpg",3,119,240,252,115,371,355
"Morganza_all/023539@29.4776944661922,-90.7004749355676.jpg",1,217,262,201,91,418,353
"Morganza_all/023544@29.478158552261,-90.7003277182839.jpg",1,228,282,119,83,347,365
"Morganza_all/023547@29.4786095263292,-90.6986590932291.jpg",6,110,268,178,106,288,374
"Morganza_all/023555@29.4801649878445,-90.6997957479353.jpg",2,0,264,439,113,439,377
"Morganza_all/023557@29.4804638772801,-90.6987613168858.jpg",6,127,300,185,87,312,387
"Morganza_all/023558@29.4808061822136,-90.6982147324576.jpg",6,151,316,131,108,282,424
"Morganza_all/023562@29.4820337695925,-90.6990048292909.jpg",2,0,271,289,102,289,373
"Morganza_all/023563@29.4819332586668,-90.6986018459374.jpg",3,28,284,367,113,395,397
"Morganza_all/023565@29.4818804758435,-90.6978793618899.jpg",2,0,237,340,93,340,330
"Morganza_all/023566@29.4824764960127,-90.698842459111.jpg",1,75,254,460,120,535,374
"Morganza_all/023567@29.4823354748618,-90.6985523434794.jpg",2,314,266,315,139,629,405
"Morganza_all/023568@29.4822931176863,-90.6982897961682.jpg",2,332,138,309,138,641,276
"Morganza_all/023570@29.4822070440596,-90.6974736716566.jpg",2,363,194,277,195,640,389
"Morganza_all/023571@29.4824688464589,-90.6972654860542.jpg",1,15,241,473,184,488,425
"Morganza_all/023572@29.4825192637435,-90.6974998526088.jpg",2,0,181,439,227,439,408
"Morganza_all/023573@29.4828472165189,-90.6973851279258.jpg",3,106,213,529,182,635,395
"Morganza_all/023574@29.4825793601218,-90.698034532933.jpg",2,85,222,339,108,424,330
"Morganza_all/023575@29.4829077232226,-90.6980042909957.jpg",1,190,190,402,223,592,413
"Morganza_all/023576@29.4829499169154,-90.6982386796026.jpg",3,263,205,307,206,570,411
"Morganza_all/023577@29.4830166857369,-90.6984541805271.jpg",2,224,271,415,162,639,433
"Morganza_all/023578@29.4830177776481,-90.6986794636215.jpg",1,169,304,319,117,488,421
"Morganza_all/023580@29.4984065708739,-90.5530319804292.jpg",3,200,285,255,86,455,371
"Morganza_all/023581@29.4987448533365,-90.5524241577443.jpg",3,203,291,252,85,455,376
"Morganza_all/023582@29.4992516471958,-90.5523319707668.jpg",6,287,191,128,96,415,287
"Morganza_all/023583@29.4993462537825,-90.5515495311669.jpg",1,234,275,193,86,427,361
"Morganza_all/023587@29.5004245829351,-90.5492779724626.jpg",1,217,264,134,82,351,346
"Morganza_all/023588@29.5006649274061,-90.5488915389487.jpg",1,143,293,341,82,484,375
"Morganza_all/023590@29.5010138398053,-90.5482205762854.jpg",1,140,294,335,102,475,396
"Morganza_all/023591@29.5011996515374,-90.5479354431544.jpg",3,184,290,285,85,469,375
"Morganza_all/023592@29.5015044514499,-90.5472648194735.jpg",1,224,303,237,84,461,387
"Morganza_all/023594@29.5015570506828,-90.5468420323809.jpg",1,141,245,302,149,443,394
"Morganza_all/023595@29.5016385926058,-90.5466459545754.jpg",1,244,277,228,99,472,376
"Morganza_all/023599@29.5047289065582,-90.5407014773539.jpg",6,117,274,243,175,360,449
"Morganza_all/023603@29.5057896630743,-90.5394719041558.jpg",1,297,300,148,84,445,384
"Morganza_all/023604@29.5064448380133,-90.539366240593.jpg",6,53,209,319,82,372,291
"Morganza_all/023606@29.4988965139564,-90.5540956114214.jpg",1,123,303,228,95,351,398
"Morganza_all/023607@29.4990388285427,-90.5538234705211.jpg",6,238,235,106,89,344,324
"Morganza_all/023610@29.5002605335143,-90.5542301776271.jpg",1,170,285,386,102,556,387
"Morganza_all/023611@29.5007968891879,-90.5532967984149.jpg",2,0,257,376,199,376,456
"Morganza_all/023612@29.5004829346557,-90.5531831180723.jpg",1,110,297,338,102,448,399
"Morganza_all/023614@29.5007344589023,-90.5527649509129.jpg",1,237,280,246,107,483,387
"Morganza_all/023615@29.5005898395213,-90.5526499220623.jpg",3,248,272,294,123,542,395
"Morganza_all/023616@29.5003350005973,-90.5525163877162.jpg",2,0,223,629,154,629,377
"Morganza_all/023618@29.5014555337215,-90.5529916164253.jpg",3,162,296,316,113,478,409
"Morganza_all/023619@29.5012957630207,-90.5531767919227.jpg",1,176,294,348,196,524,490
"Morganza_all/023621@29.5014171053427,-90.55365012219.jpg",1,190,268,438,169,628,437
"Morganza_all/023622@29.501061379382,-90.5536335246041.jpg",1,82,287,330,104,412,391
"Morganza_all/023623@29.5009781516405,-90.5538761651095.jpg",1,243,285,306,109,549,394
"Morganza_all/023625@29.500828403391,-90.5543225547307.jpg",1,265,287,233,98,498,385
"Morganza_all/023626@29.5006517491059,-90.554517508885.jpg",1,42,272,472,178,514,450
"Morganza_all/023627@29.5008978587237,-90.5546123876085.jpg",1,28,330,254,84,282,414
"Morganza_all/023629@29.5016495863774,-90.5542968396971.jpg",6,339,258,114,81,453,339
"Morganza_all/023630@29.5017326420967,-90.5540251523209.jpg",1,50,294,362,100,412,394
"Morganza_all/023631@29.5029924241134,-90.5551381745579.jpg",1,224,303,267,82,491,385
"Morganza_all/023634@29.5034449544069,-90.5543506321128.jpg",1,108,287,330,124,438,411
"Morganza_all/023635@29.5035277800288,-90.5540402431967.jpg",1,215,304,221,91,436,395
"Morganza_all/023637@29.5034075242076,-90.5551736818056.jpg",1,202,316,358,100,560,416
"Morganza_all/023638@29.5036626777656,-90.5553652880913.jpg",1,102,298,179,109,281,407
"Morganza_all/023642@29.5051137472829,-90.5558960648754.jpg",2,387,330,253,86,640,416
"Morganza_all/023654@29.5111845366269,-90.5630220121508.jpg",1,214,264,184,123,398,387
"Morganza_all/023655@29.5110553850857,-90.5626551685822.jpg",1,110,292,393,136,503,428
"Morganza_all/023656@29.5113336310193,-90.5624594272765.jpg",2,343,305,298,172,641,477
"Morganza_all/023658@29.5119321826726,-90.5620095179845.jpg",1,151,269,235,150,386,419
"Morganza_all/023660@29.5122666919994,-90.5613002809879.jpg",3,28,296,388,148,416,444
"Morganza_all/023661@29.5124437559072,-90.5611730965222.jpg",1,190,273,220,129,410,402
"Morganza_all/023662@29.5126547272656,-90.5610553022629.jpg",3,42,283,179,89,221,372
"Morganza_all/023663@29.5128595387844,-90.5613247645621.jpg",5,232,232,199,92,431,324
"Morganza_all/023664@29.5128989192379,-90.5608210822843.jpg",1,234,245,245,144,479,389
"Morganza_all/023665@29.5131206999067,-90.5611000974282.jpg",1,17,294,370,139,387,433
"Morganza_all/023666@29.5131434259793,-90.5606449592021.jpg",2,0,278,588,95,588,373
"Morganza_all/023668@29.5133624667272,-90.5604593481978.jpg",1,246,258,223,121,469,379
"Morganza_all/023678@29.5150825627141,-90.5678807595634.jpg",6,205,297,139,91,344,388
"Morganza_all/023679@29.5162833534398,-90.5676101913423.jpg",6,0,258,282,218,282,476
"Morganza_all/023680@29.5157457654465,-90.568350036511.jpg",6,169,193,143,107,312,300
"Morganza_all/023684@29.515618017434,-90.5696772622937.jpg",1,137,307,168,99,305,406
"Morganza_all/023691@29.5172022870614,-90.5698297525744.jpg",1,288,231,345,104,633,335
"Morganza_all/023692@29.5178096723481,-90.5694378969562.jpg",1,56,270,580,92,636,362
"Morganza_all/023694@29.517786803052,-90.5698737189674.jpg",2,0,287,330,132,330,419
"Morganza_all/023695@29.5173906491237,-90.5701865245072.jpg",3,106,274,446,173,552,447
"Morganza_all/023696@29.5169691133009,-90.5704995207583.jpg",1,54,292,554,140,608,432
"Morganza_all/023697@29.5166913349741,-90.5707823693936.jpg",1,151,243,295,147,446,390
"Morganza_all/023700@29.517612527514,-90.5719370436071.jpg",3,209,278,225,104,434,382
"Morganza_all/023701@29.5179104543721,-90.5722058655917.jpg",5,287,208,102,96,389,304
"Morganza_all/023707@29.5193730248397,-90.5718171761972.jpg",6,88,291,205,104,293,395
"Morganza_all/023712@29.5195405323664,-90.5744201193756.jpg",3,41,310,334,84,375,394
"Morganza_all/023716@29.5202150384009,-90.5753831059466.jpg",1,25,304,279,87,304,391
"Morganza_all/023721@29.5208716757978,-90.5761913568901.jpg",3,222,260,353,124,575,384
"Morganza_all/023722@29.5213596381029,-90.5756455126102.jpg",2,0,265,615,84,615,349
"Morganza_all/023723@29.5216876566296,-90.5752654735408.jpg",1,139,279,399,89,538,368
"Morganza_all/023724@29.5219233769474,-90.5750313313701.jpg",3,50,268,516,119,566,387
"Morganza_all/023725@29.5220992210849,-90.574691177217.jpg",2,0,279,579,105,579,384
"Morganza_all/023726@29.5223180287739,-90.5744571607926.jpg",3,107,275,201,102,308,377
"Morganza_all/023727@29.5224696405123,-90.5743204639288.jpg",1,84,256,479,139,563,395
"Morganza_all/023728@29.5226126705154,-90.5741644944624.jpg",1,293,256,329,142,622,398
"Morganza_all/023729@29.5227887367663,-90.5738630406488.jpg",3,82,220,516,154,598,374
"Morganza_all/023730@29.5233141888767,-90.5739461866834.jpg",1,10,305,462,101,472,406
"Morganza_all/023731@29.5230282415984,-90.5742775272866.jpg",1,198,246,278,154,476,400
"Morganza_all/023732@29.5228763780229,-90.5743754895089.jpg",1,231,274,178,107,409,381
"Morganza_all/023733@29.5227844740742,-90.5745891779901.jpg",1,321,277,198,111,519,388
"Morganza_all/023734@29.5226923730064,-90.574764130265.jpg",1,280,268,285,145,565,413
"Morganza_all/023735@29.5224481561181,-90.5749983391567.jpg",1,135,282,380,90,515,372
"Morganza_all/023736@29.5222216334291,-90.5753582458133.jpg",1,84,268,474,121,558,389
"Morganza_all/023737@29.5219440686297,-90.5756798311245.jpg",2,100,278,535,90,635,368
"Morganza_all/023739@29.5216079151751,-90.5761180365924.jpg",3,250,254,379,115,629,369
"Morganza_all/023741@29.5211533816582,-90.5765861541079.jpg",1,182,250,309,174,491,424
"Morganza_all/023748@29.5240269856022,-90.5769607945987.jpg",6,162,298,155,93,317,391
"Morganza_all/023750@29.5240150373878,-90.5776304325956.jpg",1,134,287,200,81,334,368
"Morganza_all/023752@29.524514209393,-90.5777442974193.jpg",1,109,295,211,81,320,376
"Morganza_all/023753@29.5248151668978,-90.5777872751896.jpg",3,79,280,245,85,324,365
"Morganza_all/023754@29.5250614450569,-90.5779573192649.jpg",3,9,289,258,102,267,391
"Morganza_all/023756@29.5258522983611,-90.5778789749768.jpg",1,183,259,138,83,321,342
"Morganza_all/023761@29.5266904329041,-90.5777640810997.jpg",6,217,202,115,81,332,283
"Morganza_all/023765@29.5288154082606,-90.5771327841917.jpg",1,106,296,328,104,434,400
"Morganza_all/023766@29.5290361805289,-90.5769953718839.jpg",1,161,290,200,100,361,390
"Morganza_all/023767@29.5293524798328,-90.5769567917825.jpg",3,120,300,140,98,260,398
"Morganza_all/023775@29.5298452917582,-90.5746005249676.jpg",6,0,257,233,115,233,372
"Morganza_all/023777@29.5299890471073,-90.5734593385306.jpg",6,104,222,204,143,308,365
"Morganza_all/023780@29.5314960078451,-90.5767958379611.jpg",1,46,351,197,85,243,436
"Morganza_all/023781@29.5320197226845,-90.5770452408194.jpg",1,149,322,136,110,285,432
"Morganza_all/023782@29.5324793522644,-90.5771594102159.jpg",1,45,285,299,138,344,423
"Morganza_all/023783@29.5008542621437,-90.5484460263918.jpg",1,64,304,214,107,278,411
"Morganza_all/023785@29.500679125966,-90.5534522844022.jpg",3,170,271,296,117,466,388
"Morganza_all/023786@29.5025939083192,-90.5549271240208.jpg",1,256,282,193,138,449,420
"Morganza_all/023788@29.5112000437361,-90.5628251475012.jpg",1,11,285,420,157,431,442
"Morganza_all/023789@29.5133085083728,-90.5664013633499.jpg",1,102,300,231,117,333,417
"Morganza_all/023790@29.513443405219,-90.5663092187879.jpg",1,107,297,221,105,328,402
"Morganza_all/023797@29.5439151294182,-90.679516745952.jpg",6,60,222,240,145,300,367
"Morganza_all/023798@29.5442618291529,-90.6800044622782.jpg",6,205,162,168,100,373,262
"Morganza_all/023802@29.5457099527163,-90.6789012947806.jpg",1,201,269,316,130,517,399
"Morganza_all/023803@29.5456577234083,-90.6791641461237.jpg",1,111,262,434,126,545,388
"Morganza_all/023805@29.5457737417668,-90.6794171246885.jpg",1,187,294,204,90,391,384
"Morganza_all/023806@29.5457447505737,-90.6797410253867.jpg",1,210,293,232,96,442,389
"Morganza_all/023807@29.5457152353918,-90.6799599817813.jpg",1,203,304,213,90,416,394
"Morganza_all/023808@29.5456708664485,-90.6802664963482.jpg",1,213,296,215,83,428,379
"Morganza_all/023810@29.5456069330534,-90.6812556264797.jpg",1,77,255,458,115,535,370
"Morganza_all/023811@29.5453589487094,-90.6821584586524.jpg",1,110,278,354,102,464,380
"Morganza_all/023814@29.5447044476184,-90.6828539058991.jpg",1,0,260,632,127,632,387
"Morganza_all/023818@29.5443749939958,-90.6842997219625.jpg",1,165,259,255,120,420,379
"Morganza_all/023819@29.5443919294924,-90.6846320936398.jpg",1,218,282,210,92,428,374
"Morganza_all/023820@29.5442502074498,-90.6853679788969.jpg",2,0,271,641,99,641,370
"Morganza_all/023823@29.5438657216141,-90.7182328667019.jpg",1,234,260,259,98,493,358
"Morganza_all/023824@29.5440190030772,-90.7182209499945.jpg",1,215,293,377,145,592,438
"Morganza_all/023825@29.5440448830141,-90.7186317991556.jpg",1,226,292,336,113,562,405
"Morganza_all/023827@29.5440758565285,-90.7191029051982.jpg",1,221,275,343,130,564,405
"Morganza_all/023828@29.5441053118043,-90.7192561647836.jpg",1,220,280,360,120,580,400
"Morganza_all/023829@29.5441299821196,-90.7194094537764.jpg",3,233,286,229,112,462,398
"Morganza_all/023830@29.5441307264796,-90.7195683615497.jpg",1,214,285,343,109,557,394
"Morganza_all/023831@29.5441752576857,-90.7198640249888.jpg",1,222,271,396,115,618,386
"Morganza_all/023832@29.5441904584227,-90.7200447643853.jpg",1,211,289,334,109,545,398
"Morganza_all/023833@29.5442198375371,-90.7201761048364.jpg",1,238,271,384,118,622,389
"Morganza_all/023834@29.5442158731222,-90.7203514894562.jpg",1,224,282,357,107,581,389
"Morganza_all/023835@29.5442549239993,-90.7205046909249.jpg",1,256,281,296,90,552,371
"Morganza_all/023836@29.5442843520522,-90.7206524792001.jpg",1,256,276,287,103,543,379
"Morganza_all/023837@29.5443242221015,-90.7209810364247.jpg",1,185,269,359,139,544,408
"Morganza_all/023838@29.5443201797741,-90.7211399737525.jpg",1,202,276,310,95,512,371
"Morganza_all/023839@29.5443694902678,-90.7214410813974.jpg",3,231,286,361,115,592,401
"Morganza_all/023840@29.5444038063239,-90.7216052881926.jpg",1,259,290,337,101,596,391
"Morganza_all/023841@29.5444093328029,-90.7217641672117.jpg",3,213,280,375,104,588,384
"Morganza_all/023842@29.5444485355015,-90.721950264456.jpg",1,169,294,321,106,490,400
"Morganza_all/023843@29.5444492255881,-90.7220981972941.jpg",1,210,278,335,103,545,381
"Morganza_all/023844@29.5444643230152,-90.7222515458758.jpg",1,219,288,328,106,547,394
"Morganza_all/023845@29.5444842307016,-90.7224103687852.jpg",1,210,279,338,113,548,392
"Morganza_all/023846@29.5445040613911,-90.7225527128353.jpg",1,231,296,370,102,601,398
"Morganza_all/023847@29.5445192094278,-90.7227170370367.jpg",2,208,257,430,199,638,456
"Morganza_all/023848@29.5445390397841,-90.7228593811971.jpg",1,273,287,307,104,580,391
"Morganza_all/023849@29.5445590231867,-90.723034620381.jpg",1,198,289,344,109,542,398
"Morganza_all/023850@29.5445692583024,-90.7231715823717.jpg",1,280,274,327,113,607,387
"Morganza_all/023851@29.5445940005985,-90.7233413205277.jpg",1,215,299,334,96,549,395
"Morganza_all/023852@29.5446090709597,-90.7234891660552.jpg",1,196,272,357,108,553,380
"Morganza_all/023853@29.5446337873864,-90.7236534323411.jpg",1,197,261,299,122,496,383
"Morganza_all/023854@29.5446538971247,-90.7238560633833.jpg",1,134,260,456,141,590,401
"Morganza_all/023855@29.5450382999682,-90.7240839031654.jpg",1,129,261,389,122,518,383
"Morganza_all/023856@29.545003961571,-90.7239142224451.jpg",1,118,265,381,117,499,382
"Morganza_all/023857@29.5449888660896,-90.7237608727871.jpg",3,133,253,364,132,497,385
"Morganza_all/023858@29.5449689856466,-90.7236075522921.jpg",3,155,254,335,123,490,377
"Morganza_all/023859@29.5449538918385,-90.723448730533.jpg",1,159,237,373,159,532,396
"Morganza_all/023860@29.5449188891987,-90.7231365572158.jpg",1,151,244,309,136,460,380
"Morganza_all/023862@29.5448791011798,-90.7228244447195.jpg",1,80,226,378,160,458,386
"Morganza_all/023863@29.5448688147041,-90.7226765382836.jpg",1,134,249,387,117,521,366
"Morganza_all/023864@29.5448393379233,-90.722517804498.jpg",1,106,257,385,125,491,382
"Morganza_all/023865@29.5448241896368,-90.7223534798017.jpg",1,104,240,339,139,443,379
"Morganza_all/023866@29.54480906681,-90.7221946586287.jpg",3,86,264,359,127,445,391
"Morganza_all/023867@29.5447844508032,-90.722052311959.jpg",3,136,239,374,144,510,383
"Morganza_all/023868@29.5447789502052,-90.7218989043526.jpg",1,98,250,372,133,470,383
"Morganza_all/023869@29.5447446346639,-90.7217347282904.jpg",1,141,233,370,139,511,372
"Morganza_all/023870@29.5447144659194,-90.7214280303031.jpg",1,117,241,331,144,448,385
"Morganza_all/023871@29.544639716788,-90.720814691521.jpg",2,0,234,538,136,538,370
"Morganza_all/023872@29.5446004101374,-90.7206067063124.jpg",1,49,251,389,127,438,378
"Morganza_all/023873@29.544590069975,-90.72044785649.jpg",1,83,228,388,140,471,368
"Morganza_all/023874@29.544544695581,-90.7199658600158.jpg",1,12,257,374,115,386,372
"Morganza_all/023875@29.5445248876996,-90.7198289884292.jpg",1,76,225,428,152,504,377
"Morganza_all/023876@29.544504977032,-90.7196701974165.jpg",2,0,254,399,130,399,384
"Morganza_all/023878@29.5444651806099,-90.7193580561378.jpg",3,88,280,314,113,402,393
"Morganza_all/023879@29.5444548903691,-90.7192101821173.jpg",1,83,242,341,131,424,373
"Morganza_all/023880@29.5444349531539,-90.7190458878862.jpg",1,106,244,335,136,441,380
"Morganza_all/023881@29.5444103080701,-90.718898070519.jpg",1,92,261,366,107,458,368
"Morganza_all/023882@29.5443752947374,-90.7185859319337.jpg",3,107,271,314,109,421,380
"Morganza_all/023883@29.5443602461955,-90.7184380558716.jpg",3,159,254,323,118,482,372
"Morganza_all/023884@29.5443449900603,-90.7182518445825.jpg",1,96,254,369,128,465,382
"Morganza_all/023888@29.5386168849756,-90.719998655157.jpg",6,176,288,126,90,302,378
"Morganza_all/023889@29.5380681783968,-90.7194859336947.jpg",1,172,254,269,116,441,370
"Morganza_all/023890@29.5374931496443,-90.720123239617.jpg",1,232,278,375,113,607,391
"Morganza_all/023898@29.5402407143557,-90.7192960444912.jpg",6,97,292,201,133,298,425
"Morganza_all/023903@29.5409611883739,-90.718442750448.jpg",1,259,297,127,90,386,387
"Morganza_all/023907@29.5410352722091,-90.7190466975462.jpg",1,279,299,171,92,450,391
"Morganza_all/023908@29.5410419122289,-90.7191960669397.jpg",1,279,306,218,83,497,389
"Morganza_all/023909@29.541072279166,-90.7193384981627.jpg",1,328,302,99,82,427,384
"Morganza_all/023910@29.5410848584344,-90.7194877997954.jpg",1,376,300,127,83,503,383
"Morganza_all/023911@29.5410625943352,-90.7198071348425.jpg",1,317,281,159,99,476,380
"Morganza_all/023913@29.5406351709216,-90.719836891583.jpg",1,213,233,367,164,580,397
"Morganza_all/023914@29.5404096116276,-90.7198586508738.jpg",1,271,282,119,88,390,370
"Morganza_all/023916@29.540095047493,-90.7198945404407.jpg",3,266,272,230,114,496,386
"Morganza_all/023917@29.5399706902964,-90.71996999029.jpg",1,225,254,290,135,515,389
"Morganza_all/023918@29.5397924581921,-90.719950734614.jpg",1,269,274,245,100,514,374
"Morganza_all/023921@29.5416322298316,-90.7197153400483.jpg",1,168,268,143,92,311,360
"Morganza_all/023922@29.5415782591446,-90.7196002238353.jpg",1,139,240,219,139,358,379
"Morganza_all/023924@29.5414754979181,-90.7192137879138.jpg",1,170,257,146,99,316,356
"Morganza_all/023925@29.5414747339642,-90.7190507961959.jpg",1,234,261,176,87,410,348
"Morganza_all/023928@29.5414188878756,-90.7185418026077.jpg",3,188,269,187,102,375,371
"Morganza_all/023929@29.5414239673304,-90.718358428096.jpg",1,332,259,133,96,465,355
"Morganza_all/023930@29.5414054150138,-90.7182023384894.jpg",1,148,257,476,89,624,346
"Morganza_all/023936@29.5424121358509,-90.7188684970572.jpg",1,294,310,199,91,493,401
"Morganza_all/023938@29.5424255751531,-90.7192011719794.jpg",1,280,288,228,113,508,401
"Morganza_all/023939@29.5424677303885,-90.7193299471467.jpg",1,307,303,134,82,441,385
"Morganza_all/023943@29.5429283724805,-90.7187838161295.jpg",3,82,262,438,91,520,353
"Morganza_all/023944@29.5435878175217,-90.7182400448374.jpg",1,337,257,193,116,530,373
"Morganza_all/023945@29.5436746468078,-90.718360055691.jpg",1,78,278,189,97,267,375
"Morganza_all/023952@29.5256255451918,-90.7412423235609.jpg",1,210,259,349,100,559,359
"Morganza_all/023953@29.5257643435263,-90.7417007330717.jpg",1,91,238,322,108,413,346
"Morganza_all/023954@29.525783829272,-90.742228268328.jpg",1,134,260,404,92,538,352
"Morganza_all/023955@29.5258975239478,-90.7428041115625.jpg",1,221,216,339,138,560,354
"Morganza_all/023961@29.5257126515066,-90.7454043977091.jpg",1,182,261,292,164,474,425
"Morganza_all/023962@29.5251016159039,-90.7463558031297.jpg",1,287,260,224,85,511,345
"Morganza_all/023963@29.5253984866562,-90.745855721204.jpg",2,232,236,404,155,636,391
"Morganza_all/023964@29.5253884444872,-90.7455235513577.jpg",2,155,257,481,111,636,368
"Morganza_all/023965@29.5250131549313,-90.7456820875298.jpg",1,137,296,362,108,499,404
"Morganza_all/023966@29.5249683174628,-90.7452133458318.jpg",2,224,296,412,109,636,405
"Morganza_all/023967@29.52534395739,-90.7451329736457.jpg",1,127,264,386,124,513,388
"Morganza_all/023969@29.5249237415936,-90.7448032128382.jpg",1,36,289,511,100,547,389
"Morganza_all/023970@29.5252648766024,-90.744644874141.jpg",2,106,206,523,180,629,386
"Morganza_all/023971@29.5248792961607,-90.7444223843387.jpg",1,50,292,517,99,567,391
"Morganza_all/023972@29.5252117906586,-90.7442445375723.jpg",2,0,237,632,158,632,395
"Morganza_all/023973@29.5248355801588,-90.744197886556.jpg",3,73,272,467,118,540,390
"Morganza_all/023974@29.524791616616,-90.7439245594401.jpg",1,61,295,568,118,629,413
"Morganza_all/023975@29.5252015247249,-90.7438635386159.jpg",1,122,254,462,141,584,395
"Morganza_all/023976@29.5255174858373,-90.7438128173486.jpg",1,153,219,291,183,444,402
"Morganza_all/023977@29.5253617060731,-90.7433740322724.jpg",1,203,273,212,95,415,368
"Morganza_all/023978@29.5251833926151,-90.7436291109958.jpg",2,151,247,486,148,637,395
"Morganza_all/023979@29.5247906493699,-90.7437095893229.jpg",2,0,268,545,126,545,394
"Morganza_all/023980@29.5247375166737,-90.7432995080768.jpg",1,92,244,422,164,514,408
"Morganza_all/023981@29.5250876146503,-90.7432388369029.jpg",1,144,265,453,122,597,387
"Morganza_all/023982@29.5253774184952,-90.7430710161105.jpg",1,110,263,350,121,460,384
"Morganza_all/023983@29.5250609733611,-90.74301423858.jpg",1,117,238,441,153,558,391
"Morganza_all/023984@29.524666821596,-90.7427820586767.jpg",3,110,306,481,102,591,408
"Morganza_all/023985@29.5250341556664,-90.7427505891082.jpg",2,168,244,468,141,636,385
"Morganza_all/023986@29.5250074254922,-90.7425064654062.jpg",3,192,236,373,133,565,369
"Morganza_all/023987@29.524640003434,-90.742518410304.jpg",3,152,284,346,114,498,398
"Morganza_all/023988@29.5246389897695,-90.7422936620263.jpg",3,26,289,490,110,516,399
"Morganza_all/023989@29.5253048272956,-90.7421333997184.jpg",2,93,275,540,129,633,404
"Morganza_all/023990@29.5249538480146,-90.7419986614952.jpg",1,137,250,468,133,605,383
"Morganza_all/023991@29.5245781825104,-90.7420790452788.jpg",3,135,282,377,91,512,373
"Morganza_all/023992@29.5245769917929,-90.7418152460557.jpg",1,112,268,417,127,529,395
"Morganza_all/023993@29.5249270282762,-90.7417350125771.jpg",1,97,266,479,124,576,390
"Morganza_all/023994@29.525226237276,-90.7417625512837.jpg",1,163,296,302,84,465,380
"Morganza_all/023996@29.5245073502527,-90.7415322935456.jpg",1,201,293,280,90,481,383
"Morganza_all/023997@29.5244717565072,-90.7412198040385.jpg",2,190,273,448,115,638,388
"Morganza_all/023998@29.5248734919995,-90.7412369880076.jpg",3,95,243,421,132,516,375
"Morganza_all/023999@29.525188701257,-90.7410201490013.jpg",5,299,204,168,120,467,324
"Morganza_all/024000@29.5250079629511,-90.7407378522417.jpg",3,218,284,299,133,517,417
"Morganza_all/024001@29.5247329678634,-90.7403974729433.jpg",1,43,259,433,154,476,413
"Morganza_all/024004@29.5665054052037,-90.5970358182952.jpg",1,214,269,249,88,463,357
"Morganza_all/024005@29.5670960364688,-90.5965549422855.jpg",1,254,257,256,128,510,385
"Morganza_all/024006@29.5673026737367,-90.5962573845851.jpg",1,252,252,167,124,419,376
"Morganza_all/024007@29.567584147815,-90.5958004500543.jpg",1,227,235,225,144,452,379
"Morganza_all/024008@29.5678543526636,-90.5955890530258.jpg",3,112,282,309,146,421,428
"Morganza_all/024009@29.5679857446347,-90.5953787089235.jpg",3,233,277,283,97,516,374
"Morganza_all/024011@29.5682556104795,-90.5951023539425.jpg",1,202,261,258,125,460,386
"Morganza_all/024012@29.5684377461086,-90.5949421541298.jpg",3,180,300,324,104,504,404
"Morganza_all/024013@29.568523820628,-90.5945371718069.jpg",3,159,333,357,83,516,416
"Morganza_all/024015@29.5693539054058,-90.5939823097697.jpg",3,118,261,239,123,357,384
"Morganza_all/024016@29.5612301426968,-90.6018397209344.jpg",3,101,244,278,131,379,375
"Morganza_all/024017@29.5615577611813,-90.6017290299481.jpg",3,65,276,423,110,488,386
"Morganza_all/024018@29.5619860319075,-90.6015598518636.jpg",1,73,284,327,84,400,368
"Morganza_all/024038@29.5696368381094,-90.5937852490197.jpg",1,209,272,430,104,639,376
"Morganza_all/024039@29.5695155724983,-90.5935478868677.jpg",1,239,271,285,102,524,373
"Morganza_all/024040@29.5693562093958,-90.5932746623776.jpg",1,294,281,198,84,492,365
"Morganza_all/024042@29.5689795007979,-90.5925120939091.jpg",3,267,280,148,88,415,368
"Morganza_all/024046@29.5678413856954,-90.5944050220163.jpg",1,113,303,276,88,389,391
"Morganza_all/024048@29.5671854154122,-90.594489288556.jpg",3,237,295,190,85,427,380
"Morganza_all/024049@29.5670707156269,-90.5931832422997.jpg",1,236,300,307,100,543,400
"Morganza_all/024050@29.5686165664646,-90.591958806968.jpg",1,263,279,146,85,409,364
"Morganza_all/024051@29.5580210694921,-90.6008998211545.jpg",1,135,284,303,111,438,395
"Morganza_all/024052@29.5576909426995,-90.6009847373707.jpg",1,44,291,360,114,404,405
"Morganza_all/024053@29.5576042332655,-90.6005315911877.jpg",1,144,275,371,114,515,389
"Morganza_all/024054@29.5578201582071,-90.6004475089923.jpg",3,100,240,378,138,478,378
"Morganza_all/024055@29.5581023325398,-90.6003835753477.jpg",3,181,240,331,135,512,375
"Morganza_all/024056@29.5582826406566,-90.6003822561853.jpg",3,234,246,305,138,539,384
"Morganza_all/024057@29.5586065142398,-90.6002561472463.jpg",3,150,229,324,139,474,368
"Morganza_all/024058@29.5575403802941,-90.5998583241019.jpg",2,0,157,629,211,629,368
"Morganza_all/024060@29.5590208905596,-90.60018435667.jpg",1,1,284,544,108,545,392
"Morganza_all/024061@29.5594237333621,-90.6002088994574.jpg",1,237,279,279,109,516,388
"Morganza_all/024062@29.5595679908504,-90.600207843782.jpg",1,147,284,334,116,481,400
"Morganza_all/024063@29.5597243420955,-90.6002204450839.jpg",1,150,272,288,121,438,393
"Morganza_all/024064@29.5598926224766,-90.6002123565987.jpg",1,117,270,342,135,459,405
"Morganza_all/024065@29.5600428746515,-90.6002112570542.jpg",3,188,292,232,108,420,400
"Morganza_all/024066@29.560235304016,-90.6002235944052.jpg",3,145,265,369,135,514,400
"Morganza_all/024067@29.5604276289986,-90.6002221869883.jpg",1,120,259,338,124,458,383
"Morganza_all/024068@29.5604182263399,-90.6006897941661.jpg",1,95,196,358,207,453,403
"Morganza_all/024069@29.5604024815182,-90.6010955453266.jpg",3,72,243,328,172,400,415
"Morganza_all/024070@29.5602284752391,-90.6011517993766.jpg",1,193,281,302,95,495,376
"Morganza_all/024071@29.5602378028876,-90.6006704795901.jpg",1,114,261,363,121,477,382
"Morganza_all/024074@29.5599013850808,-90.6007073194454.jpg",1,104,267,310,106,414,373
"Morganza_all/024075@29.5597355525783,-90.6011485449335.jpg",1,117,285,315,96,432,381
"Morganza_all/024076@29.5595765504684,-90.6006615701228.jpg",1,87,267,362,114,449,381
"Morganza_all/024077@29.5595551676726,-90.6011361178382.jpg",1,132,260,282,122,414,382
"Morganza_all/024078@29.5593688373654,-90.6011374796749.jpg",3,124,295,309,86,433,381
"Morganza_all/024079@29.5593061128754,-90.6006704049417.jpg",1,108,248,333,125,441,373
"Morganza_all/024080@29.5590657313923,-90.6006790513587.jpg",1,260,245,340,141,600,386
"Morganza_all/024081@29.5591763696024,-90.601118252526.jpg",3,260,268,359,131,619,399
"Morganza_all/024093@29.5490293809172,-90.5884530858397.jpg",3,339,233,286,162,625,395
"Morganza_all/024095@29.5493539686413,-90.5891564636233.jpg",3,198,263,219,120,417,383
"Morganza_all/024101@29.550730414411,-90.5916211495426.jpg",1,261,276,199,103,460,379
"Morganza_all/024112@29.5555077476011,-90.5964769555619.jpg",3,179,282,369,111,548,393
"Morganza_all/024113@29.5548574291839,-90.5962754719619.jpg",2,1,293,546,174,547,467
"Morganza_all/024114@29.555133424701,-90.5961840841917.jpg",3,25,274,569,173,594,447
"Morganza_all/024115@29.5553254677434,-90.5961276601842.jpg",2,2,306,529,145,531,451
"Morganza_all/024116@29.5555176380714,-90.5960987562937.jpg",1,58,284,285,136,343,420
"Morganza_all/024118@29.5559615764302,-90.5959442318865.jpg",3,55,307,488,116,543,423
"Morganza_all/024119@29.5562376488742,-90.5958665551833.jpg",1,85,306,422,114,507,420
"Morganza_all/024120@29.5568797793713,-90.5956830792166.jpg",1,165,203,222,203,387,406
"Morganza_all/024121@29.557275854539,-90.595570170258.jpg",1,90,301,445,94,535,395
"Morganza_all/024122@29.557515992295,-90.5955133896613.jpg",1,170,237,304,185,474,422
"Morganza_all/024123@29.5549543574309,-90.5974778876331.jpg",1,174,285,404,128,578,413
"Morganza_all/024124@29.5550342062767,-90.5977797820149.jpg",1,225,291,412,116,637,407
"Morganza_all/024125@29.555553091688,-90.5981266091841.jpg",1,186,298,381,97,567,395
"Morganza_all/024126@29.5554230102489,-90.598512578081.jpg",3,161,287,157,97,318,384
"Morganza_all/024133@29.5535697649743,-90.6013998380628.jpg",2,253,229,388,175,641,404
"Morganza_all/024134@29.5535847314823,-90.600849754421.jpg",1,109,302,260,113,369,415
"Morganza_all/024135@29.5538613064363,-90.6008614770097.jpg",1,134,295,210,122,344,417
"Morganza_all/024136@29.5541463342623,-90.6013131260631.jpg",3,204,268,369,125,573,393
"Morganza_all/024137@29.5540532088522,-90.6007844623972.jpg",1,43,257,364,150,407,407
"Morganza_all/024138@29.5542394238473,-90.6007624679985.jpg",3,85,288,270,113,355,401
"Morganza_all/024140@29.5545360355167,-90.6011315337537.jpg",3,191,213,294,203,485,416
"Morganza_all/024141@29.5544798821807,-90.6007675663992.jpg",1,120,218,286,244,406,462
"Morganza_all/024142@29.5546719273741,-90.6007111829968.jpg",3,14,215,322,217,336,432
"Morganza_all/024143@29.5547462075304,-90.6010956200021.jpg",1,189,281,420,112,609,393
"Morganza_all/024144@29.5548878907728,-90.6006339600522.jpg",1,114,248,373,160,487,408
"Morganza_all/024145@29.5552030138003,-90.6010922812857.jpg",3,148,298,309,86,457,384
"Morganza_all/024146@29.5552878298106,-90.5990635532995.jpg",1,142,297,352,125,494,422
"Morganza_all/024147@29.555385868182,-90.5993928378938.jpg",3,176,297,439,116,615,413
"Morganza_all/024148@29.555764099854,-90.5993144226714.jpg",1,23,292,313,89,336,381
"Morganza_all/024149@29.5560383642978,-90.5989136830579.jpg",3,247,289,307,102,554,391
"Morganza_all/024150@29.5562022400581,-90.5991943643315.jpg",1,209,279,155,96,364,375
"Morganza_all/024151@29.5565501460814,-90.5990680465721.jpg",3,107,287,314,82,421,369
"Morganza_all/024153@29.5557716011984,-90.6006550183928.jpg",2,90,209,551,161,641,370
"Morganza_all/024155@29.5536701103611,-90.6021484872434.jpg",1,216,284,238,120,454,404
"Morganza_all/024157@29.5538626544923,-90.6021814279812.jpg",1,140,296,243,106,383,402
"Morganza_all/024158@29.5540428092829,-90.6021526238259.jpg",1,225,283,207,140,432,423
"Morganza_all/024159@29.5542018717676,-90.6026464617127.jpg",3,110,281,382,85,492,366
"Morganza_all/024160@29.5541926287065,-90.6020690306275.jpg",1,259,311,212,90,471,401
"Morganza_all/024162@29.5545678203688,-90.6025200583273.jpg",1,239,278,158,90,397,368
"Morganza_all/024165@29.5548288116592,-90.6018925297769.jpg",3,195,292,277,97,472,389
"Morganza_all/024166@29.5550782563196,-90.6024338343892.jpg",3,216,262,261,116,477,378
"Morganza_all/024170@29.5554230857752,-90.6017506792306.jpg",1,205,292,286,84,491,376
"Morganza_all/024172@29.5537806859716,-90.6036532714965.jpg",1,103,155,312,209,415,364
"Morganza_all/024173@29.5538841335414,-90.6038793838976.jpg",1,28,231,543,192,571,423
"Morganza_all/024175@29.5546756363242,-90.6035298754724.jpg",1,200,287,104,81,304,368
"Morganza_all/024177@29.5552160139753,-90.6034228054353.jpg",1,124,272,315,96,439,368
"Morganza_all/024179@29.555867760008,-90.6017267989161.jpg",1,236,293,236,119,472,412
"Morganza_all/024182@29.5566600632002,-90.6015216309986.jpg",3,169,276,198,98,367,374
"Morganza_all/024184@29.5561409981667,-90.6022198119185.jpg",3,261,283,312,87,573,370
"Morganza_all/024187@29.5563993039025,-90.6021904368336.jpg",1,205,279,377,86,582,365
"Morganza_all/024188@29.5565972675329,-90.6021202353814.jpg",1,320,287,318,89,638,376
"Morganza_all/024190@29.5569873112965,-90.6030798919216.jpg",1,197,273,401,96,598,369
"Morganza_all/024192@29.5570417884505,-90.6020688673201.jpg",2,301,237,340,145,641,382
"Morganza_all/024195@29.5576484525243,-90.6019888247972.jpg",1,244,267,397,111,641,378
"Morganza_all/024198@29.5583135392746,-90.6026852308687.jpg",1,134,284,380,89,514,373
"Morganza_all/024199@29.5587217522047,-90.6025928617725.jpg",3,179,256,254,119,433,375
"Morganza_all/024203@29.5596040712174,-90.6023595471623.jpg",3,125,256,228,149,353,405
"Morganza_all/024204@29.5597781546799,-90.6023170404898.jpg",3,117,265,277,133,394,398
"Morganza_all/024205@29.5600418413885,-90.602177598216.jpg",3,72,258,334,105,406,363
"Morganza_all/024206@29.5605098973233,-90.6020366633522.jpg",2,2,252,443,147,445,399
"Morganza_all/024207@29.560857027988,-90.6017660107981.jpg",1,253,295,251,95,504,390
"Morganza_all/024208@29.5608976806128,-90.6015113094509.jpg",1,183,297,281,91,464,388
"Morganza_all/024209@29.5607822120947,-90.6012852714766.jpg",3,162,293,336,104,498,397
"Morganza_all/024210@29.560841133408,-90.6010717049362.jpg",3,190,310,310,83,500,393
"Morganza_all/024211@29.5608101171828,-90.6009000640777.jpg",1,201,301,386,103,587,404
"Morganza_all/024212@29.5607966016028,-90.600632013028.jpg",1,243,237,234,167,477,404
"Morganza_all/024213@29.560417569917,-90.601645446847.jpg",1,152,231,330,162,482,393
"Morganza_all/024214@29.5601770841429,-90.6016403462379.jpg",3,135,277,327,107,462,384
"Morganza_all/024215@29.5599847206896,-90.6016348627239.jpg",3,127,212,341,181,468,393
"Morganza_all/024216@29.5596060763346,-90.601644516712.jpg",1,162,259,372,109,534,368
"Morganza_all/024217@29.5592698774795,-90.6017156992841.jpg",1,114,240,378,142,492,382
"Morganza_all/024218@29.5590650477248,-90.6016347227917.jpg",1,165,247,356,132,521,379
"Morganza_all/024219@29.5589029046265,-90.6016633977762.jpg",1,206,276,368,113,574,389
"Morganza_all/024220@29.5585907012339,-90.6017275476176.jpg",3,242,270,314,112,556,382
"Morganza_all/024221@29.5584407176562,-90.6017767672064.jpg",1,256,268,308,114,564,382
"Morganza_all/024222@29.5582246384406,-90.6018333576264.jpg",1,99,255,519,131,618,386
"Morganza_all/024223@29.5579423099853,-90.601869797912.jpg",1,175,285,392,110,567,395
"Morganza_all/024224@29.5579577007498,-90.6013953017902.jpg",1,80,221,295,167,375,388
"Morganza_all/024225@29.5581198053229,-90.6013597385659.jpg",1,65,292,318,102,383,394
"Morganza_all/024226@29.5582697887448,-90.6013105185104.jpg",1,86,292,272,88,358,380
"Morganza_all/024227@29.5585641722161,-90.6012808453735.jpg",1,10,290,410,104,420,394
"Morganza_all/024228@29.5587053566564,-90.6007298112906.jpg",1,49,280,412,119,461,399
"Morganza_all/024229@29.5583512345499,-90.6008217610184.jpg",3,157,295,250,98,407,393
"Morganza_all/024231@29.5571979490689,-90.6028757966795.jpg",3,283,250,133,98,416,348
"Morganza_all/024233@29.5552442748002,-90.6004940936996.jpg",1,232,257,224,89,456,346
"Morganza_all/024234@29.5557258131353,-90.6011665892955.jpg",2,1,254,517,156,518,410
"Morganza_all/024235@29.5559271375937,-90.6033651922953.jpg",3,222,287,244,114,466,401
"Morganza_all/024236@29.5544123626966,-90.6034820039408.jpg",3,234,234,192,120,426,354
"Morganza_all/024249@29.5733821660618,-90.7276624669742.jpg",3,181,273,298,154,479,427
"Morganza_all/024250@29.5732232965414,-90.7277209332298.jpg",3,165,273,181,133,346,406
"Morganza_all/024251@29.5730813064018,-90.7278080185789.jpg",1,86,277,300,120,386,397
"Morganza_all/024252@29.572947587336,-90.7278758956805.jpg",1,103,270,293,136,396,406
"Morganza_all/024253@29.5727886734071,-90.7279247668939.jpg",1,64,258,403,160,467,418
"Morganza_all/024254@29.5690972905626,-90.728684364044.jpg",1,128,283,181,96,309,379
"Morganza_all/024255@29.5710652488601,-90.7254523012841.jpg",1,0,204,598,159,598,363
"Morganza_all/024261@29.5727204689104,-90.7254219974234.jpg",3,55,240,513,122,568,362
"Morganza_all/024262@29.5721783427496,-90.7249594903334.jpg",1,150,234,445,124,595,358
"Morganza_all/024266@29.5727034072593,-90.7275995025148.jpg",1,145,267,420,97,565,364
"Morganza_all/024267@29.5731295097171,-90.7273669349009.jpg",3,76,268,279,125,355,393
"Morganza_all/024268@29.5733050205264,-90.7272796460698.jpg",2,1,261,277,141,278,402
"Morganza_all/024269@29.5731854338231,-90.7267821029104.jpg",2,196,251,445,186,641,437
"Morganza_all/024270@29.5729517225728,-90.7269560031147.jpg",3,96,230,265,149,361,379
"Morganza_all/024271@29.5726674055779,-90.7270631087337.jpg",1,83,258,297,142,380,400
"Morganza_all/024274@29.5719495124665,-90.7275944667641.jpg",1,188,273,245,95,433,368
"Morganza_all/024275@29.5717238940854,-90.7277108092156.jpg",1,167,287,254,84,421,371
"Morganza_all/024276@29.5715565489187,-90.7277501679229.jpg",1,217,292,297,83,514,375
"Morganza_all/024277@29.5713477214469,-90.7278760026553.jpg",1,82,267,315,108,397,375
"Morganza_all/024279@29.5709466358218,-90.7280892237277.jpg",3,222,284,187,92,409,376
"Morganza_all/024280@29.5711416357393,-90.7285958651146.jpg",1,197,281,401,112,598,393
"Morganza_all/024281@29.5713423421179,-90.7285275857436.jpg",3,235,287,275,95,510,382
"Morganza_all/024282@29.5715680330007,-90.7284208397422.jpg",1,158,280,425,84,583,364
"Morganza_all/024283@29.5718852419119,-90.7281889361181.jpg",1,337,263,184,110,521,373
"Morganza_all/024284@29.5722364581607,-90.7280622409803.jpg",1,291,240,176,140,467,380
"Morganza_all/024285@29.5724548676224,-90.7281950895476.jpg",1,261,282,277,89,538,371
"Morganza_all/024286@29.5712372600324,-90.7306397173586.jpg",1,114,224,408,149,522,373
"Morganza_all/024287@29.5715517756432,-90.7305149512278.jpg",3,87,231,349,131,436,362
"Morganza_all/024288@29.5718660649666,-90.7303410171363.jpg",1,57,174,427,192,484,366
"Morganza_all/024289@29.5722161849196,-90.7301668661979.jpg",1,80,219,412,144,492,363
"Morganza_all/024290@29.5717843677381,-90.7297025386465.jpg",3,160,234,287,130,447,364
"Morganza_all/024291@29.5720202117118,-90.7296028116482.jpg",3,177,245,292,129,469,374
"Morganza_all/024292@29.5722914712795,-90.7294127437118.jpg",1,133,204,317,167,450,371
"Morganza_all/024293@29.5725274557349,-90.7293375833816.jpg",1,125,239,380,139,505,378
"Morganza_all/024294@29.5728977200176,-90.7304331134103.jpg",1,109,183,532,170,641,353
"Morganza_all/024296@29.5719902880022,-90.7308809666445.jpg",1,88,246,507,122,595,368
"Morganza_all/024297@29.5717403044111,-90.7310217336249.jpg",3,172,230,469,138,641,368
"Morganza_all/024298@29.5714188368667,-90.7311956770487.jpg",1,151,229,473,113,624,342
"Morganza_all/024299@29.5711828137746,-90.7312626534241.jpg",3,231,246,226,130,457,376
"Morganza_all/024302@29.5737120295973,-90.7299776337879.jpg",3,178,193,297,169,475,362
"Morganza_all/024303@29.5732900392866,-90.7300948723907.jpg",1,196,207,358,193,554,400
"Morganza_all/024304@29.5730718469331,-90.7309235993654.jpg",3,0,230,587,144,587,374
"Morganza_all/024305@29.5731662750891,-90.7312097730174.jpg",2,208,295,433,101,641,396
"Morganza_all/024306@29.573319722108,-90.7318806101582.jpg",1,94,284,543,114,637,398
"Morganza_all/024307@29.5733067004217,-90.7321592196759.jpg",3,225,290,299,94,524,384
"Morganza_all/024308@29.5733726699212,-90.7324947036809.jpg",2,108,281,530,112,638,393
"Morganza_all/024309@29.5728935100561,-90.7326368429121.jpg",1,141,277,358,107,499,384
"Morganza_all/024310@29.5728344652882,-90.732252181319.jpg",2,307,284,334,95,641,379
"Morganza_all/024311@29.5727534540936,-90.7317611350301.jpg",3,68,217,424,156,492,373
"Morganza_all/024312@29.5727091949045,-90.7314828397022.jpg",1,196,281,338,89,534,370
"Morganza_all/024313@29.5726649627678,-90.7312045759121.jpg",1,92,271,420,95,512,366
"Morganza_all/024314@29.5721865942596,-90.7315187588031.jpg",1,225,284,292,95,517,379
"Morganza_all/024315@29.5723175486837,-90.7319685440734.jpg",1,207,290,386,83,593,373
"Morganza_all/024316@29.5723333784563,-90.7322961464249.jpg",1,165,291,450,86,615,377
"Morganza_all/024317@29.5724279261937,-90.7326150662741.jpg",3,285,246,191,128,476,374
"Morganza_all/024318@29.5725295003325,-90.7329011968242.jpg",1,211,285,252,116,463,401
"Morganza_all/024321@29.571955192649,-90.732593332717.jpg",1,189,309,348,84,537,393
"Morganza_all/024322@29.5718531295607,-90.7322007224254.jpg",2,2,298,396,100,398,398
"Morganza_all/024323@29.5717793806022,-90.7317342058876.jpg",3,197,295,222,85,419,380
"Morganza_all/024324@29.5712788577505,-90.7319010431666.jpg",3,82,278,384,100,466,378
"Morganza_all/024325@29.5713318056144,-90.7325151556454.jpg",3,228,281,147,99,375,380
"Morganza_all/024326@29.5714191655344,-90.7328259051513.jpg",1,247,270,250,82,497,352
"Morganza_all/024327@29.5714777961234,-90.7331204693458.jpg",1,244,249,233,96,477,345
"Morganza_all/024328@29.5713224680663,-90.7336047464445.jpg",1,102,271,539,119,641,390
"Morganza_all/024329@29.5716652277377,-90.7333896939993.jpg",1,237,242,236,153,473,395
"Morganza_all/024330@29.5712896614038,-90.7342602992931.jpg",3,42,290,381,101,423,391
"Morganza_all/024331@29.5717109539145,-90.7339956423292.jpg",1,148,275,332,98,480,373
"Morganza_all/024332@29.5719072076623,-90.7346252600069.jpg",1,225,287,402,90,627,377
"Morganza_all/024333@29.5721468999455,-90.7337964221884.jpg",1,42,286,483,129,525,415
"Morganza_all/024334@29.5722568941634,-90.7343610311285.jpg",1,154,287,301,113,455,400
"Morganza_all/024343@29.5735553166333,-90.73328006623.jpg",1,155,264,454,107,609,371
"Morganza_all/024344@29.5734538934401,-90.7330267110071.jpg",1,159,169,475,215,634,384
"Morganza_all/024345@29.5735862810385,-90.7306665423845.jpg",2,0,220,566,226,566,446
"Morganza_all/024346@29.5736236281658,-90.731002198479.jpg",1,139,247,409,114,548,361
"Morganza_all/024347@29.5737608963467,-90.731263547291.jpg",3,42,258,565,137,607,395
"Morganza_all/024348@29.5737266352154,-90.7315996343556.jpg",3,27,256,371,131,398,387
"Morganza_all/024349@29.5740367371989,-90.7305081756044.jpg",1,139,188,502,220,641,408
"Morganza_all/024350@29.5740674723973,-90.7309667812371.jpg",3,117,242,436,138,553,380
"Morganza_all/024351@29.5741762373701,-90.7312610508142.jpg",2,320,237,321,156,641,393
"Morganza_all/024352@29.5743659283012,-90.7320217745628.jpg",1,77,275,527,145,604,420
"Morganza_all/024353@29.5743864530142,-90.7302521057427.jpg",1,119,174,413,192,532,366
"Morganza_all/024354@29.5746108990847,-90.7307832551371.jpg",3,110,259,434,96,544,355
"Morganza_all/024355@29.5747368503612,-90.7317000533362.jpg",1,40,274,277,113,317,387
"Morganza_all/024356@29.574826653928,-90.7325433313366.jpg",2,1,273,382,175,383,448
"Morganza_all/024357@29.5744827318927,-90.7325044350306.jpg",3,204,265,437,111,641,376
"Morganza_all/024359@29.5742184948281,-90.732661676824.jpg",1,112,284,529,88,641,372
"Morganza_all/024360@29.5739397905307,-90.7327944040147.jpg",1,142,220,477,167,619,387
"Morganza_all/024361@29.57521178032,-90.733761687466.jpg",1,176,277,283,88,459,365
"Morganza_all/024364@29.5738541283599,-90.7344170079903.jpg",1,46,296,307,137,353,433
"Morganza_all/024366@29.5733321729551,-90.7346003531612.jpg",1,123,278,373,87,496,365
"Morganza_all/024367@29.5730819609862,-90.7346919764185.jpg",1,156,268,348,106,504,374
"Morganza_all/024369@29.5725889580247,-90.7349406728169.jpg",1,190,281,282,81,472,362
"Morganza_all/024370@29.5723958012832,-90.7349827849676.jpg",2,48,233,593,114,641,347
"Morganza_all/024371@29.5729058331353,-90.7353320063158.jpg",1,228,273,223,100,451,373
"Morganza_all/024374@29.5734704061061,-90.7350746729948.jpg",1,22,279,474,108,496,387
"Morganza_all/024375@29.5737276086939,-90.7349420812338.jpg",3,38,264,412,140,450,404
"Morganza_all/024376@29.5738198591435,-90.734753094289.jpg",1,148,265,274,114,422,379
"Morganza_all/024377@29.5738367285155,-90.7353100590112.jpg",2,308,264,333,217,641,481
"Morganza_all/024378@29.5737011131492,-90.7354091760654.jpg",1,106,301,354,105,460,406
"Morganza_all/024379@29.5735221810009,-90.7354348445536.jpg",1,73,314,336,91,409,405
"Morganza_all/024380@29.5736384491146,-90.7358027794631.jpg",1,107,276,455,153,562,429
"Morganza_all/024381@29.5740252486618,-90.7358250725942.jpg",1,21,287,437,86,458,373
"Morganza_all/024382@29.575935124848,-90.7353384905081.jpg",2,0,296,507,108,507,404
"Morganza_all/024383@29.5757564168612,-90.7354132973349.jpg",1,18,269,282,163,300,432
"Morganza_all/024384@29.5754632237941,-90.7355051773041.jpg",3,192,281,297,131,489,412
"Morganza_all/024385@29.5751988336784,-90.7356296335041.jpg",1,44,280,529,132,573,412
"Morganza_all/024386@29.5749488175066,-90.7357703933063.jpg",1,189,257,266,149,455,406
"Morganza_all/024387@29.5746771754075,-90.7358785329097.jpg",3,10,278,412,123,422,401
"Morganza_all/024388@29.5744487002565,-90.7360273421388.jpg",3,87,290,357,107,444,397
"Morganza_all/024389@29.574901934292,-90.7364834022867.jpg",1,125,264,316,123,441,387
"Morganza_all/024390@29.5751522497795,-90.7364082027348.jpg",3,128,215,411,184,539,399
"Morganza_all/024391@29.5750579076446,-90.7361384080942.jpg",1,308,273,290,134,598,407
"Morganza_all/024392@29.5753367645409,-90.7360384365305.jpg",1,209,253,342,138,551,391
"Morganza_all/024393@29.5753883875124,-90.7363658360186.jpg",3,224,230,385,177,609,407
"Morganza_all/024394@29.5755742182202,-90.7362909887139.jpg",3,136,257,404,141,540,398
"Morganza_all/024395@29.5757885435014,-90.7361750116198.jpg",1,35,276,578,144,613,420
"Morganza_all/024397@29.57584388205,-90.7357486633949.jpg",3,112,261,434,137,546,398
"Morganza_all/024398@29.5760583190149,-90.7356572851807.jpg",1,166,269,371,137,537,406
"Morganza_all/024399@29.5760102049679,-90.736099950021.jpg",1,43,269,598,140,641,409
"Morganza_all/024400@29.5757640434242,-90.7365800351891.jpg",1,10,283,503,126,513,409
"Morganza_all/024401@29.5754138030193,-90.7367295696836.jpg",3,172,234,366,167,538,401
"Morganza_all/024403@29.5753101933413,-90.7375658287656.jpg",1,148,280,227,84,375,364
"Morganza_all/024404@29.5739256160157,-90.7386062779954.jpg",1,97,270,303,131,400,401
"Morganza_all/024405@29.5740176116118,-90.7383599782783.jpg",1,200,270,309,127,509,397
"Morganza_all/024406@29.5745750133388,-90.7381027018175.jpg",3,163,248,478,139,641,387
"Morganza_all/024407@29.5746740830666,-90.7378399365553.jpg",1,189,299,324,85,513,384
"Morganza_all/024408@29.5746728919639,-90.7375777985468.jpg",3,288,270,191,108,479,378
"Morganza_all/024409@29.5748154352776,-90.7374295037533.jpg",1,269,294,320,88,589,382
"Morganza_all/024410@29.5749423003826,-90.7369781652731.jpg",1,21,272,574,138,595,410
"Morganza_all/024411@29.574590335325,-90.7367426850639.jpg",1,117,290,399,117,516,407
"Morganza_all/024412@29.5745266237806,-90.7369069010452.jpg",1,147,293,273,97,420,390
"Morganza_all/024413@29.5744701362551,-90.7370874637477.jpg",1,131,296,249,86,380,382
"Morganza_all/024415@29.574350038281,-90.7374486309112.jpg",1,105,290,317,92,422,382
"Morganza_all/024416@29.5742793996156,-90.7376620569486.jpg",1,3,276,460,111,463,387
"Morganza_all/024417@29.5742234595332,-90.7379573133109.jpg",3,117,277,297,99,414,376
"Morganza_all/024418@29.5741813233923,-90.7365648638273.jpg",1,157,310,317,82,474,392
"Morganza_all/024419@29.5741462659113,-90.7367289400445.jpg",3,236,279,199,107,435,386
"Morganza_all/024420@29.5740897786304,-90.7369095021618.jpg",1,280,298,318,93,598,391
"Morganza_all/024421@29.574004664901,-90.7370902344725.jpg",1,179,294,302,90,481,384
"Morganza_all/024422@29.5739623825584,-90.7372379633559.jpg",1,269,265,351,126,620,391
"Morganza_all/024423@29.5738916324071,-90.7374267888935.jpg",3,292,219,275,163,567,382
"Morganza_all/024424@29.5738856839454,-90.7376971779611.jpg",2,49,243,592,223,641,466
"Morganza_all/024425@29.5736990803414,-90.7376081593713.jpg",1,266,259,244,114,510,373
"Morganza_all/024426@29.5735484565344,-90.7375517066642.jpg",1,248,264,224,113,472,377
"Morganza_all/024427@29.5733905066725,-90.7374625496495.jpg",2,74,248,567,164,641,412
"Morganza_all/024428@29.5735042097827,-90.7372734380269.jpg",1,194,257,316,125,510,382
"Morganza_all/024430@29.5736171948144,-90.7369204952204.jpg",1,162,314,268,81,430,395
"Morganza_all/024431@29.5736665795278,-90.7367563660666.jpg",1,192,284,390,100,582,384
"Morganza_all/024432@29.5737444410102,-90.7365592874699.jpg",3,95,265,370,134,465,399
"Morganza_all/024433@29.5738151053798,-90.7363458616308.jpg",1,242,283,271,137,513,420
"Morganza_all/024434@29.5733774020874,-90.736160066745.jpg",1,159,284,343,104,502,388
"Morganza_all/024435@29.573370998667,-90.7363239395508.jpg",1,200,257,382,144,582,401
"Morganza_all/024437@29.5731945275057,-90.7368902638453.jpg",1,84,286,370,87,454,373
"Morganza_all/024438@29.573052916354,-90.7372433755483.jpg",1,247,288,217,101,464,389
"Morganza_all/024439@29.5729822406978,-90.7374485886146.jpg",1,77,282,553,124,630,406
"Morganza_all/024440@29.5726448366018,-90.7372703727042.jpg",1,145,291,350,113,495,404
"Morganza_all/024441@29.5726798203576,-90.7370899413958.jpg",3,7,301,338,91,345,392
"Morganza_all/024442@29.5727722230453,-90.7369337368304.jpg",1,80,299,284,83,364,382
"Morganza_all/024444@29.5728564788529,-90.7365645776987.jpg",1,78,301,302,92,380,393
"Morganza_all/024445@29.572891200469,-90.7363267991818.jpg",2,4,297,261,106,265,403
"Morganza_all/024446@29.5736021216704,-90.7383296666178.jpg",1,230,258,411,134,641,392
"Morganza_all/024447@29.5734461522933,-90.7386828629381.jpg",1,122,279,491,109,613,388
"Morganza_all/024448@29.5731304024993,-90.7385372614338.jpg",1,193,242,385,159,578,401
"Morganza_all/024449@29.5732360650764,-90.7381516168927.jpg",1,167,271,322,114,489,385
"Morganza_all/024450@29.5729195705386,-90.7378421879117.jpg",1,82,268,285,170,367,438
"Morganza_all/024451@29.5727986894319,-90.738031340439.jpg",1,95,270,406,131,501,401
"Morganza_all/024452@29.5727425997249,-90.7382938138138.jpg",1,62,281,422,117,484,398
"Morganza_all/024454@29.5724037456994,-90.7377961171028.jpg",1,87,283,324,126,411,409
"Morganza_all/024455@29.572638048444,-90.7357794282248.jpg",1,84,283,473,107,557,390
"Morganza_all/024456@29.5725537948472,-90.7361485872119.jpg",1,228,263,380,129,608,392
"Morganza_all/024458@29.5724197083062,-90.7365835694192.jpg",3,265,260,278,142,543,402
"Morganza_all/024459@29.5723633605315,-90.7367886963316.jpg",1,259,265,306,113,565,378
"Morganza_all/024460@29.5722501523607,-90.7370924989451.jpg",1,166,294,374,90,540,384
"Morganza_all/024461@29.5718912712501,-90.7369144134104.jpg",3,164,287,313,95,477,382
"Morganza_all/024462@29.5719616005662,-90.7366272566413.jpg",1,116,280,450,92,566,372
"Morganza_all/024463@29.5720533410294,-90.7363317928173.jpg",1,34,275,537,109,571,384
"Morganza_all/024464@29.5723651738794,-90.735617223062.jpg",1,211,270,370,133,581,403
"Morganza_all/024465@29.5719410763746,-90.7352674890752.jpg",3,140,255,369,177,509,432
"Morganza_all/024467@29.571729217031,-90.7359241132487.jpg",1,238,271,393,86,631,357
"Morganza_all/024468@29.5716516550175,-90.7361867130305.jpg",3,108,290,361,95,469,385
"Morganza_all/024469@29.5715595143789,-90.736400262356.jpg",1,104,260,403,116,507,376
"Morganza_all/024470@29.5714464464258,-90.7367286305711.jpg",1,81,292,383,108,464,400
"Morganza_all/024471@29.5720518937521,-90.737585207901.jpg",1,247,272,235,88,482,360
"Morganza_all/024472@29.5717430316988,-90.7373822234246.jpg",1,212,238,226,152,438,390
"Morganza_all/024473@29.5718815897314,-90.7379302746461.jpg",1,149,278,331,96,480,374
"Morganza_all/024474@29.5718394276435,-90.7381107468711.jpg",2,116,279,525,125,641,404
"Morganza_all/024475@29.5715173557237,-90.738153618567.jpg",2,4,272,637,148,641,420
"Morganza_all/024476@29.571559108647,-90.7378830545457.jpg",3,150,281,489,106,639,387
"Morganza_all/024477@29.5709228861051,-90.7381325824191.jpg",1,34,280,597,106,631,386
"Morganza_all/024478@29.5709864503091,-90.7379355952836.jpg",3,172,279,302,107,474,386
"Morganza_all/024480@29.5711065496334,-90.7375744408314.jpg",1,142,279,373,103,515,382
"Morganza_all/024481@29.5711630475183,-90.7374020633764.jpg",1,159,273,392,113,551,386
"Morganza_all/024482@29.571212507366,-90.7372543274384.jpg",1,236,276,335,99,571,375
"Morganza_all/024483@29.5713621528084,-90.7370895741492.jpg",3,15,268,518,138,533,406
"Morganza_all/024484@29.5704289469577,-90.7381764747912.jpg",1,180,268,402,110,582,378
"Morganza_all/024485@29.5704564846736,-90.7379305664027.jpg",1,184,225,335,167,519,392
"Morganza_all/024486@29.5705984699514,-90.7376593776525.jpg",1,54,273,587,121,641,394
"Morganza_all/024487@29.5706543348522,-90.7373477429425.jpg",3,59,270,481,112,540,382
"Morganza_all/024488@29.5707105247138,-90.7371016632211.jpg",1,184,278,322,98,506,376
"Morganza_all/024489@29.5707953401715,-90.7368553813084.jpg",1,184,248,371,181,555,429
"Morganza_all/024490@29.5709078117166,-90.7363959670291.jpg",1,147,247,211,157,358,404
"Morganza_all/024492@29.5711984671366,-90.7357470581409.jpg",3,78,269,347,99,425,368
"Morganza_all/024494@29.5713454198443,-90.7349925196209.jpg",3,0,270,640,136,640,406
"Morganza_all/024495@29.5732898326223,-90.7390742505258.jpg",3,21,268,378,121,399,389
"Morganza_all/024496@29.5731381291617,-90.7389311664119.jpg",1,201,269,255,113,456,382
"Morganza_all/024497@29.5728922834129,-90.7388462098475.jpg",3,87,237,393,150,480,387
"Morganza_all/024498@29.5724447806445,-90.7387120550131.jpg",1,36,287,604,100,640,387
"Morganza_all/024499@29.5721926376782,-90.7386271684182.jpg",1,104,254,485,122,589,376
"Morganza_all/024500@29.5720035372198,-90.7385634879833.jpg",1,207,268,292,89,499,357
"Morganza_all/024501@29.5717642223115,-90.7385360936473.jpg",1,175,265,379,121,554,386
"Morganza_all/024502@29.571525131021,-90.7385519209656.jpg",1,76,276,341,111,417,387
"Morganza_all/024503@29.5712607528099,-90.7385462869827.jpg",1,110,274,369,105,479,379
"Morganza_all/024504@29.5710406237172,-90.7385836129281.jpg",1,197,251,374,135,571,386
"Morganza_all/024505@29.5706444182168,-90.7386579398871.jpg",3,169,243,330,140,499,383
"Morganza_all/024506@29.5704619416612,-90.738666226914.jpg",1,59,268,241,97,300,365
"Morganza_all/024507@29.5703044305223,-90.7386311748376.jpg",1,175,280,296,102,471,382
"Morganza_all/024509@29.5698325828344,-90.7386771667925.jpg",1,46,229,442,147,488,376
"Morganza_all/024510@29.5689145971909,-90.7383928985917.jpg",1,75,252,331,143,406,395
"Morganza_all/024511@29.5686420136735,-90.7382880363286.jpg",1,77,254,395,148,472,402
"Morganza_all/024512@29.5684553360399,-90.7381826327912.jpg",3,99,218,405,177,504,395
"Morganza_all/024513@29.5681897628188,-90.7380531308361.jpg",1,114,254,527,161,641,415
"Morganza_all/024514@29.5677594622713,-90.737916429983.jpg",1,49,206,483,173,532,379
"Morganza_all/024515@29.574357515206,-90.7318123738527.jpg",1,233,315,266,88,499,403
"Morganza_all/024517@29.5730983161821,-90.7370736716456.jpg",1,221,289,307,88,528,377
"Morganza_all/024519@29.5691404547901,-90.7385453186567.jpg",1,181,254,371,147,552,401
"Morganza_all/024520@29.5735308097531,-90.7276167715335.jpg",3,117,269,321,124,438,393
"Morganza_all/024521@29.5728582908413,-90.7275473206404.jpg",3,199,276,257,127,456,403
"Morganza_all/024522@29.5728015994248,-90.727044459782.jpg",1,24,259,278,124,302,383
"Morganza_all/024523@29.572956912397,-90.7275015188531.jpg",3,300,287,182,108,482,395
"Morganza_all/024525@29.5720303954331,-90.7280781769313.jpg",1,333,290,259,83,592,373
"Morganza_all/024526@29.5732271193039,-90.7315664266595.jpg",3,182,264,256,136,438,400
"Morganza_all/024527@29.5733212577884,-90.7354865028882.jpg",1,192,296,286,108,478,404
"Morganza_all/024529@29.5729528602067,-90.7359960898518.jpg",1,230,303,365,89,595,392
"Morganza_all/024530@29.5696067092988,-90.738672719562.jpg",1,190,224,333,149,523,373
"Morganza_all/024531@29.5715608646924,-90.729962184697.jpg",1,120,226,363,144,483,370
"Morganza_all/024532@29.5742599671212,-90.7316789462334.jpg",2,308,281,333,98,641,379
"Morganza_all/024536@29.5706721129757,-90.6567952088344.jpg",1,156,274,425,99,581,373
"Morganza_all/024537@29.5693285380916,-90.6568166771722.jpg",1,78,295,364,86,442,381
"Morganza_all/024550@29.5743753501051,-90.6652297221117.jpg",2,0,190,641,256,641,446
"Morganza_all/024551@29.5746757161596,-90.6651626304688.jpg",1,217,295,307,98,524,393
"Morganza_all/024552@29.5746539301428,-90.6656741066847.jpg",2,47,294,594,179,641,473
"Morganza_all/024554@29.5747611339085,-90.6675793552341.jpg",2,145,276,496,125,641,401
"Morganza_all/024555@29.5747403567306,-90.66828608934.jpg",1,24,276,617,103,641,379
"Morganza_all/024556@29.5756919505151,-90.6652302207936.jpg",1,171,268,281,99,452,367
"Morganza_all/024562@29.5773503655842,-90.6653214341788.jpg",1,181,298,229,81,410,379
"Morganza_all/024563@29.5776013132221,-90.6651245216612.jpg",2,163,247,478,135,641,382
"Morganza_all/024564@29.5783047182206,-90.6660030977586.jpg",6,272,290,92,86,364,376
"Morganza_all/024566@29.5790641115966,-90.665105450693.jpg",1,0,243,542,139,542,382
"Morganza_all/024567@29.5799169758671,-90.6650067952124.jpg",1,183,256,158,141,341,397
"Morganza_all/024569@29.5791237571474,-90.670451268673.jpg",1,175,261,321,115,496,376
"Morganza_all/024573@29.5806486744271,-90.6698554106344.jpg",1,164,303,303,84,467,387
"Morganza_all/024580@29.5829976445392,-90.6698956313343.jpg",1,57,295,309,106,366,401
"Morganza_all/024581@29.5828582205405,-90.6696454933535.jpg",1,24,276,444,111,468,387
"Morganza_all/024582@29.5826291154265,-90.6693401697186.jpg",1,70,283,275,110,345,393
"Morganza_all/024583@29.5823083021451,-90.6685798665058.jpg",2,2,203,639,188,641,391
"Morganza_all/024584@29.5818974903179,-90.6693078329995.jpg",1,236,260,176,81,412,341
"Morganza_all/024585@29.5812489875073,-90.6696375632654.jpg",2,0,194,641,275,641,469
"Morganza_all/024586@29.5810248706798,-90.6703178143791.jpg",1,210,234,421,149,631,383
"Morganza_all/024598@29.5822453423009,-90.6742195377388.jpg",1,10,251,489,169,499,420
"Morganza_all/024599@29.5820388562001,-90.6743743322364.jpg",2,5,290,516,111,521,401
"Morganza_all/024606@29.5801040630911,-90.6726576476908.jpg",2,1,240,640,147,641,387
"Morganza_all/024609@29.5796987991588,-90.6732739863538.jpg",2,4,237,637,181,641,418
"Morganza_all/024610@29.5800119956363,-90.6737391414236.jpg",2,8,241,633,174,641,415
"Morganza_all/024612@29.5801455056622,-90.6748330555697.jpg",1,46,237,452,124,498,361
"Morganza_all/024613@29.5803301303011,-90.6751875031705.jpg",2,2,227,476,179,478,406
"Morganza_all/024614@29.5799342370408,-90.6752458838558.jpg",1,190,262,259,98,449,360
"Morganza_all/024615@29.5807006091419,-90.6749200756693.jpg",1,103,298,187,111,290,409
"Morganza_all/024618@29.5792379027779,-90.6749575959768.jpg",3,6,287,410,96,416,383
"Morganza_all/024619@29.5792342060446,-90.6754317883441.jpg",1,161,292,189,93,350,385
"Morganza_all/024620@29.5785238191307,-90.6759873499797.jpg",6,284,276,136,95,420,371
"Morganza_all/024621@29.5788837263878,-90.6760407666991.jpg",1,194,290,239,111,433,401
"Morganza_all/024623@29.5695705496069,-90.6823601833088.jpg",1,313,276,227,106,540,382
"Morganza_all/024624@29.5704488287629,-90.6826256072225.jpg",1,209,265,377,144,586,409
"Morganza_all/024630@29.5724159103925,-90.6794225111615.jpg",1,208,272,160,84,368,356
"Morganza_all/024631@29.5724742748922,-90.6784551091831.jpg",3,2,303,389,81,391,384
"Morganza_all/024632@29.5725922071441,-90.6783368421477.jpg",3,42,301,377,84,419,385
"Morganza_all/024635@29.5728156636862,-90.6787872776468.jpg",1,148,284,220,106,368,390
"Morganza_all/024636@29.5734668603,-90.6794608560614.jpg",1,191,287,182,91,373,378
"Morganza_all/024637@29.5729583050983,-90.680458318364.jpg",2,3,240,638,161,641,401
"Morganza_all/024638@29.5736303178612,-90.6805533469168.jpg",2,0,265,641,152,641,417
"Morganza_all/024640@29.5714146673091,-90.6814354214381.jpg",2,1,228,640,181,641,409
"Morganza_all/024644@29.5740872616466,-90.6810858882879.jpg",1,117,188,299,207,416,395
"Morganza_all/024685@29.5776566052212,-90.6838516095999.jpg",1,55,243,369,123,424,366
"Morganza_all/024689@29.5789256713377,-90.6783169124997.jpg",3,54,257,587,147,641,404
"Morganza_all/024690@29.5790182027512,-90.6782224303764.jpg",3,50,251,591,144,641,395
"Morganza_all/024691@29.5795138836993,-90.6788888518288.jpg",1,265,289,196,81,461,370
"Morganza_all/024692@29.5795916196219,-90.6791136625916.jpg",1,297,313,187,110,484,423
"Morganza_all/024693@29.5758989717638,-90.6868671017525.jpg",1,90,296,372,82,462,378
"Morganza_all/024694@29.5761294639754,-90.6870158318395.jpg",2,4,239,637,190,641,429
"Morganza_all/024695@29.5763144432825,-90.686801847814.jpg",1,309,281,316,120,625,401
"Morganza_all/024696@29.5761924760661,-90.6864771894184.jpg",1,245,240,367,179,612,419
"Morganza_all/024697@29.5766343851715,-90.6862302424035.jpg",3,200,281,400,97,600,378
"Morganza_all/024698@29.5768802101767,-90.6861535605861.jpg",1,283,282,310,107,593,389
"Morganza_all/024699@29.5769779446821,-90.6860089705689.jpg",1,200,280,331,102,531,382
"Morganza_all/024700@29.5770867437624,-90.6858830900702.jpg",3,138,268,342,114,480,382
"Morganza_all/024701@29.5772337556073,-90.6857381808929.jpg",1,235,201,404,203,639,404
"Morganza_all/024702@29.577337051412,-90.685606106367.jpg",1,291,281,284,98,575,379
"Morganza_all/024704@29.5778103999443,-90.6850773217615.jpg",3,239,281,235,97,474,378
"Morganza_all/024705@29.577918953873,-90.6849076173299.jpg",3,285,293,213,91,498,384
"Morganza_all/024706@29.5780440756873,-90.6847628472514.jpg",1,166,288,349,91,515,379
"Morganza_all/024707@29.5783599583394,-90.684472912252.jpg",1,120,291,291,85,411,376
"Morganza_all/024708@29.5784903076022,-90.6842843148714.jpg",1,173,280,342,104,515,384
"Morganza_all/024709@29.5786695621442,-90.6840202735106.jpg",1,131,276,296,86,427,362
"Morganza_all/024710@29.5793012960123,-90.6834403935567.jpg",1,81,303,297,99,378,402
"Morganza_all/024711@29.5794701976411,-90.6833015961014.jpg",1,76,285,391,106,467,391
"Morganza_all/024712@29.5796443231091,-90.6831127109115.jpg",1,126,287,359,103,485,390
"Morganza_all/024713@29.5797911455243,-90.6829302315101.jpg",3,131,282,376,105,507,387
"Morganza_all/024714@29.5799270269386,-90.6827541147185.jpg",1,108,289,362,96,470,385
"Morganza_all/024715@29.579739938606,-90.6825362715514.jpg",1,305,292,175,106,480,398
"Morganza_all/024716@29.580144929508,-90.68256494328.jpg",1,241,290,349,100,590,390
"Morganza_all/024717@29.5802916303986,-90.6823636810201.jpg",1,18,270,402,117,420,387
"Morganza_all/024718@29.5804656301226,-90.6821497508444.jpg",1,62,281,395,105,457,386
"Morganza_all/024719@29.5807325952961,-90.6819226939759.jpg",1,46,260,426,127,472,387
"Morganza_all/024720@29.5809176010084,-90.6817212118486.jpg",1,62,259,487,124,549,383
"Morganza_all/024721@29.5810534807948,-90.6815450914362.jpg",1,37,281,418,112,455,393
"Morganza_all/024722@29.5812167800016,-90.6813750213046.jpg",1,110,291,320,102,430,393
"Morganza_all/024724@29.5689916566292,-90.6818233887407.jpg",1,30,286,389,115,419,401
"Morganza_all/024726@29.5690557177964,-90.6812622512629.jpg",1,211,298,178,82,389,380
"Morganza_all/024748@29.5768711795856,-90.68776314655.jpg",3,275,244,242,148,517,392
"Morganza_all/024749@29.5764768664601,-90.6873339403648.jpg",2,1,221,419,191,420,412
"Morganza_all/024751@29.5770506829138,-90.6866445170446.jpg",1,143,306,274,87,417,393
"Morganza_all/024755@29.5776319489626,-90.6859719629588.jpg",3,90,298,295,97,385,395
"Morganza_all/024757@29.5778823912511,-90.6857333265416.jpg",1,41,294,279,109,320,403
"Morganza_all/024759@29.5780954574841,-90.6854271662148.jpg",1,89,247,274,154,363,401
"Morganza_all/024760@29.5782132810405,-90.6853078947796.jpg",3,127,302,278,93,405,395
"Morganza_all/024761@29.5783309513092,-90.6851632044589.jpg",3,26,286,329,118,355,404
"Morganza_all/024762@29.5784635270645,-90.685035374226.jpg",3,30,302,312,87,342,389
"Morganza_all/024763@29.5785812245304,-90.6848906830456.jpg",3,95,302,269,85,364,387
"Morganza_all/024764@29.5786989782307,-90.6847629481067.jpg",1,43,312,273,91,316,403
"Morganza_all/024765@29.5788316792215,-90.6846605043246.jpg",1,68,312,296,83,364,395
"Morganza_all/024767@29.5791193560149,-90.6844723657397.jpg",2,8,249,558,184,566,433
"Morganza_all/024768@29.579513846074,-90.6849354536067.jpg",2,3,307,416,139,419,446
"Morganza_all/024769@29.5793816053479,-90.6851310170119.jpg",1,46,306,265,81,311,387
"Morganza_all/024772@29.578962215762,-90.6856162974957.jpg",1,140,308,298,87,438,395
"Morganza_all/024774@29.5787490378496,-90.6859055038343.jpg",1,115,308,291,82,406,390
"Morganza_all/024775@29.5786164194603,-90.6860248708139.jpg",1,124,303,279,89,403,392
"Morganza_all/024776@29.5784839264518,-90.6861696563005.jpg",1,112,300,310,101,422,401
"Morganza_all/024777@29.5783513353198,-90.6862890224369.jpg",1,161,304,236,92,397,396
"Morganza_all/024778@29.5782335945493,-90.6864252492085.jpg",1,126,306,285,91,411,397
"Morganza_all/024779@29.5781305500128,-90.6865359612186.jpg",1,167,311,308,86,475,397
"Morganza_all/024780@29.5780129342174,-90.6866975746449.jpg",3,148,308,282,81,430,389
"Morganza_all/024781@29.5778508936147,-90.6868510117469.jpg",1,53,298,458,93,511,391
"Morganza_all/024783@29.5775418981425,-90.687217025649.jpg",1,207,298,259,95,466,393
"Morganza_all/024785@29.5778025076364,-90.6875455143843.jpg",1,97,281,361,116,458,397
"Morganza_all/024786@29.5779648267318,-90.6874428527705.jpg",1,164,290,340,114,504,404
"Morganza_all/024787@29.5780898966585,-90.6872981490651.jpg",1,213,290,234,108,447,398
"Morganza_all/024789@29.5650444519488,-90.67617189781.jpg",3,95,292,277,119,372,411
"Morganza_all/024790@29.5652416910205,-90.6760536512398.jpg",1,170,289,268,99,438,388
"Morganza_all/024791@29.5654079671305,-90.6759686360415.jpg",1,102,276,349,114,451,390
"Morganza_all/024792@29.5656011357736,-90.6759216000877.jpg",1,183,283,308,108,491,391
"Morganza_all/024793@29.5657809018609,-90.6758670395699.jpg",1,157,271,347,112,504,383
"Morganza_all/024794@29.5659671968833,-90.6757818921987.jpg",1,189,271,339,124,528,395
"Morganza_all/024795@29.5661471816728,-90.6757654545695.jpg",1,186,277,327,118,513,395
"Morganza_all/024796@29.5663401696582,-90.6756879066011.jpg",1,184,278,334,116,518,394
"Morganza_all/024797@29.5665199631442,-90.6756333450809.jpg",1,146,282,342,99,488,381
"Morganza_all/024798@29.5667265175758,-90.6756014763555.jpg",1,221,279,310,114,531,393
"Morganza_all/024799@29.5669063108667,-90.6755468830144.jpg",1,230,269,280,117,510,386
"Morganza_all/024800@29.5670859618631,-90.6754694216235.jpg",1,301,274,283,99,584,373
"Morganza_all/024801@29.5672792068944,-90.6754376397899.jpg",1,192,228,332,132,524,360
"Morganza_all/024802@29.5674521649338,-90.6753526094041.jpg",3,259,246,338,130,597,376
"Morganza_all/024803@29.5676387659717,-90.6753284833576.jpg",1,245,267,296,110,541,377
"Morganza_all/024804@29.5680508296948,-90.6750511597902.jpg",1,157,243,275,117,432,360
"Morganza_all/024805@29.5680791741873,-90.6740593012686.jpg",1,35,248,527,153,562,401
"Morganza_all/024806@29.5680913983057,-90.6738380173161.jpg",1,272,232,339,132,611,364
"Morganza_all/024807@29.5679765132532,-90.6735336440441.jpg",3,223,248,351,144,574,392
"Morganza_all/024808@29.5677956454417,-90.6733746268529.jpg",1,211,239,318,128,529,367
"Morganza_all/024809@29.5675885923387,-90.6733073527812.jpg",1,211,245,345,139,556,384
"Morganza_all/024810@29.5673882705478,-90.6732552595669.jpg",1,193,248,360,127,553,375
"Morganza_all/024811@29.5672143535997,-90.6731496110052.jpg",1,192,240,360,139,552,379
"Morganza_all/024812@29.5670337928936,-90.6730516504991.jpg",1,170,250,327,105,497,355
"Morganza_all/024813@29.5667803157925,-90.6730380649536.jpg",1,159,257,355,121,514,378
"Morganza_all/024814@29.5676179152246,-90.6738334905723.jpg",1,39,290,327,111,366,401
"Morganza_all/024815@29.5676125376999,-90.6740928852116.jpg",3,65,268,326,116,391,384
"Morganza_all/024816@29.5676137651393,-90.6743369799441.jpg",1,153,252,285,130,438,382
"Morganza_all/024817@29.5676215976282,-90.6745657748173.jpg",1,123,264,341,131,464,395
"Morganza_all/024818@29.5676361227992,-90.6748021696685.jpg",1,125,279,294,122,419,401
"Morganza_all/024819@29.5672966323285,-90.6749264524596.jpg",1,160,281,342,109,502,390
"Morganza_all/024820@29.5672752993799,-90.6746595904068.jpg",1,188,273,286,116,474,389
"Morganza_all/024821@29.5672877161496,-90.674476432254.jpg",1,230,250,295,128,525,378
"Morganza_all/024822@29.5672796150838,-90.674194258333.jpg",1,258,273,270,92,528,365
"Morganza_all/024823@29.5672652423027,-90.6739883761464.jpg",1,182,271,318,120,500,391
"Morganza_all/024824@29.5672839181693,-90.6737212823753.jpg",1,162,264,304,112,466,376
"Morganza_all/024825@29.5668305801534,-90.6737471361839.jpg",1,191,264,289,123,480,387
"Morganza_all/024826@29.5668316547511,-90.6739607174035.jpg",2,0,276,328,110,328,386
"Morganza_all/024827@29.5665049647748,-90.6739781240149.jpg",1,79,293,234,99,313,392
"Morganza_all/024828@29.5663387282464,-90.6740707555839.jpg",2,7,276,296,122,303,398
"Morganza_all/024830@29.5659794003565,-90.6742256821298.jpg",1,0,284,314,112,314,396
"Morganza_all/024831@29.5657996458871,-90.6742878894319.jpg",1,37,278,289,112,326,390
"Morganza_all/024833@29.5653135546594,-90.6744283920561.jpg",1,117,272,231,93,348,365
"Morganza_all/024834@29.5653217045372,-90.6747258476659.jpg",1,139,240,298,120,437,360
"Morganza_all/024835@29.5655959669555,-90.6748918618105.jpg",1,244,244,299,109,543,353
"Morganza_all/024836@29.5657890693128,-90.6748371803236.jpg",1,249,262,382,131,631,393
"Morganza_all/024837@29.5659820075965,-90.6747443749906.jpg",1,308,257,333,122,641,379
"Morganza_all/024839@29.5663682015643,-90.674627429952.jpg",1,298,257,343,118,641,375
"Morganza_all/024841@29.5668206961228,-90.674433734987.jpg",1,257,280,384,119,641,399
"Morganza_all/024842@29.5668415695488,-90.6746090609589.jpg",1,160,268,324,117,484,385
"Morganza_all/024843@29.5668295740505,-90.6748761094623.jpg",1,125,261,271,122,396,383
"Morganza_all/024844@29.5668171567222,-90.6750592667278.jpg",1,0,268,350,121,350,389
"Morganza_all/024845@29.5665574082182,-90.6751219986656.jpg",1,128,251,320,139,448,390
"Morganza_all/024846@29.5663709986464,-90.6751842484396.jpg",1,62,246,367,133,429,379
"Morganza_all/024847@29.5661778686477,-90.6752389297558.jpg",1,104,239,375,138,479,377
"Morganza_all/024848@29.5660046426953,-90.6752705801155.jpg",1,143,240,320,129,463,369
"Morganza_all/024849@29.5657914827509,-90.6753177488317.jpg",1,90,259,300,121,390,380
"Morganza_all/024850@29.5656117934717,-90.6753875659578.jpg",1,67,254,360,122,427,376
"Morganza_all/024851@29.5654120087062,-90.6754422901714.jpg",1,126,253,306,127,432,380
"Morganza_all/024852@29.5688204998416,-90.6688730568198.jpg",1,189,282,271,89,460,371
"Morganza_all/024880@29.5539867636119,-90.6735291233421.jpg",3,201,262,218,99,419,361
"Morganza_all/024881@29.5540029371291,-90.6730711975027.jpg",3,148,278,283,84,431,362
"Morganza_all/024884@29.5539754321008,-90.670063881279.jpg",3,165,271,257,94,422,365
"Morganza_all/024885@29.5539738632596,-90.6697539609776.jpg",1,122,261,219,99,341,360
"Morganza_all/024887@29.5540058334758,-90.6687747340127.jpg",3,123,270,305,99,428,369
"Morganza_all/024888@29.5545142717129,-90.6682431176344.jpg",1,103,273,330,131,433,404
"Morganza_all/024889@29.5549634981806,-90.6681767270057.jpg",1,109,280,528,123,637,403
"Morganza_all/024890@29.5549837366279,-90.6685287673046.jpg",1,8,284,266,101,274,385
"Morganza_all/024891@29.5544972933888,-90.6685390405312.jpg",1,109,287,456,92,565,379
"Morganza_all/024892@29.5544867598503,-90.6688912833403.jpg",1,145,285,385,103,530,388
"Morganza_all/024893@29.5550048941406,-90.6690568732825.jpg",1,13,261,315,130,328,391
"Morganza_all/024894@29.554962731857,-90.6692403012311.jpg",1,1,278,350,119,351,397
"Morganza_all/024895@29.5545072022054,-90.6692785160248.jpg",1,152,276,416,98,568,374
"Morganza_all/024896@29.5549635168172,-90.6693952314545.jpg",1,56,281,288,116,344,397
"Morganza_all/024897@29.5549645158387,-90.6695924639857.jpg",1,7,281,268,114,275,395
"Morganza_all/024898@29.5549591050086,-90.6697403898717.jpg",1,90,277,309,108,399,385
"Morganza_all/024899@29.5545043955146,-90.6699406399207.jpg",2,199,276,442,117,641,393
"Morganza_all/024900@29.5549846709977,-90.6699233689605.jpg",1,7,278,323,109,330,387
"Morganza_all/024901@29.5549916230078,-90.6700853037709.jpg",1,0,271,306,119,306,390
"Morganza_all/024902@29.5545366196882,-90.6702221461252.jpg",3,251,278,281,105,532,383
"Morganza_all/024903@29.5550047621783,-90.6702472291049.jpg",3,78,269,292,126,370,395
"Morganza_all/024904@29.5549995287872,-90.6704303807403.jpg",3,46,277,340,115,386,392
"Morganza_all/024905@29.5549942240488,-90.6705994735186.jpg",1,10,280,293,113,303,393
"Morganza_all/024906@29.5549765914096,-90.6707615709745.jpg",1,63,281,264,114,327,395
"Morganza_all/024907@29.5545138334736,-90.6705885606136.jpg",1,229,279,353,111,582,390
"Morganza_all/024908@29.5545152933519,-90.6708773158134.jpg",3,169,295,371,93,540,388
"Morganza_all/024909@29.5545105218589,-90.6711520529629.jpg",1,232,287,334,110,566,397
"Morganza_all/024910@29.554966123093,-90.6711279055209.jpg",1,58,262,331,128,389,390
"Morganza_all/024911@29.5549978549365,-90.6713178896005.jpg",1,47,284,247,114,294,398
"Morganza_all/024912@29.5549985662826,-90.6714587296038.jpg",1,43,281,270,101,313,382
"Morganza_all/024913@29.554530779813,-90.6715040920893.jpg",3,243,291,389,109,632,400
"Morganza_all/024914@29.5549995266298,-90.671648917079.jpg",1,36,275,330,120,366,395
"Morganza_all/024915@29.5550065395668,-90.6718178969976.jpg",1,23,273,295,122,318,395
"Morganza_all/024916@29.5550074638427,-90.6720010393452.jpg",1,8,278,361,115,369,393
"Morganza_all/024917@29.5545260779709,-90.6717928880245.jpg",1,223,291,346,96,569,387
"Morganza_all/024918@29.554527784008,-90.6721309590646.jpg",3,288,295,336,92,624,387
"Morganza_all/024919@29.5549712792764,-90.6721491682401.jpg",1,81,284,299,103,380,387
"Morganza_all/024920@29.5549968419026,-90.6723321479657.jpg",1,32,281,346,108,378,389
"Morganza_all/024921@29.5545107615366,-90.6724198676822.jpg",1,134,286,456,98,590,384
"Morganza_all/024922@29.5549606649878,-90.6724873220498.jpg",3,74,285,292,91,366,376
"Morganza_all/024923@29.5550045722088,-90.6726490447268.jpg",1,123,279,335,119,458,398
"Morganza_all/024924@29.5545184125956,-90.6727156273951.jpg",1,270,276,292,114,562,390
"Morganza_all/024925@29.5544952566304,-90.6730045763038.jpg",1,282,281,322,114,604,395
"Morganza_all/024926@29.5550003213141,-90.6730223835449.jpg",1,106,273,288,122,394,395
"Morganza_all/024927@29.5550134291987,-90.6731842780078.jpg",1,99,291,298,105,397,396
"Morganza_all/024928@29.5545280142162,-90.6733987740046.jpg",1,269,269,312,116,581,385
"Morganza_all/024929@29.5550030170756,-90.673557657401.jpg",1,38,280,338,110,376,390
"Morganza_all/024930@29.5545295035207,-90.6736946058507.jpg",1,266,295,360,84,626,379
"Morganza_all/024931@29.555004116041,-90.6737759940394.jpg",1,122,284,305,112,427,396
"Morganza_all/024933@29.5549807884793,-90.6740367637046.jpg",1,114,279,314,111,428,390
"Morganza_all/024934@29.5550002948993,-90.6742408884411.jpg",1,19,262,325,132,344,394
"Morganza_all/024935@29.5549834446857,-90.6745649923382.jpg",1,126,276,300,114,426,390
"Morganza_all/024936@29.5549844003672,-90.6747551483629.jpg",1,162,291,277,106,439,397
"Morganza_all/024938@29.554979019262,-90.674910150596.jpg",1,98,270,350,117,448,387
"Morganza_all/024939@29.5549799390589,-90.6750932614702.jpg",3,289,249,339,178,628,427
"Morganza_all/024941@29.5781853776868,-90.6871536044244.jpg",1,149,287,368,99,517,386
"Morganza_all/024942@29.5783253108067,-90.6870172668395.jpg",1,100,292,363,111,463,403
"Morganza_all/024943@29.5784060806963,-90.6868897419721.jpg",1,183,298,331,111,514,409
"Morganza_all/024944@29.5785386581349,-90.6867619139286.jpg",1,132,290,224,99,356,389
"Morganza_all/024945@29.5786193442798,-90.6866174636512.jpg",1,196,278,311,109,507,387
"Morganza_all/024946@29.5787740292189,-90.6864725352459.jpg",1,85,274,386,103,471,377
"Morganza_all/024947@29.5788920207823,-90.6863871141893.jpg",1,207,290,376,96,583,386
"Morganza_all/024948@29.5790321619567,-90.6862930870769.jpg",1,306,279,194,105,500,384
"Morganza_all/024949@29.5791051579742,-90.6860894459558.jpg",1,166,281,434,129,600,410
"Morganza_all/024950@29.5792452296469,-90.6859869558856.jpg",1,208,276,280,118,488,394
"Morganza_all/024951@29.5793703671043,-90.6858506794049.jpg",1,247,279,247,102,494,381
"Morganza_all/024952@29.579480668478,-90.6857060671606.jpg",1,172,287,402,101,574,388
"Morganza_all/024953@29.5796205724341,-90.6855696945088.jpg",1,157,294,265,86,422,380
"Morganza_all/024954@29.5797308733417,-90.6854250501344.jpg",1,171,286,317,101,488,387
"Morganza_all/024955@29.5798265197913,-90.6853143830703.jpg",1,184,281,349,120,533,401
"Morganza_all/024958@29.5793759074265,-90.6839797040153.jpg",1,155,286,412,120,567,406
"Morganza_all/024959@29.5795302538485,-90.6837670386456.jpg",1,116,284,435,123,551,407
"Morganza_all/024960@29.5797069029035,-90.683571185052.jpg",3,137,284,461,120,598,404
"Morganza_all/024961@29.5798837759034,-90.6834261063768.jpg",1,197,291,279,108,476,399
"Morganza_all/024962@29.5800162240692,-90.6832728841142.jpg",3,182,291,459,101,641,392
"Morganza_all/024963@29.5802000739608,-90.6830430990011.jpg",3,97,284,343,115,440,399
"Morganza_all/024964@29.5803473577986,-90.6828982108251.jpg",1,114,289,456,110,570,399
"Morganza_all/024965@29.5804871183357,-90.6827279824028.jpg",3,114,292,462,112,576,404
"Morganza_all/024966@29.5807008777434,-90.6825573041681.jpg",1,23,288,542,114,565,402
"Morganza_all/024967@29.5808405956585,-90.6823785805574.jpg",1,132,284,359,117,491,401
"Morganza_all/024968@29.5809803702097,-90.6822168448741.jpg",1,134,288,368,117,502,405
"Morganza_all/024969@29.581119961525,-90.6820127322627.jpg",1,126,292,403,108,529,400
"Morganza_all/024970@29.5812968183939,-90.6818592173791.jpg",1,199,290,333,117,532,407
"Morganza_all/024971@29.5814216715028,-90.681672125463.jpg",1,170,281,471,123,641,404
"Morganza_all/024972@29.5816353872956,-90.6814929492036.jpg",1,176,292,356,106,532,398
"Morganza_all/024973@29.5817991055248,-90.681678164246.jpg",1,65,294,417,107,482,401
"Morganza_all/024974@29.5816520333236,-90.6818653699187.jpg",3,43,291,430,121,473,412
"Morganza_all/024975@29.5814902086106,-90.6820611339477.jpg",1,66,291,367,107,433,398
"Morganza_all/024976@29.5813279210857,-90.6821637762577.jpg",3,95,286,291,134,386,420
"Morganza_all/024977@29.5811589930885,-90.6824188574612.jpg",1,1,299,365,124,366,423
"Morganza_all/024978@29.5810117938026,-90.6825806728497.jpg",2,4,288,365,152,369,440
"Morganza_all/024979@29.5808349637425,-90.6827342173036.jpg",1,12,291,379,121,391,412
"Morganza_all/024980@29.5807247496293,-90.6828957600612.jpg",1,77,301,387,103,464,404
"Morganza_all/024981@29.5805184290585,-90.6830748836749.jpg",2,2,298,378,108,380,406
"Morganza_all/024982@29.5803491216169,-90.6832537977805.jpg",2,8,294,360,104,368,398
"Morganza_all/024983@29.5801872109185,-90.6834326318249.jpg",1,68,297,362,106,430,403
"Morganza_all/024984@29.5800474493095,-90.6836028272948.jpg",2,1,290,367,117,368,407
"Morganza_all/024985@29.5799004164403,-90.6837985209004.jpg",1,2,295,384,113,386,408
"Morganza_all/024986@29.5797087485838,-90.6839436634008.jpg",1,3,303,358,105,361,408
"Morganza_all/024987@29.5795617571129,-90.6841478183891.jpg",1,21,279,402,130,423,409
"Morganza_all/024988@29.5794218269813,-90.6842841616658.jpg",2,164,309,477,123,641,432
"Morganza_all/024989@29.5796674401274,-90.6845704319844.jpg",1,108,257,348,170,456,427
"Morganza_all/024990@29.5797924504404,-90.684408765466.jpg",1,250,275,384,111,634,386
"Morganza_all/024992@29.5801163580859,-90.6840680265481.jpg",1,194,284,443,125,637,409
"Morganza_all/024993@29.5802707465749,-90.6838638223471.jpg",2,252,282,389,133,641,415
"Morganza_all/024994@29.5804253447474,-90.6837019935239.jpg",1,170,279,418,130,588,409
"Morganza_all/024995@29.5805946529564,-90.6835231114993.jpg",1,176,281,454,112,630,393
"Morganza_all/024996@29.5807566476951,-90.6833612021648.jpg",1,170,273,470,133,640,406
"Morganza_all/024997@29.5809111886485,-90.6831824148255.jpg",1,188,278,453,114,641,392
"Morganza_all/024998@29.5810733928618,-90.6830628177891.jpg",1,273,276,269,111,542,387
"Morganza_all/024999@29.5812130001423,-90.6828672004894.jpg",1,292,266,349,116,641,382
"Morganza_all/025000@29.581389647846,-90.6826713420184.jpg",1,203,281,371,112,574,393
"Morganza_all/025001@29.5815221369816,-90.682526547704.jpg",2,321,266,320,136,641,402
"Morganza_all/025002@29.5817136770365,-90.6823559802261.jpg",1,289,273,352,131,641,404
"Morganza_all/025003@29.5818606238286,-90.6821433869436.jpg",1,192,268,439,122,631,390
"Morganza_all/025004@29.5820076964261,-90.6819561812892.jpg",1,185,276,430,117,615,393
"Morganza_all/025005@29.5822215808435,-90.6818108556621.jpg",1,236,263,222,87,458,350
"Morganza_all/025006@29.5799710005695,-90.6846023171645.jpg",1,70,272,330,115,400,387
"Morganza_all/025007@29.5801852650558,-90.6845331949819.jpg",1,43,278,321,112,364,390
"Morganza_all/025008@29.5803625162834,-90.684464312286.jpg",1,53,237,411,142,464,379
"Morganza_all/025009@29.5804581200257,-90.6843451809859.jpg",1,92,259,312,126,404,385
"Morganza_all/025010@29.5805757329142,-90.6841835608519.jpg",1,91,259,304,122,395,381
"Morganza_all/025011@29.5806935134187,-90.6840558223598.jpg",1,75,272,372,105,447,377
"Morganza_all/025012@29.5808334156541,-90.6839194457517.jpg",1,175,268,346,118,521,386
"Morganza_all/025013@29.580928962537,-90.6837833878726.jpg",1,132,264,292,123,424,387
"Morganza_all/025014@29.5810467569354,-90.6836640798483.jpg",1,98,258,322,126,420,384
"Morganza_all/025015@29.5811644530366,-90.6835194147845.jpg",1,99,267,254,120,353,387
"Morganza_all/025016@29.5812970270242,-90.6833915472999.jpg",1,141,279,306,102,447,381
"Morganza_all/025017@29.5814221344349,-90.6832552964233.jpg",3,150,280,292,107,442,387
"Morganza_all/025018@29.5815547921105,-90.6831443536858.jpg",1,164,285,311,103,475,388
"Morganza_all/025019@29.5816576658506,-90.6829997835154.jpg",3,107,258,238,122,345,380
"Morganza_all/025020@29.5817457304947,-90.6828468147613.jpg",3,134,251,326,129,460,380
"Morganza_all/025021@29.5819005374112,-90.6827272956947.jpg",1,148,254,238,124,386,378
"Morganza_all/025022@29.5820034105343,-90.6825826931369.jpg",1,133,248,318,130,451,378
"Morganza_all/025023@29.5820990125629,-90.6824635580891.jpg",1,79,242,252,128,331,370
"Morganza_all/025024@29.582246463853,-90.6823525173978.jpg",3,84,234,308,128,392,362
"Morganza_all/025025@29.5824311385681,-90.6822835811636.jpg",1,48,232,390,152,438,384
"Morganza_all/025026@29.5826532761293,-90.6823160209975.jpg",1,228,242,322,131,550,373
"Morganza_all/025027@29.5827799653045,-90.6824929853261.jpg",1,148,233,407,154,555,387
"Morganza_all/025028@29.5828919019567,-90.6826785090371.jpg",1,109,270,358,127,467,397
"Morganza_all/025029@29.5830034747475,-90.6827962991999.jpg",1,22,263,526,129,548,392
"Morganza_all/025030@29.5831078603758,-90.6829564833421.jpg",3,42,268,385,120,427,388
"Morganza_all/025031@29.5832267736028,-90.6830573001568.jpg",3,70,266,415,137,485,403
"Morganza_all/025032@29.5833458692616,-90.683200463171.jpg",1,64,261,376,139,440,400
"Morganza_all/025033@29.5834575531587,-90.6833352114785.jpg",3,88,268,407,141,495,409
"Morganza_all/025034@29.5831921112498,-90.6835316488943.jpg",3,34,279,517,126,551,405
"Morganza_all/025035@29.5829464540455,-90.6832369396789.jpg",1,236,248,257,148,493,396
"Morganza_all/025036@29.5828287438022,-90.6833731446494.jpg",1,187,271,416,139,603,410
"Morganza_all/025037@29.5827256324048,-90.6834754022452.jpg",1,294,268,347,133,641,401
"Morganza_all/025038@29.5826225903705,-90.6835861222555.jpg",1,232,268,409,141,641,409
"Morganza_all/025040@29.5824313987528,-90.6838328856519.jpg",1,288,261,313,150,601,411
"Morganza_all/025042@29.582247421744,-90.684037286119.jpg",1,244,265,301,136,545,401
"Morganza_all/025043@29.5821147631591,-90.684148196981.jpg",1,316,259,291,142,607,401
"Morganza_all/025044@29.58204887403,-90.68429255842.jpg",1,310,276,250,139,560,415
"Morganza_all/025045@29.5819457056272,-90.6843778886021.jpg",1,302,273,263,130,565,403
"Morganza_all/025046@29.5818204857831,-90.6844972134951.jpg",1,289,276,346,143,635,419
"Morganza_all/025047@29.5817321952936,-90.6845993729032.jpg",3,295,279,332,119,627,398
"Morganza_all/025048@29.5816513437407,-90.684709946949.jpg",1,182,287,278,106,460,393
"Morganza_all/025049@29.5815556140754,-90.6848036911792.jpg",3,179,280,353,123,532,403
"Morganza_all/025050@29.581408118848,-90.6849062647949.jpg",3,317,289,241,127,558,416
"Morganza_all/025051@29.5812464151297,-90.6851274114969.jpg",1,251,279,372,127,623,406
"Morganza_all/025052@29.5811285499086,-90.6852382240785.jpg",1,237,282,370,126,607,408
"Morganza_all/025053@29.5810255065371,-90.6853489719695.jpg",1,280,276,361,131,641,407
"Morganza_all/025054@29.580929860061,-90.6854596403253.jpg",3,272,277,337,124,609,401
"Morganza_all/025055@29.5808491751963,-90.6856040948676.jpg",1,286,257,299,158,585,415
"Morganza_all/025058@29.5815727529127,-90.6852776961906.jpg",1,77,290,273,81,350,371
"Morganza_all/025060@29.5823166640376,-90.6845701981115.jpg",1,161,288,159,85,320,373
"Morganza_all/025061@29.580397282254,-90.6855053996607.jpg",2,0,293,365,108,365,401
"Morganza_all/025062@29.5805225591762,-90.6854030031548.jpg",1,21,289,357,121,378,410
"Morganza_all/025063@29.5806331110605,-90.6853091645692.jpg",1,13,295,344,108,357,403
"Morganza_all/025064@29.5807435516995,-90.6851984006639.jpg",2,10,289,290,124,300,413
"Morganza_all/025065@29.5808464132002,-90.6850453394827.jpg",1,104,292,269,115,373,407
"Morganza_all/025068@29.5811555282035,-90.6847046948448.jpg",1,45,295,331,108,376,403
"Morganza_all/025069@29.5812660520875,-90.6846108550735.jpg",1,7,276,343,130,350,406
"Morganza_all/025070@29.5813542169306,-90.6844833080615.jpg",1,13,296,316,109,329,405
"Morganza_all/025071@29.5814647262618,-90.6843810049758.jpg",1,1,288,319,118,320,406
"Morganza_all/025073@29.5816633304697,-90.684142659962.jpg",1,22,298,289,112,311,410
"Morganza_all/025075@29.5818988636136,-90.6838871485255.jpg",1,92,299,230,107,322,406
"Morganza_all/025076@29.5820094563397,-90.6838017697289.jpg",1,10,309,321,96,331,405
"Morganza_all/025079@29.5823036479563,-90.6834358249604.jpg",1,40,300,306,93,346,393
"Morganza_all/025080@29.5824215261125,-90.6833334719224.jpg",3,3,297,328,107,331,404
"Morganza_all/025081@29.5825244693712,-90.6831973318513.jpg",1,32,301,305,110,337,411
"Morganza_all/025082@29.5826349501971,-90.68309502633.jpg",1,23,302,330,102,353,404
"Morganza_all/025083@29.582738061298,-90.6829927684351.jpg",1,16,303,334,101,350,404
"Morganza_all/025084@29.5824996043578,-90.6826641313735.jpg",1,137,270,420,142,557,412
"Morganza_all/025085@29.5824118193801,-90.6828678779718.jpg",1,181,290,235,106,416,396
"Morganza_all/025086@29.5822568863866,-90.6829620091149.jpg",1,128,286,241,109,369,395
"Morganza_all/025087@29.5821391765829,-90.6830982449307.jpg",1,207,293,242,101,449,394
"Morganza_all/025088@29.5819991636167,-90.6832176676814.jpg",3,230,292,271,98,501,390
"Morganza_all/025089@29.5818888651506,-90.6833623177623.jpg",1,137,272,252,110,389,382
"Morganza_all/025090@29.5817712388284,-90.6835154780698.jpg",1,231,274,306,113,537,387
"Morganza_all/025091@29.5816606882311,-90.6836093197015.jpg",1,172,279,307,108,479,387
"Morganza_all/025092@29.5815355804532,-90.6837455704603.jpg",1,238,284,260,100,498,384
"Morganza_all/025093@29.5813957347513,-90.6838988738452.jpg",1,214,294,253,102,467,396
"Morganza_all/025094@29.5812706831581,-90.6840520808985.jpg",1,268,295,242,98,510,393
"Morganza_all/025095@29.5811453653856,-90.6841460171802.jpg",1,183,295,273,97,456,392
"Morganza_all/025096@29.581057215271,-90.6842820270727.jpg",3,226,299,289,99,515,398
"Morganza_all/025097@29.5809468174546,-90.6844012864569.jpg",1,220,289,227,109,447,398
"Morganza_all/025098@29.5807994899195,-90.6845376791806.jpg",1,162,263,308,129,470,392
"Morganza_all/025099@29.5806818347225,-90.68469083662.jpg",1,204,292,287,101,491,393
"Morganza_all/025100@29.5805641231178,-90.6848270682619.jpg",1,232,285,226,113,458,398
"Morganza_all/025101@29.5804685189379,-90.6849461992281.jpg",1,171,282,276,103,447,385
"Morganza_all/025102@29.5803356503255,-90.6850147938631.jpg",1,229,279,192,97,421,376
"Morganza_all/025103@29.5800176723607,-90.6850591663354.jpg",2,2,268,346,155,348,423
"Morganza_all/025104@29.5801961796918,-90.6852442570297.jpg",1,40,279,306,123,346,402
"Morganza_all/025106@29.581298741575,-90.6867356334923.jpg",1,120,278,331,133,451,411
"Morganza_all/025110@29.5818714259479,-90.6858175851718.jpg",2,302,206,339,188,641,394
"Morganza_all/025111@29.5825870631567,-90.6853811846777.jpg",1,12,291,296,110,308,401
"Morganza_all/025113@29.5828517543037,-90.6850323596099.jpg",3,54,294,285,96,339,390
"Morganza_all/025114@29.5830210643182,-90.6848534755007.jpg",1,98,295,269,83,367,378
"Morganza_all/025115@29.5830339736244,-90.684472426137.jpg",1,301,276,297,91,598,367
"Morganza_all/025116@29.5831757054189,-90.6847000751514.jpg",3,79,292,254,83,333,375
"Morganza_all/025118@29.5836464800129,-90.6841298057516.jpg",1,50,265,293,105,343,370
"Morganza_all/025120@29.5846635839116,-90.6847920297597.jpg",1,310,264,152,81,462,345
"Morganza_all/025121@29.584135973757,-90.6843467391152.jpg",1,101,255,449,157,550,412
"Morganza_all/025122@29.5845320551608,-90.6851315367397.jpg",1,157,259,308,101,465,360
"Morganza_all/025123@29.5842214326464,-90.685167431352.jpg",1,261,251,230,140,491,391
"Morganza_all/025124@29.5841156678282,-90.6847278720516.jpg",1,48,274,377,119,425,393
"Morganza_all/025125@29.5838633008739,-90.6845771061922.jpg",3,57,284,584,109,641,393
"Morganza_all/025126@29.58393872389,-90.6848644603602.jpg",1,90,246,247,163,337,409
"Morganza_all/025127@29.5841185565223,-90.6853120029966.jpg",3,0,297,399,89,399,386
"Morganza_all/025128@29.5836665798719,-90.6851964115621.jpg",1,59,277,392,130,451,407
"Morganza_all/025129@29.58348056414,-90.6849944368471.jpg",1,280,273,361,132,641,405
"Morganza_all/025130@29.5833268434283,-90.6853340831254.jpg",3,197,270,333,97,530,367
"Morganza_all/025131@29.5830021795496,-90.6855224348982.jpg",1,187,240,392,170,579,410
"Morganza_all/025132@29.5826708435028,-90.6858632269266.jpg",1,199,286,333,121,532,407
"Morganza_all/025133@29.5825457751735,-90.686007939042.jpg",1,268,278,305,129,573,407
"Morganza_all/025134@29.5824132404172,-90.6861442674444.jpg",1,302,270,294,126,596,396
"Morganza_all/025135@29.5823176768157,-90.6862718621313.jpg",1,235,265,369,142,604,407
"Morganza_all/025136@29.5822071660112,-90.6863741640019.jpg",3,246,258,349,143,595,401
"Morganza_all/025137@29.5820677349085,-90.6866121237809.jpg",1,261,261,357,113,618,374
"Morganza_all/025138@29.581913175043,-90.6867824449705.jpg",1,267,269,270,105,537,374
"Morganza_all/025139@29.5817808338898,-90.6869526222436.jpg",1,256,275,352,107,608,382
"Morganza_all/025140@29.5816414017356,-90.6871905802045.jpg",2,0,268,462,126,462,394
"Morganza_all/025141@29.5824155382133,-90.6866098780221.jpg",1,187,251,385,151,572,402
"Morganza_all/025142@29.5825111439006,-90.6864907463282.jpg",1,233,267,305,131,538,398
"Morganza_all/025143@29.5826214875826,-90.686354561598.jpg",1,189,277,332,138,521,415
"Morganza_all/025144@29.5827392844715,-90.6862352860418.jpg",3,186,270,335,135,521,405
"Morganza_all/025145@29.5828568996838,-90.6860736644463.jpg",1,219,273,258,127,477,400
"Morganza_all/025146@29.5837215392486,-90.6858394768646.jpg",3,178,298,310,81,488,379
"Morganza_all/025147@29.5834783962476,-90.6860527217786.jpg",1,249,303,188,86,437,389
"Morganza_all/025148@29.5832496291379,-90.6861811785841.jpg",1,136,294,341,96,477,390
"Morganza_all/025150@29.5829403432907,-90.6864879744619.jpg",1,143,230,380,209,523,439
"Morganza_all/025151@29.5829424729545,-90.686919736171.jpg",1,175,261,259,136,434,397
"Morganza_all/025152@29.5827935565803,-90.6867344463983.jpg",1,153,259,249,132,402,391
"Morganza_all/025153@29.5826319332355,-90.6869725188187.jpg",3,231,270,220,140,451,410
"Morganza_all/025154@29.5824620361233,-90.6870328881139.jpg",1,136,308,352,119,488,427
"Morganza_all/025155@29.5823297922776,-90.6872284545063.jpg",1,138,314,284,82,422,396
"Morganza_all/025157@29.5820355900745,-90.6875943882302.jpg",1,266,291,133,102,399,393
"Morganza_all/025158@29.5818660679399,-90.6877309522406.jpg",3,297,296,177,89,474,385
"Morganza_all/025159@29.5817410118697,-90.6878841552288.jpg",1,218,288,307,104,525,392
"Morganza_all/025160@29.581468651803,-90.6881737459437.jpg",1,105,290,460,104,565,394
"Morganza_all/025161@29.5813736419382,-90.6884198783838.jpg",2,297,283,344,124,641,407
"Morganza_all/025162@29.5811376003754,-90.6885737942024.jpg",1,231,297,265,84,496,381
"Morganza_all/025164@29.5808061589227,-90.6888891501999.jpg",2,181,286,460,114,641,400
"Morganza_all/025165@29.5808005507687,-90.6892532176491.jpg",2,1,262,594,167,595,429
"Morganza_all/025166@29.5806589932404,-90.6890594181488.jpg",2,101,284,540,119,641,403
"Morganza_all/025167@29.5804824608767,-90.6892806832585.jpg",3,334,293,307,107,641,400
"Morganza_all/025169@29.580217993673,-90.6896718016843.jpg",1,244,259,183,114,427,373
"Morganza_all/025170@29.5800709515906,-90.6898674552543.jpg",1,416,273,163,115,579,388
"Morganza_all/025171@29.5798058181944,-90.6901231379755.jpg",1,225,282,390,97,615,379
"Morganza_all/025172@29.5794460853135,-90.6907096017913.jpg",1,16,241,615,163,631,404
"Morganza_all/025173@29.579319365724,-90.6905241704336.jpg",1,70,273,413,148,483,421
"Morganza_all/025174@29.5790139379674,-90.6901112976616.jpg",3,187,272,175,104,362,376
"Morganza_all/025175@29.5791309347521,-90.6898227175058.jpg",1,56,290,404,109,460,399
"Morganza_all/025176@29.5792874515622,-90.6900502702044.jpg",2,1,289,343,111,344,400
"Morganza_all/025177@29.5795146015796,-90.6895916622906.jpg",3,234,281,90,89,324,370
"Morganza_all/025180@29.5802364002882,-90.6889012789579.jpg",1,145,283,205,118,350,401
"Morganza_all/025181@29.5801757662846,-90.6886053743676.jpg",1,231,262,187,156,418,418
"Morganza_all/025182@29.5802934818166,-90.6884691476944.jpg",1,208,279,214,126,422,405
"Morganza_all/025183@29.5804263107577,-90.6883921265104.jpg",1,183,251,288,137,471,388
"Morganza_all/025184@29.5805604305056,-90.6885775096029.jpg",1,29,275,237,120,266,395
"Morganza_all/025185@29.5807002958142,-90.6884326768489.jpg",1,70,305,262,89,332,394
"Morganza_all/025186@29.5805955835658,-90.6882047583187.jpg",1,88,297,276,91,364,388
"Morganza_all/025187@29.5807059016895,-90.6880686097182.jpg",1,197,280,338,124,535,404
"Morganza_all/025188@29.5808696379758,-90.6882538021529.jpg",1,150,281,257,101,407,382
"Morganza_all/025189@29.5810315552483,-90.6880749746837.jpg",1,7,298,435,101,442,399
"Morganza_all/025190@29.5808604073965,-90.6878813670767.jpg",1,51,295,553,97,604,392
"Morganza_all/025191@29.5811041371727,-90.6877866725687.jpg",3,200,287,241,88,441,375
"Morganza_all/025192@29.5813924856395,-90.6877340048302.jpg",1,12,274,338,113,350,387
"Morganza_all/025193@29.581561841034,-90.6875635906093.jpg",1,41,283,336,145,377,428
"Morganza_all/025194@29.5814354507334,-90.6874458924112.jpg",1,142,299,351,126,493,425
"Morganza_all/025195@29.5813092271327,-90.6873620452857.jpg",2,196,286,445,119,641,405
"Morganza_all/025196@29.5809385088648,-90.6872120405058.jpg",3,93,257,309,116,402,373
"Morganza_all/025197@29.5807524126235,-90.6869931107956.jpg",1,184,261,453,103,637,364
"Morganza_all/025198@29.5805976854009,-90.6871295786259.jpg",1,362,257,279,131,641,388
"Morganza_all/025199@29.5807544989272,-90.687416400437.jpg",3,87,272,328,105,415,377
"Morganza_all/025200@29.5805628689112,-90.6875700313422.jpg",3,48,287,332,95,380,382
"Morganza_all/025201@29.5804231854379,-90.6877571783752.jpg",1,1,273,380,100,381,373
"Morganza_all/025203@29.5802833350413,-90.6879104744563.jpg",1,181,268,205,111,386,379
"Morganza_all/025204@29.5801141041503,-90.688106273695.jpg",1,130,281,303,98,433,379
"Morganza_all/025208@29.5796282407253,-90.6886258243746.jpg",1,80,281,418,101,498,382
"Morganza_all/025209@29.5794201912125,-90.6884493817451.jpg",2,374,246,267,121,641,367
"Morganza_all/025210@29.5794591337341,-90.6888470401978.jpg",1,40,287,245,91,285,378
"Morganza_all/025211@29.5791991519912,-90.6886455118437.jpg",1,257,271,376,88,633,359
"Morganza_all/025212@29.5793487316061,-90.6889662611885.jpg",3,146,286,282,97,428,383
"Morganza_all/025213@29.5792016489892,-90.6891534515798.jpg",1,124,285,315,102,439,387
"Morganza_all/025214@29.57890465464,-90.6889521925281.jpg",2,215,219,426,152,641,371
"Morganza_all/025215@29.5790691525272,-90.6892982337739.jpg",1,220,267,244,113,464,380
"Morganza_all/025216@29.5786865253639,-90.6897409138333.jpg",3,63,245,578,141,641,386
"Morganza_all/025217@29.5796082379522,-90.6875677232526.jpg",3,63,276,185,105,248,381
"Morganza_all/025218@29.5798615002813,-90.6909185704261.jpg",2,6,251,467,119,473,370
"Morganza_all/025219@29.5808076138128,-90.6906924033527.jpg",1,150,207,330,158,480,365
"Morganza_all/025220@29.5811044810573,-90.690868283354.jpg",1,113,284,454,85,567,369
"Morganza_all/025225@29.5814495590402,-90.6903157878456.jpg",3,148,291,312,112,460,403
"Morganza_all/025226@29.5818560412717,-90.6902115906891.jpg",1,156,276,283,92,439,368
"Morganza_all/025227@29.5821593925924,-90.6902011483683.jpg",3,92,270,248,101,340,371
"Morganza_all/025228@29.5823886620672,-90.6901742870376.jpg",1,179,291,277,94,456,385
"Morganza_all/025230@29.5823915266483,-90.6907584395273.jpg",1,103,297,402,115,505,412
"Morganza_all/025231@29.5825542634013,-90.6907404693417.jpg",1,161,284,374,142,535,426
"Morganza_all/025232@29.5826871904761,-90.6906888065827.jpg",1,209,270,297,107,506,377
"Morganza_all/025233@29.5828277912535,-90.6906879044456.jpg",1,227,273,262,128,489,401
"Morganza_all/025234@29.5826548202003,-90.6901217994699.jpg",1,233,308,247,82,480,390
"Morganza_all/025235@29.5806044865457,-90.6900164227946.jpg",1,98,283,365,144,463,427
"Morganza_all/025236@29.5807596739658,-90.6899731114674.jpg",1,180,280,350,137,530,417
"Morganza_all/025237@29.5809133235969,-90.6896165556916.jpg",1,200,298,337,90,537,388
"Morganza_all/025238@29.5810036129366,-90.6899207354903.jpg",2,259,297,382,112,641,409
"Morganza_all/025239@29.5811956887827,-90.6898517665424.jpg",3,91,270,322,112,413,382
"Morganza_all/025240@29.5812668608527,-90.6892756393616.jpg",1,203,277,438,144,641,421
"Morganza_all/025244@29.5820755452527,-90.6897022108935.jpg",1,139,292,388,85,527,377
"Morganza_all/025245@29.5820056856001,-90.6890338294839.jpg",3,317,276,271,117,588,393
"Morganza_all/025247@29.5823191374551,-90.6895736369102.jpg",1,307,296,313,83,620,379
"Morganza_all/025248@29.5826523269545,-90.6896138421976.jpg",3,100,283,413,101,513,384
"Morganza_all/025249@29.582604838775,-90.6889876284247.jpg",2,190,288,451,105,641,393
"Morganza_all/025250@29.5828815545947,-90.6895784851023.jpg",3,72,282,306,100,378,382
"Morganza_all/025251@29.5831699870439,-90.689542778752.jpg",3,122,289,343,92,465,381
"Morganza_all/025252@29.5830557719137,-90.6888916017668.jpg",2,233,287,408,100,641,387
"Morganza_all/025253@29.5832478889695,-90.688831123751.jpg",1,382,294,186,83,568,377
"Morganza_all/025254@29.5833662707968,-90.6888303619775.jpg",1,338,284,188,95,526,379
"Morganza_all/025256@29.5835730987389,-90.6887528312159.jpg",1,284,273,324,106,608,379
"Morganza_all/025257@29.5836798066197,-90.68938710189.jpg",2,174,259,467,141,641,400
"Morganza_all/025258@29.5835024696881,-90.6894390523952.jpg",3,173,259,246,131,419,390
"Morganza_all/025259@29.5834008434545,-90.6868321150017.jpg",1,3,265,495,127,498,392
"Morganza_all/025260@29.5834467146649,-90.6871281233202.jpg",1,49,265,510,129,559,394
"Morganza_all/025261@29.5834699909835,-90.6873481093102.jpg",1,114,264,363,145,477,409
"Morganza_all/025262@29.5831444483097,-90.6873586720735.jpg",1,24,276,308,99,332,375
"Morganza_all/025264@29.5835161671252,-90.6877118527511.jpg",1,263,307,242,116,505,423
"Morganza_all/025266@29.5835563890073,-90.6883634764452.jpg",2,0,207,465,202,465,409
"Morganza_all/025267@29.5833040538842,-90.6882127335505.jpg",3,242,260,307,128,549,388
"Morganza_all/025268@29.5829792751031,-90.6883841504556.jpg",2,0,296,346,86,346,382
"Morganza_all/025269@29.5826687764256,-90.6884453913916.jpg",1,166,265,178,106,344,371
"Morganza_all/025272@29.5819810940765,-90.6885514068262.jpg",3,34,297,290,102,324,399
"Morganza_all/025273@29.581758889085,-90.6885105222857.jpg",3,74,277,300,121,374,398
"Morganza_all/025274@29.5553245603419,-90.6750487562772.jpg",3,224,259,360,158,584,417
"Morganza_all/025275@29.5554909863967,-90.6750758444028.jpg",1,299,287,321,103,620,390
"Morganza_all/025276@29.5556448886164,-90.6750677877787.jpg",3,288,266,233,128,521,394
"Morganza_all/025277@29.5557863573793,-90.6750316310865.jpg",1,259,290,268,92,527,382
"Morganza_all/025278@29.5559464546872,-90.675030579109.jpg",3,330,284,206,94,536,378
"Morganza_all/025280@29.556248374621,-90.6750638225603.jpg",1,329,279,260,112,589,391
"Morganza_all/025281@29.5563837898385,-90.6750488418519.jpg",1,265,281,242,92,507,373
"Morganza_all/025282@29.5565501883918,-90.6750759304448.jpg",1,330,276,293,106,623,382
"Morganza_all/025283@29.5553222246453,-90.6745839009035.jpg",1,224,280,410,124,634,404
"Morganza_all/025284@29.555451515518,-90.674576005366.jpg",1,66,268,381,123,447,391
"Morganza_all/025285@29.555611612823,-90.6745749526638.jpg",1,134,275,324,120,458,395
"Morganza_all/025286@29.5557964826761,-90.6745948733746.jpg",3,118,297,279,90,397,387
"Morganza_all/025289@29.5561647510403,-90.6743529691422.jpg",1,131,286,345,95,476,381
"Morganza_all/025290@29.5561453509397,-90.6741699462404.jpg",1,269,257,244,98,513,355
"Morganza_all/025291@29.5559478349062,-90.6740796864421.jpg",1,285,236,299,90,584,326
"Morganza_all/025292@29.5556405344543,-90.6742014493509.jpg",1,239,243,401,133,640,376
"Morganza_all/025293@29.555314081783,-90.6741895063152.jpg",1,220,291,317,105,537,396
"Morganza_all/025294@29.5553239562299,-90.6737034658453.jpg",2,236,286,405,126,641,412
"Morganza_all/025295@29.5554778858642,-90.6736954069454.jpg",1,259,300,308,90,567,390
"Morganza_all/025296@29.5556134152652,-90.6737086054412.jpg",3,186,286,225,104,411,390
"Morganza_all/025300@29.5561848182965,-90.6734442240464.jpg",1,201,280,290,88,491,368
"Morganza_all/025302@29.5559617760512,-90.6731780290617.jpg",1,191,238,198,91,389,329
"Morganza_all/025303@29.5557896432346,-90.6732355267895.jpg",3,147,259,356,107,503,366
"Morganza_all/025304@29.5556172345188,-90.6732437081742.jpg",1,221,254,269,124,490,378
"Morganza_all/025305@29.5554758290703,-90.6732868808767.jpg",3,58,238,425,148,483,386
"Morganza_all/025306@29.5553154560582,-90.6732386510904.jpg",1,164,288,477,127,641,415
"Morganza_all/025307@29.5553255398727,-90.6727948500815.jpg",2,83,276,558,132,641,408
"Morganza_all/025309@29.5556456199191,-90.6727645580372.jpg",1,58,295,330,86,388,381
"Morganza_all/025312@29.5561865422249,-90.6725637813882.jpg",1,139,286,289,88,428,374
"Morganza_all/025314@29.5559387527741,-90.6722766152944.jpg",1,261,233,246,87,507,320
"Morganza_all/025316@29.5556064955676,-90.6723351710237.jpg",1,225,268,282,119,507,387
"Morganza_all/025317@29.5554647352584,-90.6723079246708.jpg",1,144,264,321,107,465,371
"Morganza_all/025318@29.5553170009457,-90.6723229902282.jpg",2,95,262,546,153,641,415
"Morganza_all/025319@29.555327223725,-90.6719073383431.jpg",2,247,287,394,128,641,415
"Morganza_all/025320@29.5554932594727,-90.6718569557192.jpg",3,133,284,272,114,405,398
"Morganza_all/025321@29.5556410017913,-90.6718489348203.jpg",1,103,278,340,114,443,392
"Morganza_all/025322@29.5561029131438,-90.6718599759005.jpg",3,215,287,272,103,487,390
"Morganza_all/025323@29.5562384702269,-90.6718731718142.jpg",1,212,309,262,100,474,409
"Morganza_all/025324@29.556236336594,-90.6714505522167.jpg",3,96,236,392,128,488,364
"Morganza_all/025325@29.5560945843435,-90.6714303838002.jpg",1,114,244,354,132,468,376
"Morganza_all/025326@29.5559345580672,-90.671445500503.jpg",1,90,251,405,111,495,362
"Morganza_all/025327@29.5557990721013,-90.6714463956113.jpg",3,157,236,265,124,422,360
"Morganza_all/025328@29.555645063523,-90.6714333536901.jpg",3,178,237,293,133,471,370
"Morganza_all/025329@29.5554912325279,-90.6714554748056.jpg",1,214,253,389,128,603,381
"Morganza_all/025330@29.555318788343,-90.6714566140612.jpg",1,196,295,336,101,532,396
"Morganza_all/025331@29.5553285458363,-90.6709494377941.jpg",2,239,279,392,134,631,413
"Morganza_all/025332@29.5556363416589,-90.6709262664978.jpg",1,29,280,344,113,373,393
"Morganza_all/025333@29.5557967236276,-90.6709815381201.jpg",1,125,300,263,84,388,384
"Morganza_all/025334@29.5559508311161,-90.6710087010609.jpg",1,135,323,189,86,324,409
"Morganza_all/025335@29.5561832783729,-90.670697258289.jpg",3,214,270,315,87,529,357
"Morganza_all/025337@29.5559478755084,-90.6704241057271.jpg",1,311,229,240,92,551,321
"Morganza_all/025338@29.5553695984019,-90.6705406271377.jpg",1,221,254,420,129,641,383
"Morganza_all/025339@29.555514810809,-90.670032553691.jpg",1,41,280,335,114,376,394
"Morganza_all/025340@29.5557613220293,-90.6700661173216.jpg",1,181,283,235,102,416,385
"Morganza_all/025343@29.5561664690729,-90.6698098927563.jpg",1,123,279,387,101,510,380
"Morganza_all/025344@29.5560854299266,-90.6696202335794.jpg",1,290,258,210,86,500,344
"Morganza_all/025345@29.555789811031,-90.6696151465789.jpg",1,194,261,328,114,522,375
"Morganza_all/025346@29.5556421045273,-90.6696302159738.jpg",1,219,243,415,119,634,362
"Morganza_all/025347@29.5553342732573,-90.6696463460849.jpg",1,262,290,347,114,609,404
"Morganza_all/025348@29.5553010484833,-90.669167604631.jpg",2,146,279,495,140,641,419
"Morganza_all/025349@29.5554487825926,-90.6691525658747.jpg",1,88,273,290,107,378,380
"Morganza_all/025352@29.556083324889,-90.6692046913482.jpg",1,194,314,200,83,394,397
"Morganza_all/025353@29.5562173115572,-90.6689079878903.jpg",1,136,268,385,97,521,365
"Morganza_all/025354@29.5561361914227,-90.668697193491.jpg",1,272,250,209,87,481,337
"Morganza_all/025356@29.5557666837246,-90.6686926308523.jpg",1,187,256,303,122,490,378
"Morganza_all/025357@29.5556315191548,-90.6687569049302.jpg",1,289,248,334,123,623,371
"Morganza_all/025358@29.5554652621946,-90.6687580077898.jpg",3,150,248,354,139,504,387
"Morganza_all/025359@29.5553236522683,-90.6687659925556.jpg",1,216,255,412,146,628,401
"Morganza_all/025360@29.55538866616,-90.6682302674811.jpg",1,277,281,326,115,603,396
"Morganza_all/025361@29.5555425954575,-90.6682222001667.jpg",1,192,281,285,116,477,397
"Morganza_all/025362@29.5557704136787,-90.6682136422863.jpg",1,228,278,277,115,505,393
"Morganza_all/025363@29.5559182272814,-90.6682197064103.jpg",1,208,279,285,114,493,393
"Morganza_all/025364@29.5560783602873,-90.668225688766.jpg",1,167,272,310,110,477,382
"Morganza_all/025365@29.556250804442,-90.6682245439405.jpg",1,221,288,236,110,457,398
"Morganza_all/025366@29.5563987608922,-90.6682587576284.jpg",1,180,276,214,114,394,390
"Morganza_all/025367@29.5565402636874,-90.668229667754.jpg",1,72,276,346,136,418,412
"Morganza_all/025368@29.5565297308213,-90.6685818863265.jpg",1,172,289,332,119,504,408
"Morganza_all/025369@29.5565305524448,-90.6687438956722.jpg",1,221,281,259,128,480,409
"Morganza_all/025370@29.556531730856,-90.6689763260913.jpg",1,172,279,312,136,484,415
"Morganza_all/025371@29.5565201968833,-90.6691313718661.jpg",1,192,295,307,117,499,412
"Morganza_all/025372@29.5565397109429,-90.6693354987839.jpg",1,148,285,285,127,433,412
"Morganza_all/025373@29.5565407455778,-90.6695397482185.jpg",1,206,284,359,134,565,418
"Morganza_all/025374@29.5565048573517,-90.6697512877075.jpg",1,153,288,278,104,431,392
"Morganza_all/025375@29.5565486884572,-90.6698918757346.jpg",2,217,286,424,132,641,418
"Morganza_all/025376@29.5565253329745,-90.670145605072.jpg",1,212,289,277,126,489,415
"Morganza_all/025377@29.556513975663,-90.670335845508.jpg",3,163,279,327,113,490,392
"Morganza_all/025378@29.5565149731099,-90.6705330496488.jpg",1,118,277,404,132,522,409
"Morganza_all/025379@29.556522272434,-90.6707583940634.jpg",1,168,267,382,125,550,392
"Morganza_all/025380@29.5565230913671,-90.6709204034148.jpg",1,221,285,272,114,493,399
"Morganza_all/025381@29.5565365141315,-90.6711386619087.jpg",1,160,279,246,100,406,379
"Morganza_all/025382@29.5565375103704,-90.6713358661019.jpg",1,145,273,305,131,450,404
"Morganza_all/025383@29.5565201695026,-90.6715613733783.jpg",1,122,268,407,139,529,407
"Morganza_all/025384@29.5565398220261,-90.6717936817847.jpg",1,222,260,275,141,497,401
"Morganza_all/025385@29.5565225514683,-90.6720332794926.jpg",1,119,257,448,134,567,391
"Morganza_all/025386@29.5565234399043,-90.6722093793606.jpg",1,147,287,240,96,387,383
"Morganza_all/025387@29.5565184169399,-90.6724348051852.jpg",1,200,273,302,126,502,399
"Morganza_all/025388@29.5565377837875,-90.6726107517266.jpg",1,80,268,388,133,468,401
"Morganza_all/025389@29.5565388133182,-90.672815001191.jpg",1,142,261,365,141,507,402
"Morganza_all/025390@29.5565027779806,-90.6729983899478.jpg",1,118,271,318,113,436,384
"Morganza_all/025391@29.5565159488809,-90.673167331907.jpg",1,172,273,322,125,494,398
"Morganza_all/025392@29.5565232436757,-90.6733926765156.jpg",1,153,266,360,125,513,391
"Morganza_all/025393@29.5565180060475,-90.6735758622145.jpg",1,112,266,351,125,463,391
"Morganza_all/025394@29.5565188922526,-90.6737519306362.jpg",1,100,265,339,142,439,407
"Morganza_all/025395@29.5565138311907,-90.6739703111205.jpg",1,144,272,298,118,442,390
"Morganza_all/025396@29.5565209475969,-90.6741604609678.jpg",1,152,274,315,134,467,408
"Morganza_all/025397@29.5565033184804,-90.6743296057002.jpg",1,177,283,297,105,474,388
"Morganza_all/025398@29.5565227890296,-90.6745266883422.jpg",1,145,273,336,119,481,392
"Morganza_all/025399@29.5565299400327,-90.6747238835003.jpg",1,202,270,335,132,537,402
"Morganza_all/025401@29.5568758271942,-90.6749258665591.jpg",3,164,253,367,124,531,377
"Morganza_all/025402@29.5568995458209,-90.6747425587982.jpg",1,188,258,313,121,501,379
"Morganza_all/025403@29.5568799339395,-90.6745172942581.jpg",3,227,232,231,158,458,390
"Morganza_all/025404@29.5568974924492,-90.674334058363.jpg",1,141,260,320,124,461,384
"Morganza_all/025405@29.5568903410178,-90.6741368939614.jpg",1,156,260,292,138,448,398
"Morganza_all/025406@29.5568875412277,-90.6735804741692.jpg",1,189,249,343,137,532,386
"Morganza_all/025407@29.5568803885043,-90.6733832783888.jpg",1,233,246,310,161,543,407
"Morganza_all/025408@29.5568671114256,-90.6731931999546.jpg",1,122,259,394,136,516,395
"Morganza_all/025409@29.5568907922912,-90.6730028779726.jpg",1,126,261,323,112,449,373
"Morganza_all/025410@29.5568899049213,-90.6728267774519.jpg",1,185,266,391,113,576,379
"Morganza_all/025411@29.5568705383638,-90.6726508302504.jpg",1,200,279,288,111,488,390
"Morganza_all/025412@29.5568756327539,-90.6724394941997.jpg",1,162,288,275,96,437,384
"Morganza_all/025413@29.5568736786895,-90.6720520982895.jpg",1,36,256,357,145,393,401
"Morganza_all/025414@29.5568727546437,-90.671868983982.jpg",1,161,287,349,108,510,395
"Morganza_all/025415@29.5568775632113,-90.6716012856663.jpg",1,203,287,326,103,529,390
"Morganza_all/025416@29.5568828338199,-90.6714251759367.jpg",1,194,284,332,95,526,379
"Morganza_all/025417@29.5568941650549,-90.6712349036534.jpg",1,112,289,340,104,452,393
"Morganza_all/025418@29.5568985451892,-90.6708826933566.jpg",1,232,279,369,116,601,395
"Morganza_all/025419@29.5568790254166,-90.6706715199472.jpg",1,211,281,257,116,468,397
"Morganza_all/025420@29.5568533893678,-90.6704744781089.jpg",1,132,246,350,143,482,389
"Morganza_all/025421@29.5568709777082,-90.6702982553784.jpg",1,46,272,293,123,339,395
"Morganza_all/025422@29.5568700155601,-90.6701080958156.jpg",3,47,266,296,114,343,380
"Morganza_all/025423@29.5568630715811,-90.6699531719734.jpg",1,153,277,309,112,462,389
"Morganza_all/025424@29.5568928086034,-90.6697487180607.jpg",1,113,270,314,124,427,394
"Morganza_all/025425@29.5568732513209,-90.6695304996078.jpg",1,128,262,393,129,521,391
"Morganza_all/025426@29.5568784834542,-90.6693473445.jpg",1,210,265,308,132,518,397
"Morganza_all/025427@29.5568774840638,-90.6691501082033.jpg",1,144,236,359,158,503,394
"Morganza_all/025428@29.5568826167394,-90.6689528626964.jpg",1,73,265,336,130,409,395
"Morganza_all/025429@29.5568695749138,-90.6688050248665.jpg",1,158,279,333,122,491,401
"Morganza_all/025430@29.5569055413123,-90.6686146202862.jpg",1,164,286,324,112,488,398
"Morganza_all/025431@29.5568981668127,-90.6683751846102.jpg",1,70,283,302,108,372,391
"Morganza_all/025432@29.5568911136827,-90.6681991564648.jpg",3,97,280,544,111,641,391
"Morganza_all/025433@29.5572730124624,-90.6682177576054.jpg",1,87,265,360,112,447,377
"Morganza_all/025434@29.5572677021733,-90.6683797773994.jpg",1,231,251,284,147,515,398
"Morganza_all/025435@29.5572871899046,-90.6685839058762.jpg",1,256,246,376,145,632,391
"Morganza_all/025436@29.5572943498489,-90.6687811021144.jpg",1,170,266,384,127,554,393
"Morganza_all/025437@29.5572950996368,-90.6689289906341.jpg",3,229,242,412,153,641,395
"Morganza_all/025438@29.5572847792226,-90.6693235150712.jpg",1,222,243,332,136,554,379
"Morganza_all/025439@29.5572857425089,-90.6695136754137.jpg",1,186,271,357,119,543,390
"Morganza_all/025440@29.5572990607567,-90.6697108309133.jpg",1,181,243,411,146,592,389
"Morganza_all/025441@29.5573247336158,-90.6699149187411.jpg",1,78,248,320,162,398,410
"Morganza_all/025442@29.5573010215822,-90.6700981969704.jpg",1,74,256,314,159,388,415
"Morganza_all/025443@29.5573020193867,-90.6702954026581.jpg",1,64,268,385,139,449,407
"Morganza_all/025444@29.5573223865083,-90.6706685873458.jpg",1,29,274,315,137,344,411
"Morganza_all/025445@29.5572924426523,-90.6708378469639.jpg",1,14,218,468,159,482,377
"Morganza_all/025446@29.5576989086408,-90.6708422046396.jpg",1,41,248,550,143,591,391
"Morganza_all/025452@29.5832906546039,-90.6900076325439.jpg",1,208,289,164,93,372,382
"Morganza_all/025453@29.5833525586234,-90.6905575588836.jpg",2,283,281,358,90,641,371
"Morganza_all/025454@29.5838039495287,-90.6905546620031.jpg",2,2,257,621,172,623,429
"Morganza_all/025455@29.5838102256661,-90.6903260216723.jpg",1,277,299,152,99,429,398
"Morganza_all/025456@29.5837415469461,-90.6899031469203.jpg",1,162,274,428,129,590,403
"Morganza_all/025457@29.589409895862,-90.6753105433487.jpg",3,43,258,547,115,590,373
"Morganza_all/025458@29.5895915615622,-90.6759032538052.jpg",3,3,254,542,141,545,395
"Morganza_all/025460@29.5892963861862,-90.6764309126364.jpg",2,122,198,519,181,641,379
"Morganza_all/025461@29.5890027284226,-90.6755663404981.jpg",1,106,267,492,91,598,358
"Morganza_all/025463@29.5883838072506,-90.6760182506805.jpg",3,55,277,455,95,510,372
"Morganza_all/025464@29.5887605925108,-90.6764928540699.jpg",1,68,273,573,89,641,362
"Morganza_all/025465@29.5889070671657,-90.6768521159648.jpg",1,132,218,329,180,461,398
"Morganza_all/025466@29.5885677610938,-90.6770685410115.jpg",3,93,298,533,101,626,399
"Morganza_all/025467@29.5881946823633,-90.6773338590884.jpg",1,119,300,408,97,527,397
"Morganza_all/025468@29.5878724944188,-90.6775696129476.jpg",3,143,301,486,94,629,395
"Morganza_all/025469@29.5876917134703,-90.6771521519639.jpg",2,190,271,451,113,641,384
"Morganza_all/025470@29.5880309923468,-90.6769357607356.jpg",2,214,278,427,115,641,393
"Morganza_all/025472@29.5874500736914,-90.6764819734468.jpg",3,67,246,225,114,292,360
"Morganza_all/025473@29.5871624944563,-90.6768246003809.jpg",3,102,208,331,153,433,361
"Morganza_all/025474@29.5868359715012,-90.6778976954976.jpg",3,9,275,632,93,641,368
"Morganza_all/025475@29.5863059751073,-90.6774143774676.jpg",3,159,212,357,159,516,371
"Morganza_all/025476@29.5859836897583,-90.6776306835499.jpg",1,34,270,450,87,484,357
"Morganza_all/025477@29.5852615881635,-90.6778690484756.jpg",1,80,281,325,86,405,367
"Morganza_all/025479@29.5865334580435,-90.6786590537265.jpg",3,178,299,293,108,471,407
"Morganza_all/025482@29.5868718199865,-90.6799614381846.jpg",6,266,271,92,91,358,362
"Morganza_all/025484@29.5864671644872,-90.6807234559364.jpg",3,127,289,400,99,527,388
"Morganza_all/025485@29.5863979629757,-90.6804999886893.jpg",1,197,272,276,117,473,389
"Morganza_all/025486@29.5862946968031,-90.6802670219835.jpg",1,65,257,307,125,372,382
"Morganza_all/025490@29.5878169958941,-90.680091569321.jpg",1,165,258,315,96,480,354
"Morganza_all/025494@29.586059259818,-90.6808332116217.jpg",1,101,254,417,97,518,351
"Morganza_all/025495@29.5858870349145,-90.6804254499012.jpg",1,167,215,335,167,502,382
"Morganza_all/025496@29.585800811218,-90.6802020951561.jpg",1,128,255,341,144,469,399
"Morganza_all/025497@29.5857233542761,-90.6800273556681.jpg",1,232,187,293,164,525,351
"Morganza_all/025498@29.5855162369272,-90.6794445487226.jpg",1,268,276,347,124,615,400
"Morganza_all/025499@29.5854090070575,-90.6801267499522.jpg",1,200,292,285,122,485,414
"Morganza_all/025500@29.5855037279721,-90.6803500483602.jpg",1,130,261,281,124,411,385
"Morganza_all/025502@29.5854829577475,-90.6813042734613.jpg",3,164,257,269,110,433,367
"Morganza_all/025503@29.5851517540622,-90.6814427232256.jpg",2,0,272,449,126,449,398
"Morganza_all/025504@29.584931205038,-90.6815804834639.jpg",1,103,291,451,102,554,393
"Morganza_all/025506@29.58397847385,-90.6816450760599.jpg",1,39,240,375,142,414,382
"Morganza_all/025507@29.583645216112,-90.681364908312.jpg",3,161,182,333,227,494,409
"Morganza_all/025508@29.5834596025186,-90.6816874015217.jpg",1,70,290,560,102,630,392
"Morganza_all/025509@29.5836734450297,-90.6819099222751.jpg",1,127,280,339,107,466,387
"Morganza_all/025511@29.5840073301807,-90.6823166581828.jpg",3,219,276,277,103,496,379
"Morganza_all/025512@29.5836257644533,-90.6825917213266.jpg",1,105,298,419,100,524,398
"Morganza_all/025513@29.5832663613838,-90.682185151955.jpg",1,77,297,412,94,489,391
"Morganza_all/025514@29.5829412634127,-90.6818368175166.jpg",1,112,261,321,122,433,383
"Morganza_all/025515@29.5826929901486,-90.681536624473.jpg",1,134,221,299,161,433,382
"Morganza_all/025516@29.5824786143261,-90.6812070162202.jpg",1,28,266,455,121,483,387
"Morganza_all/025517@29.582230706227,-90.6809749685392.jpg",1,93,268,397,104,490,372
"Morganza_all/025519@29.5816149825447,-90.6803656794142.jpg",1,149,237,216,112,365,349
"Morganza_all/025520@29.5576416469301,-90.6704763081977.jpg",1,164,263,351,137,515,400
"Morganza_all/025521@29.557634525179,-90.6702861564851.jpg",1,98,265,308,139,406,404
"Morganza_all/025522@29.5576573463681,-90.6699268072985.jpg",1,138,279,251,119,389,398
"Morganza_all/025523@29.5576397940203,-90.6701100453556.jpg",1,148,282,237,119,385,401
"Morganza_all/025524@29.5576379044152,-90.6697367371967.jpg",1,212,284,309,111,521,395
"Morganza_all/025525@29.5576481548454,-90.669328152202.jpg",1,96,270,315,128,411,398
"Morganza_all/025526@29.5576534222401,-90.6691520095459.jpg",1,108,272,323,131,431,403
"Morganza_all/025527@29.5576525298555,-90.6689759391712.jpg",1,160,268,346,128,506,396
"Morganza_all/025528@29.5576516015119,-90.6687928234686.jpg",1,114,278,274,119,388,397
"Morganza_all/025529@29.557643405479,-90.6683913748513.jpg",1,139,278,316,115,455,393
"Morganza_all/025530@29.5576548672297,-90.6682222680432.jpg",1,179,254,308,104,487,358
"Morganza_all/025532@29.5817400118804,-90.6798391514184.jpg",2,0,201,386,168,386,369
"Morganza_all/025534@29.5825376811759,-90.6793958493603.jpg",3,19,281,385,103,404,384
"Morganza_all/025535@29.5827754925666,-90.6793066769527.jpg",2,2,230,429,158,431,388
"Morganza_all/025536@29.5830126999809,-90.6790909704106.jpg",1,26,274,531,110,557,384
"Morganza_all/025537@29.5832330521376,-90.67891429079.jpg",2,5,276,452,111,457,387
"Morganza_all/025539@29.5837759830498,-90.6785797356509.jpg",1,150,171,370,227,520,398
"Morganza_all/025540@29.5840054426209,-90.6785198112525.jpg",2,3,262,478,136,481,398
"Morganza_all/025541@29.584243058833,-90.6783916870668.jpg",3,15,261,491,148,506,409
"Morganza_all/025542@29.5844550102672,-90.678234533553.jpg",2,0,165,502,233,502,398
"Morganza_all/025543@29.5847348049386,-90.6780282639305.jpg",1,148,283,376,93,524,376
"Morganza_all/025544@29.5850063666504,-90.6778804405177.jpg",1,132,215,383,161,515,376
"Morganza_all/025545@29.5851794751042,-90.6784634636751.jpg",1,199,287,248,83,447,370
"Morganza_all/025546@29.5847131007985,-90.6787975238259.jpg",1,213,284,209,89,422,373
"Morganza_all/025548@29.5840605896919,-90.6793372348245.jpg",3,204,249,126,103,330,352
"Morganza_all/025549@29.5839342032544,-90.6795911691883.jpg",1,115,214,218,176,333,390
"Morganza_all/025550@29.5837533802163,-90.6791639996502.jpg",1,7,288,507,99,514,387
"Morganza_all/025551@29.5834929842103,-90.6798471885308.jpg",1,31,292,510,92,541,384
"Morganza_all/025552@29.5832614853437,-90.6794982183707.jpg",1,182,300,316,88,498,388
"Morganza_all/025554@29.5827863961682,-90.6797836535133.jpg",1,147,298,408,91,555,389
"Morganza_all/025555@29.5825847346782,-90.680300933731.jpg",1,187,281,397,100,584,381
"Morganza_all/025556@29.582826036889,-90.6809126987779.jpg",3,167,293,349,113,516,406
"Morganza_all/025557@29.5831172393308,-90.6812904781532.jpg",1,137,309,367,94,504,403
"Morganza_all/025558@29.5833093413169,-90.6805590698189.jpg",1,172,265,171,138,343,403
"Morganza_all/025559@29.5835152910937,-90.6809082090061.jpg",3,75,277,349,107,424,384
"Morganza_all/025560@29.583546620132,-90.6803628078741.jpg",1,146,283,473,106,619,389
"Morganza_all/025561@29.5838119872086,-90.6806823639384.jpg",1,31,253,422,130,453,383
"Morganza_all/025563@29.5838180390305,-90.6801857971028.jpg",1,236,289,372,95,608,384
"Morganza_all/025564@29.5840558025107,-90.6800869040809.jpg",1,223,301,195,95,418,396
"Morganza_all/025565@29.5841684663551,-90.6804950460002.jpg",1,52,291,376,116,428,407
"Morganza_all/025566@29.5843635442107,-90.6803672350935.jpg",1,95,244,299,153,394,397
"Morganza_all/025567@29.5844120868234,-90.6798606665681.jpg",1,106,281,522,109,628,390
"Morganza_all/025568@29.5845076812668,-90.6802591992797.jpg",1,20,265,299,130,319,395
"Morganza_all/025569@29.5847535051569,-90.6800726002716.jpg",1,26,271,368,134,394,405
"Morganza_all/025570@29.5847340570409,-90.6795859483581.jpg",2,192,295,449,112,641,407
"Morganza_all/025571@29.5849148093048,-90.6799936797942.jpg",1,119,204,319,189,438,393
"Morganza_all/025572@29.5850312154174,-90.6794477152894.jpg",2,163,297,478,101,641,398
"Morganza_all/025573@29.5851041267232,-90.6804208003912.jpg",2,54,235,587,173,641,408
"Morganza_all/025574@29.5852937126299,-90.6808966241602.jpg",1,22,283,449,125,471,408
"Morganza_all/025575@29.5851238624757,-90.6809658773731.jpg",3,150,295,451,103,601,398
"Morganza_all/025576@29.5845357693018,-90.6807749905115.jpg",1,156,267,371,115,527,382
"Morganza_all/025578@29.5841795803133,-90.681020699237.jpg",1,214,256,306,136,520,392
"Morganza_all/025579@29.5842756069044,-90.6815068503223.jpg",2,196,292,445,117,641,409
"Morganza_all/025581@29.5924491569643,-90.6824078079082.jpg",2,3,279,562,123,565,402
"Morganza_all/025586@29.5907567781281,-90.6791864048419.jpg",1,257,285,264,119,521,404
"Morganza_all/025587@29.5901203374303,-90.679541066434.jpg",1,335,283,271,95,606,378
"Morganza_all/025588@29.5904293142011,-90.6800745301977.jpg",3,253,293,189,105,442,398
"Morganza_all/025589@29.5905578846777,-90.6802586983799.jpg",1,120,294,377,81,497,375
"Morganza_all/025590@29.5907297222476,-90.6805885769942.jpg",3,175,271,390,100,565,371
"Morganza_all/025591@29.5908586520676,-90.6808506170425.jpg",3,233,287,239,88,472,375
"Morganza_all/025592@29.5910046305366,-90.6811125467338.jpg",3,159,270,457,112,616,382
"Morganza_all/025593@29.591176030396,-90.6813548355186.jpg",3,305,265,249,115,554,380
"Morganza_all/025594@29.5912795367295,-90.6816365193498.jpg",1,204,234,314,137,518,371
"Morganza_all/025596@29.591785642509,-90.6824510730539.jpg",1,161,284,421,81,582,365
"Morganza_all/025597@29.5913784129176,-90.6826971251784.jpg",1,141,301,368,93,509,394
"Morganza_all/025598@29.5912322926567,-90.6824059945935.jpg",1,31,284,355,97,386,381
"Morganza_all/025599@29.5909930288343,-90.682203065952.jpg",1,122,300,281,81,403,381
"Morganza_all/025600@29.590897730652,-90.6818629320566.jpg",3,137,290,392,88,529,378
"Morganza_all/025602@29.5905972097446,-90.6813196515138.jpg",3,92,289,418,82,510,371
"Morganza_all/025603@29.5904683502549,-90.6810770871335.jpg",1,73,290,321,107,394,397
"Morganza_all/025604@29.5903054744656,-90.6808347449968.jpg",3,15,290,226,108,241,398
"Morganza_all/025605@29.5901422314189,-90.6805242558519.jpg",1,101,300,389,112,490,412
"Morganza_all/025606@29.5900048249418,-90.680272027076.jpg",2,4,293,351,121,355,414
"Morganza_all/025607@29.5898064970696,-90.679747565089.jpg",2,0,273,331,169,331,442
"Morganza_all/025610@29.5891784823869,-90.680082688992.jpg",2,239,268,402,108,641,376
"Morganza_all/025611@29.5893839000084,-90.6803247498062.jpg",1,297,266,147,103,444,369
"Morganza_all/025613@29.5895741160055,-90.6809271355578.jpg",1,211,295,384,103,595,398
"Morganza_all/025615@29.5898658026057,-90.6814023168882.jpg",1,72,284,426,106,498,390
"Morganza_all/025618@29.5903633368328,-90.6822071599061.jpg",1,128,295,283,84,411,379
"Morganza_all/025619@29.5904753659246,-90.6824887869338.jpg",3,117,265,278,106,395,371
"Morganza_all/025620@29.5906552120869,-90.6827212996023.jpg",1,62,212,341,189,403,401
"Morganza_all/025625@29.5894592523778,-90.6817846635894.jpg",3,185,239,210,115,395,354
"Morganza_all/025630@29.5903855280448,-90.6832487782975.jpg",1,142,301,245,110,387,411
"Morganza_all/025631@29.5897567323366,-90.6834281114633.jpg",2,134,300,507,97,641,397
"Morganza_all/025633@29.5893719306304,-90.6830509086081.jpg",1,145,292,475,107,620,399
"Morganza_all/025638@29.5883387761932,-90.6806333891735.jpg",3,250,271,228,99,478,370
"Morganza_all/025639@29.5880004601634,-90.681044486365.jpg",1,284,233,306,113,590,346
"Morganza_all/025657@29.5857826716131,-90.6851187234393.jpg",6,297,280,93,96,390,376
"Morganza_all/025658@29.5862220704701,-90.6844927672423.jpg",6,280,279,119,95,399,374
"Morganza_all/025659@29.5863013994954,-90.6850471871381.jpg",6,302,289,92,87,394,376
"Morganza_all/025688@29.5888199328169,-90.6832784162565.jpg",1,80,275,309,92,389,367
"Morganza_all/025692@29.588177278687,-90.6823771454848.jpg",6,299,298,114,81,413,379
"Morganza_all/025693@29.589127860694,-90.6835977207115.jpg",2,67,274,574,119,641,393
"Morganza_all/025695@29.5895209443349,-90.6839261971399.jpg",1,10,287,431,95,441,382
"Morganza_all/025697@29.5899375897695,-90.6838650676907.jpg",3,19,248,552,190,571,438
"Morganza_all/025698@29.5902276748542,-90.6840189629719.jpg",2,0,265,367,164,367,429
"Morganza_all/025699@29.5901413401322,-90.6837663979842.jpg",1,218,274,360,146,578,420
"Morganza_all/025700@29.590345207599,-90.6836969254041.jpg",1,250,274,266,136,516,410
"Morganza_all/025701@29.5904743997768,-90.68400764107.jpg",3,4,250,382,162,386,412
"Morganza_all/025702@29.5905064172343,-90.6835984994764.jpg",1,255,237,350,170,605,407
"Morganza_all/025703@29.5906338938621,-90.6835684740863.jpg",3,243,225,310,214,553,439
"Morganza_all/025704@29.5907869167468,-90.6835382828702.jpg",1,195,245,306,186,501,431
"Morganza_all/025705@29.5907971021985,-90.6838789698957.jpg",1,98,262,187,157,285,419
"Morganza_all/025706@29.5910411732972,-90.6833321493638.jpg",3,343,268,298,138,641,406
"Morganza_all/025707@29.5911026174754,-90.6837114885121.jpg",3,7,270,317,137,324,407
"Morganza_all/025708@29.5912557850663,-90.6837104949883.jpg",1,167,288,197,99,364,387
"Morganza_all/025709@29.5912535651164,-90.6832626199426.jpg",4,287,287,89,83,376,370
"Morganza_all/025710@29.5915024616263,-90.6836894186725.jpg",1,46,273,309,125,355,398
"Morganza_all/025711@29.5916445466693,-90.6831724546059.jpg",2,230,279,411,144,641,423
"Morganza_all/025712@29.5913978494813,-90.6831838099821.jpg",1,217,259,405,154,622,413
"Morganza_all/025715@29.5922342562129,-90.6836846716687.jpg",2,2,221,416,210,418,431
"Morganza_all/025716@29.5923955348491,-90.6836057198291.jpg",1,9,239,404,184,413,423
"Morganza_all/025717@29.5925653863654,-90.683536466065.jpg",1,136,300,157,115,293,415
"Morganza_all/025718@29.5931690977886,-90.6834449201524.jpg",2,1,293,217,109,218,402
"Morganza_all/025721@29.5937220612568,-90.6834121325134.jpg",2,2,235,346,230,348,465
"Morganza_all/025722@29.5938089273178,-90.683771808829.jpg",3,217,275,233,120,450,395
"Morganza_all/025723@29.5935624437295,-90.6838318374533.jpg",4,274,265,111,100,385,365
"Morganza_all/025724@29.5932736607671,-90.6839408158111.jpg",1,293,259,212,131,505,390
"Morganza_all/025725@29.593145991135,-90.6839318896542.jpg",1,142,286,376,95,518,381
"Morganza_all/025726@29.5929588766638,-90.6839525795051.jpg",1,269,268,244,111,513,379
"Morganza_all/025727@29.5928058055405,-90.6839730485417.jpg",1,335,298,144,106,479,404
"Morganza_all/025728@29.5926272156484,-90.6839936829738.jpg",2,398,285,243,114,641,399
"Morganza_all/025729@29.5924316040759,-90.6840144276936.jpg",1,344,320,158,87,502,407
"Morganza_all/025731@29.5913346835592,-90.6841773177506.jpg",3,288,273,299,131,587,404
"Morganza_all/025732@29.5910031670142,-90.6842476173507.jpg",1,326,257,223,152,549,409
"Morganza_all/025733@29.5905099374584,-90.6843092106976.jpg",3,351,254,272,164,623,418
"Morganza_all/025735@29.5911513748112,-90.6849671177338.jpg",3,247,278,280,90,527,368
"Morganza_all/025738@29.5920529253606,-90.6848736532532.jpg",1,42,270,352,118,394,388
"Morganza_all/025739@29.5922230183048,-90.6848530755287.jpg",1,81,246,254,145,335,391
"Morganza_all/025740@29.5923847793176,-90.6848715045045.jpg",1,94,248,303,198,397,446
"Morganza_all/025741@29.5923830452673,-90.6845210033057.jpg",2,348,263,293,177,641,440
"Morganza_all/025742@29.5929034107912,-90.6847805177845.jpg",1,172,262,244,145,416,407
"Morganza_all/025743@29.593209216131,-90.6846714320007.jpg",3,142,239,279,164,421,403
"Morganza_all/025744@29.5934050687725,-90.6846993940931.jpg",1,139,252,444,160,583,412
"Morganza_all/025745@29.593718841133,-90.6844831499603.jpg",3,247,246,257,167,504,413
"Morganza_all/025747@29.5941762713207,-90.6840615146406.jpg",1,296,239,186,131,482,370
"Morganza_all/025750@29.5945956159545,-90.6845456225181.jpg",2,1,226,335,194,336,420
"Morganza_all/025751@29.5946143716149,-90.6848960212473.jpg",1,197,281,307,103,504,384
"Morganza_all/025752@29.5939253856933,-90.684949158373.jpg",3,172,277,313,125,485,402
"Morganza_all/025753@29.5936029436272,-90.6851362583625.jpg",3,283,290,151,100,434,390
"Morganza_all/025755@29.5930926920117,-90.6851979590926.jpg",2,273,222,368,196,641,418
"Morganza_all/025756@29.5929306629139,-90.6851308556401.jpg",1,178,253,226,173,404,426
"Morganza_all/025757@29.5924377217949,-90.6852508732096.jpg",3,237,283,196,140,433,423
"Morganza_all/025758@29.5922929069548,-90.6852226114832.jpg",1,186,274,200,141,386,415
"Morganza_all/025759@29.5921488413878,-90.685340370512.jpg",1,274,299,119,97,393,396
"Morganza_all/025760@29.5919870805953,-90.6853219722856.jpg",1,281,292,194,110,475,402
"Morganza_all/025761@29.5916384935615,-90.6853826251289.jpg",1,284,273,224,131,508,404
"Morganza_all/025763@29.5912817188165,-90.6855115129279.jpg",1,299,301,169,100,468,401
"Morganza_all/025766@29.5913445985369,-90.6861828936921.jpg",1,39,234,500,201,539,435
"Morganza_all/025767@29.5915402586034,-90.6861719069755.jpg",1,64,276,245,122,309,398
"Morganza_all/025768@29.5917359666578,-90.6861706423145.jpg",3,49,277,412,124,461,401
"Morganza_all/025769@29.5920421095957,-90.6861297113339.jpg",1,34,272,319,121,353,393
"Morganza_all/025770@29.5922206998267,-90.6861090808313.jpg",1,1,281,373,135,374,416
"Morganza_all/025771@29.5925603093026,-90.6859511059811.jpg",1,143,284,245,90,388,374
"Morganza_all/025772@29.5927052408046,-90.6860085985186.jpg",3,64,273,268,117,332,390
"Morganza_all/025773@29.5930451866963,-90.6859187725321.jpg",1,95,283,201,101,296,384
"Morganza_all/025774@29.5932068993931,-90.6859274496757.jpg",5,247,300,84,81,331,381
"Morganza_all/025776@29.5936828949586,-90.685817266682.jpg",1,90,233,226,175,316,408
"Morganza_all/025777@29.5938530842318,-90.6858161662967.jpg",2,2,242,232,182,234,424
"Morganza_all/025778@29.5940317705933,-90.6858150109682.jpg",4,211,245,128,108,339,353
"Morganza_all/025779@29.5949754774456,-90.6856434026421.jpg",2,1,276,255,122,256,398
"Morganza_all/025782@29.5943993023617,-90.686143677275.jpg",4,230,321,135,85,365,406
"Morganza_all/025783@29.5942720380621,-90.6862224068091.jpg",1,247,301,205,114,452,415
"Morganza_all/025784@29.5940763780061,-90.6862333937267.jpg",1,321,279,293,133,614,412
"Morganza_all/025785@29.5936092429694,-90.6864116704578.jpg",1,269,281,154,89,423,370
"Morganza_all/025786@29.5934214555249,-90.6862960553177.jpg",1,194,266,417,134,611,400
"Morganza_all/025787@29.5932515339467,-90.6863458288607.jpg",3,303,281,332,99,635,380
"Morganza_all/025788@29.5930812005784,-90.6863177301881.jpg",2,291,268,350,163,641,431
"Morganza_all/025790@29.5925796858165,-90.6864280749792.jpg",2,365,273,276,130,641,403
"Morganza_all/025791@29.5919596229739,-90.6866560107699.jpg",1,190,237,417,172,607,409
"Morganza_all/025792@29.5922267019856,-90.6873260795777.jpg",1,192,308,345,112,537,420
"Morganza_all/025793@29.5925495791946,-90.6872266461282.jpg",1,219,295,247,107,466,402
"Morganza_all/025794@29.5926942016492,-90.6872159591298.jpg",3,196,269,188,134,384,403
"Morganza_all/025795@29.592838892738,-90.687224779617.jpg",1,311,281,169,117,480,398
"Morganza_all/025796@29.5930086980918,-90.6871457779982.jpg",1,211,253,219,136,430,389
"Morganza_all/025797@29.5933489052568,-90.6871143837011.jpg",1,128,302,280,94,408,396
"Morganza_all/025798@29.5935105493774,-90.6871035866181.jpg",5,255,316,98,107,353,423
"Morganza_all/025799@29.5937145626774,-90.6870633482947.jpg",3,134,279,248,130,382,409
"Morganza_all/025800@29.5938507086045,-90.6870624697161.jpg",1,142,279,184,134,326,413
"Morganza_all/025801@29.5939863265535,-90.6869544883245.jpg",1,161,282,188,100,349,382
"Morganza_all/025802@29.59425818637,-90.6868651039147.jpg",3,275,298,307,104,582,402
"Morganza_all/025803@29.59451372403,-90.6869121306787.jpg",1,77,307,330,98,407,405
"Morganza_all/025804@29.5946753887203,-90.6869110871693.jpg",1,128,274,291,162,419,436
"Morganza_all/025805@29.5948963274451,-90.6868512303679.jpg",1,11,270,552,132,563,402
"Morganza_all/025806@29.5953044566478,-90.6867804420415.jpg",1,42,241,339,139,381,380
"Morganza_all/025807@29.5955506260594,-90.6866620220644.jpg",1,86,273,303,94,389,367
"Morganza_all/025808@29.5958144208046,-90.6866603186502.jpg",1,29,265,378,113,407,378
"Morganza_all/025809@29.5956636533791,-90.687148123926.jpg",1,372,288,154,108,526,396
"Morganza_all/025810@29.5954594207484,-90.687149441731.jpg",1,198,268,202,114,400,382
"Morganza_all/025811@29.5950938388786,-90.687210231424.jpg",1,245,287,300,103,545,390
"Morganza_all/025813@29.5940564765971,-90.6873727066238.jpg",1,291,239,296,157,587,396
"Morganza_all/025814@29.5937334554535,-90.6874429427556.jpg",1,274,222,304,204,578,426
"Morganza_all/025815@29.5934446214485,-90.6875421571579.jpg",1,170,243,210,156,380,399
"Morganza_all/025816@29.5932659831113,-90.6875530631093.jpg",1,126,234,233,161,359,395
"Morganza_all/025820@29.5926372294381,-90.6877420965949.jpg",1,123,253,188,131,311,384
"Morganza_all/025821@29.5924327571008,-90.6876947393875.jpg",1,37,185,480,221,517,406
"Morganza_all/025822@29.5921354738283,-90.6878037601469.jpg",1,133,228,213,122,346,350
"Morganza_all/025823@29.5927079242995,-90.6882771336323.jpg",1,182,259,321,86,503,345
"Morganza_all/025824@29.5920547246586,-90.6886902811118.jpg",2,2,280,639,99,641,379
"Morganza_all/025825@29.5927616707439,-90.688822034457.jpg",3,211,271,283,99,494,370
"Morganza_all/025826@29.5930682930432,-90.6888784593075.jpg",1,120,271,160,82,280,353
"Morganza_all/025831@29.5939700103209,-90.6888239806198.jpg",1,236,257,145,127,381,384
"Morganza_all/025833@29.5950834315383,-90.6885539236054.jpg",3,186,246,151,102,337,348
"Morganza_all/025834@29.5953985033689,-90.688600603249.jpg",1,168,274,160,96,328,370
"Morganza_all/025835@29.5956881040625,-90.6886571384828.jpg",1,86,211,253,167,339,378
"Morganza_all/025836@29.5960538098683,-90.6886158300361.jpg",1,171,233,278,160,449,393
"Morganza_all/025837@29.5960173717932,-90.6881292312175.jpg",6,274,288,101,88,375,376
"Morganza_all/025838@29.5957118989009,-90.688306461293.jpg",1,324,236,274,139,598,375
"Morganza_all/025840@29.5961428639584,-90.687690297259.jpg",1,272,250,213,92,485,342
"Morganza_all/025841@29.5960392950936,-90.6873988396881.jpg",1,266,246,277,92,543,338
"Morganza_all/025850@29.5965298906839,-90.690258290454.jpg",1,258,271,182,125,440,396
"Morganza_all/025853@29.5960740149854,-90.6910011911002.jpg",1,9,285,526,144,535,429
"Morganza_all/025854@29.5960051924897,-90.6908458471383.jpg",1,282,223,203,153,485,376
"Morganza_all/025855@29.5959106804196,-90.6906614683413.jpg",3,220,271,402,109,622,380
"Morganza_all/025857@29.5958918446472,-90.6902915875247.jpg",1,302,268,299,151,601,419
"Morganza_all/025858@29.5958473934828,-90.689902394337.jpg",1,95,278,417,134,512,412
"Morganza_all/025859@29.5957868757176,-90.6897080754365.jpg",3,196,272,289,146,485,418
"Morganza_all/025860@29.5957858717417,-90.6895035884316.jpg",1,217,277,238,141,455,418
"Morganza_all/025862@29.5957662673656,-90.6889779596484.jpg",2,10,227,554,183,564,410
"Morganza_all/025864@29.595533898834,-90.690177055294.jpg",1,99,285,328,127,427,412
"Morganza_all/025865@29.5954628496266,-90.6895738503675.jpg",1,148,248,291,181,439,429
"Morganza_all/025866@29.5954535874128,-90.6894180938978.jpg",1,69,278,376,134,445,412
"Morganza_all/025867@29.5954524874553,-90.6891941626549.jpg",1,137,281,246,143,383,424
"Morganza_all/025868@29.5952474893842,-90.6890396969811.jpg",1,135,285,368,137,503,422
"Morganza_all/025869@29.5950183121585,-90.6891580329064.jpg",1,116,287,525,116,641,403
"Morganza_all/025871@29.5951172707096,-90.6902478845043.jpg",1,184,299,326,124,510,423
"Morganza_all/025872@29.5951607183223,-90.6904325892704.jpg",3,270,243,285,211,555,454
"Morganza_all/025873@29.595161625377,-90.6906175986773.jpg",1,244,284,287,156,531,440
"Morganza_all/025874@29.5952051201146,-90.6908120261232.jpg",1,237,301,182,126,419,427
"Morganza_all/025875@29.5952230483148,-90.6909969264382.jpg",2,351,283,290,170,641,453
"Morganza_all/025876@29.5948913373292,-90.6910282536358.jpg",1,141,259,446,164,587,423
"Morganza_all/025877@29.5948639100309,-90.6906389547714.jpg",1,108,271,370,122,478,393
"Morganza_all/025878@29.5948105533241,-90.6901719465806.jpg",2,0,253,201,151,201,404
"Morganza_all/025879@29.594636732188,-90.6894331002264.jpg",5,291,279,125,112,416,391
"Morganza_all/025880@29.5947205015146,-90.6891599485294.jpg",1,19,264,433,195,452,459
"Morganza_all/025881@29.5943972880538,-90.689191227001.jpg",1,201,259,280,179,481,438
"Morganza_all/025882@29.594321899857,-90.689435124466.jpg",1,243,251,216,150,459,401
"Morganza_all/025883@29.5943312371307,-90.6896005698887.jpg",1,210,266,208,141,418,407
"Morganza_all/025885@29.5943850938092,-90.6901746789694.jpg",1,223,263,342,146,565,409
"Morganza_all/025887@29.5944311666316,-90.6908948988717.jpg",1,87,254,387,176,474,430
"Morganza_all/025888@29.5945086566962,-90.6910793843279.jpg",1,189,257,229,149,418,406
"Morganza_all/025889@29.5946456134111,-90.6912440434308.jpg",1,40,284,384,125,424,409
"Morganza_all/025890@29.5944671176063,-90.6912841100081.jpg",1,175,293,377,144,552,437
"Morganza_all/025891@29.5942377952337,-90.6913732099157.jpg",1,228,274,413,203,641,477
"Morganza_all/025892@29.5941942059352,-90.6911593079612.jpg",1,56,260,392,165,448,425
"Morganza_all/025894@29.5940533353217,-90.6901962863029.jpg",1,172,275,257,164,429,439
"Morganza_all/025895@29.5940097441029,-90.6899823852546.jpg",1,297,290,204,138,501,428
"Morganza_all/025896@29.5939487482773,-90.6896906579379.jpg",1,38,287,358,116,396,403
"Morganza_all/025897@29.5939810704705,-90.6893399322669.jpg",3,10,256,566,183,576,439
"Morganza_all/025898@29.5935558501894,-90.6893913739422.jpg",4,228,309,128,100,356,409
"Morganza_all/025900@29.5936199517159,-90.6903158978536.jpg",1,203,226,309,214,512,440
"Morganza_all/025901@29.593654731636,-90.6904714877453.jpg",1,273,284,335,138,608,422
"Morganza_all/025902@29.5937690324042,-90.6912204328556.jpg",3,142,251,428,147,570,398
"Morganza_all/025903@29.5938549715019,-90.691395140572.jpg",2,0,320,436,95,436,415
"Morganza_all/025904@29.5934638413752,-90.691456077527.jpg",2,8,282,633,127,641,409
"Morganza_all/025905@29.5934629356576,-90.6912711027124.jpg",3,133,290,325,138,458,428
"Morganza_all/025906@29.593326074372,-90.6911259214911.jpg",1,245,305,105,82,350,387
"Morganza_all/025907@29.5933758993025,-90.6908724691683.jpg",1,95,279,396,130,491,409
"Morganza_all/025908@29.5933750404158,-90.6906972167813.jpg",1,25,257,350,148,375,405
"Morganza_all/025909@29.5933400901108,-90.6905124291896.jpg",1,23,262,328,160,351,422
"Morganza_all/025910@29.5932542453496,-90.6903571990883.jpg",2,3,281,514,170,517,451
"Morganza_all/025912@29.5932768024612,-90.6897534062268.jpg",2,0,298,353,121,353,419
"Morganza_all/025913@29.5932245423979,-90.6895103321686.jpg",2,197,303,444,127,641,430
"Morganza_all/025914@29.5929690809044,-90.6894730214234.jpg",1,137,303,301,95,438,398
"Morganza_all/025915@29.5928348946603,-90.6898730735378.jpg",1,188,240,342,233,530,473
"Morganza_all/025916@29.592964072192,-90.6901838048947.jpg",1,277,279,175,84,452,363
"Morganza_all/025917@29.5929753858639,-90.6907581794025.jpg",1,178,257,246,142,424,399
"Morganza_all/025918@29.5929850555271,-90.6909918041325.jpg",1,284,276,229,122,513,398
"Morganza_all/025919@29.5929860094108,-90.6911865317476.jpg",1,280,228,302,190,582,418
"Morganza_all/025920@29.593140035284,-90.6913608016159.jpg",2,54,286,587,128,641,414
"Morganza_all/025921@29.5931494379668,-90.691545721382.jpg",2,0,283,575,129,575,412
"Morganza_all/025922@29.5927986234801,-90.691584468277.jpg",1,109,276,389,137,498,413
"Morganza_all/025923@29.5927082436353,-90.691373291999.jpg",1,90,262,236,165,326,427
"Morganza_all/025924@29.5927074569195,-90.6912126398006.jpg",1,29,284,318,150,347,434
"Morganza_all/025925@29.5926810879749,-90.6910448519305.jpg",2,9,279,337,187,346,466
"Morganza_all/025926@29.5926674699319,-90.690869682611.jpg",2,2,270,390,186,392,456
"Morganza_all/025928@29.5925249499653,-90.6904397870604.jpg",1,199,306,118,89,317,395
"Morganza_all/025929@29.5925241979076,-90.690286434662.jpg",1,147,290,185,110,332,400
"Morganza_all/025930@29.5925231591745,-90.6900746862781.jpg",1,52,284,221,125,273,409
"Morganza_all/025931@29.5925031959653,-90.689906857852.jpg",1,21,288,412,103,433,391
"Morganza_all/025932@29.5924704373226,-90.6897318119952.jpg",1,139,275,237,119,376,394
"Morganza_all/025933@29.5923546157538,-90.6895427007654.jpg",1,222,221,419,188,641,409
"Morganza_all/025934@29.5920873749096,-90.6897050749406.jpg",1,189,223,202,167,391,390
"Morganza_all/025937@29.5921415928721,-90.6903473204067.jpg",4,148,281,264,123,412,404
"Morganza_all/025938@29.5921551758243,-90.6905151892636.jpg",4,8,265,409,138,417,403
"Morganza_all/025939@29.5921561780684,-90.6907196374021.jpg",4,171,254,271,160,442,414
"Morganza_all/025940@29.5922465232012,-90.6909235124474.jpg",4,284,241,326,164,610,405
"Morganza_all/025941@29.5922282427049,-90.6910988855969.jpg",4,162,279,362,115,524,394
"Morganza_all/025942@29.5923122075542,-90.69130280203.jpg",1,239,276,243,108,482,384
"Morganza_all/025943@29.5923576162785,-90.691455867888.jpg",1,283,288,216,94,499,382
"Morganza_all/025944@29.5923267185873,-90.6916605208294.jpg",1,184,256,381,191,565,447
"Morganza_all/025945@29.5919696399098,-90.6917285373514.jpg",2,1,276,509,159,510,435
"Morganza_all/025946@29.5919941855124,-90.691523925869.jpg",1,40,260,372,216,412,476
"Morganza_all/025947@29.5918965041689,-90.6911302116964.jpg",2,134,253,507,179,641,432
"Morganza_all/025948@29.5919486063993,-90.6913416628838.jpg",1,208,258,252,162,460,420
"Morganza_all/025949@29.5918891586375,-90.6909331044591.jpg",1,211,266,390,172,601,438
"Morganza_all/025951@29.5916858185388,-90.6898098824306.jpg",1,250,288,114,101,364,389
"Morganza_all/025952@29.5916085894363,-90.6896789218342.jpg",2,179,263,462,109,641,372
"Morganza_all/025954@29.5917491356723,-90.691007030809.jpg",1,269,268,315,133,584,401
"Morganza_all/025955@29.5917827151093,-90.6913500259805.jpg",3,172,240,385,170,557,410
"Morganza_all/025957@29.5915688678756,-90.6919939869807.jpg",2,0,255,312,134,312,389
"Morganza_all/025958@29.5915362191663,-90.6918408403558.jpg",1,37,281,351,107,388,388
"Morganza_all/025959@29.5914778096539,-90.6916440609657.jpg",1,46,287,363,103,409,390
"Morganza_all/025961@29.5914375651622,-90.6912426808173.jpg",3,163,275,212,135,375,410
"Morganza_all/025962@29.5914431581341,-90.6910820212087.jpg",2,0,275,278,134,278,409
"Morganza_all/025963@29.5913911629445,-90.6908925009353.jpg",1,18,272,335,122,353,394
"Morganza_all/025964@29.5913772583073,-90.6906589071084.jpg",1,145,279,324,131,469,410
"Morganza_all/025965@29.5913126820723,-90.6905059661341.jpg",1,50,287,310,105,360,392
"Morganza_all/025967@29.5913035444468,-90.6899437637578.jpg",1,15,273,370,137,385,410
"Morganza_all/025968@29.5912516192738,-90.6897688431508.jpg",1,184,279,262,98,446,377
"Morganza_all/025969@29.5910601734773,-90.6897700733848.jpg",1,239,254,236,136,475,390
"Morganza_all/025970@29.5909331698061,-90.6899023454659.jpg",1,68,254,453,90,521,344
"Morganza_all/025971@29.5905631808824,-90.6899339208588.jpg",3,191,243,356,187,547,430
"Morganza_all/025972@29.5901800468443,-90.6898925848851.jpg",1,84,240,392,152,476,392
"Morganza_all/025973@29.5901814799332,-90.6901846523814.jpg",2,243,230,398,148,641,378
"Morganza_all/025984@29.5908163879023,-90.6921156308171.jpg",2,1,286,312,123,313,409
"Morganza_all/025994@29.5897023722339,-90.6900928038441.jpg",1,238,276,160,81,398,357
"Morganza_all/025997@29.589293790937,-90.6900661985908.jpg",3,163,239,337,162,500,401
"Morganza_all/025998@29.5891024885351,-90.6900966566913.jpg",1,170,254,252,119,422,373
"Morganza_all/026000@29.5887026864708,-90.6905592471185.jpg",3,286,262,327,134,613,396
"Morganza_all/026001@29.588863522338,-90.690821089881.jpg",3,310,293,122,95,432,388
"Morganza_all/026002@29.5888456078392,-90.69107674884.jpg",2,158,260,483,127,641,387
"Morganza_all/026003@29.588935916832,-90.6912733496932.jpg",1,219,276,193,116,412,392
"Morganza_all/026004@29.5890206319283,-90.6916305751484.jpg",2,244,263,397,139,641,402
"Morganza_all/026005@29.5890727333558,-90.6918420205244.jpg",2,311,272,330,132,641,404
"Morganza_all/026007@29.5882480591959,-90.6902554635348.jpg",1,40,267,505,137,545,404
"Morganza_all/026008@29.588325753201,-90.6904813411478.jpg",1,221,301,167,107,388,408
"Morganza_all/026009@29.5884033751049,-90.6906925892525.jpg",1,75,301,178,100,253,401
"Morganza_all/026010@29.5884683805008,-90.6909331478048.jpg",1,16,273,594,128,610,401
"Morganza_all/026011@29.5885591902387,-90.6912319367269.jpg",1,57,295,238,96,295,391
"Morganza_all/026012@29.5896120008338,-90.6937954972331.jpg",3,53,287,483,144,536,431
"Morganza_all/026013@29.5897267204098,-90.6937655665721.jpg",1,156,276,354,125,510,401
"Morganza_all/026014@29.5898479183908,-90.6937501935336.jpg",1,268,279,297,126,565,405
"Morganza_all/026015@29.5900072875532,-90.6937126465884.jpg",2,189,278,452,143,641,421
"Morganza_all/026016@29.5901603483885,-90.6936897703883.jpg",1,192,284,365,123,557,407
"Morganza_all/026017@29.5902380363192,-90.6939156235157.jpg",2,0,167,417,361,417,528
"Morganza_all/026018@29.5902940287938,-90.6936231890498.jpg",1,164,269,376,142,540,411
"Morganza_all/026019@29.590421784684,-90.6936443031961.jpg",1,279,279,362,122,641,401
"Morganza_all/026020@29.590581332047,-90.6936432841209.jpg",3,151,282,318,128,469,410
"Morganza_all/026021@29.5907150755444,-90.6935840016328.jpg",3,263,278,250,121,513,399
"Morganza_all/026022@29.5908754423262,-90.6937509311151.jpg",2,2,254,308,186,310,440
"Morganza_all/026023@29.5908360677481,-90.693532100052.jpg",1,211,279,326,128,537,407
"Morganza_all/026024@29.5910083032542,-90.6935164005026.jpg",1,138,281,355,128,493,409
"Morganza_all/026025@29.5911357384016,-90.6934717886134.jpg",1,186,284,327,117,513,401
"Morganza_all/026026@29.5912695612024,-90.6934344039685.jpg",1,195,277,391,127,586,404
"Morganza_all/026027@29.59140993385,-90.6934262074201.jpg",1,214,283,340,112,554,395
"Morganza_all/026028@29.5915438911746,-90.6934107521841.jpg",3,178,289,300,105,478,394
"Morganza_all/026029@29.5916649190912,-90.6933661808646.jpg",1,250,290,336,111,586,401
"Morganza_all/026030@29.5917796659079,-90.6933362174594.jpg",1,301,295,328,98,629,393
"Morganza_all/026031@29.5919135875874,-90.6933134625909.jpg",1,272,295,363,104,635,399
"Morganza_all/026032@29.5920794433681,-90.6932978032682.jpg",3,159,286,292,104,451,390
"Morganza_all/026033@29.5923407724486,-90.6932304042594.jpg",3,250,303,243,90,493,393
"Morganza_all/026034@29.592487453496,-90.6932075675668.jpg",1,181,304,277,104,458,408
"Morganza_all/026035@29.5926148966761,-90.6931702543076.jpg",1,214,307,219,99,433,406
"Morganza_all/026036@29.5927807879248,-90.6931618626931.jpg",1,175,298,309,95,484,393
"Morganza_all/026037@29.5929466080406,-90.6931389034534.jpg",1,103,281,284,105,387,386
"Morganza_all/026038@29.5930868737311,-90.6931088077315.jpg",1,274,273,268,111,542,384
"Morganza_all/026040@29.5968422735625,-90.6923618434025.jpg",1,216,242,233,96,449,338
"Morganza_all/026041@29.596563482973,-90.6927725548955.jpg",2,1,251,453,197,454,448
"Morganza_all/026043@29.5961808493274,-90.6928334337736.jpg",1,26,252,281,182,307,434
"Morganza_all/026046@29.5954281629008,-90.6929185785243.jpg",2,1,219,280,199,281,418
"Morganza_all/026048@29.5944271838597,-90.6931221388849.jpg",2,319,279,322,128,641,407
"Morganza_all/026049@29.5942997133547,-90.6931594845202.jpg",3,0,274,266,152,266,426
"Morganza_all/026051@29.5939105571003,-90.6931911714547.jpg",1,0,239,300,211,300,450
"Morganza_all/026052@29.5936175077581,-90.6932952733928.jpg",3,0,256,421,177,421,433
"Morganza_all/026053@29.5929669154514,-90.693372460342.jpg",1,241,255,226,146,467,401
"Morganza_all/026054@29.5928267209558,-90.6934171547021.jpg",1,178,290,368,100,546,390
"Morganza_all/026055@29.5926926923809,-90.6934180111034.jpg",2,0,278,350,145,350,423
"Morganza_all/026057@29.5921188977015,-90.6935385355424.jpg",3,283,268,260,119,543,387
"Morganza_all/026058@29.5913281106408,-90.693660413107.jpg",3,0,263,386,177,386,440
"Morganza_all/026059@29.5900445960588,-90.6948223169202.jpg",3,0,252,478,131,478,383
"Morganza_all/026060@29.590004610594,-90.6944720993789.jpg",1,178,284,463,149,641,433
"Morganza_all/026061@29.5899717236547,-90.694275127167.jpg",1,335,263,306,190,641,453
"Morganza_all/026062@29.5901247134253,-90.6942376531843.jpg",1,274,290,367,136,641,426
"Morganza_all/026063@29.5902712521677,-90.6941855896663.jpg",1,294,284,196,138,490,422
"Morganza_all/026064@29.590202329273,-90.6944489079947.jpg",1,154,298,397,126,551,424
"Morganza_all/026065@29.5904717463432,-90.694731967224.jpg",2,1,240,399,169,400,409
"Morganza_all/026066@29.5906728832318,-90.6940953999311.jpg",1,334,288,268,162,602,450
"Morganza_all/026067@29.591068668718,-90.6941148040321.jpg",3,125,272,163,87,288,359
"Morganza_all/026070@29.5914763233084,-90.6939515468712.jpg",2,308,262,333,169,641,431
"Morganza_all/026071@29.5913311017032,-90.6942737525637.jpg",1,89,262,435,146,524,408
"Morganza_all/026072@29.5915224327161,-90.694243333052.jpg",1,65,258,485,149,550,407
"Morganza_all/026073@29.5917837980252,-90.6941832677945.jpg",1,98,285,371,138,469,423
"Morganza_all/026074@29.591987825165,-90.6941454357896.jpg",1,165,281,456,131,621,412
"Morganza_all/026075@29.5917792332445,-90.6945557060924.jpg",1,49,275,550,115,599,390
"Morganza_all/026077@29.5920057098914,-90.693882438433.jpg",1,21,202,315,248,336,450
"Morganza_all/026079@29.5923053888028,-90.6938294269979.jpg",2,244,147,397,297,641,444
"Morganza_all/026081@29.5927912296727,-90.6939942817229.jpg",1,199,288,406,119,605,407
"Morganza_all/026082@29.5929685544632,-90.6937083332085.jpg",1,286,246,246,160,532,406
"Morganza_all/026083@29.5930145657208,-90.6939855247293.jpg",1,0,293,427,127,427,420
"Morganza_all/026084@29.5931152793171,-90.6937000963341.jpg",2,351,215,290,252,641,467
"Morganza_all/026085@29.5932555095221,-90.6936627017945.jpg",1,274,237,305,186,579,423
"Morganza_all/026086@29.5934597422305,-90.693661397301.jpg",1,174,218,301,193,475,411
"Morganza_all/026087@29.5936192183516,-90.6936457790629.jpg",2,415,182,226,249,641,431
"Morganza_all/026088@29.593709523327,-90.69384236014.jpg",1,193,256,351,168,544,424
"Morganza_all/026089@29.5937976553153,-90.6935935090948.jpg",2,419,243,222,162,641,405
"Morganza_all/026090@29.5939455832963,-90.6938262531111.jpg",1,145,278,421,149,566,427
"Morganza_all/026091@29.5939951602506,-90.6935265489195.jpg",1,305,261,297,154,602,415
"Morganza_all/026092@29.5941752279622,-90.6938028871259.jpg",2,44,254,555,164,599,418
"Morganza_all/026093@29.5942566950547,-90.6934956471727.jpg",3,195,190,401,228,596,418
"Morganza_all/026094@29.5943983584525,-90.6937576315778.jpg",2,352,279,289,150,641,429
"Morganza_all/026096@29.5946341689771,-90.693690395199.jpg",1,255,269,345,159,600,428
"Morganza_all/026098@29.5948128116768,-90.6936746544021.jpg",1,79,249,376,158,455,407
"Morganza_all/026099@29.5950103164945,-90.693607662244.jpg",1,0,265,531,131,531,396
"Morganza_all/026100@29.5948880770735,-90.693403982981.jpg",4,308,260,84,81,392,341
"Morganza_all/026101@29.5951367538488,-90.6933585944344.jpg",1,178,290,311,103,489,393
"Morganza_all/026102@29.595455634582,-90.69331272553.jpg",2,0,234,378,217,378,451
"Morganza_all/026103@29.5954505735047,-90.6935829500751.jpg",2,159,257,482,203,641,460
"Morganza_all/026104@29.5957296875493,-90.6932379744661.jpg",3,182,311,320,97,502,408
"Morganza_all/026105@29.5957438013294,-90.6935153772097.jpg",1,119,259,258,172,377,431
"Morganza_all/026106@29.5959796117209,-90.6934481393571.jpg",3,102,308,463,88,565,396
"Morganza_all/026107@29.596131567389,-90.6931988743527.jpg",1,305,221,336,233,641,454
"Morganza_all/026108@29.5962157072533,-90.6934393308026.jpg",1,235,286,311,145,546,431
"Morganza_all/026109@29.596278462254,-90.693219835389.jpg",5,291,292,91,93,382,385
"Morganza_all/026110@29.5964581110691,-90.6934158504042.jpg",1,168,291,338,128,506,419
"Morganza_all/026111@29.5964057189182,-90.6931386903973.jpg",1,87,221,339,220,426,441
"Morganza_all/026112@29.5965204383228,-90.6931087569535.jpg",2,322,205,319,263,641,468
"Morganza_all/026113@29.5966735703164,-90.6931004779466.jpg",1,319,239,322,205,641,444
"Morganza_all/026114@29.5968139429221,-90.6930922804877.jpg",1,258,301,122,108,380,409
"Morganza_all/026115@29.5969502608585,-90.6935660695585.jpg",1,269,244,144,94,413,338
"Morganza_all/026116@29.5969637247436,-90.6937047474432.jpg",1,218,255,163,96,381,351
"Morganza_all/026122@29.5969599168765,-90.6942378327791.jpg",3,208,257,145,90,353,347
"Morganza_all/026125@29.5963703000853,-90.6937304377025.jpg",3,54,236,494,171,548,407
"Morganza_all/026126@29.5957389178646,-90.6938221011928.jpg",3,219,260,269,174,488,434
"Morganza_all/026127@29.5954775171476,-90.69387487005.jpg",1,150,251,297,182,447,433
"Morganza_all/026128@29.595267189711,-90.6939346439332.jpg",1,140,276,312,133,452,409
"Morganza_all/026129@29.5949101017864,-90.6939953544944.jpg",3,0,262,313,140,313,402
"Morganza_all/026130@29.5946356649501,-90.693997106511.jpg",1,36,218,391,205,427,423
"Morganza_all/026131@29.594618234585,-90.694347737874.jpg",3,165,298,223,89,388,387
"Morganza_all/026132@29.594393438829,-90.6940570517923.jpg",3,171,266,400,160,571,426
"Morganza_all/026134@29.5941957558323,-90.6940875445425.jpg",1,97,254,422,153,519,407
"Morganza_all/026136@29.5939854637245,-90.6941545853567.jpg",2,0,253,491,143,491,396
"Morganza_all/026137@29.5940059827589,-90.6944319425224.jpg",3,201,295,232,100,433,395
"Morganza_all/026138@29.5938592660877,-90.6944475096345.jpg",3,106,293,292,102,398,395
"Morganza_all/026139@29.5937306562025,-90.6942511406991.jpg",1,112,246,323,169,435,415
"Morganza_all/026140@29.5937253442185,-90.6944702634286.jpg",1,165,293,309,111,474,404
"Morganza_all/026141@29.5935595594405,-90.694500520218.jpg",1,54,291,344,113,398,404
"Morganza_all/026142@29.5935008335497,-90.6942380076966.jpg",3,84,281,310,118,394,399
"Morganza_all/026143@29.5933540455835,-90.6942389444296.jpg",1,24,261,434,151,458,412
"Morganza_all/026145@29.5930925380964,-90.6942698437813.jpg",1,0,247,476,157,476,404
"Morganza_all/026146@29.5930047249021,-90.6945843882955.jpg",1,237,293,299,95,536,388
"Morganza_all/026147@29.5928694509235,-90.6943296653606.jpg",1,134,221,275,189,409,410
"Morganza_all/026148@29.5926462846521,-90.6943676194344.jpg",1,77,269,516,132,593,401
"Morganza_all/026149@29.5926540163488,-90.6946450544825.jpg",3,95,222,323,178,418,400
"Morganza_all/026150@29.5924678908647,-90.6944344551264.jpg",1,9,277,424,114,433,391
"Morganza_all/026151@29.592265108763,-90.6947278629559.jpg",1,176,290,361,112,537,402
"Morganza_all/026152@29.592067184469,-90.6947144941816.jpg",1,145,309,260,91,405,400
"Morganza_all/026153@29.5920276255867,-90.6944518631769.jpg",1,179,253,336,142,515,395
"Morganza_all/026155@29.5920367568494,-90.6963284862951.jpg",2,0,242,517,123,517,365
"Morganza_all/026158@29.592368504594,-90.6963044770351.jpg",1,95,295,314,83,409,378
"Morganza_all/026159@29.5926489388325,-90.6962296644137.jpg",2,254,239,387,182,641,421
"Morganza_all/026160@29.5922769963701,-90.6958596195701.jpg",2,0,271,353,118,353,389
"Morganza_all/026164@29.5926369121275,-90.6950686740549.jpg",3,189,285,295,108,484,393
"Morganza_all/026165@29.5925171631764,-90.6953761515959.jpg",1,61,320,234,83,295,403
"Morganza_all/026167@29.5925959134973,-90.6958210594448.jpg",1,249,289,208,92,457,381
"Morganza_all/026168@29.5927426304897,-90.6958055260047.jpg",1,245,276,336,105,581,381
"Morganza_all/026169@29.5928403412369,-90.6962138472859.jpg",1,126,251,235,148,361,399
"Morganza_all/026170@29.5928892764879,-90.6957753934649.jpg",1,277,281,310,93,587,374
"Morganza_all/026171@29.5932927902253,-90.6960722100987.jpg",1,2,257,593,107,595,364
"Morganza_all/026173@29.5930422746748,-90.6957452203957.jpg",1,192,247,404,149,596,396
"Morganza_all/026174@29.5928361156798,-90.6953448893616.jpg",1,109,317,261,87,370,404
"Morganza_all/026177@29.5930451998942,-90.6950295731217.jpg",1,214,298,327,92,541,390
"Morganza_all/026179@29.5933081294276,-90.6952907839195.jpg",1,242,318,200,86,442,404
"Morganza_all/026180@29.5931294074563,-90.6952846227884.jpg",1,150,315,230,86,380,401
"Morganza_all/026181@29.5931763742586,-90.695758966202.jpg",1,282,270,269,114,551,384
"Morganza_all/026182@29.5933357439819,-90.6957214212055.jpg",1,229,283,274,97,503,380
"Morganza_all/026183@29.5934632508742,-90.6956914102233.jpg",3,236,302,190,95,426,397
"Morganza_all/026184@29.5936226207299,-90.6956538964755.jpg",1,259,309,203,94,462,403
"Morganza_all/026185@29.5937758594052,-90.695667520375.jpg",1,233,290,249,92,482,382
"Morganza_all/026186@29.5935439407456,-90.6952235518826.jpg",1,60,290,283,93,343,383
"Morganza_all/026187@29.5933702476758,-90.6949398724594.jpg",1,170,295,200,89,370,384
"Morganza_all/026188@29.5935234944695,-90.6949607949805.jpg",1,150,287,252,88,402,375
"Morganza_all/026189@29.593657345338,-90.6949234427224.jpg",1,211,291,200,94,411,385
"Morganza_all/026190@29.5937097612189,-90.6952005958815.jpg",1,140,314,307,87,447,401
"Morganza_all/026191@29.5938092845591,-90.6959812942092.jpg",1,124,280,193,108,317,388
"Morganza_all/026192@29.594001014418,-90.6960385041449.jpg",3,214,281,216,121,430,402
"Morganza_all/026193@29.5939416087943,-90.6956299343845.jpg",1,150,287,263,94,413,381
"Morganza_all/026194@29.5939073378855,-90.6951482066729.jpg",3,264,296,287,116,551,412
"Morganza_all/026195@29.593803955431,-90.6948859775584.jpg",1,180,283,336,100,516,383
"Morganza_all/026196@29.5939633961497,-90.6948630616116.jpg",1,179,289,391,101,570,390
"Morganza_all/026197@29.5940780093079,-90.6948112320325.jpg",1,203,282,210,98,413,380
"Morganza_all/026198@29.594237556664,-90.6948102147792.jpg",1,254,284,219,84,473,368
"Morganza_all/026199@29.5943714428856,-90.6947801302245.jpg",3,241,288,360,98,601,386
"Morganza_all/026200@29.5945373699345,-90.6947790722403.jpg",1,88,292,292,98,380,390
"Morganza_all/026201@29.5945769556572,-90.6950417097808.jpg",1,96,270,328,128,424,398
"Morganza_all/026202@29.5944046214134,-90.6950428081669.jpg",3,124,310,307,98,431,408
"Morganza_all/026203@29.594251694617,-90.6950876134359.jpg",1,111,317,281,87,392,404
"Morganza_all/026205@29.5940626019503,-90.6955780650672.jpg",1,246,301,221,90,467,391
"Morganza_all/026206@29.5942346954975,-90.6955331385662.jpg",1,156,278,332,93,488,371
"Morganza_all/026207@29.594375068265,-90.6955249447168.jpg",1,140,285,282,96,422,381
"Morganza_all/026209@29.594681155014,-90.695471896133.jpg",1,129,270,243,99,372,369
"Morganza_all/026210@29.5949056278362,-90.6956968262303.jpg",2,0,277,413,139,413,416
"Morganza_all/026211@29.5947471102805,-90.695909626684.jpg",1,75,265,252,86,327,351
"Morganza_all/026212@29.5945942265095,-90.6959689987966.jpg",1,98,288,305,108,403,396
"Morganza_all/026213@29.5944603400159,-90.6959990818289.jpg",1,84,276,329,113,413,389
"Morganza_all/026214@29.5942430993516,-90.6959493339236.jpg",1,134,288,223,84,357,372
"Morganza_all/026215@29.5949984374133,-90.6950974541392.jpg",1,87,295,359,103,446,398
"Morganza_all/026216@29.5953338796053,-90.6958328611353.jpg",1,102,288,522,105,624,393
"Morganza_all/026217@29.5958760265123,-90.6957636787478.jpg",2,0,270,641,166,641,436
"Morganza_all/026221@29.5967073302841,-90.6961016135756.jpg",1,62,299,263,83,325,382
"Morganza_all/026222@29.5964455738853,-90.6960813791279.jpg",1,128,283,253,127,381,410
"Morganza_all/026223@29.5964660613436,-90.6963587436767.jpg",1,170,282,245,126,415,408
"Morganza_all/026227@29.5962351388661,-90.6961192181768.jpg",1,152,319,132,93,284,412
"Morganza_all/026228@29.5960375972984,-90.6961789064442.jpg",1,0,279,402,145,402,424
"Morganza_all/026229@29.5957505784161,-90.6962172323551.jpg",1,101,283,304,129,405,412
"Morganza_all/026231@29.5955847932443,-90.6962474868644.jpg",1,154,295,227,92,381,387
"Morganza_all/026232@29.5954124155533,-90.6962339835892.jpg",1,131,292,317,120,448,412
"Morganza_all/026233@29.595227526914,-90.6962716908825.jpg",1,254,290,180,100,434,390
"Morganza_all/026234@29.594997917282,-90.696302351133.jpg",1,153,297,214,99,367,396
"Morganza_all/026236@29.5953755208926,-90.6965190101308.jpg",1,278,292,345,120,623,412
"Morganza_all/026237@29.5967305480342,-90.6969412528087.jpg",2,0,266,641,201,641,467
"Morganza_all/026238@29.5965711423946,-90.696971465876.jpg",3,284,265,155,107,439,372
"Morganza_all/026240@29.5958184807884,-90.6970565796828.jpg",2,4,215,381,203,385,418
"Morganza_all/026242@29.5967577951579,-90.6972916071853.jpg",3,0,272,641,194,641,466
"Morganza_all/026243@29.5965467930311,-90.6972126156356.jpg",4,197,260,173,108,370,368
"Morganza_all/026244@29.5962984692011,-90.6973310244774.jpg",2,176,218,320,205,496,423
"Morganza_all/026245@29.5961135092824,-90.6973540990889.jpg",3,263,209,357,250,620,459
"Morganza_all/026246@29.5959542453209,-90.697413541782.jpg",1,240,221,360,205,600,426
"Morganza_all/026247@29.5957308026942,-90.6974003607189.jpg",2,2,246,315,148,317,394
"Morganza_all/026248@29.5970210387163,-90.6976185320662.jpg",1,28,219,290,182,318,401
"Morganza_all/026249@29.5966639844939,-90.697686530358.jpg",1,145,263,233,151,378,414
"Morganza_all/026250@29.5963449605368,-90.6977031553053.jpg",1,122,264,289,149,411,413
"Morganza_all/026251@29.5961280038036,-90.6977118323428.jpg",1,140,273,242,152,382,425
"Morganza_all/026252@29.5960067699911,-90.6977199017958.jpg",1,23,295,398,125,421,420
"Morganza_all/026253@29.5958091569234,-90.6977649872884.jpg",2,0,230,490,204,490,434
"Morganza_all/026254@29.595547825537,-90.6978323767985.jpg",1,146,246,251,177,397,423
"Morganza_all/026255@29.5953883843065,-90.6978552883805.jpg",1,147,296,357,99,504,395
"Morganza_all/026256@29.5952098118662,-90.6978856212045.jpg",1,92,290,409,112,501,402
"Morganza_all/026257@29.5950566441857,-90.6978865930876.jpg",1,101,284,270,131,371,415
"Morganza_all/026258@29.5949229262575,-90.6979458722253.jpg",2,0,296,353,132,353,428
"Morganza_all/026260@29.5945531556972,-90.6980285483427.jpg",2,81,283,560,206,641,489
"Morganza_all/026261@29.5946405875494,-90.6976336428468.jpg",1,37,240,322,188,359,428
"Morganza_all/026262@29.5948382990195,-90.6976031882505.jpg",1,0,259,437,167,437,426
"Morganza_all/026263@29.5950297448692,-90.6976019729442.jpg",2,0,260,435,168,435,428
"Morganza_all/026264@29.5951698344372,-90.697535352913.jpg",1,0,258,496,164,496,422
"Morganza_all/026265@29.5953804114696,-90.6975267160798.jpg",2,245,266,396,169,641,435
"Morganza_all/026266@29.5955398880425,-90.6975111036974.jpg",1,231,238,254,171,485,409
"Morganza_all/026267@29.5954741862348,-90.6971244981031.jpg",1,324,244,262,166,586,410
"Morganza_all/026268@29.5953020919956,-90.6971693909613.jpg",1,156,264,483,165,639,429
"Morganza_all/026269@29.5951298995611,-90.697199715922.jpg",1,73,260,443,144,516,404
"Morganza_all/026270@29.5949705646845,-90.6972445274538.jpg",1,149,259,492,165,641,424
"Morganza_all/026271@29.594679638487,-90.6964723359561.jpg",1,150,317,214,101,364,418
"Morganza_all/026274@29.5944590320276,-90.6970433172902.jpg",2,34,254,607,196,641,450
"Morganza_all/026275@29.5942742494194,-90.697102921616.jpg",2,118,259,523,186,641,445
"Morganza_all/026276@29.5942411892648,-90.6968694420122.jpg",1,308,276,206,154,514,430
"Morganza_all/026277@29.5945242028162,-90.6973203927447.jpg",1,63,293,492,111,555,404
"Morganza_all/026278@29.5943457288104,-90.6973653253538.jpg",1,109,300,464,104,573,404
"Morganza_all/026279@29.5939203925498,-90.6965209631694.jpg",2,170,251,471,169,641,420
"Morganza_all/026282@29.5931433824864,-90.6968472197624.jpg",1,219,254,382,153,601,407
"Morganza_all/026283@29.5932335409571,-90.6970146045813.jpg",1,230,281,150,120,380,401
"Morganza_all/026285@29.593935944588,-90.697090439733.jpg",3,176,291,233,101,409,392
"Morganza_all/026286@29.5941177123865,-90.6977245914599.jpg",3,154,279,270,150,424,429
"Morganza_all/026287@29.5939518560865,-90.69774024377.jpg",1,210,273,206,139,416,412
"Morganza_all/026288@29.5937859645502,-90.6977486278988.jpg",2,0,289,289,126,289,415
"Morganza_all/026289@29.5936711458087,-90.6977639562151.jpg",1,90,266,257,119,347,385
"Morganza_all/026290@29.5934736387076,-90.697830907817.jpg",1,360,270,241,131,601,401
"Morganza_all/026291@29.5932820238185,-90.6978029246152.jpg",1,165,285,411,141,576,426
"Morganza_all/026292@29.5932970123172,-90.6982628730916.jpg",2,223,294,418,146,641,440
"Morganza_all/026293@29.5939921160477,-90.6981489362141.jpg",1,257,292,283,93,540,385
"Morganza_all/026294@29.5941833063269,-90.6980892933445.jpg",3,299,252,190,145,489,397
"Morganza_all/026295@29.5942977791228,-90.6980082373574.jpg",3,280,268,243,81,523,349
"Morganza_all/026296@29.5943829710494,-90.6984677454801.jpg",2,0,264,324,204,324,468
"Morganza_all/026297@29.5940955273248,-90.6984184688055.jpg",1,230,296,332,91,562,387
"Morganza_all/026299@29.5935028363711,-90.6985901846078.jpg",1,115,299,318,105,433,404
"Morganza_all/026300@29.5933240438752,-90.698569418457.jpg",1,99,293,416,133,515,426
"Morganza_all/026302@29.5938681362004,-90.6989018560984.jpg",2,6,265,635,150,641,415
"Morganza_all/026303@29.5940658204707,-90.6988714044148.jpg",1,221,259,373,156,594,415
"Morganza_all/026304@29.5942315354507,-90.698826523992.jpg",2,143,250,498,162,641,412
"Morganza_all/026305@29.5944356268957,-90.6987960314527.jpg",1,79,279,315,150,394,429
"Morganza_all/026306@29.5943863283362,-90.6991614627287.jpg",1,141,292,249,91,390,383
"Morganza_all/026307@29.5935191994984,-90.6993349120023.jpg",3,261,241,305,156,566,397
"Morganza_all/026308@29.592677428871,-90.6968355816285.jpg",1,170,309,247,90,417,399
"Morganza_all/026309@29.5928195027242,-90.6971778611999.jpg",3,32,273,436,92,468,365
"Morganza_all/026310@29.5928278305668,-90.6975794517674.jpg",1,42,268,485,94,527,362
"Morganza_all/026315@29.5924093360851,-90.6968299543209.jpg",3,233,302,172,82,405,384
"Morganza_all/026317@29.5919700984361,-90.6970591305758.jpg",3,137,287,175,84,312,371
"Morganza_all/026323@29.5911751108545,-90.6989481144634.jpg",1,172,238,298,115,470,353
"Morganza_all/026326@29.5929574878718,-90.6993165687136.jpg",1,59,235,399,117,458,352
"Morganza_all/026329@29.5921201678995,-90.7016950886521.jpg",1,267,282,135,99,402,381
"Morganza_all/026330@29.5922040811127,-90.7018917142685.jpg",1,362,315,193,82,555,397
"Morganza_all/026332@29.5934081102438,-90.701438678281.jpg",2,0,257,584,152,584,409
"Morganza_all/026333@29.5932551536074,-90.7014834420475.jpg",2,0,254,544,162,544,416
"Morganza_all/026337@29.5933479896417,-90.7008840851975.jpg",2,0,282,620,151,620,433
"Morganza_all/026338@29.5931821329611,-90.7008997321548.jpg",2,0,284,637,147,637,431
"Morganza_all/026343@29.5932954447104,-90.7005777003677.jpg",2,0,284,447,135,447,419
"Morganza_all/026344@29.5932750720583,-90.7003222738714.jpg",2,0,301,588,141,588,442
"Morganza_all/026345@29.5931285307392,-90.7003742985081.jpg",2,0,300,485,138,485,438
"Morganza_all/026346@29.5929626036389,-90.7003753472071.jpg",2,0,297,515,146,515,443
"Morganza_all/026350@29.593190592073,-90.7000087917295.jpg",1,0,301,433,83,433,384
"Morganza_all/026351@29.5932022226153,-90.6997750624662.jpg",2,0,301,620,141,620,442
"Morganza_all/026352@29.5930427104895,-90.6997833713393.jpg",2,1,287,640,157,641,444
"Morganza_all/026359@29.594286414763,-90.6996148436785.jpg",2,0,289,604,112,604,401
"Morganza_all/026360@29.5944585804135,-90.6995845547637.jpg",2,0,301,609,104,609,405
"Morganza_all/026361@29.5945617416918,-90.6998029610754.jpg",2,0,287,553,136,553,423
"Morganza_all/026362@29.5943958851458,-90.6998186100129.jpg",2,4,292,591,142,595,434
"Morganza_all/026366@29.5937582954157,-90.6999468030878.jpg",4,270,314,113,104,383,418
"Morganza_all/026367@29.5935477887407,-90.6999700338458.jpg",2,92,314,549,112,641,426
"Morganza_all/026368@29.5935685069495,-90.70029118846.jpg",2,64,316,577,88,641,404
"Morganza_all/026369@29.59372142793,-90.7002391231431.jpg",2,32,317,609,87,641,404
"Morganza_all/026373@29.5943591238612,-90.7001328623479.jpg",2,2,257,639,182,641,439
"Morganza_all/026374@29.5944995046707,-90.7001319747554.jpg",2,2,259,639,181,641,440
"Morganza_all/026375@29.5946334626222,-90.7001164965483.jpg",2,3,256,638,181,641,437
"Morganza_all/026376@29.5946545408555,-90.7005180140084.jpg",1,172,283,223,100,395,383
"Morganza_all/026377@29.5942525882045,-90.700542453454.jpg",3,93,271,294,131,387,402
"Morganza_all/026378@29.5939018769068,-90.7006030995323.jpg",1,92,287,374,108,466,395
"Morganza_all/026379@29.5936850256461,-90.7006336688364.jpg",1,162,281,244,167,406,448
"Morganza_all/026380@29.5936104849604,-90.7010576857119.jpg",2,177,267,464,164,641,431
"Morganza_all/026381@29.5937570968062,-90.7010202295456.jpg",3,158,276,253,125,411,401
"Morganza_all/026382@29.5939296501762,-90.7010702703238.jpg",1,283,276,144,121,427,397
"Morganza_all/026383@29.5941398752572,-90.7009886133646.jpg",1,244,285,249,105,493,390
"Morganza_all/026384@29.5942802483658,-90.7009804271696.jpg",1,309,302,235,96,544,398
"Morganza_all/026385@29.594669731061,-90.7010217671473.jpg",2,0,291,423,115,423,406
"Morganza_all/026386@29.5947732343065,-90.7013059036881.jpg",1,16,267,475,153,491,420
"Morganza_all/026387@29.5946456207237,-90.7013140404072.jpg",1,197,298,215,104,412,402
"Morganza_all/026388@29.5944799399277,-90.7013661850806.jpg",1,187,284,176,111,363,395
"Morganza_all/026389@29.5943395667957,-90.7013743707512.jpg",3,140,268,210,136,350,404
"Morganza_all/026390@29.5942120509216,-90.7013970749615.jpg",1,150,274,187,131,337,405
"Morganza_all/026391@29.5940974429936,-90.7014562283273.jpg",1,132,270,310,153,442,423
"Morganza_all/026392@29.5939569918129,-90.701442514846.jpg",3,186,293,202,109,388,402
"Morganza_all/026393@29.5938038592813,-90.7014507808728.jpg",1,153,277,175,115,328,392
"Morganza_all/026394@29.5937545884814,-90.701823508129.jpg",2,195,287,446,131,641,418
"Morganza_all/026395@29.5939780306757,-90.7018366988006.jpg",1,176,241,277,188,453,429
"Morganza_all/026396@29.5941374022872,-90.7017991946393.jpg",1,175,227,329,185,504,412
"Morganza_all/026397@29.5942713330897,-90.7017837503555.jpg",1,147,240,282,186,429,426
"Morganza_all/026398@29.5946476263791,-90.7017302467283.jpg",1,206,251,408,156,614,407
"Morganza_all/026399@29.5948271218605,-90.7018970751351.jpg",1,204,132,378,340,582,472
"Morganza_all/026400@29.5948408581034,-90.7020941485723.jpg",3,86,259,344,161,430,420
"Morganza_all/026401@29.5944005994827,-90.7021188231747.jpg",1,64,284,565,109,629,393
"Morganza_all/026402@29.5941968588098,-90.7022223366429.jpg",1,83,238,267,205,350,443
"Morganza_all/026403@29.5940628576816,-90.7022231810987.jpg",3,244,249,310,183,554,432
"Morganza_all/026404@29.5939033454045,-90.7022314861439.jpg",1,103,287,365,143,468,430
"Morganza_all/026405@29.5937558192701,-90.7020790882562.jpg",1,140,279,429,196,569,475
"Morganza_all/026408@29.5947573004533,-90.6993270739168.jpg",1,261,209,278,214,539,423
"Morganza_all/026409@29.5946653156032,-90.6987872762388.jpg",2,247,214,394,167,641,381
"Morganza_all/026410@29.5945869917131,-90.6984226528598.jpg",2,343,291,298,146,641,437
"Morganza_all/026411@29.5947716335077,-90.6983338521218.jpg",1,180,302,137,89,317,391
"Morganza_all/026412@29.5948497376462,-90.6986473467677.jpg",1,255,251,330,172,585,423
"Morganza_all/026413@29.5950033648244,-90.6987413033837.jpg",3,229,288,305,101,534,389
"Morganza_all/026414@29.5949437988599,-90.698303560858.jpg",3,35,284,239,111,274,395
"Morganza_all/026415@29.5951541990068,-90.6982583957297.jpg",1,150,290,238,111,388,401
"Morganza_all/026416@29.5951947400206,-90.6987254908586.jpg",1,136,268,338,135,474,403
"Morganza_all/026417@29.5952755822962,-90.6982868571457.jpg",3,0,306,346,112,346,418
"Morganza_all/026418@29.5955682739253,-90.6981024394957.jpg",2,0,271,483,245,483,516
"Morganza_all/026419@29.595596338816,-90.698628015171.jpg",2,215,240,426,154,641,394
"Morganza_all/026420@29.5958959410918,-90.6985531166197.jpg",1,154,275,429,111,583,386
"Morganza_all/026421@29.5958814135041,-90.6981880843269.jpg",3,231,271,331,158,562,429
"Morganza_all/026422@29.5961236413512,-90.6981281166824.jpg",3,290,279,311,121,601,400
"Morganza_all/026423@29.5961064120065,-90.6985225511115.jpg",3,286,235,355,207,641,442
"Morganza_all/026428@29.596340393627,-90.6980829103593.jpg",1,66,262,261,148,327,410
"Morganza_all/026429@29.5965253811715,-90.6980598368671.jpg",1,69,305,289,97,358,402
"Morganza_all/026430@29.5964380540796,-90.6984766487836.jpg",1,200,253,273,148,473,401
"Morganza_all/026431@29.5965846023297,-90.698431888158.jpg",1,243,259,327,158,570,417
"Morganza_all/026432@29.59673769931,-90.6984163174768.jpg",2,224,270,417,147,641,417
"Morganza_all/026433@29.5967104826903,-90.6980659626901.jpg",1,79,291,376,126,455,417
"Morganza_all/026434@29.5968888861811,-90.6980064306296.jpg",1,120,282,317,116,437,398
"Morganza_all/026435@29.5969293848963,-90.6984589339278.jpg",1,194,256,334,159,528,415
"Morganza_all/026436@29.5970629262932,-90.698363155126.jpg",1,229,244,325,187,554,431
"Morganza_all/026437@29.5970308305047,-90.699641277116.jpg",2,0,232,550,214,550,446
"Morganza_all/026438@29.596755785834,-90.6995115854726.jpg",3,322,270,216,82,538,352
"Morganza_all/026441@29.5963890482584,-90.7002222589643.jpg",2,1,196,640,255,641,451
"Morganza_all/026442@29.5971008602486,-90.7009260848032.jpg",3,224,278,203,121,427,399
"Morganza_all/026443@29.5967816246262,-90.7008989006269.jpg",2,275,185,366,237,641,422
"Morganza_all/026444@29.5965718222165,-90.7010681889622.jpg",4,304,299,92,91,396,390
"Morganza_all/026445@29.596341824097,-90.7010185095749.jpg",2,87,274,554,157,641,431
"Morganza_all/026446@29.597375724871,-90.7036701222832.jpg",1,206,271,166,95,372,366
"Morganza_all/026448@29.5972761069199,-90.7028601891154.jpg",3,189,271,216,143,405,414
"Morganza_all/026449@29.5971422187043,-90.7028902322754.jpg",1,217,268,191,136,408,404
"Morganza_all/026451@29.5968552955635,-90.7029431388385.jpg",1,148,258,354,132,502,390
"Morganza_all/026452@29.5966639978075,-90.7029808746182.jpg",2,28,252,613,174,641,426
"Morganza_all/026453@29.5968718444419,-90.7037317222604.jpg",1,217,290,140,81,357,371
"Morganza_all/026454@29.5966993623644,-90.7036963065061.jpg",1,101,277,169,137,270,414
"Morganza_all/026455@29.5966730093989,-90.7035285086618.jpg",1,236,281,252,194,488,475
"Morganza_all/026456@29.5966401637218,-90.7033315516524.jpg",1,175,299,220,122,395,421
"Morganza_all/026457@29.5972996234847,-90.7024437796183.jpg",2,0,185,597,212,597,397
"Morganza_all/026458@29.5971827932153,-90.7020355861933.jpg",1,165,275,359,164,524,439
"Morganza_all/026459@29.5970297661001,-90.7020657510731.jpg",1,227,268,321,153,548,421
"Morganza_all/026460@29.5968895335136,-90.7021031352554.jpg",1,246,280,365,173,611,453
"Morganza_all/026461@29.5967492659254,-90.7021332509869.jpg",1,218,287,264,145,482,432
"Morganza_all/026462@29.5966281647654,-90.70216321437.jpg",3,285,273,263,157,548,430
"Morganza_all/026463@29.5964624836409,-90.7022153586708.jpg",2,288,268,353,171,641,439
"Morganza_all/026465@29.5964342296407,-90.7016532472154.jpg",1,78,249,292,163,370,412
"Morganza_all/026466@29.5964201330785,-90.7013758414132.jpg",1,265,251,362,187,627,438
"Morganza_all/026467@29.5966371956052,-90.7013890716951.jpg",1,252,272,301,131,553,403
"Morganza_all/026468@29.596784018944,-90.7013954766894.jpg",1,214,257,221,125,435,382
"Morganza_all/026469@29.5969370457544,-90.7013652793947.jpg",1,136,272,266,119,402,391
"Morganza_all/026470@29.5970645264268,-90.7013352746927.jpg",1,235,261,220,134,455,395
"Morganza_all/026471@29.5972367276494,-90.7013122877413.jpg",1,70,265,276,135,346,400
"Morganza_all/026472@29.5970344928775,-90.7017224929172.jpg",2,1,266,460,121,461,387
"Morganza_all/026473@29.596836921265,-90.7017821707816.jpg",2,0,243,267,142,267,385
"Morganza_all/026474@29.5963929918746,-90.7036909327387.jpg",2,0,255,407,159,407,414
"Morganza_all/026475@29.5963201915834,-90.7031510016263.jpg",1,15,227,280,192,295,419
"Morganza_all/026476@29.5962620096263,-90.7029980048935.jpg",2,109,295,532,128,641,423
"Morganza_all/026477@29.5960517055345,-90.7030577599113.jpg",1,198,268,246,158,444,426
"Morganza_all/026478@29.5957542409711,-90.7035780864779.jpg",1,256,247,157,124,413,371
"Morganza_all/026479@29.5956756924079,-90.7031696571634.jpg",3,236,274,181,120,417,394
"Morganza_all/026480@29.5955287288081,-90.7031340507502.jpg",1,109,273,259,134,368,407
"Morganza_all/026481@29.5953947705038,-90.7031495250594.jpg",1,163,260,226,152,389,412
"Morganza_all/026482@29.5952358196369,-90.7032746554166.jpg",3,270,300,259,83,529,383
"Morganza_all/026483@29.5953397739329,-90.7036537235668.jpg",1,221,297,198,91,419,388
"Morganza_all/026484@29.5950059201568,-90.7032396022839.jpg",3,140,259,330,153,470,412
"Morganza_all/026485@29.5948592022932,-90.7032551251839.jpg",1,178,284,213,133,391,417
"Morganza_all/026486@29.5947378979758,-90.7032485884951.jpg",1,197,269,238,151,435,420
"Morganza_all/026487@29.594610557168,-90.7033077886856.jpg",1,87,281,233,130,320,411
"Morganza_all/026488@29.5940112071429,-90.7034284194502.jpg",2,250,268,391,131,641,399
"Morganza_all/026489@29.5940439825576,-90.7036107720931.jpg",1,329,292,222,85,551,377
"Morganza_all/026490@29.5942423266152,-90.7037117542557.jpg",1,187,305,204,97,391,402
"Morganza_all/026491@29.5944209780757,-90.703703331211.jpg",1,88,290,355,97,443,387
"Morganza_all/026493@29.5948165865218,-90.7036862127286.jpg",1,174,240,207,151,381,391
"Morganza_all/026494@29.5950016527308,-90.7036850491623.jpg",1,197,295,237,96,434,391
"Morganza_all/026495@29.5962791469331,-90.7025816398274.jpg",2,0,232,402,183,402,415
"Morganza_all/026496@29.5959906077648,-90.7022986636662.jpg",1,197,259,286,172,483,431
"Morganza_all/026497@29.5959031969761,-90.7027008701619.jpg",1,92,257,295,166,387,423
"Morganza_all/026498@29.595844100954,-90.7023580180308.jpg",1,220,262,243,158,463,420
"Morganza_all/026499@29.5957098262631,-90.7023077328823.jpg",1,106,265,325,154,431,419
"Morganza_all/026501@29.595429353452,-90.7023752310555.jpg",1,297,290,294,113,591,403
"Morganza_all/026502@29.5953291830338,-90.7027775155684.jpg",1,121,288,406,126,527,414
"Morganza_all/026503@29.5955142492321,-90.7027763503169.jpg",2,270,281,371,126,641,407
"Morganza_all/026504@29.5961929849657,-90.7019176630102.jpg",1,103,227,341,226,444,453
"Morganza_all/026505@29.5961087199766,-90.7016480004365.jpg",2,0,249,341,154,341,403
"Morganza_all/026506@29.5960503175095,-90.7014439064095.jpg",2,1,143,640,310,641,453
"Morganza_all/026507@29.5960868003364,-90.7010712511519.jpg",2,1,265,606,170,607,435
"Morganza_all/026508@29.5959338086378,-90.7011087169261.jpg",1,11,243,401,172,412,415
"Morganza_all/026510@29.5957681632773,-90.7011681938132.jpg",1,81,256,538,166,619,422
"Morganza_all/026511@29.5958610604589,-90.7019051558629.jpg",3,0,269,598,134,598,403
"Morganza_all/026512@29.5957638250237,-90.701591776245.jpg",1,232,272,209,142,441,414
"Morganza_all/026513@29.5955996917938,-90.7019652348772.jpg",1,69,266,354,158,423,424
"Morganza_all/026516@29.5953829456737,-90.7020177008835.jpg",1,104,254,325,178,429,432
"Morganza_all/026517@29.5952492610242,-90.7020842743997.jpg",1,23,234,306,203,329,437
"Morganza_all/026518@29.5951088878505,-90.7020924591267.jpg",1,17,211,421,220,438,431
"Morganza_all/026519@29.5951513300537,-90.7016321395784.jpg",1,317,279,271,153,588,432
"Morganza_all/026520@29.5955768229846,-90.7011913014858.jpg",1,173,273,396,145,569,418
"Morganza_all/026521@29.5954110368162,-90.7012215791727.jpg",1,159,288,312,131,471,419
"Morganza_all/026522@29.5952963232486,-90.7012588028696.jpg",1,178,268,255,146,433,414
"Morganza_all/026523@29.5951367406562,-90.7012525101674.jpg",3,228,269,230,140,458,409
"Morganza_all/026524@29.5949189610303,-90.7024149776821.jpg",2,29,226,612,269,641,495
"Morganza_all/026526@29.5947997916608,-90.7028465478154.jpg",1,111,257,347,164,458,421
"Morganza_all/026527@29.5946788384831,-90.7029130396904.jpg",3,134,228,263,193,397,421
"Morganza_all/026528@29.5945383523572,-90.7028920244365.jpg",1,228,260,246,133,474,393
"Morganza_all/026529@29.5945303570238,-90.7025561548748.jpg",1,114,277,250,140,364,417
"Morganza_all/026530@29.594370739371,-90.7025425605158.jpg",1,244,279,277,150,521,429
"Morganza_all/026531@29.5944237787011,-90.7029584444618.jpg",1,165,270,251,136,416,406
"Morganza_all/026532@29.5942243026746,-90.7026165128173.jpg",1,181,289,310,126,491,415
"Morganza_all/026533@29.5940792705147,-90.7029825439476.jpg",2,0,244,322,176,322,420
"Morganza_all/026534@29.5940904145034,-90.7026465553876.jpg",1,320,268,264,130,584,398
"Morganza_all/026536@29.5938498700101,-90.7030570175228.jpg",2,337,287,304,144,641,431
"Morganza_all/026537@29.5938229817654,-90.7027723679567.jpg",5,283,297,91,99,374,396
"Morganza_all/026539@29.5922186788432,-90.7036003188069.jpg",1,139,282,334,121,473,403
"Morganza_all/026540@29.5920653708625,-90.7035720840415.jpg",1,236,291,130,91,366,382
"Morganza_all/026541@29.5919190036915,-90.7036606320538.jpg",1,132,297,294,110,426,407
"Morganza_all/026542@29.5917718999698,-90.7035958284618.jpg",1,198,292,432,96,630,388
"Morganza_all/026543@29.5919416806035,-90.7030690264981.jpg",3,258,288,169,83,427,371
"Morganza_all/026544@29.5919024543834,-90.7028720876425.jpg",1,270,261,133,112,403,373
"Morganza_all/026546@29.5918032532131,-90.7021497929346.jpg",1,327,299,125,91,452,390
"Morganza_all/026547@29.5916507885344,-90.7022968099722.jpg",1,272,277,340,147,612,424
"Morganza_all/026548@29.5915682115647,-90.7023776579499.jpg",1,308,287,260,108,568,395
"Morganza_all/026549@29.591485669669,-90.7024658052214.jpg",2,0,290,641,131,641,421
"Morganza_all/026550@29.5917428367519,-90.7028584931367.jpg",1,154,287,246,111,400,398
"Morganza_all/026551@29.591038996118,-90.7024832181544.jpg",2,55,279,412,93,467,372
"Morganza_all/026553@29.5914435832421,-90.7030064328716.jpg",1,3,252,584,185,587,437
"Morganza_all/026555@29.5914721897587,-90.7036488420265.jpg",1,19,203,359,245,378,448
"Morganza_all/026558@29.5909229849633,-90.7035719679629.jpg",1,205,243,161,146,366,389
"Morganza_all/026559@29.5910155847209,-90.702921499791.jpg",1,279,200,331,252,610,452
"Morganza_all/026560@29.5906933735975,-90.7036026101587.jpg",1,145,281,220,102,365,383
"Morganza_all/026561@29.5905838114415,-90.7033842486708.jpg",1,279,282,354,214,633,496
"Morganza_all/026562@29.590482761078,-90.7036039344581.jpg",1,209,282,174,97,383,379
"Morganza_all/026563@29.5902264734509,-90.7033937958873.jpg",1,43,265,361,149,404,414
"Morganza_all/026565@29.5894101584004,-90.7035157538119.jpg",1,193,289,224,88,417,377
"Morganza_all/026566@29.5892120247355,-90.703458603943.jpg",1,215,286,165,92,380,378
"Morganza_all/026568@29.5891531061168,-90.7031522705579.jpg",3,0,189,340,285,340,474
"Morganza_all/026571@29.5897098646404,-90.7021410875518.jpg",1,154,252,270,177,424,429
"Morganza_all/026573@29.5900527124161,-90.7017665241742.jpg",1,120,285,300,113,420,398
"Morganza_all/026575@29.5898226441882,-90.7017022478054.jpg",1,280,273,238,119,518,392
"Morganza_all/026576@29.5896560135053,-90.7015572769353.jpg",1,245,259,275,177,520,436
"Morganza_all/026577@29.5896542888678,-90.7011994857077.jpg",1,231,259,178,114,409,373
"Morganza_all/026578@29.5897687636004,-90.7011184369412.jpg",1,299,267,161,109,460,376
"Morganza_all/026579@29.5898958139483,-90.7009935113952.jpg",2,0,284,312,181,312,465
"Morganza_all/026580@29.5901822078779,-90.7008310500225.jpg",2,0,193,641,226,641,419
"Morganza_all/026581@29.5903274454504,-90.7005088260721.jpg",1,190,279,274,95,464,374
"Morganza_all/026582@29.5904929849784,-90.7004274847259.jpg",1,162,273,333,139,495,412
"Morganza_all/026583@29.5906918953126,-90.7006452783654.jpg",1,116,281,302,142,418,423
"Morganza_all/026584@29.5905330526195,-90.7007923363555.jpg",1,188,281,310,138,498,419
"Morganza_all/026585@29.5907436022426,-90.7007836754811.jpg",3,175,268,227,155,402,423
"Morganza_all/026586@29.5908090468882,-90.7011191695725.jpg",1,229,224,383,196,612,420
"Morganza_all/026587@29.5906947833162,-90.7012440153949.jpg",1,218,258,423,198,641,456
"Morganza_all/026588@29.5905484177122,-90.7013325655978.jpg",3,196,250,361,146,557,396
"Morganza_all/026589@29.5903624362043,-90.7011438875651.jpg",2,308,273,333,149,641,422
"Morganza_all/026590@29.5906576780798,-90.7001708639352.jpg",1,21,292,444,156,465,448
"Morganza_all/026591@29.5908039018697,-90.7000531144313.jpg",1,173,284,362,143,535,427
"Morganza_all/026593@29.5908438646853,-90.7003960374419.jpg",2,0,288,502,145,502,433
"Morganza_all/026594@29.5910106377193,-90.7005702371299.jpg",1,336,259,239,153,575,412
"Morganza_all/026595@29.5911521031962,-90.7007884264625.jpg",3,175,237,299,156,474,393
"Morganza_all/026596@29.5883661195584,-90.702733730177.jpg",1,280,233,361,171,641,404
"Morganza_all/026598@29.5877368937149,-90.7019490763068.jpg",2,156,276,485,116,641,392
"Morganza_all/026599@29.5876341580913,-90.7018183038844.jpg",2,0,265,336,124,336,389
"Morganza_all/026600@29.5880913466443,-90.7013407712079.jpg",4,254,248,104,103,358,351
"Morganza_all/026601@29.5883579604861,-90.7010397181467.jpg",2,0,119,640,316,640,435
"Morganza_all/026602@29.5885892260535,-90.7013522597717.jpg",2,28,196,613,207,641,403
"Morganza_all/026603@29.5886573605061,-90.7009283048317.jpg",2,0,177,641,229,641,406
"Morganza_all/026604@29.5891717361745,-90.7003920059701.jpg",1,256,309,238,83,494,392
"Morganza_all/026605@29.5893391434386,-90.7006976210673.jpg",1,117,239,501,141,618,380
"Morganza_all/026606@29.5897520932717,-90.7003080119796.jpg",2,209,270,432,205,641,475
"Morganza_all/026607@29.5901822754893,-90.6995239888896.jpg",1,244,291,317,103,561,394
"Morganza_all/026608@29.5904016912283,-90.6987047652169.jpg",1,35,252,593,169,628,421
"Morganza_all/026609@29.5902731860458,-90.6985230275573.jpg",3,98,257,412,170,510,427
"Morganza_all/026611@29.5899545508201,-90.6986199726984.jpg",2,0,290,427,209,427,499
"Morganza_all/026612@29.589885512895,-90.6988613577517.jpg",1,94,260,400,127,494,387
"Morganza_all/026613@29.5898869614642,-90.6991607552885.jpg",1,295,268,228,130,523,398
"Morganza_all/026614@29.5896299599365,-90.6988045805984.jpg",2,253,264,388,141,641,405
"Morganza_all/026615@29.5897724957465,-90.6992491058637.jpg",1,277,303,282,92,559,395
"Morganza_all/026616@29.5894143809957,-90.6990980207792.jpg",1,195,268,320,136,515,404
"Morganza_all/026617@29.5896392360428,-90.6994032708446.jpg",2,302,273,339,128,641,401
"Morganza_all/026618@29.589429717941,-90.6996309759133.jpg",2,259,200,382,220,641,420
"Morganza_all/026619@29.589249795878,-90.6993765379379.jpg",1,272,210,291,170,563,380
"Morganza_all/026620@29.5891945746949,-90.6998369121993.jpg",1,201,237,388,213,589,450
"Morganza_all/026621@29.5890853160067,-90.6996769519349.jpg",3,281,284,332,164,613,448
"Morganza_all/026622@29.5889503696826,-90.6994879567247.jpg",1,245,279,262,133,507,412
"Morganza_all/026623@29.588894936517,-90.6999045341233.jpg",1,111,245,319,158,430,403
"Morganza_all/026624@29.5887872654939,-90.7000731654443.jpg",1,187,266,208,113,395,379
"Morganza_all/026626@29.5885381278577,-90.7000236132287.jpg",2,0,266,455,105,455,371
"Morganza_all/026627@29.5883985659469,-90.700199744851.jpg",2,274,269,367,115,641,384
"Morganza_all/026628@29.588520787092,-90.7003961198263.jpg",2,178,124,463,329,641,453
"Morganza_all/026629@29.5882010224797,-90.7002594203998.jpg",1,197,272,311,135,508,407
"Morganza_all/026631@29.5874512556558,-90.7009505193212.jpg",1,272,279,277,81,549,360
"Morganza_all/026632@29.5872200597259,-90.7006526118681.jpg",2,5,298,636,84,641,382
"Morganza_all/026633@29.5869901593436,-90.700617536098.jpg",2,0,212,639,305,639,517
"Morganza_all/026635@29.5875251616183,-90.7003951124981.jpg",1,43,285,262,116,305,401
"Morganza_all/026636@29.587671456112,-90.7002919653013.jpg",1,0,281,355,131,355,412
"Morganza_all/026637@29.5874983029966,-90.7001178122199.jpg",1,228,306,304,131,532,437
"Morganza_all/026638@29.5876059388166,-90.6999418839736.jpg",3,230,282,255,116,485,398
"Morganza_all/026641@29.5877329880505,-90.6998169596328.jpg",1,191,298,278,81,469,379
"Morganza_all/026642@29.5878341379244,-90.6996191735365.jpg",1,321,278,179,104,500,382
"Morganza_all/026643@29.5879101569133,-90.6995018393813.jpg",1,286,259,203,134,489,393
"Morganza_all/026644@29.5880692453907,-90.6994059088975.jpg",1,330,279,246,109,576,388
"Morganza_all/026645@29.5881772687245,-90.6993103013798.jpg",1,308,281,333,108,641,389
"Morganza_all/026646@29.5882913459635,-90.6991416296937.jpg",2,0,269,640,136,640,405
"Morganza_all/026648@29.5883445648802,-90.6995867146711.jpg",1,172,281,261,109,433,390
"Morganza_all/026649@29.5881541502718,-90.6998069961644.jpg",2,0,258,358,139,358,397
"Morganza_all/026650@29.5866122098615,-90.700327857613.jpg",1,135,255,339,126,474,381
"Morganza_all/026652@29.5863029822144,-90.6997310829737.jpg",2,250,273,391,138,641,411
"Morganza_all/026653@29.5866909399916,-90.6994511608613.jpg",3,305,295,266,83,571,378
"Morganza_all/026654@29.5869801204292,-90.6998655177675.jpg",2,0,273,336,158,336,431
"Morganza_all/026655@29.587058009408,-90.7001351945972.jpg",5,244,271,85,96,329,367
"Morganza_all/026659@29.5869381355937,-90.6990991032199.jpg",2,281,272,360,118,641,390
"Morganza_all/026660@29.5870781200062,-90.6990105933508.jpg",1,322,281,291,104,613,385
"Morganza_all/026662@29.5875261078566,-90.6992706274005.jpg",1,217,273,141,106,358,379
"Morganza_all/026664@29.587407959788,-90.6985922838993.jpg",3,311,260,239,128,550,388
"Morganza_all/026665@29.587515841148,-90.6984674795893.jpg",3,321,269,207,121,528,390
"Morganza_all/026667@29.5880470331082,-90.6987707815357.jpg",2,0,240,637,214,637,454
"Morganza_all/026668@29.587901093182,-90.6989469544502.jpg",1,133,305,164,91,297,396
"Morganza_all/026669@29.5877993438643,-90.6990206242202.jpg",1,120,298,156,97,276,395
"Morganza_all/026670@29.5876661983007,-90.6992040146946.jpg",1,109,292,226,101,335,393
"Morganza_all/026671@29.5884945268208,-90.6989285966541.jpg",1,65,290,479,149,544,439
"Morganza_all/026673@29.5891956221417,-90.6987343061297.jpg",1,111,291,141,101,252,392
"Morganza_all/026674@29.5888433561917,-90.6984736633613.jpg",3,205,290,346,119,551,409
"Morganza_all/026675@29.5890088943112,-90.6983922883942.jpg",1,243,270,326,143,569,413
"Morganza_all/026676@29.5891231551727,-90.6982674414199.jpg",1,302,284,211,97,513,381
"Morganza_all/026677@29.589301126261,-90.6981129606646.jpg",1,287,281,159,112,446,393
"Morganza_all/026678@29.5895832241178,-90.6983813477374.jpg",1,57,259,213,101,270,360
"Morganza_all/026680@29.5894278277214,-90.6979223071204.jpg",1,320,295,149,103,469,398
"Morganza_all/026681@29.5895295056551,-90.6978340364706.jpg",1,335,292,207,84,542,376
"Morganza_all/026682@29.5895988956199,-90.6976656444472.jpg",1,351,262,229,128,580,390
"Morganza_all/026683@29.5897650352051,-90.6977084185573.jpg",1,73,265,238,127,311,392
"Morganza_all/026684@29.5900784936819,-90.6978597825636.jpg",1,79,281,341,103,420,384
"Morganza_all/026686@29.5899554108783,-90.6974808302171.jpg",1,254,292,115,98,369,390
"Morganza_all/026687@29.590069281201,-90.6972756570164.jpg",1,342,303,112,82,454,385
"Morganza_all/026688@29.5902218112493,-90.6971432647857.jpg",3,257,288,311,105,568,393
"Morganza_all/026690@29.5880306667743,-90.6980260949234.jpg",1,266,289,261,85,527,374
"Morganza_all/026691@29.5881769240253,-90.6979156445611.jpg",1,296,276,238,96,534,372
"Morganza_all/026692@29.5883797488288,-90.6976295858239.jpg",2,343,268,298,114,641,382
"Morganza_all/026693@29.5885449676794,-90.6974824854758.jpg",3,321,268,236,115,557,383
"Morganza_all/026695@29.5889321766379,-90.6970492329004.jpg",1,254,277,267,101,521,378
"Morganza_all/026696@29.5890719469177,-90.6969168914455.jpg",1,254,283,187,99,441,382
"Morganza_all/026697@29.5891796138802,-90.696748256252.jpg",1,143,295,365,87,508,382
"Morganza_all/026698@29.5894272989375,-90.6964984359668.jpg",1,368,282,180,91,548,373
"Morganza_all/026699@29.5895543447313,-90.6963734735235.jpg",3,294,278,212,103,506,381
"Morganza_all/026700@29.589694079009,-90.6962338624714.jpg",1,354,285,209,102,563,387
"Morganza_all/026701@29.5898016741302,-90.6960506268917.jpg",3,346,287,258,100,604,387
"Morganza_all/026704@29.588040027615,-90.6973250729972.jpg",1,166,267,259,109,425,376
"Morganza_all/026705@29.5882623719561,-90.6971118835888.jpg",1,74,276,275,113,349,389
"Morganza_all/026706@29.5883765253123,-90.6969651384883.jpg",1,118,262,275,130,393,392
"Morganza_all/026707@29.5885033234857,-90.696789083493.jpg",1,106,227,278,152,384,379
"Morganza_all/026708@29.5886751693675,-90.6966930670241.jpg",1,46,267,404,121,450,388
"Morganza_all/026709@29.5888970160862,-90.6963776540883.jpg",1,185,271,170,95,355,366
"Morganza_all/026710@29.5891768827174,-90.6961860246942.jpg",1,37,254,280,131,317,385
"Morganza_all/026711@29.5893227124771,-90.6959879477105.jpg",1,122,284,325,88,447,372
"Morganza_all/026712@29.5894625528199,-90.6958702342758.jpg",3,137,271,249,100,386,371
"Morganza_all/026713@29.5895704670806,-90.6957527237586.jpg",1,43,290,310,89,353,379
"Morganza_all/026715@29.5873352093736,-90.6980670346397.jpg",1,8,286,328,93,336,379
"Morganza_all/026716@29.5871959683003,-90.6983088588908.jpg",1,125,263,278,131,403,394
"Morganza_all/026717@29.5869860552927,-90.6984489398835.jpg",1,158,280,243,121,401,401
"Morganza_all/026718@29.5868021634712,-90.6986983450012.jpg",3,48,275,357,107,405,382
"Morganza_all/026719@29.586573083456,-90.6988385460504.jpg",1,17,280,400,89,417,369
"Morganza_all/026720@29.5864972691475,-90.6989923742806.jpg",1,114,292,183,103,297,395
"Morganza_all/026721@29.5863892538539,-90.6990952797663.jpg",1,90,291,204,100,294,391
"Morganza_all/026722@29.5862298476735,-90.6991254862858.jpg",2,0,126,420,312,420,438
"Morganza_all/026723@29.5859239360587,-90.6992150457923.jpg",1,94,276,384,115,478,391
"Morganza_all/026725@29.5860547138674,-90.6985424661928.jpg",1,235,295,403,81,638,376
"Morganza_all/026726@29.586309347706,-90.698409402464.jpg",1,193,264,444,123,637,387
"Morganza_all/026728@29.5866268509331,-90.6980788269657.jpg",1,149,277,453,111,602,388
"Morganza_all/026729@29.5867921410467,-90.6979463281003.jpg",1,213,286,374,97,587,383
"Morganza_all/026730@29.5869699781149,-90.697769953255.jpg",1,109,293,374,104,483,397
"Morganza_all/026731@29.587096919103,-90.6976231296354.jpg",1,10,288,467,118,477,406
"Morganza_all/026732@29.5873511270104,-90.6974024412333.jpg",1,148,289,130,84,278,373
"Morganza_all/026733@29.5874652019499,-90.6972338002273.jpg",1,210,277,429,116,639,393
"Morganza_all/026734@29.5877766413918,-90.6969689501218.jpg",3,293,271,348,103,641,374
"Morganza_all/026735@29.5879097208897,-90.6967782574842.jpg",2,265,276,376,109,641,385
"Morganza_all/026736@29.5880939990259,-90.6966091370403.jpg",1,187,272,454,126,641,398
"Morganza_all/026737@29.5882400856043,-90.6964694564975.jpg",1,258,280,349,117,607,397
"Morganza_all/026738@29.5884054017361,-90.696336984129.jpg",2,264,291,377,99,641,390
"Morganza_all/026739@29.5885576548752,-90.6961534668997.jpg",1,224,298,344,98,568,396
"Morganza_all/026740@29.5887036265297,-90.6959845879819.jpg",1,243,302,300,102,543,404
"Morganza_all/026741@29.5888624638377,-90.695837525053.jpg",1,252,298,381,114,633,412
"Morganza_all/026742@29.5890212656318,-90.6956831938747.jpg",1,259,308,332,89,591,397
"Morganza_all/026743@29.5891864467859,-90.6955287901163.jpg",1,235,291,351,87,586,378
"Morganza_all/026745@29.5895290980155,-90.6951177096511.jpg",1,225,287,311,88,536,375
"Morganza_all/026746@29.5894251545781,-90.6947459716292.jpg",1,184,255,383,99,567,354
"Morganza_all/026747@29.5892765520678,-90.6943744878301.jpg",1,167,284,341,92,508,376
"Morganza_all/026748@29.5890395943022,-90.6942007807798.jpg",3,179,226,237,138,416,364
"Morganza_all/026749@29.5887784862523,-90.6943192697996.jpg",1,156,273,373,112,529,385
"Morganza_all/026750@29.5886259234798,-90.6944443652072.jpg",1,106,279,382,104,488,383
"Morganza_all/026751@29.5884799813076,-90.6946132460635.jpg",1,123,281,405,102,528,383
"Morganza_all/026752@29.5883084295868,-90.6947749902875.jpg",1,46,270,461,107,507,377
"Morganza_all/026753@29.5881690088499,-90.6949730261927.jpg",1,3,274,431,113,434,387
"Morganza_all/026754@29.5880545814849,-90.6950686792131.jpg",1,200,285,404,94,604,379
"Morganza_all/026755@29.5877815581172,-90.6953551894104.jpg",1,233,277,379,124,612,401
"Morganza_all/026756@29.5876162704734,-90.6954876623991.jpg",1,170,267,364,119,534,386
"Morganza_all/026757@29.587476608144,-90.6956419013229.jpg",1,116,290,339,97,455,387
"Morganza_all/026758@29.5873179485222,-90.6958254581327.jpg",1,114,292,321,95,435,387
"Morganza_all/026759@29.5871845235475,-90.6959504590814.jpg",3,142,303,373,90,515,393
"Morganza_all/026760@29.5870383034285,-90.6960682103199.jpg",1,164,298,345,100,509,398
"Morganza_all/026761@29.5868731925718,-90.6962372080547.jpg",1,169,297,322,90,491,387
"Morganza_all/026762@29.5867590400259,-90.6963839517822.jpg",3,195,291,345,104,540,395
"Morganza_all/026763@29.5865618964208,-90.6965312543115.jpg",1,62,283,509,133,571,416
"Morganza_all/026764@29.5863334843419,-90.6968028741618.jpg",3,8,280,477,138,485,418
"Morganza_all/026765@29.5861745040614,-90.6969207042323.jpg",3,226,287,289,111,515,398
"Morganza_all/026766@29.5859078642474,-90.6972144626761.jpg",1,122,298,208,99,330,397
"Morganza_all/026767@29.5857557238871,-90.6974272011044.jpg",1,214,290,269,102,483,392
"Morganza_all/026768@29.5854767048996,-90.6977940276475.jpg",1,15,289,557,105,572,394
"Morganza_all/026771@29.5849217619975,-90.6978559738701.jpg",1,193,280,251,87,444,367
"Morganza_all/026772@29.5849012423041,-90.697571342039.jpg",1,106,215,248,197,354,412
"Morganza_all/026775@29.5855552409194,-90.6968808438785.jpg",1,142,294,344,104,486,398
"Morganza_all/026776@29.5857839642486,-90.6966676182186.jpg",2,181,273,460,134,641,407
"Morganza_all/026777@29.5858982234773,-90.6965427732966.jpg",2,244,276,397,112,641,388
"Morganza_all/026778@29.5860637958686,-90.696468696561.jpg",2,9,293,632,110,641,403
"Morganza_all/026779@29.5864193513839,-90.696086747164.jpg",3,230,298,297,94,527,392
"Morganza_all/026780@29.5865526425331,-90.6959398503306.jpg",1,224,290,231,89,455,379
"Morganza_all/026781@29.5866542046671,-90.6958223837362.jpg",1,218,286,269,106,487,392
"Morganza_all/026783@29.5869270515107,-90.6954993825748.jpg",1,194,268,322,122,516,390
"Morganza_all/026784@29.5870984343937,-90.6953084141162.jpg",1,170,292,297,87,467,379
"Morganza_all/026785@29.587346365464,-90.6951096893218.jpg",1,212,265,262,97,474,362
"Morganza_all/026786@29.5874602240375,-90.6948972194636.jpg",1,24,280,326,123,350,403
"Morganza_all/026787@29.5876889798394,-90.6946913158277.jpg",1,151,259,490,162,641,421
"Morganza_all/026788@29.58780951003,-90.694544496656.jpg",1,164,290,310,100,474,390
"Morganza_all/026789@29.5879556220617,-90.694404844785.jpg",1,162,292,295,93,457,385
"Morganza_all/026790@29.5880509179359,-90.6943166125669.jpg",1,222,301,227,83,449,384
"Morganza_all/026791@29.5881714752044,-90.6941697922382.jpg",1,189,298,315,89,504,387
"Morganza_all/026792@29.5884256418468,-90.6939418249641.jpg",3,228,291,347,88,575,379
"Morganza_all/026793@29.5885656583751,-90.6938606057835.jpg",1,241,293,264,84,505,377
"Morganza_all/026794@29.5887056473538,-90.6937793865514.jpg",1,281,278,155,82,436,360
"Morganza_all/026796@29.5890226754096,-90.6933538353627.jpg",1,99,284,436,100,535,384
"Morganza_all/026797@29.5887911330757,-90.6929829168593.jpg",1,0,284,332,122,332,406
"Morganza_all/026798@29.5887025112555,-90.6931368348413.jpg",1,71,258,491,179,562,437
"Morganza_all/026799@29.5885499771096,-90.6932619317794.jpg",1,37,260,299,154,336,414
"Morganza_all/026800@29.5883783558011,-90.693409080036.jpg",2,2,248,618,181,620,429
"Morganza_all/026801@29.5882259721491,-90.6935707037247.jpg",1,3,227,413,199,416,426
"Morganza_all/026802@29.5879276112859,-90.6938938772573.jpg",1,26,255,556,165,582,420
"Morganza_all/026803@29.5877561235406,-90.6940629207984.jpg",1,0,286,380,122,380,408
"Morganza_all/026804@29.5875973238019,-90.6942172840581.jpg",2,0,214,478,186,478,400
"Morganza_all/026805@29.587419392717,-90.694379036774.jpg",1,170,254,387,147,557,401
"Morganza_all/026806@29.5872165750011,-90.6946650993509.jpg",1,24,287,411,120,435,407
"Morganza_all/026807@29.5868863211486,-90.6949958004017.jpg",1,25,280,463,140,488,420
"Morganza_all/026808@29.5867081759087,-90.6951137561275.jpg",1,78,262,487,145,565,407
"Morganza_all/026809@29.5865688968923,-90.6953410161239.jpg",1,58,288,515,130,573,418
"Morganza_all/026810@29.5862257477779,-90.6956498656327.jpg",1,118,287,314,111,432,398
"Morganza_all/026811@29.5860033621647,-90.6958484242646.jpg",1,280,296,260,106,540,402
"Morganza_all/026812@29.5858362358033,-90.6956085502055.jpg",2,334,302,307,95,641,397
"Morganza_all/026813@29.5859886574912,-90.6954542324978.jpg",1,283,267,358,158,641,425
"Morganza_all/026814@29.5861791360016,-90.6952485770292.jpg",3,103,255,452,169,555,424
"Morganza_all/026815@29.5863505542117,-90.6950649400793.jpg",2,351,262,290,158,641,420
"Morganza_all/026817@29.5865792745829,-90.6948517085792.jpg",1,329,281,248,134,577,415
"Morganza_all/026821@29.5872779086257,-90.6941535967952.jpg",1,214,261,230,135,444,396
"Morganza_all/026822@29.5874111264156,-90.6939920978753.jpg",3,233,272,248,123,481,395
"Morganza_all/026823@29.5875699616472,-90.6938450651462.jpg",1,74,272,477,146,551,418
"Morganza_all/026824@29.5877095150236,-90.6936689261263.jpg",3,164,269,338,145,502,414
"Morganza_all/026825@29.5880653199336,-90.693345354087.jpg",1,136,275,341,116,477,391
"Morganza_all/026826@29.5882177389488,-90.6931910295004.jpg",1,45,268,462,132,507,400
"Morganza_all/026827@29.5883318797666,-90.6930369806266.jpg",1,138,284,463,110,601,394
"Morganza_all/026828@29.5885292416801,-90.6929407947125.jpg",1,112,261,344,96,456,357
"Morganza_all/026831@29.587846929263,-90.693054679775.jpg",3,164,267,360,151,524,418
"Morganza_all/026832@29.5872865002262,-90.6932992353751.jpg",1,258,260,207,121,465,381
"Morganza_all/026833@29.5870588154117,-90.6937241773289.jpg",1,107,281,509,92,616,373
"Morganza_all/026837@29.5862911240974,-90.6933493919257.jpg",3,227,261,414,137,641,398
"Morganza_all/026838@29.5864463584836,-90.6937719157863.jpg",1,128,296,263,84,391,380
"Morganza_all/026839@29.5861705238399,-90.693481580775.jpg",1,200,279,382,100,582,379
"Morganza_all/026840@29.5863387665379,-90.6939551476754.jpg",1,109,287,292,93,401,380
"Morganza_all/026841@29.5860181400898,-90.6936432007906.jpg",1,128,283,310,110,438,393
"Morganza_all/026842@29.5861798955882,-90.694094879385.jpg",1,122,294,345,82,467,376
"Morganza_all/026843@29.5858655067347,-90.6937536957513.jpg",1,128,292,323,111,451,403
"Morganza_all/026845@29.5857447719168,-90.6938640181715.jpg",1,157,289,407,112,564,401
"Morganza_all/026846@29.5858746281776,-90.694315899411.jpg",1,138,294,406,90,544,384
"Morganza_all/026847@29.5856241711387,-90.6939962056801.jpg",1,70,292,403,103,473,395
"Morganza_all/026848@29.5857287297972,-90.6944993740004.jpg",1,218,291,364,94,582,385
"Morganza_all/026849@29.5854844749699,-90.6941431446289.jpg",1,23,284,405,110,428,394
"Morganza_all/026850@29.5853192952787,-90.6942975135044.jpg",2,0,295,400,99,400,394
"Morganza_all/026851@29.5855190697589,-90.6946905538522.jpg",1,117,292,432,88,549,380
"Morganza_all/026852@29.5851921365055,-90.6943932457976.jpg",1,128,279,410,119,538,398
"Morganza_all/026853@29.5850140630859,-90.6945258299664.jpg",3,78,277,291,118,369,395
"Morganza_all/026854@29.5852518660876,-90.6948675013255.jpg",3,82,284,348,139,430,423
"Morganza_all/026855@29.5856238744433,-90.6952448153515.jpg",2,0,257,393,144,393,401
"Morganza_all/026857@29.5859029572353,-90.6948925477418.jpg",1,18,273,305,105,323,378
"Morganza_all/026862@29.5866588581852,-90.6941575475463.jpg",1,46,287,219,98,265,385
"Morganza_all/026863@29.5868115274698,-90.6940543514095.jpg",2,0,287,336,104,336,391
"Morganza_all/026864@29.5847855565521,-90.6947828524955.jpg",1,128,270,437,102,565,372
"Morganza_all/026865@29.5845948928635,-90.6949446808178.jpg",3,111,281,297,105,408,386
"Morganza_all/026866@29.584360041338,-90.6952090408681.jpg",1,5,292,402,84,407,376
"Morganza_all/026867@29.5841632106835,-90.6954147331351.jpg",1,124,283,311,99,435,382
"Morganza_all/026868@29.5839539479954,-90.6956935262291.jpg",2,183,279,458,114,641,393
"Morganza_all/026869@29.5837126797735,-90.6959506245722.jpg",2,6,257,635,161,641,418
"Morganza_all/026872@29.5842142926516,-90.6967360205698.jpg",2,139,299,502,113,641,412
"Morganza_all/026873@29.5844939035453,-90.6964859781762.jpg",2,299,286,342,148,641,434
"Morganza_all/026874@29.5843249955769,-90.6958737051283.jpg",3,107,290,384,102,491,392
"Morganza_all/026875@29.5844582156487,-90.6957122447186.jpg",2,146,296,469,103,615,399
"Morganza_all/026876@29.5845788455062,-90.6955800291792.jpg",2,232,284,409,116,641,400
"Morganza_all/026877@29.5847758184892,-90.6954035321263.jpg",3,84,297,389,100,473,397
"Morganza_all/026878@29.585048976079,-90.6951389273504.jpg",1,43,301,475,124,518,425
"Morganza_all/026879@29.5852355703616,-90.695451729621.jpg",5,236,298,119,93,355,391
"Morganza_all/026882@29.5848678964075,-90.6959652018606.jpg",1,286,267,272,127,558,394
"Morganza_all/026883@29.5847473999414,-90.6961192824835.jpg",1,305,304,111,97,416,401
"Morganza_all/026886@29.5851462000995,-90.6967592940527.jpg",2,0,274,477,131,477,405
"Morganza_all/026887@29.5847946474798,-90.6966520095523.jpg",1,184,243,331,156,515,399
"Morganza_all/026888@29.5849468931146,-90.6964612002946.jpg",3,4,253,469,161,473,414
"Morganza_all/026889@29.5850866984331,-90.6963361937047.jpg",1,129,271,341,141,470,412
"Morganza_all/026890@29.5852666617137,-90.6965978831533.jpg",1,106,294,179,89,285,383
"Morganza_all/026891@29.58538101929,-90.6964876365822.jpg",1,153,285,247,111,400,396
"Morganza_all/026892@29.5854827671907,-90.6964139660177.jpg",1,101,286,210,123,311,409
"Morganza_all/026893@29.5855970616461,-90.6962964201778.jpg",3,117,290,236,102,353,392
"Morganza_all/026894@29.5857050747449,-90.6961935124876.jpg",1,132,292,200,112,332,404
"Morganza_all/026895@29.5858066096096,-90.6960760473193.jpg",1,181,301,188,99,369,400
"Morganza_all/026896@29.585556476475,-90.6958220717997.jpg",1,23,257,440,151,463,408
"Morganza_all/026898@29.5852581181715,-90.6961525606192.jpg",2,0,265,398,143,398,408
"Morganza_all/026899@29.5858917351282,-90.6978352209668.jpg",3,245,283,396,127,641,410
"Morganza_all/026900@29.5860780398948,-90.6980896071785.jpg",2,206,276,435,131,641,407
"Morganza_all/026901@29.5862368088227,-90.6979279533571.jpg",1,67,301,384,95,451,396
"Morganza_all/026902@29.5863763323027,-90.6977445233176.jpg",4,332,281,84,81,416,362
"Morganza_all/026903@29.5862029280135,-90.6975192836089.jpg",1,36,291,454,100,490,391
"Morganza_all/026904@29.5863553519491,-90.697364968244.jpg",1,51,292,365,100,416,392
"Morganza_all/026905@29.5865415866854,-90.6976047251668.jpg",4,314,300,116,84,430,384
"Morganza_all/026906@29.5867068410709,-90.6974649580161.jpg",1,50,226,396,165,446,391
"Morganza_all/026907@29.5864885303624,-90.6971888767863.jpg",1,104,273,338,123,442,396
"Morganza_all/026908@29.5866730296679,-90.6970708846558.jpg",1,181,284,354,102,535,386
"Morganza_all/026909@29.586865467578,-90.6972741058349.jpg",1,76,285,356,96,432,381
"Morganza_all/026910@29.5870179266436,-90.6971270881758.jpg",1,126,299,341,91,467,390
"Morganza_all/026911@29.586825417641,-90.6969092687986.jpg",1,168,281,316,95,484,376
"Morganza_all/026912@29.5869585679419,-90.6967331760832.jpg",1,69,281,414,115,483,396
"Morganza_all/026913@29.5871449377691,-90.6969948618889.jpg",1,7,297,371,102,378,399
"Morganza_all/026914@29.5873037762166,-90.696847802851.jpg",1,47,303,329,87,376,390
"Morganza_all/026915@29.5870982315571,-90.696578939479.jpg",3,63,273,362,122,425,395
"Morganza_all/026916@29.5872763506147,-90.6964609860748.jpg",1,78,280,304,120,382,400
"Morganza_all/026917@29.5874624372698,-90.6966642476867.jpg",1,70,294,307,97,377,391
"Morganza_all/026918@29.5876403080665,-90.6964951685293.jpg",1,24,303,374,94,398,397
"Morganza_all/026919@29.5874222872026,-90.6962848106368.jpg",1,40,263,410,124,450,387
"Morganza_all/026921@29.5878119764241,-90.6963626565968.jpg",1,1,295,358,100,359,395
"Morganza_all/026922@29.5879707077426,-90.6961936980702.jpg",1,76,285,359,111,435,396
"Morganza_all/026923@29.5877653313453,-90.6959540621522.jpg",1,133,283,432,106,565,389
"Morganza_all/026924@29.5879240266416,-90.6957778038915.jpg",3,268,266,269,134,537,400
"Morganza_all/026925@29.588104026658,-90.6960468303908.jpg",1,37,294,317,90,354,384
"Morganza_all/026926@29.5880637681429,-90.6956454621695.jpg",1,206,273,420,129,626,402
"Morganza_all/026927@29.5882563068908,-90.6958633130977.jpg",1,76,276,398,99,474,375
"Morganza_all/026929@29.588229162475,-90.6955348864116.jpg",1,146,287,228,104,374,391
"Morganza_all/026930@29.5883682206541,-90.6952565283598.jpg",1,40,255,451,130,491,385
"Morganza_all/026931@29.5885741232532,-90.6955984160149.jpg",2,0,253,397,126,397,379
"Morganza_all/026932@29.5884823992787,-90.6951097493521.jpg",1,114,284,390,109,504,393
"Morganza_all/026933@29.5886879194452,-90.6953786135998.jpg",2,3,258,367,121,370,379
"Morganza_all/026934@29.5888979633913,-90.6952604527869.jpg",1,4,270,481,120,485,390
"Morganza_all/026935@29.5886476154547,-90.6949626761586.jpg",2,192,284,423,110,615,394
"Morganza_all/026936@29.5887809053368,-90.694815774561.jpg",1,201,284,440,102,641,386
"Morganza_all/026937@29.5890501714491,-90.6950623343492.jpg",3,127,270,313,106,440,376
"Morganza_all/026938@29.5889528564353,-90.6947416521598.jpg",1,265,286,349,96,614,382
"Morganza_all/026944@29.5879565304949,-90.6913090776228.jpg",1,40,280,351,112,391,392
"Morganza_all/026945@29.5880249815492,-90.6914953713209.jpg",1,338,298,147,106,485,404
"Morganza_all/026946@29.5875634945774,-90.6914918789135.jpg",1,335,284,207,147,542,431
"Morganza_all/026947@29.5875007478485,-90.6913248676479.jpg",1,281,290,295,114,576,404
"Morganza_all/026948@29.587443602604,-90.6911449524094.jpg",1,293,280,245,154,538,434
"Morganza_all/026949@29.5874088563818,-90.6909455755893.jpg",1,254,289,127,106,381,395
"Morganza_all/026950@29.5873461679121,-90.6907849829404.jpg",2,1,276,640,142,641,418
"Morganza_all/026951@29.5872034368162,-90.6903738005336.jpg",1,211,306,132,87,343,393
"Morganza_all/026953@29.5870424418254,-90.6908255676317.jpg",1,102,284,277,124,379,408
"Morganza_all/026954@29.5871108935684,-90.691011859299.jpg",1,50,291,339,135,389,426
"Morganza_all/026955@29.5872602410773,-90.6916290489812.jpg",1,186,290,206,135,392,425
"Morganza_all/026956@29.5869411388811,-90.6919723682464.jpg",1,286,273,231,108,517,381
"Morganza_all/026957@29.5869401937084,-90.6917791939952.jpg",1,257,287,284,103,541,390
"Morganza_all/026960@29.5867630626307,-90.6912330063771.jpg",1,328,279,166,133,494,412
"Morganza_all/026961@29.5866885955451,-90.6909695133156.jpg",1,263,314,144,87,407,401
"Morganza_all/026963@29.5865913497716,-90.6906481814439.jpg",1,208,306,131,81,339,387
"Morganza_all/026964@29.5865682284874,-90.6905259722454.jpg",1,131,287,148,109,279,396
"Morganza_all/026966@29.5872900512062,-90.6896714059773.jpg",1,266,297,129,104,395,401
"Morganza_all/026967@29.5871195650554,-90.6893376761235.jpg",1,203,284,228,100,431,384
"Morganza_all/026968@29.5862308248335,-90.6905796731127.jpg",1,70,295,408,120,478,415
"Morganza_all/026969@29.586056467897,-90.6906001099269.jpg",1,277,303,213,93,490,396
"Morganza_all/026970@29.5863910428499,-90.6911195153439.jpg",1,227,261,208,163,435,424
"Morganza_all/026971@29.5862229537833,-90.6912686865245.jpg",4,314,292,88,93,402,385
"Morganza_all/026972@29.5864094721614,-90.6914349023628.jpg",3,35,273,465,114,500,387
"Morganza_all/026973@29.5864499494219,-90.6916535585752.jpg",1,255,288,180,88,435,376
"Morganza_all/026974@29.5865017363934,-90.6918850421319.jpg",1,163,278,176,91,339,369
"Morganza_all/026975@29.5866326528964,-90.6921868099247.jpg",1,28,303,355,99,383,402
"Morganza_all/026976@29.5870621323173,-90.6890998103657.jpg",3,136,265,351,108,487,373
"Morganza_all/026977@29.5869370399284,-90.6888430622221.jpg",1,76,290,379,89,455,379
"Morganza_all/026978@29.5868234113385,-90.6886248454772.jpg",3,128,287,324,103,452,390
"Morganza_all/026979@29.5867324940095,-90.6884451504293.jpg",1,183,302,128,82,311,384
"Morganza_all/026981@29.5864994396352,-90.6879766019392.jpg",3,187,279,325,89,512,368
"Morganza_all/026982@29.5864085890351,-90.6878162255568.jpg",3,164,294,268,93,432,387
"Morganza_all/026983@29.5862602706713,-90.6874115369927.jpg",1,153,262,329,120,482,382
"Morganza_all/026984@29.5861805984823,-90.6872317400406.jpg",1,60,275,335,127,395,402
"Morganza_all/026985@29.5861124270405,-90.6871034044696.jpg",1,143,280,325,127,468,407
"Morganza_all/026986@29.585993376477,-90.6869238936396.jpg",2,0,274,400,105,400,379
"Morganza_all/026987@29.5858854180424,-90.6867185440288.jpg",2,0,289,310,105,310,394
"Morganza_all/026988@29.5858115727327,-90.6865773463007.jpg",1,15,268,279,110,294,378
"Morganza_all/026989@29.5857530904901,-90.6861334458615.jpg",2,0,285,397,85,397,370
"Morganza_all/026990@29.5854534771329,-90.6858649649229.jpg",1,31,283,308,125,339,408
"Morganza_all/026992@29.5850715685184,-90.6860219437564.jpg",2,0,229,320,225,320,454
"Morganza_all/026994@29.584323304609,-90.6860718645092.jpg",1,144,281,336,103,480,384
"Morganza_all/026995@29.5840646863186,-90.6861250386208.jpg",1,129,281,372,87,501,368
"Morganza_all/026996@29.5848934501999,-90.6864223157002.jpg",3,137,290,278,120,415,410
"Morganza_all/026999@29.5842243192608,-90.6865425426812.jpg",1,206,287,279,115,485,402
"Morganza_all/027000@29.5840724885271,-90.6865692588395.jpg",1,256,307,213,88,469,395
"Morganza_all/027001@29.5839261363944,-90.6865637857322.jpg",1,236,285,294,109,530,394
"Morganza_all/027002@29.5837745237404,-90.6866291352201.jpg",1,165,285,241,106,406,391
"Morganza_all/027004@29.5838449813451,-90.6872210712296.jpg",3,97,289,313,95,410,384
"Morganza_all/027005@29.5840247570771,-90.6871619590782.jpg",3,137,257,297,121,434,378
"Morganza_all/027006@29.5842331314204,-90.687186350438.jpg",1,93,273,399,114,492,387
"Morganza_all/027007@29.584373751243,-90.6871725753745.jpg",2,0,240,351,136,351,376
"Morganza_all/027008@29.5845650870534,-90.6871713409673.jpg",1,68,281,335,108,403,389
"Morganza_all/027009@29.5847114075252,-90.6871703969743.jpg",1,61,255,319,176,380,431
"Morganza_all/027010@29.5848399867959,-90.6869957087686.jpg",5,0,271,358,99,358,370
"Morganza_all/027011@29.5854699305355,-90.6869143725174.jpg",3,47,268,381,102,428,370
"Morganza_all/027012@29.5839399266947,-90.6882184538683.jpg",1,127,275,398,104,525,379
"Morganza_all/027013@29.5840895072638,-90.687734584768.jpg",1,286,268,199,105,485,373
"Morganza_all/027014@29.5842155884095,-90.6881973608071.jpg",1,12,302,366,81,378,383
"Morganza_all/027016@29.5844518086845,-90.6881636538095.jpg",2,0,271,326,112,326,383
"Morganza_all/027017@29.5847497741671,-90.6881037815892.jpg",3,34,271,422,100,456,371
"Morganza_all/027018@29.5846516017863,-90.687595738403.jpg",2,271,296,369,112,640,408
"Morganza_all/027019@29.5848935585543,-90.6875877601921.jpg",1,289,277,278,133,567,410
"Morganza_all/027020@29.5850285051482,-90.6875611227615.jpg",1,280,264,291,144,571,408
"Morganza_all/027021@29.5849466203954,-90.6880767461035.jpg",2,0,266,317,138,317,404
"Morganza_all/027022@29.5850986098456,-90.6880822166206.jpg",1,42,266,295,143,337,409
"Morganza_all/027024@29.5855063329755,-90.6874485850616.jpg",1,236,285,319,88,555,373
"Morganza_all/027025@29.585835659292,-90.6880388325216.jpg",2,0,277,424,122,424,399
"Morganza_all/027026@29.5860034276023,-90.6878252552083.jpg",2,5,281,636,142,641,423
"Morganza_all/027029@29.5861331771526,-90.6890285142495.jpg",1,168,281,332,95,500,376
"Morganza_all/027030@29.5859848308127,-90.6886173754366.jpg",2,0,269,327,131,327,400
"Morganza_all/027031@29.5858714553495,-90.6884506945715.jpg",1,162,266,453,142,615,408
"Morganza_all/027032@29.5856243048079,-90.6885488748305.jpg",5,207,270,399,114,606,384
"Morganza_all/027033@29.5857452837368,-90.6891211488519.jpg",1,169,291,373,96,542,387
"Morganza_all/027034@29.5853656222391,-90.6885891756451.jpg",1,287,284,328,89,615,373
"Morganza_all/027035@29.5851346590806,-90.6885455773645.jpg",1,361,281,280,136,641,417
"Morganza_all/027036@29.5849995222733,-90.6885335794016.jpg",1,284,266,355,161,639,427
"Morganza_all/027037@29.585148596688,-90.6890928011468.jpg",3,39,250,346,124,385,374
"Morganza_all/027038@29.5848959940626,-90.6892231997511.jpg",1,127,270,404,121,531,391
"Morganza_all/027040@29.5845810530105,-90.6892702785261.jpg",5,185,271,261,88,446,359
"Morganza_all/027041@29.5843336488573,-90.6893169541982.jpg",2,0,240,475,149,475,389
"Morganza_all/027042@29.5844712901309,-90.6886915205799.jpg",1,335,266,232,111,567,377
"Morganza_all/027043@29.5842065269044,-90.68864169036.jpg",2,227,224,414,183,641,407
"Morganza_all/027044@29.5839944106262,-90.6889971882662.jpg",1,87,275,394,127,481,402
"Morganza_all/027045@29.5840066700823,-90.6892031518941.jpg",1,166,278,328,123,494,401
"Morganza_all/027046@29.5841389522803,-90.6897817944668.jpg",1,200,285,388,112,588,397
"Morganza_all/027047@29.5841456639173,-90.6900006619574.jpg",2,0,267,408,118,408,385
"Morganza_all/027048@29.5842085428869,-90.6901998827769.jpg",1,134,242,349,149,483,391
"Morganza_all/027049@29.5842379055804,-90.6904507904075.jpg",2,0,271,552,144,552,415
"Morganza_all/027050@29.5845011205962,-90.6901851047011.jpg",1,190,270,162,89,352,359
"Morganza_all/027051@29.5843641513236,-90.6897996649954.jpg",3,175,278,457,130,632,408
"Morganza_all/027052@29.5846678456063,-90.6897526602574.jpg",3,207,289,279,91,486,380
"Morganza_all/027053@29.5849153447481,-90.6897253025383.jpg",1,258,297,308,84,566,381
"Morganza_all/027054@29.5850407870792,-90.6900593150055.jpg",2,0,237,360,106,360,343
"Morganza_all/027055@29.5852358323611,-90.6896652899489.jpg",1,230,296,304,81,534,377
"Morganza_all/027057@29.5854841533302,-90.6898053366031.jpg",1,265,282,294,84,559,366
"Morganza_all/027058@29.5853225285743,-90.6901283266036.jpg",3,192,282,265,105,457,387
"Morganza_all/027059@29.5854914061181,-90.6901401100746.jpg",2,0,148,413,228,413,376
"Morganza_all/027061@29.5859583999721,-90.6901113748997.jpg",1,184,308,410,84,594,392
"Morganza_all/027063@29.5860456494011,-90.6895441783145.jpg",3,97,296,423,91,520,387
"Morganza_all/027064@29.5863721852783,-90.6895678470734.jpg",1,172,249,391,185,563,434
"Morganza_all/027065@29.5864813716055,-90.6900242946411.jpg",2,0,206,434,185,434,391
"Morganza_all/027066@29.5865853784489,-90.6894312509746.jpg",1,294,257,252,135,546,392
"Morganza_all/027067@29.5867597352009,-90.6894108120176.jpg",1,169,252,343,143,512,395
"Morganza_all/027068@29.5868743106692,-90.6898221721559.jpg",1,134,292,433,99,567,391
"Morganza_all/027071@29.5827906815593,-90.6946693165427.jpg",1,216,258,149,111,365,369
"Morganza_all/027072@29.5823590606702,-90.6938650903531.jpg",1,98,238,412,125,510,363
"Morganza_all/027074@29.5821889296187,-90.6928360144536.jpg",2,0,282,640,126,640,408
"Morganza_all/027075@29.5817626681193,-90.6931306036545.jpg",3,103,283,425,90,528,373
"Morganza_all/027079@29.5805238046114,-90.691447327573.jpg",1,207,292,199,99,406,391
"Morganza_all/027080@29.5803444722563,-90.6916030109058.jpg",1,68,281,244,110,312,391
"Morganza_all/027085@29.5423504981037,-90.629035646691.jpg",6,142,264,160,122,302,386
"Morganza_all/027086@29.5894536285999,-90.6927304349267.jpg",1,96,269,408,129,504,398
"Morganza_all/027087@29.5896067247791,-90.6927148251762.jpg",1,184,271,383,137,567,408
"Morganza_all/027088@29.5897468915487,-90.6926701314459.jpg",1,226,278,353,116,579,394
"Morganza_all/027089@29.5898999165326,-90.6926399544038.jpg",1,276,288,307,120,583,408
"Morganza_all/027090@29.5900274582498,-90.6926172083828.jpg",1,249,290,339,122,588,412
"Morganza_all/027091@29.5901230384724,-90.6925873986963.jpg",1,152,271,291,125,443,396
"Morganza_all/027092@29.5902760634357,-90.6925572214144.jpg",1,155,286,366,122,521,408
"Morganza_all/027093@29.5903907743945,-90.692519958154.jpg",1,127,269,342,140,469,409
"Morganza_all/027094@29.5905501076762,-90.6924751411549.jpg",1,200,278,304,126,504,404
"Morganza_all/027095@29.5906777290597,-90.6924743245095.jpg",1,151,282,415,121,566,403
"Morganza_all/027096@29.5908307896762,-90.6924514462636.jpg",1,209,289,306,115,515,404
"Morganza_all/027097@29.5909709480123,-90.6923994205935.jpg",1,212,282,258,140,470,422
"Morganza_all/027098@29.5911049134036,-90.6923912636238.jpg",1,210,284,314,110,524,394
"Morganza_all/027099@29.5912259326326,-90.692339360224.jpg",1,238,271,302,126,540,397
"Morganza_all/027100@29.5913470315652,-90.6923093865784.jpg",1,153,260,330,136,483,396
"Morganza_all/027101@29.5914809887583,-90.6922939298583.jpg",1,74,272,396,147,470,419
"Morganza_all/027102@29.5916019365607,-90.6922274272819.jpg",1,174,268,288,140,462,408
"Morganza_all/027103@29.5919335407744,-90.6921742067164.jpg",1,131,265,364,157,495,422
"Morganza_all/027104@29.5920866727286,-90.6921659266598.jpg",1,130,274,335,139,465,413
"Morganza_all/027105@29.5922204951535,-90.692128539915.jpg",1,141,274,375,137,516,411
"Morganza_all/027106@29.5923672474098,-90.6921203006115.jpg",2,216,263,425,149,641,412
"Morganza_all/027107@29.5925012045769,-90.6921048434811.jpg",1,144,276,283,125,427,401
"Morganza_all/027108@29.5926542294193,-90.6920746647453.jpg",3,149,264,264,135,413,399
"Morganza_all/027109@29.5930173032297,-90.6919335814992.jpg",1,31,285,367,119,398,404
"Morganza_all/027110@29.593291490069,-90.6918807269704.jpg",1,117,261,221,131,338,392
"Morganza_all/027111@29.5934765561801,-90.6918795416063.jpg",1,119,255,344,202,463,457
"Morganza_all/027112@29.5941272904652,-90.6918315430298.jpg",1,74,271,277,134,351,405
"Morganza_all/027113@29.5943059411621,-90.6918230988019.jpg",3,267,273,230,153,497,426
"Morganza_all/027114@29.5944397552612,-90.6917784109556.jpg",1,112,297,332,123,444,420
"Morganza_all/027115@29.5945474157525,-90.6916097926634.jpg",1,278,268,170,88,448,356
"Morganza_all/027116@29.5947902399043,-90.691666635822.jpg",3,195,270,313,141,508,411
"Morganza_all/027117@29.5952751186769,-90.6916343293259.jpg",1,235,247,307,185,542,432
"Morganza_all/027118@29.595440723984,-90.6915675372509.jpg",1,156,255,268,155,424,410
"Morganza_all/027119@29.5955746535759,-90.6915520790829.jpg",1,123,226,294,207,417,433
"Morganza_all/027120@29.595714847425,-90.6915073808856.jpg",2,0,258,417,165,417,423
"Morganza_all/027121@29.5959054351736,-90.6913308970949.jpg",2,0,264,521,135,521,399
"Morganza_all/027122@29.5958936052942,-90.6915208351794.jpg",1,280,279,151,141,431,420
"Morganza_all/027123@29.5960593177492,-90.6914759417743.jpg",3,68,274,267,110,335,384
"Morganza_all/027124@29.5962059984758,-90.691453101664.jpg",2,0,258,436,142,436,400
"Morganza_all/027125@29.5963908776376,-90.6914081166137.jpg",3,0,259,359,150,359,409
"Morganza_all/027126@29.5965568046497,-90.6914070530213.jpg",1,11,271,268,125,279,396
"Morganza_all/027127@29.5967316486045,-90.6919243920577.jpg",3,155,273,313,87,468,360
"Morganza_all/027128@29.5964690779973,-90.6917435104626.jpg",1,57,276,248,130,305,406
"Morganza_all/027129@29.5963039727575,-90.691912531242.jpg",1,266,291,285,110,551,401
"Morganza_all/027130@29.5961187280995,-90.6918772177728.jpg",2,136,238,501,216,637,454
"Morganza_all/027131@29.5957933251813,-90.6918939019982.jpg",3,180,236,404,183,584,419
"Morganza_all/027132@29.5951556716608,-90.6920075164684.jpg",1,115,242,498,165,613,407
"Morganza_all/027133@29.5949644759495,-90.6920598716745.jpg",1,288,257,321,130,609,387
"Morganza_all/027134@29.5945248619395,-90.6922160154942.jpg",3,190,258,239,100,429,358
"Morganza_all/027135@29.5944441471339,-90.6926765812012.jpg",6,295,216,150,99,445,315
"Morganza_all/027136@29.594071873441,-90.6922408464112.jpg",1,311,263,255,129,566,392
"Morganza_all/027137@29.5938417648721,-90.692169289751.jpg",2,109,285,526,139,635,424
"Morganza_all/027138@29.5938684260508,-90.6924027764135.jpg",2,37,286,602,139,639,425
"Morganza_all/027139@29.5933765248765,-90.692303695992.jpg",2,0,246,450,150,450,396
"Morganza_all/027141@29.5929884397305,-90.6925544663453.jpg",2,216,235,422,172,638,407
"Morganza_all/027142@29.5929300669778,-90.6923649832146.jpg",2,283,269,353,129,636,398
"Morganza_all/027143@29.5926896258376,-90.692790032847.jpg",5,280,274,101,84,381,358
"Morganza_all/027144@29.5926369112408,-90.6924471880283.jpg",2,0,265,425,142,425,407
"Morganza_all/027145@29.5924772566959,-90.6924262790787.jpg",3,213,278,376,118,589,396
"Morganza_all/027146@29.5925492532345,-90.692798230392.jpg",3,134,264,318,136,452,400
"Morganza_all/027147@29.5924089439442,-90.6928137586925.jpg",3,99,267,417,131,516,398
"Morganza_all/027148@29.5923306829809,-90.6924710468324.jpg",1,212,274,286,124,498,398
"Morganza_all/027149@29.5921903817551,-90.6924938437452.jpg",1,185,285,291,127,476,412
"Morganza_all/027150@29.592262334284,-90.6928511949049.jpg",3,123,273,297,118,420,391
"Morganza_all/027152@29.5920500805248,-90.6925166405941.jpg",1,214,291,310,122,524,413
"Morganza_all/027153@29.5919098782946,-90.6925540675755.jpg",1,203,285,282,115,485,400
"Morganza_all/027154@29.5919626640788,-90.6929115403421.jpg",1,93,284,327,110,420,394
"Morganza_all/027155@29.5918160187351,-90.6929416767966.jpg",1,118,284,287,115,405,399
"Morganza_all/027156@29.5917759567469,-90.6925768234587.jpg",1,131,282,285,105,416,387
"Morganza_all/027157@29.5916165877636,-90.6926143414114.jpg",1,144,288,273,117,417,405
"Morganza_all/027158@29.5916757092713,-90.6929571733193.jpg",1,93,282,317,131,410,413
"Morganza_all/027159@29.5915100044408,-90.69300936191.jpg",2,0,294,385,113,385,407
"Morganza_all/027160@29.5914699069698,-90.6926372102374.jpg",3,182,292,316,128,498,420
"Morganza_all/027161@29.5913424364389,-90.6926745239241.jpg",1,119,278,471,138,590,416
"Morganza_all/027162@29.5913889053487,-90.693039334758.jpg",2,252,277,387,176,639,453
"Morganza_all/027163@29.5911018517007,-90.6930703684916.jpg",3,27,282,404,126,431,408
"Morganza_all/027164@29.5910429364651,-90.6927640667258.jpg",2,0,294,409,130,409,424
"Morganza_all/027165@29.5909025995207,-90.6927795635536.jpg",1,150,277,362,127,512,404
"Morganza_all/027166@29.5909680290032,-90.6931077535603.jpg",3,113,286,309,108,422,394
"Morganza_all/027167@29.5908213836104,-90.6931378894282.jpg",1,85,285,334,106,419,391
"Morganza_all/027168@29.5907559185416,-90.6928024005118.jpg",1,158,277,327,126,485,403
"Morganza_all/027169@29.5906029293375,-90.6928399083858.jpg",1,96,276,351,137,447,413
"Morganza_all/027170@29.5906684299514,-90.6931826961787.jpg",1,68,282,324,131,392,413
"Morganza_all/027171@29.5905089895122,-90.6932056140467.jpg",1,18,282,349,118,367,400
"Morganza_all/027172@29.5904435602739,-90.6928774254804.jpg",1,121,268,305,150,426,418
"Morganza_all/027173@29.5902841555432,-90.6929076431192.jpg",1,176,268,380,145,556,413
"Morganza_all/027174@29.5904006853984,-90.6932428041529.jpg",1,157,276,298,131,455,407
"Morganza_all/027175@29.5902349723127,-90.6932876920981.jpg",1,55,270,361,156,416,426
"Morganza_all/027176@29.5901632348902,-90.6929741438233.jpg",1,57,285,387,140,444,425
"Morganza_all/027177@29.5899845566004,-90.6929825858246.jpg",1,151,278,391,138,542,416
"Morganza_all/027178@29.5900819115479,-90.6933105689297.jpg",1,70,287,322,114,392,401
"Morganza_all/027179@29.5899224354514,-90.69332618715.jpg",1,46,275,330,129,376,404
"Morganza_all/027180@29.5898570779686,-90.6930126304998.jpg",1,29,281,395,116,424,397
"Morganza_all/027181@29.5896786410638,-90.6930648679838.jpg",1,165,281,376,127,541,408
"Morganza_all/027183@29.5896547703682,-90.6934082238028.jpg",1,137,290,313,112,450,402
"Morganza_all/027184@29.5895254021011,-90.6930512486238.jpg",1,127,289,307,119,434,408
"Morganza_all/027185@29.589398038535,-90.6931104903367.jpg",1,206,278,352,136,558,414
"Morganza_all/027186@29.5895208761629,-90.6934309778557.jpg",3,162,274,317,126,479,400
"Morganza_all/027188@29.5906996737705,-90.6969795752559.jpg",1,256,273,195,87,451,360
"Morganza_all/027191@29.5898948127238,-90.6968313361456.jpg",1,47,258,256,182,303,440
"Morganza_all/027193@29.5896407829153,-90.6970885280567.jpg",1,48,237,227,123,275,360
"Morganza_all/027194@29.5895010124644,-90.6972208700237.jpg",1,60,254,351,131,411,385
"Morganza_all/027195@29.5893422796758,-90.6973897980416.jpg",1,189,276,130,81,319,357
"Morganza_all/027196@29.5892472650879,-90.6975364540341.jpg",1,166,277,168,133,334,410
"Morganza_all/027197@29.5891392076576,-90.697624765232.jpg",1,117,282,260,115,377,397
"Morganza_all/027198@29.5889294801985,-90.6978086459865.jpg",1,332,282,233,136,565,418
"Morganza_all/027201@29.5884722768699,-90.698286167495.jpg",1,315,287,178,143,493,430
"Morganza_all/027204@29.5880513270482,-90.6983399639051.jpg",1,101,271,322,151,423,422
"Morganza_all/027205@29.5938703582369,-90.6977594825354.jpg",1,248,265,249,146,497,411
"Morganza_all/027206@29.5944966510744,-90.6976044760156.jpg",1,125,228,240,194,365,422
"Morganza_all/027207@29.5962383403765,-90.6981107753757.jpg",1,197,268,328,143,525,411
"Morganza_all/027208@29.5944003908915,-90.7005580386237.jpg",3,209,282,176,157,385,439
"Morganza_all/027211@29.5930113748458,-90.7006461369588.jpg",2,0,280,487,140,487,420
"Morganza_all/027213@29.5933298924515,-90.7003080514818.jpg",2,0,299,639,170,639,469
"Morganza_all/027214@29.5930629240221,-90.7003814780263.jpg",2,0,294,493,138,493,432
"Morganza_all/027217@29.5931007898824,-90.700022511796.jpg",1,57,294,416,90,473,384
"Morganza_all/027218@29.593021602631,-90.700030564034.jpg",1,84,294,413,89,497,383
"Morganza_all/027222@29.5931590924357,-90.6997955670119.jpg",2,0,296,414,144,414,440
"Morganza_all/027223@29.5929808916699,-90.6998004700506.jpg",2,0,295,638,151,638,446
"Morganza_all/027226@29.5866699686648,-90.6907206385041.jpg",1,186,302,189,86,375,388
"Morganza_all/027227@29.5865580165681,-90.6904623262809.jpg",2,203,294,433,100,636,394
"Morganza_all/027228@29.5868799696704,-90.6904487444186.jpg",1,369,301,176,86,545,387
"Morganza_all/027230@29.5873197535793,-90.6908661374232.jpg",1,78,246,295,191,373,437
"Morganza_all/027231@29.587431451191,-90.6910726660097.jpg",2,0,289,284,133,284,422
"Morganza_all/027232@29.587472526968,-90.6912393439971.jpg",1,339,277,245,138,584,415
"Morganza_all/027233@29.5874329846133,-90.690358829377.jpg",2,324,315,317,151,641,466
"Morganza_all/027234@29.5869723007085,-90.6908108211644.jpg",1,141,282,263,136,404,418
"Morganza_all/027235@29.5878952106163,-90.691248149535.jpg",1,111,268,194,146,305,414
"Morganza_all/027236@29.590188953912,-90.690099369456.jpg",2,212,205,429,186,641,391
"Morganza_all/027237@29.5651459091702,-90.6754888936743.jpg",2,412,245,225,104,637,349
"Morganza_all/027238@29.5649567998582,-90.6751284263061.jpg",1,42,223,375,168,417,391
"Morganza_all/027239@29.5649308979765,-90.67481142863.jpg",1,316,236,243,141,559,377
"Morganza_all/027240@29.5573260629677,-90.6704820133675.jpg",1,75,244,406,181,481,425
"Morganza_all/027241@29.5649101705832,-90.6745611460728.jpg",2,294,233,347,158,641,391
"Morganza_all/027242@29.5648746027087,-90.6742581156913.jpg",1,80,226,382,149,462,375
"Morganza_all/027243@29.5648535039104,-90.6741747711267.jpg",2,0,219,272,161,272,380
"Morganza_all/027244@29.5648603708642,-90.6740857063586.jpg",3,169,236,401,146,570,382
"Morganza_all/027245@29.5648475451485,-90.6739577976037.jpg",2,0,233,284,147,284,380
"Morganza_all/027246@29.5648396140718,-90.6738298566573.jpg",3,177,268,340,120,517,388
"Morganza_all/027247@29.5648632790034,-90.673701739135.jpg",2,0,271,308,117,308,388
"Morganza_all/027249@29.5650791065409,-90.6736929573207.jpg",2,339,255,302,123,641,378
"Morganza_all/027250@29.5651823647801,-90.6737033498187.jpg",1,99,244,286,139,385,383
"Morganza_all/027251@29.5652598752826,-90.6737175922071.jpg",2,0,249,297,126,297,375
"Morganza_all/027252@29.565327660232,-90.6737282183229.jpg",1,232,254,284,121,516,375
"Morganza_all/027253@29.5654083420578,-90.673738759535.jpg",1,2,244,385,133,387,377
"Morganza_all/027254@29.5654761174647,-90.6737420250683.jpg",2,358,244,283,147,641,391
"Morganza_all/027255@29.5655806734318,-90.6737425319577.jpg",1,137,240,357,152,494,392
"Morganza_all/027256@29.5572767532696,-90.669156047938.jpg",3,110,250,408,152,518,402
"Morganza_all/027257@29.5572684034832,-90.6717951299711.jpg",2,304,222,336,187,640,409
"Morganza_all/027258@29.5572611334652,-90.6720437848661.jpg",2,0,256,374,138,374,394
"Morganza_all/027259@29.5572576826446,-90.6722046598171.jpg",2,0,266,262,129,262,395
"Morganza_all/027260@29.5572585432511,-90.6723752882868.jpg",2,180,205,461,173,641,378
"Morganza_all/027261@29.5572511984026,-90.6726093178186.jpg",1,172,278,306,144,478,422
"Morganza_all/027262@29.5572463377692,-90.6728616367528.jpg",2,0,252,343,150,343,402
"Morganza_all/027263@29.5572599942407,-90.6730232166768.jpg",1,61,265,358,150,419,415
"Morganza_all/027264@29.5572511842535,-90.6731849761369.jpg",1,106,250,434,164,540,414
"Morganza_all/027265@29.5572583871054,-90.6733429185892.jpg",2,311,244,328,160,639,404
"Morganza_all/027266@29.5572656174239,-90.6735008923354.jpg",2,242,244,399,165,641,409
"Morganza_all/027267@29.5572728659157,-90.6736625145665.jpg",2,0,244,303,162,303,406
"Morganza_all/027268@29.5572736611588,-90.6738205307184.jpg",2,0,235,330,165,330,400
"Morganza_all/027269@29.5572905337933,-90.6739820896424.jpg",1,162,237,362,171,524,408
"Morganza_all/027270@29.5572816581068,-90.6741364894189.jpg",1,61,233,480,178,541,411
"Morganza_all/027271@29.5572730498107,-90.6743386335184.jpg",1,174,255,302,148,476,403
"Morganza_all/027272@29.5572737519024,-90.6744782815556.jpg",2,249,215,392,181,641,396
"Morganza_all/027273@29.5572839674095,-90.6745957868232.jpg",2,0,216,351,188,351,404
"Morganza_all/027274@29.557284687561,-90.6747390833401.jpg",2,0,209,389,230,389,439
"Morganza_all/027275@29.557301540734,-90.6748969939732.jpg",2,0,223,535,171,535,394
"Morganza_all/027276@29.55728964015,-90.6750844709777.jpg",2,353,245,288,139,641,384
"Morganza_all/027277@29.5572646207249,-90.675216927932.jpg",1,57,270,356,130,413,400
"Morganza_all/027279@29.5646632345676,-90.6756967450496.jpg",1,353,265,210,89,563,354
"Morganza_all/027280@29.5646640761936,-90.6754479884867.jpg",1,256,282,244,107,500,389
"Morganza_all/027281@29.5646464717502,-90.6752443660871.jpg",1,225,282,336,111,561,393
"Morganza_all/027282@29.5646325195712,-90.6749412256611.jpg",1,78,273,261,116,339,389
"Morganza_all/027283@29.5646229451867,-90.6746830695043.jpg",2,0,271,346,125,346,396
"Morganza_all/027284@29.5646011075524,-90.6744581482586.jpg",1,64,275,307,119,371,394
"Morganza_all/027285@29.5645896568007,-90.6742426583596.jpg",1,0,266,363,131,363,397
"Morganza_all/027286@29.5645700714638,-90.6740556264448.jpg",2,0,273,293,123,293,396
"Morganza_all/027289@29.5645821114236,-90.6735627952904.jpg",1,111,278,223,81,334,359
"Morganza_all/027291@29.5647283001169,-90.6733936391545.jpg",1,209,276,182,87,391,363
"Morganza_all/027292@29.5648068581451,-90.6733646857065.jpg",1,308,278,218,89,526,367
"Morganza_all/027293@29.5648669152451,-90.6733642900449.jpg",1,134,274,262,101,396,375
"Morganza_all/027294@29.5649394614534,-90.6733756709058.jpg",1,210,271,260,103,470,374
"Morganza_all/027295@29.565007926787,-90.6734012652019.jpg",1,231,264,231,108,462,372
"Morganza_all/027297@29.5651572429169,-90.6734381857574.jpg",1,346,241,295,160,641,401
"Morganza_all/027298@29.5652256726077,-90.6734567028319.jpg",2,0,286,316,94,316,380
"Morganza_all/027299@29.5652775002725,-90.6734658296331.jpg",1,214,282,289,102,503,384
"Morganza_all/027300@29.565345882137,-90.673474847401.jpg",2,279,271,360,111,639,382
"Morganza_all/027301@29.5565380789232,-90.6684440349947.jpg",2,354,284,285,100,639,384
"Morganza_all/027302@29.5576391020577,-90.6685947183526.jpg",1,92,257,373,157,465,414
"Morganza_all/027303@29.557638298345,-90.6695538643874.jpg",1,231,268,297,143,528,411
"Morganza_all/027304@29.5576380652068,-90.6706598626089.jpg",1,106,243,438,157,544,400
"Morganza_all/027305@29.5576350696049,-90.6712206654437.jpg",2,0,259,417,150,417,409
"Morganza_all/027306@29.5576323674029,-90.6714587856786.jpg",1,123,261,339,157,462,418
"Morganza_all/027307@29.5576200701506,-90.6717192382829.jpg",2,324,273,313,111,637,384
"Morganza_all/027308@29.5576155657737,-90.671981872568.jpg",1,80,260,352,144,432,404
"Morganza_all/027310@29.5576084016895,-90.6724915279983.jpg",2,270,235,370,167,640,402
"Morganza_all/027311@29.5576260634086,-90.6729075401643.jpg",2,373,230,266,169,639,399
"Morganza_all/027312@29.5576236771422,-90.6732035325093.jpg",1,168,261,312,143,480,404
"Morganza_all/027313@29.5576329719728,-90.6735038828324.jpg",2,0,238,340,171,340,409
"Morganza_all/027314@29.5576266235179,-90.6737887667508.jpg",1,181,278,399,123,580,401
"Morganza_all/027315@29.5576297128266,-90.6740201806281.jpg",2,279,275,362,145,641,420
"Morganza_all/027316@29.5576363200903,-90.6741692577862.jpg",1,204,250,415,165,619,415
"Morganza_all/027317@29.5576447959477,-90.674307156708.jpg",1,95,286,285,115,380,401
"Morganza_all/027318@29.5576493780745,-90.6744473144532.jpg",2,0,269,309,135,309,404
"Morganza_all/027319@29.5576501723713,-90.6746053312052.jpg",2,0,278,300,114,300,392
"Morganza_all/027320@29.5576565724,-90.674718773065.jpg",1,176,277,355,122,531,399
"Morganza_all/027321@29.5576495840857,-90.6748768095263.jpg",1,137,280,290,121,427,401
"Morganza_all/027322@29.5576558996778,-90.6749680143882.jpg",2,304,275,337,133,641,408
"Morganza_all/027323@29.5576544502879,-90.6750681716002.jpg",1,96,216,414,171,510,387
"Morganza_all/027324@29.557658785842,-90.675159389486.jpg",1,57,205,450,176,507,381
"Morganza_all/027325@29.5576591434182,-90.675230597681.jpg",2,0,219,406,158,406,377
"Morganza_all/027326@29.5781708043584,-90.6845704991148.jpg",1,147,268,280,112,427,380
"Morganza_all/027327@29.5777082899126,-90.6851821456868.jpg",2,318,290,321,88,639,378
"Morganza_all/027328@29.5775731763605,-90.6853417968935.jpg",1,296,275,307,103,603,378
"Morganza_all/027329@29.5794587255629,-90.6850721591577.jpg",1,205,300,327,93,532,393
"Morganza_all/027330@29.5806809754107,-90.6857629891424.jpg",2,385,259,254,154,639,413
"Morganza_all/027331@29.5807299198626,-90.6857063581379.jpg",2,224,265,415,142,639,407
"Morganza_all/027335@29.584145968273,-90.6817546371246.jpg",3,3,281,359,89,362,370
"Morganza_all/027337@29.5850836769474,-90.6800308675158.jpg",3,312,233,276,159,588,392
"Morganza_all/027341@29.583283456062,-90.6705660069409.jpg",1,369,285,246,93,615,378
"Morganza_all/027343@29.5834076731416,-90.6708220053005.jpg",1,297,278,95,88,392,366
"Morganza_all/027344@29.58198515715,-90.6740203395969.jpg",2,0,292,545,95,545,387
"Morganza_all/027345@29.5798671124923,-90.6738290026092.jpg",1,87,157,423,275,510,432
"Morganza_all/027356@29.585169928248,-90.6855585957787.jpg",1,26,296,299,87,325,383
"Morganza_all/027357@29.5838820212802,-90.687750960857.jpg",1,7,286,412,105,419,391
"Morganza_all/027358@29.5838450251522,-90.6850241370091.jpg",3,113,286,471,121,584,407
"Morganza_all/027361@29.5824482281232,-90.6855668858637.jpg",1,124,296,320,98,444,394
"Morganza_all/027362@29.5823182045251,-90.6857549835319.jpg",3,210,281,383,97,593,378
"Morganza_all/027364@29.59357684027,-90.6874697853342.jpg",1,221,226,393,196,614,422
"Morganza_all/027365@29.5952844018241,-90.6856311470163.jpg",4,225,270,172,83,397,353
"Morganza_all/027367@29.5917247158621,-90.6865154357165.jpg",3,308,235,267,159,575,394
"Morganza_all/027369@29.5835435777833,-90.6878725073989.jpg",2,336,281,304,122,640,403
"Morganza_all/027370@29.5854527669441,-90.6880579114743.jpg",3,304,270,310,129,614,399
"Morganza_all/027371@29.5853048515452,-90.6880588644534.jpg",2,0,296,368,99,368,395
"Morganza_all/027372@29.584636934448,-90.6887112507304.jpg",3,284,285,181,99,465,384
"Morganza_all/027373@29.5858950563673,-90.6875972229802.jpg",1,158,280,247,124,405,404
"Morganza_all/027374@29.5796093744542,-90.6903556326183.jpg",1,43,247,530,183,573,430
"Morganza_all/027375@29.5796089912065,-90.689442751832.jpg",2,409,285,232,186,641,471
"Morganza_all/027376@29.5946646792896,-90.7006130371857.jpg",2,0,294,639,185,639,479
"Morganza_all/027377@29.5945125673241,-90.7005535540419.jpg",1,162,270,276,196,438,466
"Morganza_all/027378@29.5937232392203,-90.7004377169312.jpg",2,0,311,274,81,274,392
"Morganza_all/027379@29.594594716249,-90.6997978124745.jpg",2,0,310,543,119,543,429
"Morganza_all/027380@29.5945732225786,-90.7001302500556.jpg",2,0,260,637,178,637,438
"Morganza_all/027381@29.5943092805993,-90.7001470220464.jpg",2,0,271,639,168,639,439
"Morganza_all/027385@29.5937618528268,-90.7002335500536.jpg",2,36,312,602,104,638,416
"Morganza_all/027386@29.5934750126177,-90.7002920311643.jpg",2,0,317,538,98,538,415
"Morganza_all/027387@29.5944363785331,-90.699810141509.jpg",2,0,300,605,146,605,446
"Morganza_all/027389@29.5934469724256,-90.6999523275645.jpg",2,118,303,521,132,639,435
"Morganza_all/027391@29.5963721338689,-90.6900020725637.jpg",6,98,267,145,87,243,354
"Morganza_all/027399@29.5939946361117,-90.6951342778252.jpg",1,179,311,275,87,454,398
"Morganza_all/027400@29.5934071390101,-90.6952591919437.jpg",2,0,278,343,114,343,392
"Morganza_all/027401@29.5936284730375,-90.6999474039032.jpg",2,8,304,627,116,635,420
"Morganza_all/027402@29.5939420220783,-90.6999529723887.jpg",6,218,200,160,102,378,302
"Morganza_all/027403@29.5942240661206,-90.6995849060831.jpg",2,22,302,614,104,636,406
"Morganza_all/027404@29.5943956489362,-90.6995762686896.jpg",2,13,292,628,120,641,412
"Morganza_all/027406@29.5933518743057,-90.7014445079479.jpg",2,0,253,608,209,608,462
"Morganza_all/027407@29.5931640650838,-90.7015098805855.jpg",2,0,263,529,192,529,455
"Morganza_all/027409@29.5934096513754,-90.7011080699175.jpg",2,0,238,477,157,477,395
"Morganza_all/027410@29.5931985431625,-90.7011320570988.jpg",2,0,245,598,149,598,394
"Morganza_all/027411@29.5930832671196,-90.7011780936882.jpg",2,0,247,574,147,574,394
"Morganza_all/027412@29.5932996363182,-90.7008821880368.jpg",2,0,279,641,173,641,452
"Morganza_all/027413@29.5932238309941,-90.7009015454917.jpg",2,0,281,624,162,624,443
"Morganza_all/027414@29.5930324948904,-90.7009141124563.jpg",2,0,277,639,159,639,436
"Morganza_all/027415@29.5933542307132,-90.7005646487135.jpg",2,0,280,428,152,428,432
"Morganza_all/027416@29.5931860753734,-90.7005997243451.jpg",2,0,280,479,135,479,415
"Morganza_all/027417@29.5922707343571,-90.6954258931543.jpg",3,113,296,307,117,420,413
"Morganza_all/027419@29.5919949557387,-90.6954627323037.jpg",3,118,293,225,98,343,391
"Morganza_all/027420@29.5932142639139,-90.6945715672775.jpg",2,0,289,283,129,283,418
"Morganza_all/027421@29.5934467211365,-90.694515871058.jpg",1,204,284,364,121,568,405
"Morganza_all/027423@29.5924938147146,-90.6950764138013.jpg",1,235,279,295,106,530,385
"Morganza_all/027424@29.5927827987089,-90.6950520435434.jpg",1,206,281,288,106,494,387
"Morganza_all/027425@29.5927729363201,-90.6920223030001.jpg",1,77,268,451,131,528,399
"Morganza_all/027426@29.5904256888929,-90.6944054791144.jpg",2,0,289,425,161,425,450
"Morganza_all/027427@29.5784356625015,-90.6895312723707.jpg",2,0,258,362,105,362,363
"Morganza_all/027428@29.593348233889,-90.6830020573925.jpg",1,184,251,210,136,394,387
"Morganza_all/027429@29.5934681236313,-90.6831168170714.jpg",1,162,233,286,154,448,387
"Morganza_all/027430@29.5936346129096,-90.6833677998872.jpg",2,0,284,345,95,345,379
"Morganza_all/027431@29.5923870652127,-90.6872674025425.jpg",1,322,303,176,95,498,398
"Morganza_all/027432@29.5922744344532,-90.6876987491688.jpg",1,127,236,324,173,451,409
"Morganza_all/027433@29.5828503549668,-90.6900908128162.jpg",2,359,296,277,81,636,377
"Morganza_all/027434@29.5830900759824,-90.6900474925409.jpg",3,391,278,209,103,600,381
"Morganza_all/027435@29.5864823430039,-90.6893931516605.jpg",1,261,263,195,133,456,396
"Morganza_all/027436@29.5863328933262,-90.687639674474.jpg",1,158,282,276,112,434,394
"Morganza_all/027437@29.5853324459713,-90.6857246398503.jpg",2,0,281,312,141,312,422
"Morganza_all/027438@29.5916096415442,-90.6836645275527.jpg",1,290,266,276,138,566,404
"Morganza_all/027440@29.5906761211278,-90.6842377807407.jpg",1,270,264,275,128,545,392
"Morganza_all/027441@29.5908740389099,-90.6834224970241.jpg",2,273,257,366,151,639,408
"Morganza_all/027442@29.5919992791057,-90.6826379348706.jpg",1,1,312,429,102,430,414
"Morganza_all/027443@29.5911202475719,-90.6812414880609.jpg",1,35,266,274,125,309,391
"Morganza_all/027444@29.5822536403576,-90.6896590343755.jpg",2,0,293,427,98,427,391
"Morganza_all/027446@29.5859459820836,-90.6890385593917.jpg",3,104,271,408,103,512,374
"Morganza_all/027447@29.5863578169743,-90.6889941279725.jpg",1,216,271,371,116,587,387
"Morganza_all/027452@29.5904709500974,-90.6911740573612.jpg",6,256,205,98,85,354,290
"Morganza_all/027456@29.5899134425535,-90.6980132076415.jpg",2,0,277,309,127,309,404
"Morganza_all/027457@29.5902724398867,-90.6976936196025.jpg",1,266,264,324,145,590,409
"Morganza_all/027460@29.5918228045431,-90.6905183924069.jpg",2,350,258,289,198,639,456
"Morganza_all/027462@29.5918362774402,-90.691741882997.jpg",1,231,280,232,113,463,393
"Morganza_all/027463@29.5927074223917,-90.689568152931.jpg",5,125,308,185,137,310,445
"Morganza_all/027464@29.5935092142207,-90.6939207905375.jpg",2,326,292,313,123,639,415
"Morganza_all/027466@29.5924479178437,-90.694043481086.jpg",2,0,293,592,128,592,421
"Morganza_all/027468@29.5949210041518,-90.6930230449233.jpg",1,256,295,303,134,559,429
"Morganza_all/027470@29.5939260269623,-90.6918270741886.jpg",3,205,272,282,142,487,414
"Morganza_all/027471@29.5937274527865,-90.6918214554083.jpg",1,107,282,280,125,387,407
"Morganza_all/027472@29.5931324437993,-90.6919560649045.jpg",1,294,275,304,117,598,392
"Morganza_all/027473@29.5928529080253,-90.6920060586671.jpg",2,294,258,342,146,636,404
"Morganza_all/027474@29.5879283888574,-90.6934727099421.jpg",2,0,265,249,157,249,422
"Morganza_all/027477@29.5876982191754,-90.6932589432614.jpg",1,87,296,253,155,340,451
"Morganza_all/027479@29.5862831772452,-90.6945843726067.jpg",2,339,272,300,122,639,394
"Morganza_all/027480@29.5869922398835,-90.6949091380309.jpg",2,377,270,259,145,636,415
"Morganza_all/027481@29.5870671541381,-90.6948255677009.jpg",1,315,256,254,167,569,423
"Morganza_all/027483@29.5856375859685,-90.6967982357935.jpg",1,271,260,307,125,578,385
"Morganza_all/027484@29.5854289064797,-90.6970334828205.jpg",1,109,260,405,141,514,401
"Morganza_all/027486@29.5851974819782,-90.697296559903.jpg",1,6,271,320,123,326,394
"Morganza_all/027487@29.5856343648221,-90.6976079037956.jpg",2,0,233,253,133,253,366
"Morganza_all/027489@29.5883562003552,-90.6905553040943.jpg",1,200,305,161,123,361,428
"Morganza_all/027490@29.5884485246316,-90.6908038361129.jpg",1,50,278,218,134,268,412
"Morganza_all/027491@29.5878892135922,-90.6912477160389.jpg",1,77,271,215,157,292,428
"Morganza_all/027492@29.5871352080169,-90.6908725440481.jpg",1,259,291,226,163,485,454
"Morganza_all/027493@29.5872945182088,-90.6915361402408.jpg",1,39,292,280,116,319,408
"Morganza_all/027494@29.58759063551,-90.6913680876559.jpg",1,197,279,213,146,410,425
"Morganza_all/027498@29.5887622142883,-90.6997204646117.jpg",2,375,257,261,121,636,378
"Morganza_all/027501@29.5955037464662,-90.6958333216037.jpg",1,246,207,186,192,432,399
"Morganza_all/027502@29.5893566623769,-90.6986440242239.jpg",1,409,286,223,92,632,378
"Morganza_all/027504@29.5887359006463,-90.6991979024317.jpg",2,384,275,257,150,641,425
"Morganza_all/027505@29.5894700483158,-90.6984690614944.jpg",2,311,290,330,111,641,401
"Morganza_all/027506@29.5874576468205,-90.6976378298479.jpg",2,0,267,389,174,389,441
"Morganza_all/027507@29.5887179203997,-90.6964700362259.jpg",1,367,266,274,125,641,391
"Morganza_all/027508@29.5890027525035,-90.6963211973066.jpg",1,424,261,217,119,641,380
"Morganza_all/027511@29.5859004489416,-90.6906309059261.jpg",1,26,141,276,239,302,380
"Morganza_all/027512@29.5964220114545,-90.6898494273139.jpg",1,405,259,217,118,622,377
"Morganza_all/027513@29.594906514841,-90.6908706420296.jpg",1,78,233,259,173,337,406
"Morganza_all/027514@29.5940147264671,-90.6898601124383.jpg",1,214,296,221,131,435,427
"Morganza_all/027516@29.5937408212107,-90.701945489235.jpg",1,246,289,300,153,546,442
"Morganza_all/027521@29.594614064932,-90.6973020757889.jpg",1,159,224,324,217,483,441
"Morganza_all/027523@29.5947651087896,-90.6972657812644.jpg",2,0,240,260,188,260,428
"Morganza_all/027524@29.5948360658004,-90.6972618065011.jpg",1,113,239,499,211,612,450
"Morganza_all/027525@29.5949921455678,-90.6967389662861.jpg",6,255,258,132,83,387,341
"Morganza_all/027529@29.5907423982023,-90.7028573028149.jpg",3,159,251,411,167,570,418
"Morganza_all/027530@29.5908922427366,-90.7029887592294.jpg",1,127,219,504,238,631,457
"Morganza_all/027531@29.5908047316816,-90.7031530790361.jpg",1,236,264,320,186,556,450
"Morganza_all/027534@29.5956157407001,-90.6919572778373.jpg",2,223,262,414,157,637,419
"Morganza_all/027535@29.5954523686471,-90.6919971837463.jpg",1,273,260,222,164,495,424
"Morganza_all/027536@29.5937988864097,-90.6971413394068.jpg",3,36,282,374,120,410,402
"Morganza_all/027539@29.5934512651945,-90.6972150982523.jpg",1,297,306,255,82,552,388
"Morganza_all/027548@29.5960086130076,-90.6968243839337.jpg",6,189,234,140,82,329,316
"Morganza_all/027549@29.5961896788758,-90.6967809120163.jpg",6,150,225,138,125,288,350
"Morganza_all/027550@29.594711665654,-90.7021341997702.jpg",2,430,250,210,186,640,436
"Morganza_all/027551@29.5946035975865,-90.7021581020552.jpg",1,125,266,368,142,493,408
"Morganza_all/027553@29.594144234162,-90.7029731361056.jpg",1,182,237,311,177,493,414
"Morganza_all/027555@29.5943635109174,-90.7017493757484.jpg",3,326,207,285,210,611,417
"Morganza_all/027556@29.5944613537736,-90.70175498875.jpg",2,0,232,271,188,271,420
"Morganza_all/027557@29.5946351656184,-90.7017352338548.jpg",2,209,241,432,166,641,407
"Morganza_all/027558@29.5953249383551,-90.7016500494735.jpg",2,308,231,333,189,641,420
"Morganza_all/027559@29.5951946916948,-90.7016881572475.jpg",1,227,255,263,201,490,456
"Morganza_all/027560@29.5969080005927,-90.7008565363306.jpg",1,294,257,123,102,417,359
"Morganza_all/027561@29.5949808115922,-90.7012853370121.jpg",3,55,247,537,208,592,455
"Morganza_all/027562@29.5946252590808,-90.7025049614275.jpg",1,314,265,255,158,569,423
"Morganza_all/027565@29.5964840414722,-90.7019008502713.jpg",2,0,250,464,177,464,427
"Morganza_all/027568@29.596690927185,-90.7036348127574.jpg",1,354,293,157,115,511,408
"Morganza_all/027569@29.5966509738667,-90.7034408896193.jpg",1,234,278,196,172,430,450
"Morganza_all/027570@29.596636449205,-90.7032624450551.jpg",1,282,296,232,133,514,429
"Morganza_all/027571@29.5966302225449,-90.7031798869857.jpg",1,322,299,210,134,532,433
"Morganza_all/027572@29.5963501875115,-90.7033557478618.jpg",3,214,304,123,104,337,408
"Morganza_all/027573@29.5316777582572,-90.6744332452328.jpg",6,172,218,213,93,385,311
"Morganza_all/027574@29.529694491753,-90.6700900696813.jpg",1,231,228,250,193,481,421
"Morganza_all/027575@29.529701782037,-90.6699331126083.jpg",1,242,255,265,154,507,409
"Morganza_all/027576@29.5297169891118,-90.6697484317897.jpg",1,267,275,260,129,527,404
"Morganza_all/027577@29.529748244146,-90.6695451865954.jpg",1,129,235,392,206,521,441
"Morganza_all/027578@29.5297231761437,-90.6693792304969.jpg",1,156,268,274,133,430,401
"Morganza_all/027579@29.5297303253248,-90.6691946029523.jpg",1,169,252,222,128,391,380
"Morganza_all/027580@29.5300925453162,-90.6689983767592.jpg",1,110,226,238,184,348,410
"Morganza_all/027581@29.5300970811482,-90.6698935795408.jpg",1,172,242,223,163,395,405
"Morganza_all/027582@29.5300911455325,-90.6703181862007.jpg",2,0,184,542,210,542,394
"Morganza_all/027583@29.5306154851584,-90.6702593425059.jpg",2,210,241,428,169,638,410
"Morganza_all/027584@29.5308957364441,-90.6698144591216.jpg",2,279,253,362,204,641,457
"Morganza_all/027585@29.5310650513644,-90.6697764215116.jpg",3,96,269,307,127,403,396
"Morganza_all/027586@29.5312260480343,-90.6696923088475.jpg",3,151,257,351,150,502,407
"Morganza_all/027587@29.5304637113959,-90.6689774579985.jpg",1,158,233,366,176,524,409
"Morganza_all/027588@29.5309174381763,-90.6693159430529.jpg",1,130,294,290,98,420,392
"Morganza_all/027589@29.5309788745398,-90.6702938545071.jpg",1,133,268,413,163,546,431
"Morganza_all/027590@29.5317515557695,-90.6698641676202.jpg",1,158,282,312,119,470,401
"Morganza_all/027591@29.531773023773,-90.6693194871472.jpg",1,118,251,378,140,496,391
"Morganza_all/027592@29.5314766876337,-90.6681862471216.jpg",1,247,282,177,145,424,427
"Morganza_all/027593@29.5314908141667,-90.6677892832541.jpg",1,187,268,256,141,443,409
"Morganza_all/027594@29.5315211555437,-90.6674014249631.jpg",1,152,284,320,117,472,401
"Morganza_all/027595@29.5317365212684,-90.6669016172578.jpg",5,73,228,303,123,376,351
"Morganza_all/027596@29.5323176507811,-90.666897752488.jpg",1,165,282,363,96,528,378
"Morganza_all/027597@29.5320863972664,-90.6674530440424.jpg",1,191,279,147,140,338,419
"Morganza_all/027599@29.5323464935526,-90.6678112722126.jpg",1,188,279,159,136,347,415
"Morganza_all/027600@29.5322589933031,-90.6680610586004.jpg",3,91,287,378,88,469,375
"Morganza_all/027601@29.5322360319737,-90.6683104162444.jpg",1,110,278,226,129,336,407
"Morganza_all/027602@29.5322130507656,-90.6685505289422.jpg",3,47,259,352,168,399,427
"Morganza_all/027603@29.5321411483492,-90.6686986736405.jpg",1,130,260,291,163,421,423
"Morganza_all/027605@29.5319436066593,-90.6679431569093.jpg",1,195,311,190,96,385,407
"Morganza_all/027606@29.5318158787221,-90.6682209125154.jpg",1,0,285,557,119,557,404
"Morganza_all/027607@29.5315797400028,-90.6710005413259.jpg",1,326,285,237,84,563,369
"Morganza_all/027609@29.5319556885923,-90.6703266037147.jpg",1,272,270,214,108,486,378
"Morganza_all/027611@29.5321547033667,-90.670179914791.jpg",1,92,256,252,183,344,439
"Morganza_all/027612@29.5322630500495,-90.6700546108803.jpg",1,89,275,212,100,301,375
"Morganza_all/027613@29.5324856249783,-90.669776259789.jpg",1,69,244,300,127,369,371
"Morganza_all/027614@29.5325637378084,-90.6696649913082.jpg",1,87,278,230,110,317,388
"Morganza_all/027615@29.5326901278295,-90.6695187812679.jpg",1,18,254,322,156,340,410
"Morganza_all/027616@29.5327681626214,-90.669386727322.jpg",1,231,278,147,97,378,375
"Morganza_all/027617@29.532984265258,-90.6690253367355.jpg",1,117,240,465,167,582,407
"Morganza_all/027618@29.5329955926732,-90.6688730016162.jpg",1,216,275,185,99,401,374
"Morganza_all/027619@29.5330906523144,-90.6685193302018.jpg",3,42,283,427,95,469,378
"Morganza_all/027622@29.5331654880031,-90.6677573750318.jpg",1,156,254,148,101,304,355
"Morganza_all/027624@29.533276336063,-90.6669398346539.jpg",1,89,271,205,144,294,415
"Morganza_all/027627@29.5327195032515,-90.6669573737089.jpg",1,153,275,279,143,432,418
"Morganza_all/027628@29.5326673158524,-90.6674076756818.jpg",2,56,285,583,120,639,405
"Morganza_all/027629@29.5328609812095,-90.6673994392036.jpg",1,310,271,195,107,505,378
"Morganza_all/027630@29.5327355782677,-90.6677394763611.jpg",3,96,282,219,88,315,370
"Morganza_all/027631@29.5327434910239,-90.6681062997543.jpg",3,255,289,165,115,420,404
"Morganza_all/027632@29.5326655903617,-90.6682591078702.jpg",1,228,281,175,121,403,402
"Morganza_all/027633@29.5326606998208,-90.6684875610572.jpg",3,221,289,181,115,402,404
"Morganza_all/027635@29.5337728905611,-90.6669711230168.jpg",1,189,283,204,146,393,429
"Morganza_all/027637@29.5340513773279,-90.6669761892421.jpg",1,189,289,210,104,399,393
"Morganza_all/027638@29.533944714988,-90.667426859193.jpg",1,71,279,520,97,591,376
"Morganza_all/027639@29.5338236383178,-90.6674276637842.jpg",1,280,282,101,83,381,365
"Morganza_all/027641@29.5335210307041,-90.6674435108718.jpg",2,168,285,473,81,641,366
"Morganza_all/027642@29.5336018419,-90.667858311073.jpg",1,346,268,144,101,490,369
"Morganza_all/027643@29.5338988217678,-90.6679255828641.jpg",3,215,271,177,121,392,392
"Morganza_all/027644@29.533863198874,-90.6680642445404.jpg",1,224,285,178,95,402,380
"Morganza_all/027645@29.5335967061943,-90.6680383413923.jpg",1,279,267,168,137,447,404
"Morganza_all/027647@29.5338289109337,-90.668465974087.jpg",1,285,296,155,81,440,377
"Morganza_all/027648@29.5335380789209,-90.6684125275728.jpg",1,275,282,219,125,494,407
"Morganza_all/027650@29.533436310271,-90.6686416253477.jpg",1,190,240,274,148,464,388
"Morganza_all/027652@29.5336386505648,-90.6691456186582.jpg",2,0,261,567,139,567,400
"Morganza_all/027654@29.5332459788757,-90.6693074312498.jpg",2,85,295,556,96,641,391
"Morganza_all/027656@29.5334296491931,-90.6697146325239.jpg",3,117,227,210,165,327,392
"Morganza_all/027657@29.5331559498957,-90.6694603195387.jpg",1,210,271,219,126,429,397
"Morganza_all/027658@29.5331202552923,-90.6695851439857.jpg",1,245,266,106,86,351,352
"Morganza_all/027660@29.5330182316724,-90.6697588654204.jpg",1,301,265,268,160,569,425
"Morganza_all/027662@29.5329224328094,-90.6699671669672.jpg",1,305,288,137,118,442,406
"Morganza_all/027663@29.5330573607156,-90.67031239665.jpg",1,49,257,294,171,343,428
"Morganza_all/027664@29.5328079239322,-90.6700648404299.jpg",1,318,303,115,85,433,388
"Morganza_all/027666@29.5326816033211,-90.6702248855489.jpg",1,332,289,159,130,491,419
"Morganza_all/027667@29.532482876156,-90.6704338668383.jpg",1,252,243,187,140,439,383
"Morganza_all/027668@29.5323021778436,-90.670608138054.jpg",2,0,237,566,131,566,368
"Morganza_all/027669@29.532749893753,-90.6705636374417.jpg",3,110,264,321,85,431,349
"Morganza_all/027670@29.5326910842464,-90.6709031985446.jpg",2,0,243,533,107,533,350
"Morganza_all/027672@29.5330258649732,-90.6712678623828.jpg",1,193,255,153,99,346,354
"Morganza_all/027673@29.5331659300695,-90.6714330648204.jpg",1,248,262,200,134,448,396
"Morganza_all/027674@29.5332453655468,-90.6715779138907.jpg",1,227,261,144,95,371,356
"Morganza_all/027675@29.5333495937813,-90.6718402696652.jpg",2,57,226,584,129,641,355
"Morganza_all/027676@29.5336348987791,-90.6719975968121.jpg",1,141,267,218,139,359,406
"Morganza_all/027677@29.5338176877926,-90.6722317633376.jpg",1,50,249,456,98,506,347
"Morganza_all/027679@29.5337240140155,-90.6728623058441.jpg",1,239,272,205,106,444,378
"Morganza_all/027680@29.5339303301232,-90.6729578624993.jpg",3,305,273,122,112,427,385
"Morganza_all/027681@29.5341365836435,-90.6730464703848.jpg",1,255,278,120,102,375,380
"Morganza_all/027682@29.5343127631416,-90.673169930371.jpg",1,186,312,112,81,298,393
"Morganza_all/027683@29.5344284526082,-90.6733006759291.jpg",1,85,270,524,116,609,386
"Morganza_all/027686@29.5342460249835,-90.6719381870109.jpg",1,319,254,181,112,500,366
"Morganza_all/027689@29.5347443630043,-90.6711250000586.jpg",1,236,240,316,161,552,401
"Morganza_all/027690@29.5349312093084,-90.670964552708.jpg",1,71,163,346,254,417,417
"Morganza_all/027691@29.5345612570743,-90.6708285405912.jpg",1,133,275,311,147,444,422
"Morganza_all/027692@29.5343177660063,-90.6705601856264.jpg",1,138,286,205,159,343,445
"Morganza_all/027694@29.5340590736721,-90.6708803190287.jpg",1,108,272,498,114,606,386
"Morganza_all/027695@29.5340559273438,-90.671454890029.jpg",1,158,279,169,131,327,410
"Morganza_all/027697@29.5336199684074,-90.6714370152963.jpg",1,86,291,515,102,601,393
"Morganza_all/027698@29.5333459225308,-90.6711134557942.jpg",2,0,214,638,138,638,352
"Morganza_all/027699@29.5332172566398,-90.6708097539378.jpg",1,54,302,468,91,522,393
"Morganza_all/027700@29.5333316534746,-90.6706843779295.jpg",1,312,277,162,103,474,380
"Morganza_all/027701@29.5336047904867,-90.6708279460255.jpg",1,14,281,322,99,336,380
"Morganza_all/027703@29.533487522776,-90.670385680871.jpg",1,317,275,157,105,474,380
"Morganza_all/027704@29.5337126551483,-90.6706126459954.jpg",1,169,270,147,99,316,369
"Morganza_all/027705@29.533863342555,-90.6704801109764.jpg",2,0,188,323,221,323,409
"Morganza_all/027706@29.5336378248464,-90.6701770493063.jpg",1,315,257,255,123,570,380
"Morganza_all/027707@29.5337156225244,-90.6700034561465.jpg",1,274,284,202,133,476,417
"Morganza_all/027708@29.5340492423468,-90.6701327864082.jpg",1,26,246,380,118,406,364
"Morganza_all/027709@29.5338780934678,-90.6698085791757.jpg",1,50,264,553,135,603,399
"Morganza_all/027710@29.5342590945008,-90.6697368120756.jpg",1,103,268,470,157,573,425
"Morganza_all/027711@29.534306502869,-90.6695357462257.jpg",1,34,240,252,207,286,447
"Morganza_all/027712@29.5340211598631,-90.6693715071436.jpg",1,149,255,227,139,376,394
"Morganza_all/027714@29.5341346782064,-90.6690730867081.jpg",1,266,299,123,89,389,388
"Morganza_all/027715@29.5341696779825,-90.6688167580057.jpg",1,158,266,154,155,312,421
"Morganza_all/027716@29.5344849115628,-90.6689046349956.jpg",1,117,270,209,89,326,359
"Morganza_all/027717@29.5345199032558,-90.6686413557868.jpg",1,71,283,303,97,374,380
"Morganza_all/027718@29.5342053716939,-90.6686919005328.jpg",1,242,264,164,109,406,373
"Morganza_all/027720@29.5342876288588,-90.668199883921.jpg",1,200,293,169,96,369,389
"Morganza_all/027721@29.5345720599364,-90.6681841596489.jpg",1,137,290,144,90,281,380
"Morganza_all/027723@29.5343223730569,-90.6678881481674.jpg",1,240,197,386,231,626,428
"Morganza_all/027724@29.5343153037108,-90.6676874431784.jpg",1,321,268,237,109,558,377
"Morganza_all/027725@29.5345876704532,-90.6676787157513.jpg",1,255,280,122,122,377,402
"Morganza_all/027726@29.5346710145351,-90.6674012781679.jpg",1,0,268,636,88,636,356
"Morganza_all/027727@29.534519802454,-90.6674299556931.jpg",1,190,288,201,85,391,373
"Morganza_all/027728@29.5342898111874,-90.6674384021963.jpg",3,146,242,476,159,622,401
"Morganza_all/027729@29.5342508460868,-90.6669194862512.jpg",1,204,281,260,110,464,391
"Morganza_all/027730@29.5346383454468,-90.666930776995.jpg",4,314,317,163,91,477,408
"Morganza_all/027732@29.5350921724898,-90.6668931364601.jpg",1,375,292,152,85,527,377
"Morganza_all/027733@29.5352615687644,-90.6668712552257.jpg",1,282,282,152,124,434,406
"Morganza_all/027737@29.5352279880298,-90.6674114131285.jpg",1,425,292,202,86,627,378
"Morganza_all/027739@29.5350237431271,-90.6677242777681.jpg",1,317,285,174,85,491,370
"Morganza_all/027740@29.5353751626393,-90.6677842388789.jpg",1,180,254,301,172,481,426
"Morganza_all/027741@29.5353339471749,-90.6680129394532.jpg",1,231,276,183,156,414,432
"Morganza_all/027742@29.535061228979,-90.6679524549784.jpg",1,218,284,327,86,545,370
"Morganza_all/027743@29.5350258873397,-90.6681465248153.jpg",1,405,283,184,130,589,413
"Morganza_all/027744@29.535292731471,-90.6682416712847.jpg",1,270,281,198,132,468,413
"Morganza_all/027745@29.5352755307655,-90.6684286714384.jpg",1,308,277,170,147,478,424
"Morganza_all/027746@29.5349849522457,-90.6684305995381.jpg",3,346,276,276,118,622,394
"Morganza_all/027747@29.5352823882494,-90.6685878390969.jpg",2,315,275,321,205,636,480
"Morganza_all/027748@29.5349676108913,-90.6685899272648.jpg",1,328,284,134,120,462,404
"Morganza_all/027749@29.5352476423869,-90.6688995775944.jpg",1,61,292,437,101,498,393
"Morganza_all/027750@29.5348963638706,-90.6688673158947.jpg",1,231,294,368,84,599,378
"Morganza_all/027751@29.5351946765291,-90.6691976002187.jpg",3,98,279,425,127,523,406
"Morganza_all/027753@29.5350256658478,-90.6692956379485.jpg",2,0,284,226,129,226,413
"Morganza_all/027754@29.5350208085458,-90.6695310144243.jpg",1,137,271,217,138,354,409
"Morganza_all/027755@29.5347601203695,-90.6694566099667.jpg",1,331,288,308,112,639,400
"Morganza_all/027756@29.5349921101488,-90.6698427117242.jpg",2,348,256,290,152,638,408
"Morganza_all/027757@29.5345980631803,-90.6697276491606.jpg",1,308,273,258,122,566,395
"Morganza_all/027758@29.5348961360577,-90.6700164275409.jpg",2,0,265,312,131,312,396
"Morganza_all/027759@29.5348786875789,-90.6701549695582.jpg",1,270,275,178,135,448,410
"Morganza_all/027760@29.5345807628034,-90.6699008120873.jpg",1,367,285,224,113,591,398
"Morganza_all/027761@29.5344911186292,-90.6701298619192.jpg",3,122,277,448,135,570,412
"Morganza_all/027762@29.5347164264491,-90.6703914184336.jpg",5,76,264,460,116,536,380
"Morganza_all/027763@29.5346072982878,-90.6727526487038.jpg",2,2,217,639,194,641,411
"Morganza_all/027765@29.5345691224896,-90.672386017818.jpg",2,0,243,239,150,239,393
"Morganza_all/027768@29.5349486929762,-90.6720304666396.jpg",1,292,289,210,109,502,398
"Morganza_all/027769@29.5350025739587,-90.671912438948.jpg",1,281,290,197,95,478,385
"Morganza_all/027772@29.5351928412187,-90.6712258722262.jpg",1,81,243,304,187,385,430
"Morganza_all/027773@29.5354085013745,-90.6707813983172.jpg",1,96,298,358,99,454,397
"Morganza_all/027775@29.5352187496646,-90.6703673090983.jpg",1,244,281,144,127,388,408
"Morganza_all/027777@29.5357627478874,-90.6702044960491.jpg",2,0,273,427,105,427,378
"Morganza_all/027778@29.5352602845064,-90.6702009029828.jpg",1,180,247,275,85,455,332
"Morganza_all/027779@29.5353499289634,-90.6699718829018.jpg",1,155,291,321,100,476,391
"Morganza_all/027780@29.5358523923502,-90.6699754748229.jpg",1,59,282,455,102,514,384
"Morganza_all/027782@29.5355050527265,-90.6695208883648.jpg",1,265,277,158,142,423,419
"Morganza_all/027783@29.5355763439124,-90.6692573661369.jpg",3,65,275,310,105,375,380
"Morganza_all/027784@29.5359887433421,-90.6694069291104.jpg",1,138,288,351,92,489,380
"Morganza_all/027788@29.5357227893485,-90.66829419423.jpg",1,134,259,258,101,392,360
"Morganza_all/027789@29.5360995939344,-90.6685824178623.jpg",1,219,278,168,110,387,388
"Morganza_all/027791@29.5357517301058,-90.6680309517222.jpg",1,130,255,250,147,380,402
"Morganza_all/027794@29.5357567252601,-90.6678232454937.jpg",1,203,277,184,118,387,395
"Morganza_all/027797@29.5357403339738,-90.666978825732.jpg",1,169,251,294,178,463,429
"Morganza_all/027798@29.5359218295186,-90.6669568325927.jpg",1,75,287,372,94,447,381
"Morganza_all/027799@29.5362246131347,-90.6669756053076.jpg",2,61,292,574,108,635,400
"Morganza_all/027800@29.5365693573866,-90.6669179349231.jpg",2,0,282,434,122,434,404
"Morganza_all/027801@29.5366319582977,-90.6673259186133.jpg",1,190,277,161,117,351,394
"Morganza_all/027802@29.5366148645146,-90.6675337070744.jpg",1,268,282,140,110,408,392
"Morganza_all/027803@29.5366159195279,-90.6677413749117.jpg",1,283,284,133,104,416,388
"Morganza_all/027805@29.5365937671148,-90.6681499533517.jpg",1,160,261,124,88,284,349
"Morganza_all/027807@29.5365850745711,-90.6688214949224.jpg",1,258,285,145,92,403,377
"Morganza_all/027808@29.5364772829987,-90.6690506391711.jpg",1,117,275,333,98,450,373
"Morganza_all/027809@29.5364723912373,-90.6692791324551.jpg",1,222,283,150,85,372,368
"Morganza_all/027810@29.5364430270849,-90.6694592969174.jpg",1,172,287,222,90,394,377
"Morganza_all/027811@29.5363954434762,-90.6696257453748.jpg",1,179,264,195,87,374,351
"Morganza_all/027812@29.5363178641739,-90.6698478014388.jpg",1,332,277,186,138,518,415
"Morganza_all/027813@29.5362280446858,-90.6700422021845.jpg",3,208,278,379,114,587,392
"Morganza_all/027814@29.5362107715513,-90.6702153991372.jpg",1,226,296,205,88,431,384
"Morganza_all/027815@29.5361157773165,-90.6705829160249.jpg",1,265,246,169,158,434,404
"Morganza_all/027817@29.5339050446642,-90.6751523601131.jpg",1,148,258,185,87,333,345
"Morganza_all/027819@29.5359514438782,-90.6710406077486.jpg",2,0,261,560,134,560,395
"Morganza_all/027820@29.5361221877704,-90.6710784731024.jpg",1,266,284,224,108,490,392
"Morganza_all/027821@29.5362394501824,-90.6711445852511.jpg",1,242,271,292,143,534,414
"Morganza_all/027824@29.5366177098509,-90.6717494180341.jpg",1,229,296,127,112,356,408
"Morganza_all/027825@29.5366099438315,-90.6711755648555.jpg",1,257,278,128,118,385,396
"Morganza_all/027826@29.5367514009629,-90.6712080581112.jpg",4,141,253,243,157,384,410
"Morganza_all/027827@29.5367541871701,-90.6717596805986.jpg",1,193,299,168,86,361,385
"Morganza_all/027828@29.5368780592586,-90.6712016550803.jpg",1,267,287,111,116,378,403
"Morganza_all/027830@29.5371704814775,-90.6712108550336.jpg",1,288,288,103,85,391,373
"Morganza_all/027832@29.5371297728894,-90.671835189391.jpg",1,270,290,98,85,368,375
"Morganza_all/027834@29.5374173847488,-90.6718611528137.jpg",3,197,289,181,96,378,385
"Morganza_all/027835@29.5375542837973,-90.6719549678127.jpg",1,263,289,96,93,359,382
"Morganza_all/027836@29.5375606413481,-90.6712807311001.jpg",3,214,300,190,84,404,384
"Morganza_all/027838@29.5378436392837,-90.6713568503746.jpg",1,240,303,138,88,378,391
"Morganza_all/027840@29.5381754501137,-90.6714549752303.jpg",2,0,289,476,84,476,373
"Morganza_all/027841@29.5381345991723,-90.6720458882054.jpg",1,215,292,239,84,454,376
"Morganza_all/027842@29.5383400315558,-90.6722005428123.jpg",1,234,292,161,85,395,377
"Morganza_all/027843@29.5383658311656,-90.6715205747959.jpg",1,244,304,88,98,332,402
"Morganza_all/027844@29.5385417516929,-90.6716196987224.jpg",1,190,282,192,111,382,393
"Morganza_all/027846@29.5385742170523,-90.6722602887117.jpg",1,322,303,101,89,423,392
"Morganza_all/027847@29.5386962898181,-90.6723152082719.jpg",1,48,294,168,91,216,385
"Morganza_all/027851@29.5392782103937,-90.6717597146342.jpg",1,133,226,176,88,309,314
"Morganza_all/027852@29.5393756938183,-90.6717646372474.jpg",1,370,220,171,89,541,309
"Morganza_all/027854@29.5396625461045,-90.6716401598995.jpg",2,0,265,542,105,542,370
"Morganza_all/027855@29.5397057296331,-90.6724757255394.jpg",1,113,288,170,114,283,402
"Morganza_all/027856@29.5397112144693,-90.6725927065953.jpg",1,149,282,153,108,302,390
"Morganza_all/027858@29.5397518091124,-90.6729155965351.jpg",1,134,295,247,88,381,383
"Morganza_all/027861@29.5400526212655,-90.6716933096506.jpg",1,128,263,252,140,380,403
"Morganza_all/027863@29.5401738468518,-90.6725394964613.jpg",1,301,288,133,90,434,378
"Morganza_all/027864@29.5402237549984,-90.6727787692748.jpg",1,301,285,175,90,476,375
"Morganza_all/027866@29.5398993532559,-90.6741516566457.jpg",1,71,289,278,122,349,411
"Morganza_all/027868@29.5404045661433,-90.6748170119788.jpg",1,313,295,118,83,431,378
"Morganza_all/027869@29.5398934851642,-90.6749262556703.jpg",1,193,305,127,86,320,391
"Morganza_all/027870@29.5400483686235,-90.6756886040896.jpg",1,51,302,326,84,377,386
"Morganza_all/027875@29.5399444769856,-90.6763468292327.jpg",1,1,302,631,102,632,404
"Morganza_all/027876@29.5395444459959,-90.6762547000819.jpg",1,209,280,227,116,436,396
"Morganza_all/027877@29.5393931997612,-90.6762111305196.jpg",1,164,295,214,100,378,395
"Morganza_all/027880@29.5388275446595,-90.676125686383.jpg",1,77,296,222,101,299,397
"Morganza_all/027882@29.5383301137402,-90.6760397956845.jpg",3,186,272,294,115,480,387
"Morganza_all/027883@29.5385108434174,-90.6751582084879.jpg",3,214,287,162,83,376,370
"Morganza_all/027902@29.5353601821905,-90.6726380947091.jpg",1,310,296,100,84,410,380
"Morganza_all/027906@29.534820281153,-90.6737950402103.jpg",1,325,300,163,113,488,413
"Morganza_all/027908@29.5346782741552,-90.674626186231.jpg",1,205,289,365,81,570,370
"Morganza_all/027909@29.5346208201657,-90.674827159151.jpg",1,272,293,169,91,441,384
"Morganza_all/027910@29.5345530718725,-90.6749223202182.jpg",1,215,288,163,103,378,391
"Morganza_all/027911@29.5345489324563,-90.6750672199076.jpg",1,253,274,145,109,398,383
"Morganza_all/027917@29.5356770273485,-90.6755668529479.jpg",1,233,304,131,91,364,395
"Morganza_all/027919@29.5360966117144,-90.6756755456378.jpg",1,177,286,212,100,389,386
"Morganza_all/027920@29.5363454528656,-90.675740768203.jpg",1,22,292,404,107,426,399
"Morganza_all/027922@29.5367305473878,-90.6757717004595.jpg",1,191,304,158,87,349,391
"Morganza_all/027923@29.5368574015765,-90.6758042960581.jpg",1,197,303,208,91,405,394
"Morganza_all/027925@29.5373930434233,-90.675739490895.jpg",1,391,301,188,100,579,401
"Morganza_all/027926@29.5376423039284,-90.6758882981993.jpg",1,206,303,136,95,342,398
"Morganza_all/027927@29.5379202642212,-90.6759310351813.jpg",2,57,281,582,102,639,383
"Morganza_all/027930@29.5379298865692,-90.6749391579509.jpg",1,245,302,153,99,398,401
"Morganza_all/027931@29.5379288785243,-90.6747385627076.jpg",1,239,306,209,95,448,401
"Morganza_all/027932@29.5378097130074,-90.6742935820021.jpg",1,186,283,390,106,576,389
"Morganza_all/027936@29.5369071289309,-90.6740654903872.jpg",1,267,298,135,86,402,384
"Morganza_all/027938@29.5363754866036,-90.673963107.jpg",1,269,289,126,97,395,386
"Morganza_all/027939@29.5362145615967,-90.6739363041553.jpg",1,329,301,148,88,477,389
"Morganza_all/027940@29.5360633431081,-90.6739038714645.jpg",1,309,299,156,82,465,381
"Morganza_all/027941@29.5358098300182,-90.6738776781264.jpg",1,277,291,128,87,405,378
"Morganza_all/027942@29.53565377226,-90.6738508435373.jpg",1,320,278,118,106,438,384
"Morganza_all/027943@29.5355513374454,-90.6738292221357.jpg",1,318,282,123,90,441,372
"Morganza_all/027945@29.5713613276723,-90.6855754773727.jpg",1,88,256,344,127,432,383
"Morganza_all/027946@29.5713967515151,-90.6861219519721.jpg",1,149,280,331,106,480,386
"Morganza_all/027947@29.5715796880776,-90.6860459004839.jpg",2,30,253,608,165,638,418
"Morganza_all/027948@29.5717774146465,-90.6863142164445.jpg",1,97,210,409,192,506,402
"Morganza_all/027949@29.5715489608614,-90.6864504886056.jpg",1,295,292,194,89,489,381
"Morganza_all/027950@29.5715762112007,-90.6866674970887.jpg",1,117,275,428,125,545,400
"Morganza_all/027951@29.5715512882856,-90.6869222771303.jpg",2,0,268,470,139,470,407
"Morganza_all/027952@29.5716307846199,-90.6871164878405.jpg",1,11,248,545,148,556,396
"Morganza_all/027953@29.5716581720427,-90.687355956658.jpg",2,0,209,490,212,490,421
"Morganza_all/027954@29.5716722208572,-90.6875505898504.jpg",2,0,264,526,134,526,398
"Morganza_all/027955@29.5716929615589,-90.6877751277993.jpg",1,58,237,341,152,399,389
"Morganza_all/027956@29.5717857209407,-90.6879992018626.jpg",2,93,188,543,243,636,431
"Morganza_all/027957@29.5717342942677,-90.6881942256238.jpg",1,119,261,414,143,533,404
"Morganza_all/027958@29.5717159500605,-90.6884564817326.jpg",1,169,278,324,107,493,385
"Morganza_all/027959@29.5719002507937,-90.6886574749647.jpg",1,219,256,267,86,486,342
"Morganza_all/027960@29.572095872944,-90.6884989577554.jpg",2,148,229,488,194,636,423
"Morganza_all/027961@29.5722191809568,-90.6882809781247.jpg",1,225,271,347,116,572,387
"Morganza_all/027962@29.5723363863002,-90.6881529127993.jpg",1,158,290,458,108,616,398
"Morganza_all/027963@29.5724926289793,-90.6879721551026.jpg",1,103,293,449,95,552,388
"Morganza_all/027964@29.5726360127711,-90.6878439203691.jpg",1,129,284,442,108,571,392
"Morganza_all/027965@29.5727594948623,-90.6876559172375.jpg",1,221,219,364,188,585,407
"Morganza_all/027966@29.5725287247923,-90.6873278814753.jpg",2,0,287,539,118,539,405
"Morganza_all/027967@29.5723723996842,-90.6874861482941.jpg",2,0,269,540,121,540,390
"Morganza_all/027968@29.5722226286069,-90.687651890826.jpg",2,0,250,496,148,496,398
"Morganza_all/027969@29.5720663031066,-90.6878101566554.jpg",2,0,250,633,151,633,401
"Morganza_all/027970@29.5719923658024,-90.6874212157669.jpg",2,145,282,484,127,629,409
"Morganza_all/027971@29.5719650798071,-90.6871967194365.jpg",2,193,271,447,137,640,408
"Morganza_all/027972@29.571911439352,-90.6869424139263.jpg",2,0,263,613,179,613,442
"Morganza_all/027973@29.5719819440726,-90.6866349298569.jpg",1,78,237,514,159,592,396
"Morganza_all/027974@29.5721730139818,-90.6868808300249.jpg",2,101,282,539,120,640,402
"Morganza_all/027975@29.5723184276536,-90.6871644606909.jpg",1,103,275,373,133,476,408
"Morganza_all/027976@29.5728987309192,-90.688014492422.jpg",2,0,226,483,162,483,388
"Morganza_all/027977@29.5726838807569,-90.688255524506.jpg",1,0,272,333,112,333,384
"Morganza_all/027978@29.5725405795715,-90.688406219241.jpg",1,0,276,396,115,396,391
"Morganza_all/027979@29.5724170135817,-90.688571791992.jpg",2,0,260,461,114,461,374
"Morganza_all/027980@29.5722736290773,-90.6887000254032.jpg",1,0,268,424,112,424,380
"Morganza_all/027981@29.5721895516901,-90.6889102652549.jpg",2,0,266,448,114,448,380
"Morganza_all/027982@29.5720467650318,-90.6891658042312.jpg",2,0,273,375,101,375,374
"Morganza_all/027983@29.5720948127035,-90.6896148403348.jpg",2,0,246,504,153,504,399
"Morganza_all/027984@29.5721220945573,-90.6898393376145.jpg",1,2,267,540,129,542,396
"Morganza_all/027985@29.5721494127669,-90.6900713217722.jpg",2,0,268,388,119,388,387
"Morganza_all/027986@29.5721700663112,-90.6902733694076.jpg",2,0,264,435,131,435,395
"Morganza_all/027987@29.5725036340772,-90.6902113318305.jpg",2,252,304,388,105,640,409
"Morganza_all/027988@29.572679771,-90.6900828899715.jpg",1,102,295,276,100,378,395
"Morganza_all/027989@29.5728960946155,-90.6901413971811.jpg",1,71,296,422,97,493,393
"Morganza_all/027990@29.5728162812755,-90.6898872873513.jpg",1,27,283,369,104,396,387
"Morganza_all/027991@29.572495545802,-90.6898968346582.jpg",1,204,294,387,116,591,410
"Morganza_all/027992@29.5724748087351,-90.6896722944711.jpg",1,148,306,359,94,507,400
"Morganza_all/027993@29.5727889259765,-90.6896478148962.jpg",1,92,272,401,113,493,385
"Morganza_all/027994@29.5727682252601,-90.6894307609045.jpg",1,115,264,414,113,529,377
"Morganza_all/027995@29.5724150332293,-90.6895004458531.jpg",1,130,288,373,108,503,396
"Morganza_all/027996@29.5724206213745,-90.689305684708.jpg",1,227,285,383,118,610,403
"Morganza_all/027997@29.5727412096647,-90.6892661883174.jpg",2,0,257,464,125,464,382
"Morganza_all/027998@29.5726348108892,-90.688929861807.jpg",1,176,233,418,168,594,401
"Morganza_all/027999@29.5724980443182,-90.689073026452.jpg",2,228,265,406,150,634,415
"Morganza_all/028000@29.5731817092577,-90.6883122150567.jpg",2,158,175,478,250,636,425
"Morganza_all/028001@29.5733263832572,-90.6884461137977.jpg",1,106,193,468,213,574,406
"Morganza_all/028002@29.5734256861767,-90.6886701500156.jpg",3,107,286,414,118,521,404
"Morganza_all/028003@29.5735572609654,-90.688796615329.jpg",2,0,177,545,225,545,402
"Morganza_all/028004@29.5736825946786,-90.688990505083.jpg",1,85,234,547,156,632,390
"Morganza_all/028005@29.5738077075074,-90.6891395055049.jpg",1,110,268,495,130,605,398
"Morganza_all/028006@29.5739263488925,-90.689303490698.jpg",1,151,276,464,123,615,399
"Morganza_all/028007@29.5740777042361,-90.6894597788592.jpg",2,168,253,473,155,641,408
"Morganza_all/028008@29.5741835133472,-90.6896762888003.jpg",2,0,251,390,153,390,404
"Morganza_all/028009@29.5739418289374,-90.6897901801677.jpg",2,0,306,325,95,325,401
"Morganza_all/028010@29.5738114958731,-90.6899108428287.jpg",1,48,290,334,106,382,396
"Morganza_all/028011@29.5736153576183,-90.6899645438844.jpg",1,85,285,306,120,391,405
"Morganza_all/028012@29.5734259109979,-90.6900481501009.jpg",1,36,292,408,96,444,388
"Morganza_all/028013@29.5732359496603,-90.690026877372.jpg",1,98,279,487,130,585,409
"Morganza_all/028014@29.5731492605793,-90.6897054273484.jpg",2,0,279,521,125,521,404
"Morganza_all/028015@29.57335233869,-90.6897265837121.jpg",2,247,254,381,101,628,355
"Morganza_all/028016@29.5735417208422,-90.6896354902662.jpg",3,203,239,378,128,581,367
"Morganza_all/028017@29.5736060549933,-90.6894029138069.jpg",3,97,257,389,109,486,366
"Morganza_all/028018@29.5734282631532,-90.6891943553864.jpg",2,0,241,353,154,353,395
"Morganza_all/028019@29.5732904291297,-90.6891203395142.jpg",1,35,268,357,115,392,383
"Morganza_all/028020@29.5731404352719,-90.6892411601458.jpg",2,208,280,429,122,637,402
"Morganza_all/028022@29.572953842981,-90.6885683365265.jpg",2,134,254,506,129,640,383
"Morganza_all/028023@29.5721983385135,-90.6907000724514.jpg",2,0,272,437,137,437,409
"Morganza_all/028024@29.5722189270512,-90.6908946651874.jpg",2,0,269,437,119,437,388
"Morganza_all/028025@29.5722659416378,-90.6911340105664.jpg",2,0,285,344,104,344,389
"Morganza_all/028026@29.5722797646712,-90.6912836934181.jpg",1,101,278,338,119,439,397
"Morganza_all/028027@29.5722939176308,-90.6915007886695.jpg",1,86,271,413,121,499,392
"Morganza_all/028028@29.5723408303215,-90.6917251611475.jpg",1,41,245,406,157,447,402
"Morganza_all/028029@29.5724075507215,-90.6919793550436.jpg",2,0,275,402,116,402,391
"Morganza_all/028030@29.5723953772945,-90.6921666711308.jpg",2,65,282,403,111,468,393
"Morganza_all/028031@29.572455561256,-90.6924283942898.jpg",2,0,259,420,139,420,398
"Morganza_all/028032@29.5725088981728,-90.6926227783949.jpg",2,0,275,438,113,438,388
"Morganza_all/028033@29.5725098863713,-90.6928249844608.jpg",3,56,284,390,101,446,385
"Morganza_all/028034@29.5725240367782,-90.6930420804287.jpg",2,0,262,413,128,413,390
"Morganza_all/028035@29.5725775555759,-90.6932738989369.jpg",2,0,273,353,126,353,399
"Morganza_all/028036@29.5725849411201,-90.6934460847272.jpg",2,0,285,394,102,394,387
"Morganza_all/028037@29.5725923631289,-90.6936257887898.jpg",3,40,282,419,122,459,404
"Morganza_all/028038@29.5726392356575,-90.6938426761378.jpg",2,0,282,481,126,481,408
"Morganza_all/028039@29.5726599655806,-90.6940672175568.jpg",2,0,292,394,112,394,404
"Morganza_all/028040@29.5726937023449,-90.6942691835368.jpg",1,19,299,425,119,444,418
"Morganza_all/028041@29.5727406102965,-90.6944935582067.jpg",1,33,295,311,115,344,410
"Morganza_all/028042@29.5726834229865,-90.6948459076981.jpg",1,46,268,396,109,442,377
"Morganza_all/028043@29.5728859622028,-90.6947622591877.jpg",1,43,284,513,158,556,442
"Morganza_all/028044@29.5728821523327,-90.695323937639.jpg",2,124,248,509,149,633,397
"Morganza_all/028045@29.5731365389499,-90.6951351093053.jpg",2,183,258,449,124,632,382
"Morganza_all/028046@29.5732863559459,-90.6949768632926.jpg",1,252,289,361,92,613,381
"Morganza_all/028047@29.5734622876949,-90.6948109947081.jpg",2,58,271,581,138,639,409
"Morganza_all/028048@29.5736511170775,-90.6946000892309.jpg",1,65,284,544,103,609,387
"Morganza_all/028049@29.573820421683,-90.6944118003035.jpg",2,0,298,479,89,479,387
"Morganza_all/028050@29.5739834001842,-90.6942684424047.jpg",1,106,301,342,92,448,393
"Morganza_all/028051@29.5741069004981,-90.694087931743.jpg",3,23,278,493,131,516,409
"Morganza_all/028052@29.5742501805583,-90.693937211498.jpg",1,111,298,407,103,518,401
"Morganza_all/028053@29.5739604876262,-90.6936020771324.jpg",2,0,284,521,124,521,408
"Morganza_all/028054@29.5738368783948,-90.6937601274802.jpg",1,105,284,398,91,503,375
"Morganza_all/028055@29.5737197406204,-90.6939031619115.jpg",1,188,281,381,98,569,379
"Morganza_all/028056@29.5735829686211,-90.6940463213166.jpg",3,182,274,384,108,566,382
"Morganza_all/028057@29.573420099874,-90.6942121395597.jpg",1,50,266,405,121,455,387
"Morganza_all/028058@29.5732702106583,-90.6943553817883.jpg",1,127,254,351,139,478,393
"Morganza_all/028059@29.5731596169227,-90.6944983729746.jpg",2,99,263,534,130,633,393
"Morganza_all/028061@29.5730126120982,-90.6938852147608.jpg",1,169,243,351,144,520,387
"Morganza_all/028062@29.5731961010088,-90.6939214787507.jpg",3,117,293,363,82,480,375
"Morganza_all/028063@29.5733654136731,-90.6937406765548.jpg",1,94,250,391,134,485,384
"Morganza_all/028064@29.5735025051336,-90.6936574117313.jpg",1,202,278,343,99,545,377
"Morganza_all/028065@29.5736261873297,-90.6935143355186.jpg",1,188,263,360,115,548,378
"Morganza_all/028066@29.5737561214786,-90.6933112906669.jpg",1,13,282,364,114,377,396
"Morganza_all/028067@29.5735124134059,-90.6930057826898.jpg",2,0,283,431,127,431,410
"Morganza_all/028068@29.57336891487,-90.6931115506129.jpg",1,135,280,337,99,472,379
"Morganza_all/028069@29.5732257544857,-90.6932922182372.jpg",1,51,308,428,83,479,391
"Morganza_all/028070@29.573017037165,-90.6934508114898.jpg",2,11,267,627,123,638,390
"Morganza_all/028071@29.5729637014767,-90.6932564259577.jpg",2,231,279,405,110,636,389
"Morganza_all/028072@29.5729233728214,-90.6930395278037.jpg",2,199,282,428,112,627,394
"Morganza_all/028073@29.5728831899817,-90.6928525456126.jpg",2,235,276,384,134,619,410
"Morganza_all/028075@29.5728417713039,-90.6924184361619.jpg",3,186,281,372,113,558,394
"Morganza_all/028076@29.5728474371719,-90.692238679424.jpg",1,285,277,304,117,589,394
"Morganza_all/028077@29.5727809279226,-90.6920219180798.jpg",3,193,278,393,117,586,395
"Morganza_all/028078@29.5727930645031,-90.6918271144498.jpg",1,284,299,254,94,538,393
"Morganza_all/028079@29.5727066730874,-90.6915655586711.jpg",1,142,291,414,92,556,383
"Morganza_all/028080@29.5726663781469,-90.6913561170919.jpg",1,198,284,403,93,601,377
"Morganza_all/028081@29.57267847706,-90.6911538268086.jpg",2,247,271,387,102,634,373
"Morganza_all/028082@29.5726184098245,-90.6909220511728.jpg",1,162,293,425,98,587,391
"Morganza_all/028083@29.5725515405471,-90.6906379103026.jpg",2,214,271,424,127,638,398
"Morganza_all/028084@29.5727413180964,-90.6906217185879.jpg",1,203,279,436,112,639,391
"Morganza_all/028085@29.5729572283214,-90.69059035357.jpg",2,0,282,542,126,542,408
"Morganza_all/028086@29.5729520879775,-90.6908824759256.jpg",1,5,292,425,100,430,392
"Morganza_all/028087@29.5729988823433,-90.6910768706771.jpg",1,12,295,394,104,406,399
"Morganza_all/028088@29.5730261616927,-90.6913013703812.jpg",1,11,296,459,104,470,400
"Morganza_all/028089@29.5730533673428,-90.6915108965604.jpg",1,49,278,326,133,375,411
"Morganza_all/028090@29.5730478858594,-90.6917281192826.jpg",1,14,273,421,129,435,402
"Morganza_all/028091@29.5731471831701,-90.6919521581312.jpg",1,61,269,336,113,397,382
"Morganza_all/028092@29.5731876145166,-90.6921840612811.jpg",2,0,268,338,138,338,406
"Morganza_all/028093@29.5731950016462,-90.6923562794969.jpg",2,0,273,399,134,399,407
"Morganza_all/028094@29.5732091894261,-90.6925808637191.jpg",2,0,261,396,112,396,373
"Morganza_all/028095@29.5732952859933,-90.6927824954909.jpg",1,97,281,351,103,448,384
"Morganza_all/028096@29.5732512801569,-90.6904836162469.jpg",2,0,261,470,126,470,387
"Morganza_all/028097@29.5733184435105,-90.6908276852015.jpg",1,190,251,431,139,621,390
"Morganza_all/028098@29.5733652747969,-90.6910295989424.jpg",2,137,261,493,126,630,387
"Morganza_all/028099@29.5733728834884,-90.6912467384629.jpg",1,153,258,424,153,577,411
"Morganza_all/028100@29.5733870365089,-90.6914638360781.jpg",1,96,261,466,116,562,377
"Morganza_all/028101@29.5734993503519,-90.6916728178622.jpg",1,184,283,226,102,410,385
"Morganza_all/028102@29.573480852494,-90.6919050990748.jpg",1,190,280,358,109,548,389
"Morganza_all/028103@29.5735603779126,-90.6921067728847.jpg",1,135,281,424,112,559,393
"Morganza_all/028104@29.5735354811893,-90.6923690749367.jpg",3,166,285,407,123,573,408
"Morganza_all/028105@29.5736609927555,-90.692600434923.jpg",2,112,228,520,163,632,391
"Morganza_all/028106@29.5737796573102,-90.6927644237992.jpg",1,10,247,492,150,502,397
"Morganza_all/028107@29.5739179649584,-90.6929358060581.jpg",3,103,237,526,138,629,375
"Morganza_all/028108@29.5740759703611,-90.6931145185645.jpg",2,266,268,367,129,633,397
"Morganza_all/028109@29.5742143506627,-90.6933008756359.jpg",2,106,254,530,156,636,410
"Morganza_all/028110@29.5743514143425,-90.6932176096804.jpg",2,0,268,430,133,430,401
"Morganza_all/028111@29.5744880300852,-90.6930370132127.jpg",2,0,257,564,141,564,398
"Morganza_all/028112@29.5742971546525,-90.6928285302042.jpg",1,64,265,561,138,625,403
"Morganza_all/028113@29.5741591854225,-90.692732048145.jpg",1,202,272,230,134,432,406
"Morganza_all/028114@29.5740730063235,-90.6925079223436.jpg",1,106,263,467,154,573,417
"Morganza_all/028115@29.5739019473268,-90.6923367814502.jpg",3,199,274,355,117,554,391
"Morganza_all/028116@29.5738351175906,-90.6920600914194.jpg",1,141,275,403,127,544,402
"Morganza_all/028117@29.5738017712809,-90.6919329925027.jpg",2,0,268,333,127,333,395
"Morganza_all/028118@29.5737870691435,-90.6916035592869.jpg",1,209,278,378,122,587,400
"Morganza_all/028119@29.5737467101013,-90.6913866287343.jpg",1,95,265,530,133,625,398
"Morganza_all/028120@29.573719504253,-90.6911771011385.jpg",1,84,277,528,123,612,400
"Morganza_all/028121@29.5737054609779,-90.6909824949171.jpg",1,0,257,597,145,597,402
"Morganza_all/028122@29.5736519014277,-90.6907431881549.jpg",1,68,284,556,121,624,405
"Morganza_all/028123@29.5735785144201,-90.6904590548424.jpg",2,96,247,536,147,632,394
"Morganza_all/028124@29.5744402083148,-90.6899592458727.jpg",2,208,175,430,223,638,398
"Morganza_all/028125@29.5745392513454,-90.6901308460849.jpg",2,0,240,604,164,604,404
"Morganza_all/028126@29.5746579283699,-90.6903023520506.jpg",2,0,281,401,103,401,384
"Morganza_all/028127@29.5742645032774,-90.6901700775372.jpg",2,270,267,367,107,637,374
"Morganza_all/028128@29.5741276711315,-90.6903057560912.jpg",2,311,256,329,128,640,384
"Morganza_all/028129@29.5739645407113,-90.6904116545532.jpg",1,88,266,540,138,628,404
"Morganza_all/028130@29.5740584061284,-90.6908678930817.jpg",2,0,299,424,99,424,398
"Morganza_all/028131@29.574437484025,-90.6907381484689.jpg",2,0,269,389,135,389,404
"Morganza_all/028132@29.5744190612002,-90.6909854058804.jpg",2,0,268,370,128,370,396
"Morganza_all/028133@29.5744465240752,-90.6912473433808.jpg",2,0,274,367,127,367,401
"Morganza_all/028134@29.5744932813905,-90.6914342857295.jpg",2,0,283,399,114,399,397
"Morganza_all/028135@29.5745075073988,-90.6916663596643.jpg",2,0,273,443,120,443,393
"Morganza_all/028136@29.5745742279097,-90.6919205590196.jpg",1,197,275,338,100,535,375
"Morganza_all/028137@29.57468635775,-90.6920920776055.jpg",1,57,266,364,112,421,378
"Morganza_all/028138@29.5748052518895,-90.6923085078757.jpg",2,0,275,448,126,448,401
"Morganza_all/028139@29.5750418311658,-90.692494236943.jpg",1,78,262,392,120,470,382
"Morganza_all/028140@29.574924767962,-90.6926522485031.jpg",1,70,260,454,124,524,384
"Morganza_all/028141@29.5747617179081,-90.6927806050174.jpg",2,179,282,458,119,637,401
"Morganza_all/028142@29.5746034466196,-90.6925419646616.jpg",3,120,267,415,123,535,390
"Morganza_all/028143@29.5744717565178,-90.692385545212.jpg",3,120,271,356,124,476,395
"Morganza_all/028144@29.5743464734129,-90.6922065922419.jpg",1,161,280,423,101,584,381
"Morganza_all/028145@29.5742668840208,-90.6919974300315.jpg",1,172,280,393,114,565,394
"Morganza_all/028146@29.5741610787436,-90.6917809174585.jpg",1,120,284,408,113,528,397
"Morganza_all/028147@29.5741404548686,-90.6915788338624.jpg",1,60,263,407,125,467,388
"Morganza_all/028148@29.5741065946396,-90.6913468866286.jpg",1,33,274,427,127,460,401
"Morganza_all/028149@29.5740661159497,-90.6911000077144.jpg",2,0,276,408,134,408,410
"Morganza_all/028150@29.574901596662,-90.6905928513869.jpg",2,136,278,500,147,636,425
"Morganza_all/028151@29.5750334725571,-90.6907867354654.jpg",1,20,196,522,198,542,394
"Morganza_all/028152@29.5752446824345,-90.691137374422.jpg",2,212,234,420,166,632,400
"Morganza_all/028153@29.5753961824189,-90.6913236468638.jpg",1,58,243,561,161,619,404
"Morganza_all/028154@29.575514894385,-90.6915026112596.jpg",1,126,251,480,145,606,396
"Morganza_all/028155@29.5756928659251,-90.6917486446847.jpg",2,0,222,518,183,518,405
"Morganza_all/028156@29.5755760234253,-90.691951580217.jpg",3,57,265,363,126,420,391
"Morganza_all/028157@29.5754262100889,-90.6921098343717.jpg",2,0,271,461,121,461,392
"Morganza_all/028158@29.5752826388921,-90.6922006001602.jpg",2,204,256,435,162,639,418
"Morganza_all/028159@29.575078672909,-90.6919922323582.jpg",2,91,198,547,208,638,406
"Morganza_all/028160@29.5751558530944,-90.6917146168382.jpg",1,161,235,438,127,599,362
"Morganza_all/028161@29.5750632835141,-90.6915279981223.jpg",2,246,229,391,149,637,378
"Morganza_all/028162@29.5748467037416,-90.6914170464911.jpg",3,11,239,489,147,500,386
"Morganza_all/028163@29.5748061149967,-90.6911476734031.jpg",2,312,268,327,138,639,406
"Morganza_all/028164@29.5747655625461,-90.6908858189427.jpg",2,150,259,486,148,636,407
"Morganza_all/028165@29.5761867860077,-90.692344621678.jpg",2,0,267,622,133,622,400
"Morganza_all/028166@29.576083031964,-90.6925474737789.jpg",2,0,252,460,161,460,413
"Morganza_all/028167@29.5759267098105,-90.6927132567402.jpg",2,367,278,270,96,637,374
"Morganza_all/028168@29.5757765295794,-90.6927966085752.jpg",1,88,264,270,123,358,387
"Morganza_all/028169@29.5756792007281,-90.6929694692809.jpg",1,64,275,391,129,455,404
"Morganza_all/028170@29.5755618900536,-90.6930825593966.jpg",1,147,265,266,133,413,398
"Morganza_all/028171@29.5754053752075,-90.6932033870264.jpg",3,54,264,365,113,419,377
"Morganza_all/028172@29.5752168406121,-90.6934742261762.jpg",1,157,273,311,117,468,390
"Morganza_all/028173@29.5750995203066,-90.6935797965679.jpg",2,197,282,271,97,468,379
"Morganza_all/028174@29.5749691929448,-90.6937079742936.jpg",1,165,276,300,118,465,394
"Morganza_all/028175@29.57485190913,-90.6938210625672.jpg",1,172,287,324,109,496,396
"Morganza_all/028176@29.5747020843626,-90.6939717942008.jpg",1,78,253,428,189,506,442
"Morganza_all/028177@29.5744713301079,-90.6936437375266.jpg",2,210,257,428,131,638,388
"Morganza_all/028178@29.5746474338428,-90.6935078122366.jpg",1,150,266,430,120,580,386
"Morganza_all/028179@29.5747842327495,-90.6933646503992.jpg",3,177,274,455,110,632,384
"Morganza_all/028180@29.5749275485362,-90.6932214150647.jpg",3,210,277,382,102,592,379
"Morganza_all/028181@29.5751036152633,-90.6930780014359.jpg",1,174,279,437,110,611,389
"Morganza_all/028182@29.5752337317802,-90.6929124194167.jpg",1,155,284,388,107,543,391
"Morganza_all/028183@29.5753900176005,-90.6927391509144.jpg",1,169,280,398,111,567,391
"Morganza_all/028184@29.5755199871428,-90.6925435884901.jpg",1,110,274,398,107,508,381
"Morganza_all/028185@29.5756568673144,-90.6924228853203.jpg",1,132,274,421,124,553,398
"Morganza_all/028186@29.5757999900306,-90.6922347564975.jpg",1,228,289,300,98,528,387
"Morganza_all/028187@29.5759891448981,-90.6920912246307.jpg",2,0,243,637,175,637,418
"Morganza_all/028188@29.5745003126338,-90.694212734328.jpg",1,89,292,411,134,500,426
"Morganza_all/028189@29.5743438787315,-90.69435601985.jpg",1,41,273,322,145,363,418
"Morganza_all/028190@29.5741808180177,-90.6944768857624.jpg",1,19,283,347,115,366,398
"Morganza_all/028191@29.5740834231232,-90.6946422868128.jpg",1,57,290,288,83,345,373
"Morganza_all/028192@29.5740186783751,-90.6947924736907.jpg",1,105,296,284,89,389,385
"Morganza_all/028195@29.5741401561136,-90.6955406018882.jpg",2,0,292,397,114,397,406
"Morganza_all/028196@29.5742587532246,-90.6956971397493.jpg",1,31,296,358,87,389,383
"Morganza_all/028197@29.5743772043527,-90.6958236988269.jpg",1,34,299,357,104,391,403
"Morganza_all/028198@29.5744827843964,-90.695995263087.jpg",1,34,297,326,93,360,390
"Morganza_all/028199@29.5746208969578,-90.6961217291802.jpg",2,0,299,368,102,368,401
"Morganza_all/028200@29.5747000795347,-90.6962485389736.jpg",1,92,307,215,104,307,411
"Morganza_all/028201@29.5749109836996,-90.696539261107.jpg",1,162,296,223,109,385,405
"Morganza_all/028202@29.5750032916156,-90.6966734753713.jpg",1,47,297,354,104,401,401
"Morganza_all/028203@29.5751283593528,-90.6968150003731.jpg",2,0,289,405,108,405,397
"Morganza_all/028204@29.5752798599622,-90.6970087368944.jpg",1,137,282,260,81,397,363
"Morganza_all/028207@29.575776448668,-90.6968108819679.jpg",1,211,296,275,100,486,396
"Morganza_all/028208@29.5758805364402,-90.696675386777.jpg",1,165,298,354,87,519,385
"Morganza_all/028209@29.5759979231039,-90.6965773060588.jpg",1,207,296,302,88,509,384
"Morganza_all/028210@29.5761346613304,-90.6964266281442.jpg",1,36,275,416,118,452,393
"Morganza_all/028211@29.5759100753852,-90.6933274766846.jpg",1,30,286,340,112,370,398
"Morganza_all/028212@29.5757014312768,-90.6935010796163.jpg",3,137,278,339,112,476,390
"Morganza_all/028213@29.5755580509985,-90.6936367973633.jpg",1,181,280,265,115,446,395
"Morganza_all/028214@29.5754737098645,-90.693794599469.jpg",1,179,282,287,110,466,392
"Morganza_all/028215@29.5753302837402,-90.6939153423224.jpg",1,228,271,242,116,470,387
"Morganza_all/028216@29.5751803128149,-90.6940361266008.jpg",1,264,284,278,106,542,390
"Morganza_all/028217@29.5750827724585,-90.6941715818251.jpg",1,207,275,240,110,447,385
"Morganza_all/028218@29.5749456805228,-90.6942548158007.jpg",1,190,278,260,123,450,401
"Morganza_all/028219@29.5748417777121,-90.6944277470339.jpg",1,247,274,204,102,451,376
"Morganza_all/028220@29.5746917333435,-90.6945335560617.jpg",1,255,279,272,118,527,397
"Morganza_all/028221@29.574587538195,-90.6946465595941.jpg",1,126,277,379,117,505,394
"Morganza_all/028222@29.5744703719565,-90.6947895942359.jpg",1,218,275,295,122,513,397
"Morganza_all/028223@29.574405727462,-90.6949547552754.jpg",1,239,278,262,107,501,385
"Morganza_all/028224@29.5744064569056,-90.6951045567109.jpg",1,260,278,311,120,571,398
"Morganza_all/028225@29.5744597621998,-90.6952989147442.jpg",2,318,264,320,123,638,387
"Morganza_all/028226@29.5745846765957,-90.6954029709315.jpg",3,332,273,253,125,585,398
"Morganza_all/028227@29.5746507429896,-90.695529863632.jpg",1,224,273,387,117,611,390
"Morganza_all/028228@29.5747692672726,-90.6956714283715.jpg",1,221,266,383,118,604,384
"Morganza_all/028229@29.5748878551599,-90.6958204487755.jpg",1,230,259,326,129,556,388
"Morganza_all/028230@29.5749996522621,-90.6959245895275.jpg",1,87,276,366,118,453,394
"Morganza_all/028231@29.5752341141644,-90.6956759563435.jpg",1,85,275,370,110,455,385
"Morganza_all/028232@29.5751550038881,-90.695564120291.jpg",1,78,278,335,107,413,385
"Morganza_all/028233@29.5750299713878,-90.695430115244.jpg",2,0,280,412,120,412,400
"Morganza_all/028234@29.5749244268962,-90.6952660061493.jpg",1,98,284,333,98,431,382
"Morganza_all/028235@29.5748252081645,-90.6950569339554.jpg",1,90,288,252,84,342,372
"Morganza_all/028236@29.5748629444955,-90.6947421684893.jpg",1,134,271,248,101,382,372
"Morganza_all/028237@29.5750395235853,-90.6947035752507.jpg",2,0,245,405,169,405,414
"Morganza_all/028238@29.5751763692645,-90.6945753886281.jpg",1,79,285,308,119,387,404
"Morganza_all/028239@29.5752869175952,-90.6944174204892.jpg",1,148,286,317,115,465,401
"Morganza_all/028240@29.5753976207354,-90.6942968871763.jpg",1,84,285,356,105,440,390
"Morganza_all/028241@29.5755411202214,-90.6941911188092.jpg",1,89,274,349,130,438,404
"Morganza_all/028242@29.5756649855538,-90.6940854754423.jpg",1,65,282,369,126,434,408
"Morganza_all/028243@29.5757624894546,-90.6939425637779.jpg",1,33,271,359,135,392,406
"Morganza_all/028244@29.575892926774,-90.6938368779105.jpg",1,0,268,399,121,399,389
"Morganza_all/028245@29.5761277500824,-90.6936631081641.jpg",1,52,284,367,126,419,410
"Morganza_all/028246@29.5760089312765,-90.693461647519.jpg",1,151,291,278,102,429,393
"Morganza_all/028247@29.5763908989092,-90.6939235463127.jpg",1,148,277,436,110,584,387
"Morganza_all/028248@29.5762933586718,-90.6940590032838.jpg",1,167,285,309,108,476,393
"Morganza_all/028249@29.5761957451308,-90.6941794544138.jpg",1,130,272,352,127,482,399
"Morganza_all/028250@29.5760392382754,-90.6943077683174.jpg",1,165,279,309,110,474,389
"Morganza_all/028251@29.575921953946,-90.6944208570968.jpg",1,120,270,356,124,476,394
"Morganza_all/028252@29.5757656657514,-90.6945940924373.jpg",1,184,280,342,106,526,386
"Morganza_all/028253@29.5756612881714,-90.6946696620197.jpg",1,104,278,434,123,538,401
"Morganza_all/028254@29.5755378236808,-90.6948576932338.jpg",1,182,271,328,127,510,398
"Morganza_all/028255@29.5754008317325,-90.6949559004739.jpg",3,186,260,291,144,477,404
"Morganza_all/028256@29.5753098351158,-90.6950913133989.jpg",2,138,281,503,144,641,425
"Morganza_all/028257@29.575487799768,-90.6953373212384.jpg",1,179,280,411,115,590,395
"Morganza_all/028258@29.5756051213347,-90.695231721038.jpg",1,88,284,314,85,402,369
"Morganza_all/028259@29.5757092076281,-90.6950962558961.jpg",3,26,268,366,130,392,398
"Morganza_all/028260@29.5758462724439,-90.6950129911547.jpg",2,0,270,358,115,358,385
"Morganza_all/028261@29.5759961623697,-90.6948697462262.jpg",1,40,279,336,115,376,394
"Morganza_all/028262@29.5761263904184,-90.6947265947643.jpg",1,79,279,323,112,402,391
"Morganza_all/028263@29.576263309079,-90.6946133809116.jpg",1,97,284,321,100,418,384
"Morganza_all/028264@29.5763739029326,-90.6944703854216.jpg",1,96,282,320,91,416,373
"Morganza_all/028265@29.5765239747432,-90.6943645743468.jpg",1,57,270,369,113,426,383
"Morganza_all/028266@29.5766411495167,-90.6942290235436.jpg",2,0,275,443,139,443,414
"Morganza_all/028267@29.5752173567005,-90.6962677105873.jpg",1,196,275,405,122,601,397
"Morganza_all/028268@29.5753540947264,-90.6961170648823.jpg",1,158,283,366,116,524,399
"Morganza_all/028269@29.5754910420888,-90.6960038536281.jpg",1,190,289,359,110,549,399
"Morganza_all/028270@29.5756082548159,-90.6958757616985.jpg",1,152,263,341,114,493,377
"Morganza_all/028271@29.5757515370798,-90.6957250732098.jpg",1,165,263,331,128,496,391
"Morganza_all/028272@29.5759080453236,-90.6955967618892.jpg",1,80,282,361,109,441,391
"Morganza_all/028273@29.5760122777189,-90.6954912449017.jpg",1,214,265,410,120,624,385
"Morganza_all/028274@29.576103238462,-90.6953483757957.jpg",1,238,267,367,120,605,387
"Morganza_all/028275@29.576246629458,-90.6952201469989.jpg",1,226,278,379,114,605,392
"Morganza_all/028276@29.5763966289694,-90.6950993630323.jpg",1,182,277,416,121,598,398
"Morganza_all/028277@29.5765270397209,-90.6949936781775.jpg",2,291,267,350,130,641,397
"Morganza_all/028278@29.5766377069219,-90.6948656569164.jpg",2,297,276,344,117,641,393
"Morganza_all/028279@29.576793995319,-90.694692389033.jpg",5,294,270,196,93,490,363
"Morganza_all/028280@29.5768982269844,-90.6945868701712.jpg",2,0,284,418,129,418,413
"Morganza_all/028281@29.5771351678688,-90.6948475112581.jpg",1,38,290,365,152,403,442
"Morganza_all/028282@29.5769786603628,-90.6949758253214.jpg",1,139,275,369,107,508,382
"Morganza_all/028283@29.5768353425124,-90.6951190296203.jpg",3,71,272,360,119,431,391
"Morganza_all/028284@29.5767377279987,-90.695239480369.jpg",3,176,271,373,120,549,391
"Morganza_all/028285@29.5765943005475,-90.6953602226771.jpg",1,156,254,382,154,538,408
"Morganza_all/028286@29.576483423206,-90.6954508081042.jpg",3,203,254,354,131,557,385
"Morganza_all/028287@29.5763465766746,-90.6955789952035.jpg",3,217,254,369,125,586,379
"Morganza_all/028288@29.576209912103,-90.6957446172579.jpg",1,158,247,371,127,529,374
"Morganza_all/028289@29.5760665660646,-90.6958878509909.jpg",3,129,254,334,126,463,380
"Morganza_all/028290@29.5759494259743,-90.6960308861179.jpg",3,86,262,339,130,425,392
"Morganza_all/028291@29.5758124696951,-90.6961366106467.jpg",3,123,266,384,109,507,375
"Morganza_all/028292@29.5756886479857,-90.6962572258522.jpg",1,150,257,350,121,500,378
"Morganza_all/028293@29.5755845604926,-90.6963926897599.jpg",2,217,257,424,128,641,385
"Morganza_all/028294@29.575474037281,-90.6965506560134.jpg",1,120,275,315,112,435,387
"Morganza_all/028295@29.5751796219821,-90.6979380400402.jpg",2,0,264,521,150,521,414
"Morganza_all/028296@29.5753686743503,-90.6977720902937.jpg",2,0,259,480,132,480,391
"Morganza_all/028297@29.5755704889312,-90.6975386422616.jpg",2,0,271,374,108,374,379
"Morganza_all/028298@29.5757725573732,-90.6973576024915.jpg",2,0,273,482,132,482,405
"Morganza_all/028299@29.5759417569257,-90.6971468531125.jpg",2,0,282,451,125,451,407
"Morganza_all/028300@29.5761176824107,-90.6969734652546.jpg",2,0,280,356,114,356,394
"Morganza_all/028301@29.5763393477833,-90.6967848115108.jpg",3,99,283,492,109,591,392
"Morganza_all/028302@29.5763757780407,-90.6962004129076.jpg",2,0,256,637,176,637,432
"Morganza_all/028303@29.576499599696,-90.6960797968045.jpg",1,145,299,342,85,487,384
"Morganza_all/028304@29.5766363010963,-90.6959216618214.jpg",1,86,291,347,92,433,383
"Morganza_all/028305@29.5767536231307,-90.6958160610946.jpg",1,133,299,419,95,552,394
"Morganza_all/028306@29.5768837066798,-90.6956429927933.jpg",2,0,289,407,90,407,379
"Morganza_all/028307@29.5770141453668,-90.6955373079572.jpg",3,91,284,325,97,416,381
"Morganza_all/028308@29.5771509552668,-90.6954016013568.jpg",1,41,292,382,109,423,401
"Morganza_all/028309@29.5772944466952,-90.6952883454038.jpg",1,94,296,368,92,462,388
"Morganza_all/028310@29.5774118048188,-90.6951902618506.jpg",1,135,296,323,88,458,384
"Morganza_all/028311@29.5775222168609,-90.6950097981047.jpg",3,108,277,472,134,580,411
"Morganza_all/028312@29.5776917498125,-90.6948739129688.jpg",1,68,275,338,117,406,392
"Morganza_all/028313@29.5778286960942,-90.6947606973729.jpg",1,65,287,366,95,431,382
"Morganza_all/028314@29.577965614779,-90.6946474816426.jpg",2,0,273,483,148,483,421
"Morganza_all/028315@29.5774091422319,-90.694643542569.jpg",1,142,237,401,199,543,436
"Morganza_all/028316@29.5772838987066,-90.6944720686677.jpg",3,176,290,376,93,552,383
"Morganza_all/028317@29.5771914700512,-90.6943079046651.jpg",1,205,286,313,91,518,377
"Morganza_all/028318@29.5770794981518,-90.6941738151121.jpg",1,226,275,411,116,637,391
"Morganza_all/028319@29.5769674439182,-90.6940172328736.jpg",3,241,275,214,116,455,391
"Morganza_all/028320@29.5768292108947,-90.6938608495756.jpg",1,211,285,343,105,554,390
"Morganza_all/028321@29.5767041401264,-90.6937193573177.jpg",1,213,291,313,106,526,397
"Morganza_all/028322@29.5765984838719,-90.6935327860147.jpg",1,191,291,342,97,533,388
"Morganza_all/028323@29.5764669136613,-90.6934063106404.jpg",1,157,270,420,106,577,376
"Morganza_all/028324@29.5763744927296,-90.6932496362084.jpg",1,188,288,397,103,585,391
"Morganza_all/028325@29.5762691284992,-90.6931229939895.jpg",1,250,275,288,102,538,377
"Morganza_all/028326@29.5761440567793,-90.6929814719859.jpg",1,135,262,401,125,536,387
"Morganza_all/028327@29.576430751746,-90.6927025457387.jpg",1,50,250,452,144,502,394
"Morganza_all/028328@29.5764969945765,-90.6928593871468.jpg",1,130,276,347,97,477,373
"Morganza_all/028329@29.5766221029998,-90.6930083965876.jpg",1,59,281,413,97,472,378
"Morganza_all/028330@29.5767602273488,-90.6931423170819.jpg",1,40,275,408,106,448,381
"Morganza_all/028331@29.5768722459185,-90.6932913794495.jpg",1,62,275,381,111,443,386
"Morganza_all/028332@29.5769712114882,-90.6934480128886.jpg",1,54,268,376,114,430,382
"Morganza_all/028333@29.5771095091939,-90.693611914249.jpg",2,0,270,400,121,400,391
"Morganza_all/028334@29.577228254559,-90.6937983715544.jpg",2,0,277,314,103,314,380
"Morganza_all/028335@29.577313911027,-90.6939101667473.jpg",1,15,265,403,136,418,401
"Morganza_all/028336@29.5774455629425,-90.6940591369456.jpg",1,35,265,345,113,380,378
"Morganza_all/028337@29.577557543964,-90.6942007141972.jpg",1,5,257,402,139,407,396
"Morganza_all/028338@29.5776893048804,-90.6943721151945.jpg",1,61,231,565,192,626,423
"Morganza_all/028339@29.5766060892486,-90.6964386051587.jpg",2,0,264,309,147,309,411
"Morganza_all/028340@29.5768078286688,-90.696190177344.jpg",1,47,281,377,102,424,383
"Morganza_all/028341@29.57697070896,-90.6960318754606.jpg",2,0,276,356,122,356,398
"Morganza_all/028342@29.5772186156404,-90.6958505383736.jpg",2,0,235,319,168,319,403
"Morganza_all/028343@29.577500156197,-90.6958562339188.jpg",2,207,265,432,121,639,386
"Morganza_all/028344@29.5776911448895,-90.6960946782262.jpg",3,117,265,482,131,599,396
"Morganza_all/028345@29.5778689621178,-90.6963107449558.jpg",1,57,261,502,112,559,373
"Morganza_all/028346@29.5778904154481,-90.6966851052665.jpg",3,125,268,324,97,449,365
"Morganza_all/028347@29.5777212077936,-90.6968883721764.jpg",2,0,272,576,118,576,390
"Morganza_all/028348@29.5773168901643,-90.6972129927429.jpg",2,0,271,627,122,627,393
"Morganza_all/028349@29.5769586024325,-90.6975822425958.jpg",2,0,266,521,149,521,415
"Morganza_all/028350@29.5767761677563,-90.6977631594725.jpg",2,0,290,615,121,615,411
"Morganza_all/028351@29.5765546461344,-90.6979817602247.jpg",1,92,264,522,140,614,404
"Morganza_all/028352@29.5763789007038,-90.6981925824409.jpg",2,0,251,638,140,638,391
"Morganza_all/028353@29.5762095456443,-90.6983658954888.jpg",2,0,269,552,140,552,409
"Morganza_all/028354@29.5759878504969,-90.6985545456636.jpg",2,0,285,574,119,574,404
"Morganza_all/028355@29.5758185674477,-90.6987428314888.jpg",2,0,274,514,110,514,384
"Morganza_all/028356@29.5754862005818,-90.6990594955316.jpg",5,0,280,359,84,359,364
"Morganza_all/028358@29.5751375096449,-90.6987022229927.jpg",2,0,282,393,94,393,376
"Morganza_all/028359@29.5749597688655,-90.698501131847.jpg",2,33,282,328,82,361,364
"Morganza_all/028360@29.5748147061881,-90.698284859865.jpg",2,414,272,227,90,641,362
"Morganza_all/028361@29.5753709610258,-90.69824389707.jpg",1,104,188,469,211,573,399
"Morganza_all/028362@29.5755989914952,-90.6980177709543.jpg",2,75,289,555,112,630,401
"Morganza_all/028363@29.5757684461869,-90.6978594322575.jpg",2,181,257,460,152,641,409
"Morganza_all/028364@29.575963861462,-90.6976559731797.jpg",2,76,268,560,130,636,398
"Morganza_all/028365@29.5761921451423,-90.6974822538097.jpg",2,103,267,533,133,636,400
"Morganza_all/028366@29.5765696304307,-90.6970230051936.jpg",2,0,280,633,106,633,386
"Morganza_all/028367@29.5767147590135,-90.697246766062.jpg",2,99,226,355,228,454,454
"Morganza_all/028368@29.5765456320914,-90.6974725225307.jpg",2,0,238,639,158,639,396
"Morganza_all/028369@29.5763370551106,-90.6976610920724.jpg",2,0,235,636,221,636,456
"Morganza_all/028370@29.5761547292099,-90.6978644688561.jpg",2,0,278,509,123,509,401
"Morganza_all/028371@29.5759592773284,-90.6980604408717.jpg",2,0,282,591,146,591,428
"Morganza_all/028372@29.5757312103637,-90.6982790492193.jpg",2,0,271,476,144,476,415
"Morganza_all/028373@29.5755292856893,-90.6984900351005.jpg",2,0,277,498,124,498,401
"Morganza_all/028374@29.5768758953449,-90.6967289903232.jpg",1,300,299,336,117,636,416
"Morganza_all/028375@29.5770667282151,-90.6969299990061.jpg",1,46,273,525,131,571,404
"Morganza_all/028376@29.5772427261244,-90.6967715830973.jpg",2,0,289,576,125,576,414
"Morganza_all/028377@29.5773122713083,-90.6962618737833.jpg",2,221,226,415,206,636,432
"Morganza_all/028378@29.5770515656751,-90.6965031902444.jpg",1,284,285,338,110,622,395
"Morganza_all/028380@29.5758880723079,-90.699581216788.jpg",1,134,279,290,84,424,363
"Morganza_all/028381@29.5761937631862,-90.699167355845.jpg",1,129,201,323,176,452,377
"Morganza_all/028383@29.5766367287824,-90.6987076987367.jpg",3,197,285,329,95,526,380
"Morganza_all/028386@29.5772883883696,-90.6980894480483.jpg",1,127,284,490,104,617,388
"Morganza_all/028387@29.5771168194398,-90.6978059220928.jpg",3,71,295,401,98,472,393
"Morganza_all/028388@29.5776403506487,-90.6977651633375.jpg",1,117,292,439,85,556,377
"Morganza_all/028389@29.5778027606244,-90.6975094978899.jpg",1,104,289,404,82,508,371
"Morganza_all/028390@29.5779851949463,-90.6973285786969.jpg",1,140,275,389,111,529,386
"Morganza_all/028391@29.5781677018412,-90.6971626647195.jpg",2,0,270,462,107,462,377
"Morganza_all/028392@29.5785519124838,-90.6967408004257.jpg",3,55,290,523,83,578,373
"Morganza_all/028393@29.5787473260104,-90.6965373335116.jpg",1,151,286,325,96,476,382
"Morganza_all/028394@29.5788447598188,-90.6963794453195.jpg",1,155,238,286,139,441,377
"Morganza_all/028401@29.5762138212153,-90.699903311432.jpg",2,0,254,430,165,430,419
"Morganza_all/028402@29.5760331625633,-90.700099595013.jpg",2,5,256,500,196,505,452
"Morganza_all/028403@29.5763416474717,-90.7001668865987.jpg",3,23,263,409,127,432,390
"Morganza_all/028404@29.576480135482,-90.7003548613077.jpg",1,96,282,302,105,398,387
"Morganza_all/028405@29.5766183498675,-90.7004862114607.jpg",3,151,243,284,148,435,391
"Morganza_all/028406@29.5764657600885,-90.699656178453.jpg",1,39,274,537,110,576,384
"Morganza_all/028407@29.5768706168564,-90.6991688904925.jpg",3,0,275,439,126,439,401
"Morganza_all/028409@29.5774855294768,-90.7000211705476.jpg",1,35,235,316,156,351,391
"Morganza_all/028410@29.5776569524689,-90.7001900632268.jpg",1,49,223,323,161,372,384
"Morganza_all/028411@29.577409965055,-90.7003238176293.jpg",1,137,235,384,140,521,375
"Morganza_all/028412@29.5771840313368,-90.7002560030851.jpg",1,320,253,167,124,487,377
"Morganza_all/028413@29.5771690242575,-90.7005708503133.jpg",2,46,206,590,187,636,393
"Morganza_all/028414@29.5768749685899,-90.7000690741527.jpg",1,171,296,342,86,513,382
"Morganza_all/028415@29.5766542332378,-90.6999445693917.jpg",1,143,275,433,135,576,410
"Morganza_all/028416@29.576793105402,-90.7026307949074.jpg",6,269,269,152,83,421,352
"Morganza_all/028418@29.576503970004,-90.7020755342815.jpg",6,301,275,130,81,431,356
"Morganza_all/028419@29.5762229173457,-90.7017086350653.jpg",6,311,282,113,84,424,366
"Morganza_all/028420@29.5771921870895,-90.7022268586288.jpg",6,341,156,121,92,462,248
"Morganza_all/028421@29.5770903173971,-90.6989258906618.jpg",1,48,264,486,152,534,416
"Morganza_all/028424@29.5777748469821,-90.6997981481058.jpg",2,0,285,389,123,389,408
"Morganza_all/028425@29.5778758199056,-90.6999449926661.jpg",2,0,282,361,136,361,418
"Morganza_all/028426@29.578289259675,-90.6995491299791.jpg",2,0,290,512,101,512,391
"Morganza_all/028428@29.5780501498161,-90.6989689515035.jpg",5,181,277,258,101,439,378
"Morganza_all/028429@29.5778992836597,-90.6988715953006.jpg",2,0,290,366,95,366,385
"Morganza_all/028430@29.57776910073,-90.6986102662444.jpg",3,168,297,278,98,446,395
"Morganza_all/028431@29.5776105687638,-90.6984064370644.jpg",1,61,285,391,100,452,385
"Morganza_all/028432@29.5772469849586,-90.6987446352408.jpg",1,100,273,411,115,511,388
"Morganza_all/028433@29.5779668433266,-90.6980355331723.jpg",1,95,287,393,109,488,396
"Morganza_all/028434@29.5782308677637,-90.6978372345229.jpg",3,155,292,300,88,455,380
"Morganza_all/028435@29.5784806567216,-90.6976635953743.jpg",3,194,269,282,94,476,363
"Morganza_all/028436@29.5788653043947,-90.6972351223091.jpg",3,247,277,250,82,497,359
"Morganza_all/028439@29.5794491307602,-90.696535042408.jpg",1,105,286,457,121,562,407
"Morganza_all/028440@29.5795935774264,-90.6967881028573.jpg",1,73,289,375,131,448,420
"Morganza_all/028442@29.5801487183873,-90.6975546951321.jpg",1,146,285,322,92,468,377
"Morganza_all/028443@29.5799776460387,-90.6977196267594.jpg",2,0,276,422,108,422,384
"Morganza_all/028445@29.5795284482929,-90.6981239416069.jpg",2,0,288,413,85,413,373
"Morganza_all/028446@29.5793216115445,-90.6982972776382.jpg",1,65,299,318,82,383,381
"Morganza_all/028447@29.5790356735785,-90.698405614402.jpg",3,202,273,298,108,500,381
"Morganza_all/028448@29.5789872094697,-90.6987500005313.jpg",1,140,270,281,131,421,401
"Morganza_all/028449@29.5787513494246,-90.6988416277574.jpg",1,169,279,206,89,375,368
"Morganza_all/028450@29.5786379516117,-90.6990881113888.jpg",2,62,259,579,152,641,411
"Morganza_all/028451@29.5784863719632,-90.6988433062906.jpg",2,118,281,521,102,639,383
"Morganza_all/028452@29.5783345537659,-90.6985493316546.jpg",1,217,281,351,90,568,371
"Morganza_all/028453@29.5771021489227,-90.7013753772481.jpg",1,274,302,170,89,444,391
"Morganza_all/028454@29.5772604788739,-90.701538251023.jpg",1,127,292,186,100,313,392
"Morganza_all/028455@29.5774914806606,-90.7019218280799.jpg",6,234,237,96,84,330,321
"Morganza_all/028458@29.578184901881,-90.7016634816866.jpg",1,0,288,452,123,452,411
"Morganza_all/028459@29.578362773425,-90.7014247749268.jpg",1,77,285,385,99,462,384
"Morganza_all/028461@29.5786123576883,-90.7012020053604.jpg",1,115,292,236,93,351,385
"Morganza_all/028462@29.5787548992817,-90.7010618323274.jpg",1,0,282,399,113,399,395
"Morganza_all/028463@29.5788967687823,-90.7007823894969.jpg",1,126,278,196,98,322,376
"Morganza_all/028464@29.5791677493196,-90.7005430912333.jpg",1,54,282,400,95,454,377
"Morganza_all/028465@29.5790233099006,-90.7002900264448.jpg",1,37,217,314,179,351,396
"Morganza_all/028466@29.5787276087938,-90.6998576844368.jpg",2,0,281,581,119,581,400
"Morganza_all/028467@29.5783348135833,-90.7000813630389.jpg",2,262,278,379,120,641,398
"Morganza_all/028468@29.5781928269385,-90.7003362359173.jpg",1,224,275,287,121,511,396
"Morganza_all/028469@29.5779503146899,-90.7005425715088.jpg",1,249,268,338,109,587,377
"Morganza_all/028470@29.5778152671939,-90.7007482588607.jpg",3,247,263,324,124,571,387
"Morganza_all/028471@29.5775584669278,-90.7009628623834.jpg",2,283,268,353,106,636,374
"Morganza_all/028472@29.5774018751899,-90.7011604733821.jpg",3,293,242,182,135,475,377
"Morganza_all/028475@29.5783457956592,-90.7023588628153.jpg",2,311,289,330,85,641,374
"Morganza_all/028476@29.5784874705302,-90.7020384319321.jpg",2,320,275,320,112,640,387
"Morganza_all/028477@29.5786154374381,-90.7018410006431.jpg",2,304,270,336,128,640,398
"Morganza_all/028478@29.5787364242544,-90.7016845737868.jpg",2,292,269,345,136,637,405
"Morganza_all/028479@29.5788503917071,-90.7015609721842.jpg",2,291,276,350,119,641,395
"Morganza_all/028480@29.5789858630279,-90.7014372346372.jpg",2,244,266,397,127,641,393
"Morganza_all/028481@29.5791070349065,-90.701313586984.jpg",2,208,251,432,136,640,387
"Morganza_all/028482@29.579213615227,-90.7011408589086.jpg",2,217,279,421,126,638,405
"Morganza_all/028483@29.5793778308072,-90.7010415092976.jpg",1,256,285,377,101,633,386
"Morganza_all/028484@29.5794912321392,-90.7007949945977.jpg",3,74,243,515,173,589,416
"Morganza_all/028485@29.5797436217414,-90.7011539044644.jpg",2,0,278,351,116,351,394
"Morganza_all/028486@29.5796153397895,-90.7012857776363.jpg",2,0,278,474,130,474,408
"Morganza_all/028487@29.5792945831453,-90.7015991315808.jpg",2,0,271,353,119,353,390
"Morganza_all/028488@29.5792022500802,-90.7017553787342.jpg",1,134,289,242,87,376,376
"Morganza_all/028489@29.5790952743543,-90.7018461864952.jpg",1,0,279,335,114,335,393
"Morganza_all/028490@29.5790099327828,-90.7019696076326.jpg",1,23,295,338,106,361,401
"Morganza_all/028491@29.578767524379,-90.7021923309459.jpg",1,71,282,360,109,431,391
"Morganza_all/028492@29.5786393597952,-90.7023488024508.jpg",2,0,266,331,136,331,402
"Morganza_all/028493@29.5785280044737,-90.7030212993205.jpg",2,0,275,270,128,270,403
"Morganza_all/028494@29.5786216665391,-90.7031354129288.jpg",2,329,262,312,140,641,402
"Morganza_all/028495@29.5787081906568,-90.7032577512488.jpg",2,0,267,346,120,346,387
"Morganza_all/028496@29.5788017857107,-90.7033636860994.jpg",1,33,280,377,131,410,411
"Morganza_all/028497@29.5789242309751,-90.7035103692555.jpg",2,0,288,286,134,286,422
"Morganza_all/028498@29.5789892389635,-90.7036246639153.jpg",1,2,293,432,132,434,425
"Morganza_all/028499@29.5791187430997,-90.7037467329449.jpg",2,0,284,339,120,339,404
"Morganza_all/028500@29.5792053454976,-90.7038854940989.jpg",1,15,278,336,133,351,411
"Morganza_all/028501@29.579327790177,-90.7040321784838.jpg",2,360,199,281,212,641,411
"Morganza_all/028502@29.5793857384704,-90.7041710887021.jpg",2,0,207,333,215,333,422
"Morganza_all/028503@29.579651514129,-90.7043414755164.jpg",1,130,281,350,89,480,370
"Morganza_all/028504@29.5797726218416,-90.7042096198317.jpg",1,203,271,320,113,523,384
"Morganza_all/028505@29.5799009067342,-90.7040777501974.jpg",1,117,233,328,166,445,399
"Morganza_all/028506@29.5800078053159,-90.7039705537185.jpg",1,131,265,397,123,528,388
"Morganza_all/028507@29.5801218024193,-90.7038469529752.jpg",1,199,265,323,131,522,396
"Morganza_all/028508@29.5802997959547,-90.7036328153748.jpg",1,100,258,373,137,473,395
"Morganza_all/028509@29.5804066430759,-90.7035092588449.jpg",1,213,273,286,127,499,400
"Morganza_all/028510@29.5805349783743,-90.703393746649.jpg",1,130,270,318,127,448,397
"Morganza_all/028511@29.5806204786812,-90.7033030743275.jpg",1,261,275,329,112,590,387
"Morganza_all/028512@29.5807345146228,-90.7031876830429.jpg",1,179,271,310,128,489,399
"Morganza_all/028513@29.5808269281971,-90.7030478253239.jpg",1,166,271,319,113,485,384
"Morganza_all/028514@29.5809267157558,-90.7029488827438.jpg",1,229,288,295,102,524,390
"Morganza_all/028515@29.5810477825716,-90.7028088126965.jpg",1,124,280,433,163,557,443
"Morganza_all/028516@29.5796350127622,-90.7038827939235.jpg",2,0,285,498,151,498,436
"Morganza_all/028517@29.5795413906309,-90.7037768578793.jpg",2,278,263,361,140,639,403
"Morganza_all/028518@29.5794333117815,-90.7036382628314.jpg",1,256,262,338,144,594,406
"Morganza_all/028519@29.5793395714098,-90.7035077575669.jpg",2,243,263,387,154,630,417
"Morganza_all/028520@29.5792529294568,-90.703360848619.jpg",2,210,257,430,147,640,404
"Morganza_all/028521@29.5791378579134,-90.7032550483939.jpg",2,266,270,365,146,631,416
"Morganza_all/028522@29.5789432662447,-90.7030023268773.jpg",2,275,264,364,146,639,410
"Morganza_all/028523@29.5788638795622,-90.7028717324945.jpg",2,329,257,312,154,641,411
"Morganza_all/028524@29.5787773550846,-90.7027493943178.jpg",2,0,250,298,161,298,411
"Morganza_all/028525@29.5789909530428,-90.7024940723808.jpg",2,231,264,406,144,637,408
"Morganza_all/028526@29.579106052548,-90.7025998399442.jpg",2,0,253,324,145,324,398
"Morganza_all/028527@29.5791926560086,-90.7027385686297.jpg",2,0,263,298,126,298,389
"Morganza_all/028528@29.5792791804955,-90.7028609073042.jpg",2,0,264,375,134,375,398
"Morganza_all/028529@29.5793943191866,-90.7029748864579.jpg",2,0,267,357,141,357,408
"Morganza_all/028530@29.5794808436038,-90.7030972570422.jpg",2,0,264,408,151,408,415
"Morganza_all/028531@29.5796032103835,-90.7032275505629.jpg",2,0,278,351,140,351,418
"Morganza_all/028532@29.5796754075884,-90.7033499802726.jpg",1,61,275,381,131,442,406
"Morganza_all/028533@29.5797835654902,-90.7035049656783.jpg",2,0,276,344,146,344,422
"Morganza_all/028534@29.5798629397487,-90.7036273821455.jpg",1,31,274,567,146,598,420
"Morganza_all/028535@29.580126551325,-90.7033471427057.jpg",1,175,265,439,145,614,410
"Morganza_all/028536@29.5800257792501,-90.7032412830789.jpg",2,291,266,344,143,635,409
"Morganza_all/028537@29.5799249163202,-90.7031108222273.jpg",2,290,268,349,130,639,398
"Morganza_all/028538@29.5798168880817,-90.7029886178794.jpg",1,301,269,335,142,636,411
"Morganza_all/028539@29.5797374620486,-90.7028498429351.jpg",2,293,268,346,140,639,408
"Morganza_all/028540@29.5796222839035,-90.7027276841109.jpg",1,275,277,361,131,636,408
"Morganza_all/028541@29.5795141644383,-90.7025808792089.jpg",1,245,290,394,146,639,436
"Morganza_all/028542@29.5794204231655,-90.7024504062879.jpg",1,275,298,362,123,637,421
"Morganza_all/028543@29.5793052326229,-90.7023200372795.jpg",1,208,282,333,128,541,410
"Morganza_all/028544@29.5792474126905,-90.7022139089073.jpg",1,281,285,351,141,632,426
"Morganza_all/028545@29.5794537295545,-90.7019258489679.jpg",1,144,257,427,147,571,404
"Morganza_all/028546@29.5795617708261,-90.7020562627777.jpg",1,36,275,408,137,444,412
"Morganza_all/028547@29.5796698513477,-90.7021948562963.jpg",1,39,269,439,154,478,423
"Morganza_all/028548@29.5797994082092,-90.7023333148155.jpg",2,0,263,364,159,364,422
"Morganza_all/028549@29.5798715548683,-90.7024393535998.jpg",1,86,268,355,140,441,408
"Morganza_all/028550@29.579979595628,-90.7025697685076.jpg",5,189,268,265,140,454,408
"Morganza_all/028551@29.5800518722943,-90.7027085885803.jpg",1,80,282,383,123,463,405
"Morganza_all/028552@29.5801597944621,-90.7028144026912.jpg",1,93,258,396,164,489,422
"Morganza_all/028553@29.5802463583608,-90.7029449535469.jpg",1,80,296,354,123,434,419
"Morganza_all/028554@29.5803258905898,-90.7031001195209.jpg",2,0,254,468,169,468,423
"Morganza_all/028555@29.5805821938549,-90.7027871729371.jpg",1,25,264,576,154,601,418
"Morganza_all/028556@29.5804886378395,-90.7026894476963.jpg",1,190,259,403,142,593,401
"Morganza_all/028557@29.5804092235009,-90.7025588831792.jpg",1,133,271,389,124,522,395
"Morganza_all/028558@29.5802583600189,-90.7024615192761.jpg",1,33,275,431,142,464,417
"Morganza_all/028559@29.5801933114964,-90.7023390129932.jpg",1,220,284,364,119,584,403
"Morganza_all/028560@29.5800923689102,-90.702192193908.jpg",1,187,289,320,113,507,402
"Morganza_all/028561@29.5799913195784,-90.702028953466.jpg",1,143,272,340,134,483,406
"Morganza_all/028562@29.579911983528,-90.7019147804745.jpg",1,165,275,348,136,513,411
"Morganza_all/028563@29.5798039421166,-90.7017843663613.jpg",3,206,268,304,140,510,408
"Morganza_all/028564@29.5797031292152,-90.7016702977585.jpg",1,234,275,339,129,573,404
"Morganza_all/028565@29.5799453787139,-90.7014147903839.jpg",1,110,276,509,133,619,409
"Morganza_all/028566@29.5800319440069,-90.7015453397505.jpg",1,99,280,329,126,428,406
"Morganza_all/028567@29.5801685997385,-90.7016673622729.jpg",1,40,283,351,111,391,394
"Morganza_all/028568@29.5802480151171,-90.7017979572289.jpg",1,92,270,387,147,479,417
"Morganza_all/028569@29.5803344615333,-90.7019039059572.jpg",1,134,273,332,128,466,401
"Morganza_all/028570@29.5804210657279,-90.7020426357424.jpg",1,139,276,391,141,530,417
"Morganza_all/028571@29.5805434730854,-90.702181140156.jpg",1,31,277,405,131,436,408
"Morganza_all/028572@29.5806227815553,-90.7022953457112.jpg",3,163,278,366,131,529,409
"Morganza_all/028573@29.5807815714204,-90.7025483270325.jpg",1,17,231,526,175,543,406
"Morganza_all/028574@29.5789310709777,-90.6994921530344.jpg",3,204,271,408,129,612,400
"Morganza_all/028575@29.5790546777269,-90.6996563476024.jpg",1,227,279,249,118,476,397
"Morganza_all/028576@29.5791835282347,-90.699796033418.jpg",1,262,273,361,124,623,397
"Morganza_all/028577@29.5792804017364,-90.6999481598135.jpg",2,308,245,332,186,640,431
"Morganza_all/028578@29.5795060682739,-90.7002339018723.jpg",2,253,276,383,141,636,417
"Morganza_all/028579@29.5797373617263,-90.7005745708334.jpg",1,210,271,370,159,580,430
"Morganza_all/028580@29.5798969203837,-90.7004391641577.jpg",1,65,293,386,97,451,390
"Morganza_all/028581@29.5800083520779,-90.7002918231225.jpg",1,117,296,296,103,413,399
"Morganza_all/028582@29.5801306576203,-90.700181064428.jpg",3,131,280,331,117,462,397
"Morganza_all/028583@29.5802422662265,-90.7000704045538.jpg",1,145,296,373,94,518,390
"Morganza_all/028584@29.5803268486676,-90.699892684245.jpg",2,151,277,489,134,640,411
"Morganza_all/028585@29.5804811603601,-90.6997756189116.jpg",1,104,286,386,101,490,387
"Morganza_all/028586@29.5806138987896,-90.699615934759.jpg",1,52,282,392,121,444,403
"Morganza_all/028587@29.5807415385065,-90.6995051408104.jpg",1,76,277,396,124,472,401
"Morganza_all/028588@29.5808850621461,-90.6993636977283.jpg",1,52,283,368,107,420,390
"Morganza_all/028589@29.5809698505892,-90.6992287609286.jpg",1,183,291,328,109,511,400
"Morganza_all/028590@29.581076005229,-90.6990936571424.jpg",3,183,281,362,116,545,397
"Morganza_all/028591@29.5812195010769,-90.6989522446323.jpg",1,11,297,492,137,503,434
"Morganza_all/028592@29.5809348282936,-90.6986118811581.jpg",3,71,282,502,113,573,395
"Morganza_all/028593@29.5807755083262,-90.6987962119477.jpg",2,0,290,528,140,528,430
"Morganza_all/028594@29.5806325763983,-90.6990598134463.jpg",1,298,264,220,152,518,416
"Morganza_all/028595@29.5804354711425,-90.6991588095144.jpg",1,129,280,439,112,568,392
"Morganza_all/028596@29.5802389589323,-90.6993861287109.jpg",1,179,277,380,117,559,394
"Morganza_all/028602@29.5796908652229,-90.6986869948145.jpg",3,114,280,437,98,551,378
"Morganza_all/028605@29.5804186501972,-90.697894234112.jpg",1,108,284,456,103,564,387
"Morganza_all/028606@29.5805962216891,-90.6981680416383.jpg",2,0,299,319,99,319,398
"Morganza_all/028607@29.5807149095062,-90.6984177784759.jpg",1,168,292,221,86,389,378
"Morganza_all/028609@29.5810018270291,-90.7105512662374.jpg",1,96,291,258,89,354,380
"Morganza_all/028611@29.5806457901229,-90.7100477511167.jpg",1,241,290,236,98,477,388
"Morganza_all/028613@29.580585037552,-90.7087175988564.jpg",1,39,288,396,83,435,371
"Morganza_all/028614@29.5799179066648,-90.710013364153.jpg",2,0,233,641,154,641,387
"Morganza_all/028615@29.5870258759137,-90.709019806119.jpg",1,111,282,357,187,468,469
"Morganza_all/028616@29.5868696756062,-90.7090307219617.jpg",1,144,285,231,137,375,422
"Morganza_all/028617@29.5867376437983,-90.7086540893479.jpg",1,218,236,394,164,612,400
"Morganza_all/028618@29.5865990791158,-90.7087244856299.jpg",1,230,254,354,145,584,399
"Morganza_all/028619@29.5866270126457,-90.7091216194437.jpg",3,234,274,177,119,411,393
"Morganza_all/028620@29.5864516552186,-90.708765110595.jpg",1,210,268,272,131,482,399
"Morganza_all/028621@29.5864711158595,-90.7092020651331.jpg",1,151,262,276,125,427,387
"Morganza_all/028622@29.5863064821072,-90.7092726229034.jpg",1,89,290,157,119,246,409
"Morganza_all/028623@29.586139747624,-90.7088962084545.jpg",1,252,282,362,130,614,412
"Morganza_all/028624@29.5860725558847,-90.7093734069408.jpg",1,42,271,423,136,465,407
"Morganza_all/028625@29.5859056994982,-90.7089771098297.jpg",1,235,296,312,116,547,412
"Morganza_all/028626@29.5857844391314,-90.7090374866246.jpg",1,232,293,319,122,551,415
"Morganza_all/028627@29.5856286644139,-90.7091377836257.jpg",1,370,285,255,137,625,422
"Morganza_all/028628@29.5856827325776,-90.7095546350149.jpg",1,68,235,394,142,462,377
"Morganza_all/028637@29.5812232447658,-90.7033839751863.jpg",2,0,235,414,160,414,395
"Morganza_all/028638@29.5817060727683,-90.704069240633.jpg",1,142,275,254,120,396,395
"Morganza_all/028639@29.5815156096832,-90.7043497468222.jpg",1,102,289,351,100,453,389
"Morganza_all/028640@29.581324640032,-90.7045304929018.jpg",2,0,285,353,113,353,398
"Morganza_all/028641@29.581090686137,-90.7048312161574.jpg",1,14,279,332,122,346,401
"Morganza_all/028642@29.5809430897639,-90.7049618232719.jpg",2,0,268,370,133,370,401
"Morganza_all/028643@29.5805962832423,-90.7053729550598.jpg",3,131,278,314,116,445,394
"Morganza_all/028644@29.5803878302384,-90.7055438341197.jpg",1,265,286,325,87,590,373
"Morganza_all/028645@29.5806510217315,-90.7058813611353.jpg",3,216,295,343,96,559,391
"Morganza_all/028646@29.5808509490601,-90.7057504278675.jpg",1,266,272,235,118,501,390
"Morganza_all/028647@29.5809547219983,-90.7055702314941.jpg",1,222,268,314,116,536,384
"Morganza_all/028648@29.581076215474,-90.7054497619523.jpg",1,313,272,194,108,507,380
"Morganza_all/028649@29.5812150952431,-90.7053192100405.jpg",2,311,264,328,129,639,393
"Morganza_all/028650@29.5813622618733,-90.705098848082.jpg",3,263,272,288,139,551,411
"Morganza_all/028651@29.5814750378251,-90.7049784321652.jpg",1,256,289,352,130,608,419
"Morganza_all/028652@29.5816313991132,-90.7048577424893.jpg",1,266,279,337,143,603,422
"Morganza_all/028653@29.5817527006477,-90.7046973799965.jpg",1,242,296,344,102,586,398
"Morganza_all/028654@29.5820391277987,-90.7044262443798.jpg",3,167,268,380,126,547,394
"Morganza_all/028655@29.5820056468787,-90.704715738696.jpg",1,75,301,342,92,417,393
"Morganza_all/028656@29.5816328333862,-90.7051569895995.jpg",1,75,284,394,131,469,415
"Morganza_all/028657@29.5814075198817,-90.70544768506.jpg",2,110,287,523,126,633,413
"Morganza_all/028658@29.5812253410562,-90.7056383468146.jpg",3,55,260,327,172,382,432
"Morganza_all/028659@29.5811496763402,-90.7062273572491.jpg",1,203,299,255,114,458,413
"Morganza_all/028660@29.5812968444972,-90.7060069967688.jpg",2,209,259,430,173,639,432
"Morganza_all/028661@29.5817138672244,-90.7056951553808.jpg",1,244,275,320,113,564,388
"Morganza_all/028662@29.582112881576,-90.7052637149875.jpg",1,197,296,402,102,599,398
"Morganza_all/028663@29.5825203247051,-90.7047723790881.jpg",3,37,282,515,122,552,404
"Morganza_all/028664@29.5828275132712,-90.7051893896518.jpg",2,0,255,634,161,634,416
"Morganza_all/028665@29.5826021041736,-90.7054601427003.jpg",1,13,275,431,88,444,363
"Morganza_all/028666@29.5824200685821,-90.7056807253617.jpg",3,139,280,361,87,500,367
"Morganza_all/028667@29.5822729011282,-90.7059011202527.jpg",1,283,275,119,83,402,358
"Morganza_all/028668@29.5821429764691,-90.7060814824292.jpg",1,237,256,235,121,472,377
"Morganza_all/028669@29.5818215546418,-90.7063328863845.jpg",3,165,277,346,90,511,367
"Morganza_all/028670@29.5816044584862,-90.7065137927234.jpg",3,230,282,228,83,458,365
"Morganza_all/028671@29.5815180230902,-90.7066739346211.jpg",1,270,277,193,82,463,359
"Morganza_all/028672@29.5813876682574,-90.7067645079299.jpg",1,188,278,215,113,403,391
"Morganza_all/028673@29.5817276036262,-90.7031015243072.jpg",2,0,223,641,168,641,391
"Morganza_all/028680@29.5831412257029,-90.7015264817049.jpg",2,0,238,512,172,512,410
"Morganza_all/028681@29.5835450812756,-90.7021025112696.jpg",1,50,285,483,117,533,402
"Morganza_all/028683@29.5831634155419,-90.702513914709.jpg",1,165,276,225,110,390,386
"Morganza_all/028684@29.5830334475704,-90.702684309938.jpg",1,110,280,230,97,340,377
"Morganza_all/028685@29.5829032395535,-90.7028048400654.jpg",1,31,279,357,124,388,403
"Morganza_all/028686@29.5828081670552,-90.7029750148528.jpg",1,179,288,331,103,510,391
"Morganza_all/028687@29.5826607643063,-90.7031455185736.jpg",1,112,285,278,102,390,387
"Morganza_all/028688@29.5824869429226,-90.703266322009.jpg",1,0,272,326,126,326,398
"Morganza_all/028689@29.5823479212829,-90.7033669283344.jpg",1,113,265,235,108,348,373
"Morganza_all/028692@29.5825510567092,-90.7039043292292.jpg",1,255,285,259,97,514,382
"Morganza_all/028693@29.5826548953987,-90.7037440738724.jpg",1,288,290,294,97,582,387
"Morganza_all/028694@29.5828113309485,-90.703633353598.jpg",1,235,288,369,112,604,400
"Morganza_all/028695@29.5829499693259,-90.7034529322218.jpg",3,171,274,389,124,560,398
"Morganza_all/028696@29.5831417248546,-90.703441753037.jpg",3,168,297,323,104,491,401
"Morganza_all/028697@29.5834184252779,-90.7029612008044.jpg",1,205,290,300,103,505,393
"Morganza_all/028698@29.5836004836364,-90.7027405793681.jpg",1,214,258,422,140,636,398
"Morganza_all/028699@29.5837648401486,-90.7024702334804.jpg",1,225,256,287,142,512,398
"Morganza_all/028700@29.5843376150129,-90.7037260083182.jpg",1,103,271,396,113,499,384
"Morganza_all/028702@29.5834292837262,-90.7038589169644.jpg",1,19,292,422,109,441,401
"Morganza_all/028703@29.5832992899951,-90.7040243086843.jpg",1,87,282,285,122,372,404
"Morganza_all/028704@29.5831232235334,-90.7041301498499.jpg",1,242,268,169,126,411,394
"Morganza_all/028705@29.5827456127111,-90.7044766766902.jpg",2,0,299,351,100,351,399
"Morganza_all/028707@29.5835630835,-90.7044865197275.jpg",1,82,256,467,131,549,387
"Morganza_all/028713@29.582038800099,-90.7070921282291.jpg",1,199,271,188,112,387,383
"Morganza_all/028714@29.5821679753135,-90.7067546556716.jpg",1,314,297,304,81,618,378
"Morganza_all/028717@29.5827464159058,-90.7060103762452.jpg",1,264,301,142,100,406,401
"Morganza_all/028720@29.5830910758125,-90.7056042221997.jpg",1,287,318,159,104,446,422
"Morganza_all/028738@29.5821521922119,-90.7075552496946.jpg",6,273,286,143,83,416,369
"Morganza_all/028757@29.5838802116181,-90.7078960994451.jpg",6,95,250,240,109,335,359
"Morganza_all/028769@29.5831107218297,-90.7069806911113.jpg",6,250,203,137,102,387,305
"Morganza_all/028775@29.5840984312566,-90.7070343543609.jpg",1,267,285,266,106,533,391
"Morganza_all/028776@29.5841564921684,-90.7068694151799.jpg",2,252,276,384,115,636,391
"Morganza_all/028777@29.5842541151676,-90.7067715249142.jpg",2,305,296,330,93,635,389
"Morganza_all/028778@29.5843384700461,-90.7066363409135.jpg",1,305,288,296,105,601,393
"Morganza_all/028779@29.58446864578,-90.7065083263577.jpg",1,228,288,370,113,598,401
"Morganza_all/028780@29.5845793222357,-90.706402897273.jpg",2,258,279,383,121,641,400
"Morganza_all/028781@29.5847093188131,-90.7062374750657.jpg",2,224,285,417,117,641,402
"Morganza_all/028782@29.5845049875356,-90.7059020816563.jpg",1,103,286,362,93,465,379
"Morganza_all/028783@29.5843618578424,-90.7060526104177.jpg",1,71,283,346,104,417,387
"Morganza_all/028784@29.5842447802577,-90.706188031305.jpg",2,0,271,364,126,364,397
"Morganza_all/028785@29.5841276225941,-90.7063009887332.jpg",1,38,275,401,126,439,401
"Morganza_all/028786@29.5840041348227,-90.7064588812875.jpg",2,0,284,392,99,392,383
"Morganza_all/028787@29.5838672712532,-90.7065569857185.jpg",1,31,304,289,96,320,400
"Morganza_all/028789@29.5836574244764,-90.705069476031.jpg",1,63,262,469,120,532,382
"Morganza_all/028790@29.5840224054795,-90.7048128191094.jpg",1,192,228,339,152,531,380
"Morganza_all/028793@29.5843144803261,-90.7043546021417.jpg",1,229,271,268,119,497,390
"Morganza_all/028794@29.5845617379814,-90.7040986805228.jpg",1,173,275,322,109,495,384
"Morganza_all/028795@29.5848493492297,-90.7040744412484.jpg",1,305,247,271,109,576,356
"Morganza_all/028796@29.5850998292568,-90.7044843274802.jpg",1,142,244,305,120,447,364
"Morganza_all/028797@29.5845695917139,-90.7057371001393.jpg",1,177,284,226,104,403,388
"Morganza_all/028798@29.5848170945663,-90.7055260758963.jpg",1,70,289,303,96,373,385
"Morganza_all/028799@29.5849408319645,-90.7054205320089.jpg",1,71,282,293,105,364,387
"Morganza_all/028800@29.5850251854485,-90.7052853459436.jpg",1,82,289,345,95,427,384
"Morganza_all/028801@29.5851487076832,-90.7051349380654.jpg",3,113,292,319,92,432,384
"Morganza_all/028802@29.585245899183,-90.7049472866435.jpg",1,114,275,272,103,386,378
"Morganza_all/028803@29.5856591037179,-90.7051990657754.jpg",2,217,257,419,175,636,432
"Morganza_all/028804@29.5854053709519,-90.7054700040146.jpg",1,266,279,328,122,594,401
"Morganza_all/028805@29.5853143735324,-90.7055902875997.jpg",3,217,288,345,105,562,393
"Morganza_all/028806@29.5852167512672,-90.705688148592.jpg",1,167,281,441,123,608,404
"Morganza_all/028807@29.5850866121772,-90.7058236528982.jpg",1,222,278,366,113,588,391
"Morganza_all/028808@29.5849500271171,-90.7059741101901.jpg",1,263,283,348,100,611,383
"Morganza_all/028809@29.5860598717259,-90.7055931030494.jpg",2,0,224,641,198,641,422
"Morganza_all/028812@29.5855501839947,-90.7056711145516.jpg",2,309,288,327,106,636,394
"Morganza_all/028814@29.5861680128759,-90.7063256233033.jpg",2,0,201,637,245,637,446
"Morganza_all/028815@29.5854686936463,-90.7064048181699.jpg",2,0,223,639,184,639,407
"Morganza_all/028817@29.5853076456392,-90.7069145676845.jpg",2,0,232,639,172,639,404
"Morganza_all/028819@29.5849045631881,-90.7074108836871.jpg",1,143,299,317,111,460,410
"Morganza_all/028820@29.5853356908916,-90.7073109086571.jpg",2,0,209,640,189,640,398
"Morganza_all/028822@29.5861779548923,-90.7070363265202.jpg",2,0,243,392,126,392,369
"Morganza_all/028823@29.5873809477431,-90.7088288480025.jpg",2,0,243,524,212,524,455
"Morganza_all/028824@29.5872054949006,-90.708452484642.jpg",1,322,287,261,135,583,422
"Morganza_all/028825@29.5871810156375,-90.7087804466243.jpg",1,199,252,417,187,616,439
"Morganza_all/028826@29.5855095309841,-90.7096450975983.jpg",1,53,247,298,130,351,377
"Morganza_all/028827@29.5853969795436,-90.7097153296715.jpg",2,0,236,353,175,353,411
"Morganza_all/028828@29.5850742076079,-90.7093895685236.jpg",1,311,265,308,167,619,432
"Morganza_all/028829@29.5852410351027,-90.7097858317419.jpg",2,0,254,369,150,369,404
"Morganza_all/028830@29.5846671468381,-90.7096006964524.jpg",1,81,220,540,157,621,377
"Morganza_all/028831@29.5847732763169,-90.7100072781255.jpg",2,0,248,415,202,415,450
"Morganza_all/028832@29.5845133082425,-90.7101082209465.jpg",1,86,262,363,174,449,436
"Morganza_all/028833@29.5841225593111,-90.7101007104884.jpg",2,0,209,382,235,382,444
"Morganza_all/028834@29.5840519916109,-90.7098627646366.jpg",1,117,280,430,95,547,375
"Morganza_all/028835@29.5842683775286,-90.7097223568258.jpg",3,134,259,502,149,636,408
"Morganza_all/028836@29.5835988442247,-90.7095079938748.jpg",1,201,247,260,170,461,417
"Morganza_all/028837@29.5838674542697,-90.7093970861761.jpg",2,0,250,401,154,401,404
"Morganza_all/028838@29.5841446118363,-90.7092562989469.jpg",3,16,249,468,158,484,407
"Morganza_all/028839@29.5844826557539,-90.7091449257851.jpg",2,0,256,542,144,542,400
"Morganza_all/028841@29.5850631533745,-90.7088929786608.jpg",1,71,299,304,84,375,383
"Morganza_all/028842@29.5853320465984,-90.7088416236005.jpg",4,314,282,116,84,430,366
"Morganza_all/028843@29.5856787126604,-90.7087103413174.jpg",1,120,283,336,116,456,399
"Morganza_all/028844@29.5858345145493,-90.7086100434299.jpg",1,86,289,400,123,486,412
"Morganza_all/028845@29.5862762296876,-90.7083887506666.jpg",1,176,303,210,91,386,394
"Morganza_all/028847@29.5867178497787,-90.7081476037076.jpg",3,171,283,219,139,390,422
"Morganza_all/028848@29.5870651783407,-90.7081553777785.jpg",2,0,245,378,209,378,454
"Morganza_all/028849@29.5870122904723,-90.7079868482023.jpg",2,0,251,364,192,364,443
"Morganza_all/028851@29.5822356216979,-90.7034888857223.jpg",3,194,270,221,125,415,395
"Morganza_all/028853@29.5808304380559,-90.7051081613649.jpg",2,0,281,350,108,350,389
"Morganza_all/028855@29.5821814206843,-90.704279371514.jpg",1,149,278,333,144,482,422
"Morganza_all/028856@29.5814903405299,-90.7052910256318.jpg",1,37,273,458,138,495,411
"Morganza_all/028857@29.581215026509,-90.7061492399859.jpg",1,301,309,156,86,457,395
"Morganza_all/028863@29.5823067102335,-90.7051169918824.jpg",1,43,272,452,159,495,431
"Morganza_all/028864@29.5824166106326,-90.704947419114.jpg",2,0,273,351,138,351,411
"Morganza_all/028866@29.5806812681664,-90.6988815953332.jpg",5,230,286,256,109,486,395
"Morganza_all/028867@29.579995582473,-90.6996807541692.jpg",1,154,285,303,112,457,397
"Morganza_all/028868@29.5751439687684,-90.6909893454343.jpg",2,0,277,509,114,509,391
"Morganza_all/028869@29.576062889511,-90.7032269193402.jpg",6,223,269,148,90,371,359
"Morganza_all/028870@29.5807233468027,-90.70243235234.jpg",3,128,290,367,127,495,417
"Morganza_all/028871@29.5775051546462,-90.6975026098187.jpg",3,353,272,286,114,639,386
"Morganza_all/028873@29.5792177806247,-90.6985883760831.jpg",3,250,294,284,90,534,384
"Morganza_all/028874@29.5778292388372,-90.6998545888632.jpg",2,0,256,416,149,416,405
"Morganza_all/028877@29.5802975296232,-90.6981129293687.jpg",1,172,252,408,155,580,407
"Morganza_all/028879@29.575340783484,-90.6933057267945.jpg",1,233,284,270,96,503,380
"Morganza_all/028882@29.5829288771813,-90.7057924335506.jpg",1,154,209,224,190,378,399
"Morganza_all/028883@29.5849163710807,-90.7099409782219.jpg",1,134,224,293,184,427,408
"Morganza_all/028884@29.5869027666989,-90.7082246967826.jpg",1,74,294,290,146,364,440
"Morganza_all/028885@29.5866235899478,-90.708241667085.jpg",3,99,280,250,132,349,412
"Morganza_all/028886@29.5860241046852,-90.7089350617341.jpg",1,278,283,212,142,490,425
"Morganza_all/028888@29.582096501098,-90.7068173327525.jpg",1,197,255,248,133,445,388
"Morganza_all/028889@29.581215026509,-90.7061492399859.jpg",1,316,299,132,94,448,393
"Morganza_all/028890@29.5813793169423,-90.7063291738698.jpg",1,313,301,152,83,465,384
"Morganza_all/028892@29.5814778787149,-90.7059907616923.jpg",3,327,277,134,110,461,387
"Morganza_all/028895@29.581215026509,-90.7061492399859.jpg",1,307,308,147,88,454,396
"Morganza_all/028896@29.5813793169423,-90.7063291738698.jpg",1,315,306,148,87,463,393
"Morganza_all/028898@29.5814778787149,-90.7059907616923.jpg",3,325,278,137,109,462,387
"Morganza_all/028903@29.5716647295946,-90.6836638379623.jpg",1,232,246,198,104,430,350
"Morganza_all/028904@29.5726456807405,-90.6843217452321.jpg",1,329,259,168,82,497,341
"Morganza_all/028908@29.5729548497009,-90.684536646405.jpg",1,220,257,264,131,484,388
"Morganza_all/028909@29.5730324101592,-90.6846445805681.jpg",1,297,275,255,83,552,358
"Morganza_all/028914@29.5735730227323,-90.6878083741964.jpg",2,0,269,640,88,640,357
"Morganza_all/028919@29.5739951378698,-90.6879808778924.jpg",6,193,268,95,88,288,356
"Morganza_all/028922@29.5757447115084,-90.6877568163783.jpg",1,5,276,390,90,395,366
"Morganza_all/028924@29.575298548339,-90.6871463684395.jpg",1,217,241,409,153,626,394
"Morganza_all/028925@29.5743080736043,-90.6859824026765.jpg",2,0,280,596,90,596,370
"Morganza_all/028926@29.5814692080257,-90.6986818300032.jpg",1,149,231,393,169,542,400
"Morganza_all/028927@29.5816017971922,-90.6984915952264.jpg",5,234,289,356,115,590,404
"Morganza_all/028928@29.5817293768336,-90.698368592281.jpg",2,233,284,403,117,636,401
"Morganza_all/028929@29.5818569584274,-90.6982516924399.jpg",1,282,287,356,104,638,391
"Morganza_all/028930@29.5819789957755,-90.698085937033.jpg",2,303,285,335,100,638,385
"Morganza_all/028934@29.5825583337264,-90.6975140732662.jpg",1,290,283,303,94,593,377
"Morganza_all/028935@29.5828341459874,-90.6971212899678.jpg",2,241,251,400,160,641,411
"Morganza_all/028936@29.5830384772021,-90.6963134801466.jpg",1,305,294,306,99,611,393
"Morganza_all/028939@29.5826822648178,-90.6966395763064.jpg",2,0,278,344,106,344,384
"Morganza_all/028940@29.5825283118574,-90.6968299513703.jpg",3,38,267,379,132,417,399
"Morganza_all/028941@29.5823637187508,-90.6970264969068.jpg",2,0,277,510,116,510,393
"Morganza_all/028942@29.582092883813,-90.6973398393087.jpg",1,61,285,321,113,382,398
"Morganza_all/028943@29.5819765672582,-90.697584967123.jpg",1,97,285,285,107,382,392
"Morganza_all/028944@29.5817888288597,-90.6974150740512.jpg",2,0,277,421,189,421,466
"Morganza_all/028945@29.5816245015371,-90.697666609156.jpg",1,65,303,543,141,608,444
"Morganza_all/028946@29.5817054346773,-90.6978371800835.jpg",1,98,282,308,129,406,411
"Morganza_all/028947@29.5814763853473,-90.6979608273642.jpg",1,153,292,244,81,397,373
"Morganza_all/028948@29.5813388174998,-90.6982244293575.jpg",1,0,271,357,135,357,406
"Morganza_all/028949@29.5810758964219,-90.6979694712829.jpg",1,56,282,399,88,455,370
"Morganza_all/028950@29.5809046049188,-90.6978850162657.jpg",1,207,275,408,113,615,388
"Morganza_all/028951@29.5807322787926,-90.6975928650143.jpg",1,236,235,355,156,591,391
"Morganza_all/028955@29.5818802781258,-90.6964491443221.jpg",2,287,266,349,114,636,380
"Morganza_all/028956@29.5821034887819,-90.6962277806842.jpg",1,196,280,414,97,610,377
"Morganza_all/028957@29.5833122170585,-90.6965927841885.jpg",2,248,238,385,164,633,402
"Morganza_all/028958@29.5833137302212,-90.6969044001673.jpg",3,272,271,327,92,599,363
"Morganza_all/028966@29.5829237918137,-90.6979882978863.jpg",6,146,219,128,95,274,314
"Morganza_all/028967@29.5822692521583,-90.6951697271185.jpg",2,1,250,337,173,338,423
"Morganza_all/028970@29.5815136670142,-90.69464300973.jpg",2,180,244,461,140,641,384
"Morganza_all/028974@29.5812813526036,-90.6962880036996.jpg",2,0,277,293,103,293,380
"Morganza_all/028979@29.5804044545825,-90.697167271357.jpg",1,333,274,254,138,587,412
"Morganza_all/028980@29.5802861815927,-90.6970091470779.jpg",1,176,274,456,133,632,407
"Morganza_all/028981@29.5801409678241,-90.6967962329683.jpg",1,221,231,353,146,574,377
"Morganza_all/028983@29.579898965411,-90.6964495360784.jpg",1,226,301,303,86,529,387
"Morganza_all/028984@29.5800721777985,-90.6958313698869.jpg",1,220,242,318,152,538,394
"Morganza_all/028987@29.5804928442718,-90.6955781719932.jpg",1,49,242,476,149,525,391
"Morganza_all/028989@29.5794204706702,-90.6957927319313.jpg",3,37,275,469,109,506,384
"Morganza_all/028990@29.5796542286076,-90.6955407571543.jpg",1,192,282,203,88,395,370
"Morganza_all/028991@29.5799095628283,-90.6953375017179.jpg",3,96,281,439,98,535,379
"Morganza_all/028992@29.5800367231114,-90.6951289586132.jpg",1,134,276,286,94,420,370
"Morganza_all/028993@29.580233168494,-90.6948894252366.jpg",5,194,247,306,118,500,365
"Morganza_all/028994@29.5798082472262,-90.6942689672273.jpg",6,283,225,84,87,367,312
"Morganza_all/028995@29.579016563151,-90.6950988077821.jpg",3,150,266,435,90,585,356
"Morganza_all/028996@29.5786297578288,-90.6946308514978.jpg",5,0,287,474,92,474,379
"Morganza_all/028997@29.5781480042917,-90.6944017499648.jpg",2,179,226,461,194,640,420
"Morganza_all/028998@29.578302221679,-90.6942663381831.jpg",1,152,259,411,126,563,385
"Morganza_all/028999@29.5784191003742,-90.6941434021711.jpg",1,206,265,318,104,524,369
"Morganza_all/029000@29.5785413114348,-90.6940143286063.jpg",1,183,257,341,112,524,369
"Morganza_all/029001@29.5786904023677,-90.6939217340162.jpg",1,130,250,352,115,482,365
"Morganza_all/029002@29.5787964026662,-90.6937561124024.jpg",3,164,255,362,122,526,377
"Morganza_all/029003@29.5789240076544,-90.6936392099338.jpg",1,54,261,378,130,432,391
"Morganza_all/029004@29.5790838273847,-90.6935587524259.jpg",1,96,232,383,145,479,377
"Morganza_all/029007@29.5805133832036,-90.6928531155928.jpg",1,148,240,396,113,544,353
"Morganza_all/029008@29.5798347134703,-90.6924012801697.jpg",2,0,249,460,137,460,386
"Morganza_all/029009@29.5795758482024,-90.6918815769448.jpg",2,0,237,638,120,638,357
"Morganza_all/029013@29.5789950624174,-90.6910625519747.jpg",1,179,261,282,133,461,394
"Morganza_all/029014@29.578824305173,-90.6910880599165.jpg",1,248,232,239,139,487,371
"Morganza_all/029019@29.5782840887262,-90.6912870469039.jpg",6,143,261,116,114,259,375
"Morganza_all/029024@29.5768909958385,-90.6889010640424.jpg",1,128,229,275,155,403,384
"Morganza_all/029031@29.5755239086607,-90.6903679529971.jpg",2,0,285,641,81,641,366
"Morganza_all/029032@29.5763071753577,-90.6918210614476.jpg",1,27,223,379,168,406,391
"Morganza_all/029033@29.5764503085576,-90.6919667765135.jpg",1,0,283,563,114,563,397
"Morganza_all/029034@29.5765863192802,-90.6921125061312.jpg",1,82,268,437,145,519,413
"Morganza_all/029035@29.5767013221038,-90.6923317338582.jpg",1,297,292,200,112,497,404
"Morganza_all/029036@29.5768662715164,-90.6925750550752.jpg",5,244,289,318,122,562,411
"Morganza_all/029038@29.5771883580669,-90.6929151169949.jpg",3,226,298,297,124,523,422
"Morganza_all/029039@29.5774587461608,-90.6928726480108.jpg",1,2,281,422,101,424,382
"Morganza_all/029040@29.5776648358855,-90.6927898811393.jpg",1,123,242,420,156,543,398
"Morganza_all/029041@29.577870925557,-90.6927071139272.jpg",1,96,249,408,139,504,388
"Morganza_all/029042@29.5780267494625,-90.6925350389679.jpg",3,190,260,326,124,516,384
"Morganza_all/029043@29.5781397208101,-90.6923388248733.jpg",1,229,263,302,100,531,363
"Morganza_all/029044@29.5780527683687,-90.6920298169142.jpg",1,277,280,251,87,528,367
"Morganza_all/029045@29.577923799826,-90.6918677125617.jpg",2,264,282,375,116,639,398
"Morganza_all/029046@29.5777021908853,-90.6916899374041.jpg",3,136,251,444,138,580,389
"Morganza_all/029047@29.5775375313347,-90.691511766655.jpg",1,47,254,571,141,618,395
"Morganza_all/029048@29.5772864356795,-90.6911305127787.jpg",1,103,260,535,121,638,381
"Morganza_all/029049@29.5771362068909,-90.6909848431894.jpg",2,161,253,480,130,641,383
"Morganza_all/029050@29.5770069975877,-90.6907738866421.jpg",1,159,268,318,105,477,373
"Morganza_all/029051@29.5768311538754,-90.6912148802494.jpg",2,0,183,641,204,641,387
"Morganza_all/029052@29.5765687661773,-90.6914365259832.jpg",2,201,244,439,160,640,404
"Morganza_all/029053@29.5767123383863,-90.6916718343784.jpg",3,98,263,397,126,495,389
"Morganza_all/029054@29.5768982968348,-90.6918417195224.jpg",1,106,238,430,151,536,389
"Morganza_all/029055@29.5770561126371,-90.6920769380794.jpg",2,227,248,414,130,641,378
"Morganza_all/029056@29.5771920957367,-90.6922226689042.jpg",1,134,262,384,122,518,384
"Morganza_all/029057@29.5773284648574,-90.6924417613712.jpg",1,123,264,458,144,581,408
"Morganza_all/029058@29.5776411600209,-90.6923175712486.jpg",1,73,281,490,110,563,391
"Morganza_all/029059@29.5774907332899,-90.6921311604286.jpg",1,109,268,355,125,464,393
"Morganza_all/029060@29.5773686878599,-90.691928303825.jpg",1,82,285,393,109,475,394
"Morganza_all/029061@29.5772254349916,-90.6917581441827.jpg",3,82,280,410,106,492,386
"Morganza_all/029062@29.5770679375804,-90.6915880762898.jpg",1,133,296,406,103,539,399
"Morganza_all/029063@29.5769387567465,-90.6913771189319.jpg",3,157,271,415,120,572,391
"Morganza_all/029065@29.5776099552174,-90.6932138363923.jpg",1,181,271,336,106,517,377
"Morganza_all/029066@29.5777591075055,-90.6931395506239.jpg",1,154,278,305,90,459,368
"Morganza_all/029067@29.5779294946994,-90.6930325680454.jpg",1,168,265,356,119,524,384
"Morganza_all/029068@29.5780999737178,-90.6929500287889.jpg",1,224,275,308,98,532,373
"Morganza_all/029069@29.5782707984766,-90.6929326404218.jpg",1,193,271,359,113,552,384
"Morganza_all/029070@29.578426794245,-90.6928013046187.jpg",1,172,268,304,109,476,377
"Morganza_all/029072@29.5787980191572,-90.692994423286.jpg",3,252,226,299,166,551,392
"Morganza_all/029073@29.5789411908356,-90.6931482915574.jpg",1,295,267,275,120,570,387
"Morganza_all/029074@29.5785155741922,-90.6934849906148.jpg",2,0,270,335,136,335,406
"Morganza_all/029075@29.5784079343073,-90.6933146307107.jpg",1,0,241,542,153,542,394
"Morganza_all/029076@29.5781732637813,-90.693373135425.jpg",1,70,268,365,140,435,408
"Morganza_all/029077@29.5779886319878,-90.6934802086791.jpg",1,43,273,388,101,431,374
"Morganza_all/029078@29.577797342809,-90.6936769527888.jpg",3,254,278,297,98,551,376
"Morganza_all/029079@29.5779202596482,-90.6940590330277.jpg",2,337,264,304,144,641,408
"Morganza_all/029080@29.5783027992503,-90.6936574286388.jpg",1,0,271,335,119,335,390
"Morganza_all/029082@29.5854075605189,-90.699586925071.jpg",1,16,264,525,109,541,373
"Morganza_all/029083@29.5857053463824,-90.6998643621141.jpg",1,339,278,185,83,524,361
"Morganza_all/029086@29.5851588421397,-90.7004438882138.jpg",1,216,267,214,134,430,401
"Morganza_all/029087@29.5850288528743,-90.700609318683.jpg",1,107,248,340,150,447,398
"Morganza_all/029088@29.5847229714029,-90.7009105164539.jpg",3,97,268,368,119,465,387
"Morganza_all/029089@29.5846061875681,-90.7011057509827.jpg",2,0,268,389,142,389,410
"Morganza_all/029090@29.5844235703247,-90.7012041835759.jpg",1,184,270,177,109,361,379
"Morganza_all/029091@29.5843260596254,-90.7013245109822.jpg",3,90,268,351,124,441,392
"Morganza_all/029092@29.5841958167721,-90.7014375567729.jpg",3,72,277,348,106,420,383
"Morganza_all/029093@29.5840066905209,-90.7015434858274.jpg",1,87,250,291,161,378,411
"Morganza_all/029094@29.5838830282463,-90.7016639773331.jpg",1,106,265,230,144,336,409
"Morganza_all/029095@29.5837730042189,-90.7019040623943.jpg",2,70,227,569,251,639,478
"Morganza_all/029096@29.5841016928355,-90.7022610938576.jpg",2,179,247,460,152,639,399
"Morganza_all/029097@29.5842383370365,-90.7021180888062.jpg",1,188,283,348,101,536,384
"Morganza_all/029098@29.5844199821645,-90.7018176795451.jpg",1,206,289,433,119,639,408
"Morganza_all/029099@29.5845763046067,-90.7016895251583.jpg",1,210,270,428,137,638,407
"Morganza_all/029100@29.5847257490238,-90.7014865659442.jpg",1,13,250,416,182,429,432
"Morganza_all/029101@29.58482333206,-90.7013812136295.jpg",2,152,282,489,144,641,426
"Morganza_all/029102@29.584999296595,-90.7012603905682.jpg",1,74,283,486,122,560,405
"Morganza_all/029103@29.5851554655937,-90.7010948271991.jpg",1,228,280,349,122,577,402
"Morganza_all/029104@29.5853117871747,-90.7009666392819.jpg",1,127,275,450,129,577,404
"Morganza_all/029105@29.5854353405799,-90.7008237133998.jpg",1,126,275,446,128,572,403
"Morganza_all/029106@29.5855654385186,-90.7006807458241.jpg",1,210,276,224,116,434,392
"Morganza_all/029107@29.5857152150034,-90.7005525980854.jpg",1,159,257,254,155,413,412
"Morganza_all/029108@29.5859952969902,-90.7003188885917.jpg",2,0,235,479,179,479,414
"Morganza_all/029109@29.5861657995974,-90.7004225490631.jpg",2,0,287,497,124,497,411
"Morganza_all/029110@29.5858337313235,-90.7007164596817.jpg",2,0,233,358,167,358,400
"Morganza_all/029111@29.5857169118115,-90.7009042402895.jpg",2,0,264,355,188,355,452
"Morganza_all/029112@29.585443581199,-90.7011752818563.jpg",1,0,170,374,276,374,446
"Morganza_all/029113@29.5851376349946,-90.7014690230499.jpg",3,55,264,335,142,390,406
"Morganza_all/029114@29.584890634684,-90.7017773036953.jpg",1,189,256,309,185,498,441
"Morganza_all/029115@29.5847538828165,-90.7018978784979.jpg",1,67,285,353,144,420,429
"Morganza_all/029116@29.5863505383142,-90.7007580606897.jpg",2,0,230,641,178,641,408
"Morganza_all/029117@29.5853911127204,-90.7024998837873.jpg",1,134,263,283,118,417,381
"Morganza_all/029118@29.5856457395992,-90.7024159749763.jpg",2,61,296,576,129,637,425
"Morganza_all/029119@29.5855273335339,-90.7022745749563.jpg",2,16,294,616,126,632,420
"Morganza_all/029121@29.585323307802,-90.7019990257539.jpg",2,214,308,422,110,636,418
"Morganza_all/029122@29.5852178465471,-90.7018276246686.jpg",1,115,298,477,131,592,429
"Morganza_all/029123@29.5850812387265,-90.7019781192413.jpg",3,56,306,576,140,632,446
"Morganza_all/029125@29.5851567761592,-90.7027258097665.jpg",3,189,268,207,108,396,376
"Morganza_all/029127@29.584926428628,-90.702420506165.jpg",6,197,308,444,116,641,424
"Morganza_all/029128@29.5848079865224,-90.702271619449.jpg",2,68,309,569,116,637,425
"Morganza_all/029130@29.5846195436239,-90.7025196878831.jpg",1,192,274,296,127,488,401
"Morganza_all/029131@29.5844437939006,-90.7026854028875.jpg",2,169,274,465,138,634,412
"Morganza_all/029132@29.5845820305195,-90.7028790609744.jpg",1,215,272,419,126,634,398
"Morganza_all/029133@29.5848383399444,-90.7031393050809.jpg",1,66,271,381,106,447,377
"Morganza_all/029136@29.585857604349,-90.7029607932683.jpg",2,0,303,640,101,640,404
"Morganza_all/029137@29.5859770884474,-90.7033266396145.jpg",1,222,301,397,102,619,403
"Morganza_all/029138@29.5860888853634,-90.7034606265041.jpg",1,182,299,333,105,515,404
"Morganza_all/029139@29.5861943804464,-90.7036395186097.jpg",1,228,285,319,108,547,393
"Morganza_all/029140@29.5862936538688,-90.7038857796659.jpg",2,0,251,559,192,559,443
"Morganza_all/029141@29.586456630738,-90.7037800169978.jpg",1,50,292,405,117,455,409
"Morganza_all/029142@29.5867168688734,-90.703501574089.jpg",1,289,300,265,88,554,388
"Morganza_all/029143@29.5869510628153,-90.7032456949386.jpg",1,146,272,309,105,455,377
"Morganza_all/029144@29.5870814511914,-90.7031625998953.jpg",3,46,275,324,118,370,393
"Morganza_all/029146@29.5868464958732,-90.7018996614977.jpg",2,0,281,639,88,639,369
"Morganza_all/029147@29.5863772842723,-90.7022392988048.jpg",3,31,306,379,84,410,390
"Morganza_all/029148@29.5861498528538,-90.7025400015367.jpg",1,225,299,195,119,420,418
"Morganza_all/029150@29.5857101264495,-90.703567746123.jpg",1,39,271,440,134,479,405
"Morganza_all/029151@29.5858155496196,-90.7037316935621.jpg",1,53,265,461,159,514,424
"Morganza_all/029152@29.5859273100186,-90.703858161436.jpg",3,147,272,271,152,418,424
"Morganza_all/029153@29.5861049207164,-90.7040740092348.jpg",2,0,206,640,225,640,431
"Morganza_all/029154@29.5856016793604,-90.7041370434901.jpg",1,152,265,457,116,609,381
"Morganza_all/029155@29.5857597272246,-90.7043679584797.jpg",1,75,278,427,98,502,376
"Morganza_all/029156@29.586309507949,-90.7044617875454.jpg",3,193,306,304,86,497,392
"Morganza_all/029157@29.5859970813476,-90.7047705064447.jpg",1,91,264,524,140,615,404
"Morganza_all/029158@29.5861813786325,-90.7050162347299.jpg",2,190,268,445,150,635,418
"Morganza_all/029159@29.5864676629512,-90.7047151681728.jpg",1,245,281,319,106,564,387
"Morganza_all/029160@29.5868670337707,-90.7048174003384.jpg",2,30,297,607,101,637,398
"Morganza_all/029161@29.5870631378585,-90.7048012249473.jpg",2,0,233,580,185,580,418
"Morganza_all/029162@29.5870214128648,-90.7042777604188.jpg",2,0,226,455,180,455,406
"Morganza_all/029163@29.586845346215,-90.7043836050724.jpg",2,0,259,638,161,638,420
"Morganza_all/029164@29.586745786373,-90.704077470814.jpg",1,131,283,393,104,524,387
"Morganza_all/029166@29.5872531737785,-90.7035206343378.jpg",1,52,243,377,186,429,429
"Morganza_all/029167@29.5865231565029,-90.7053806909305.jpg",2,1,190,640,251,641,441
"Morganza_all/029168@29.5866896807684,-90.7060155981678.jpg",2,0,230,637,197,637,427
"Morganza_all/029169@29.5872735600249,-90.7064084650792.jpg",1,109,290,325,81,434,371
"Morganza_all/029170@29.587138591872,-90.7069031159076.jpg",1,200,278,293,171,493,449
"Morganza_all/029171@29.5870878618334,-90.707232626533.jpg",1,50,233,299,196,349,429
"Morganza_all/029173@29.5876973531954,-90.7075131457068.jpg",1,228,255,392,143,620,398
"Morganza_all/029174@29.5876080233537,-90.7079775596002.jpg",1,293,254,206,101,499,355
"Morganza_all/029175@29.5878918883773,-90.7085574725819.jpg",1,43,296,384,144,427,440
"Morganza_all/029176@29.5878643319384,-90.7082397752561.jpg",1,117,266,400,115,517,381
"Morganza_all/029177@29.5876835780648,-90.708568714307.jpg",2,0,201,412,223,412,424
"Morganza_all/029178@29.577423536183,-90.6912739704063.jpg",3,35,268,510,109,545,377
"Morganza_all/029179@29.5773092365864,-90.6932228366082.jpg",3,141,289,408,108,549,397
"Morganza_all/029181@29.5780387028353,-90.6939580776482.jpg",1,314,289,226,83,540,372
"Morganza_all/029187@29.5815463817581,-90.6975204972132.jpg",2,0,243,386,255,386,498
"Morganza_all/029188@29.5816861650664,-90.6973567366248.jpg",3,285,256,286,177,571,433
"Morganza_all/029189@29.5830096178812,-90.6969167777422.jpg",1,292,286,319,132,611,418
"Morganza_all/029190@29.5839857070478,-90.7017829154796.jpg",1,147,276,240,132,387,408
"Morganza_all/029191@29.5841221487171,-90.7016493497225.jpg",1,153,252,291,156,444,408
"Morganza_all/029192@29.5846027208625,-90.7007234485604.jpg",3,123,278,249,109,372,387
"Morganza_all/029195@29.5843926580493,-90.7019854172432.jpg",3,190,295,276,127,466,422
"Morganza_all/029196@29.5845985273193,-90.7020384226551.jpg",2,0,281,362,162,362,443
"Morganza_all/029197@29.5855584064639,-90.7010129675435.jpg",2,0,284,312,124,312,408
"Morganza_all/029200@29.5852594181953,-90.7018774186661.jpg",5,147,304,489,131,636,435
"Morganza_all/029201@29.5852966410228,-90.7019435374672.jpg",2,188,310,444,114,632,424
"Morganza_all/029202@29.5854716709068,-90.7021595855683.jpg",2,52,298,583,124,635,422
"Morganza_all/029203@29.5855724874957,-90.7022916575542.jpg",2,75,299,561,121,636,420
"Morganza_all/029204@29.5855940159218,-90.7023880163298.jpg",2,0,289,595,140,595,429
"Morganza_all/029206@29.5855992878342,-90.6996894426225.jpg",1,87,260,251,119,338,379
"Morganza_all/029207@29.5836011322129,-90.6971659069656.jpg",1,130,261,502,85,632,346
"Morganza_all/029208@29.5827757976234,-90.6958544319055.jpg",2,0,234,319,109,319,343
"Morganza_all/029209@29.5761749921042,-90.688627476787.jpg",6,217,282,196,97,413,379
"Morganza_all/029210@29.585437682744,-90.7039158254763.jpg",1,129,275,380,133,509,408
"Morganza_all/029211@29.5859674651696,-90.7042489535657.jpg",2,0,278,488,120,488,398
"Morganza_all/029213@29.5876752250481,-90.7084835966256.jpg",2,246,230,392,195,638,425
"Morganza_all/029214@29.5852594181953,-90.7018774186661.jpg",2,149,302,482,117,631,419
"Morganza_all/029215@29.5852966410228,-90.7019435374672.jpg",2,177,302,462,115,639,417
"Morganza_all/029216@29.5854716709068,-90.7021595855683.jpg",2,57,293,580,134,637,427
"Morganza_all/029217@29.5855724874957,-90.7022916575542.jpg",2,72,292,569,126,641,418
"Morganza_all/029218@29.5855940159218,-90.7023880163298.jpg",2,0,294,604,145,604,439
"Morganza_all/029219@29.5852594181953,-90.7018774186661.jpg",2,134,309,498,120,632,429
"Morganza_all/029220@29.5852966410228,-90.7019435374672.jpg",2,177,303,459,119,636,422
"Morganza_all/029221@29.5854716709068,-90.7021595855683.jpg",2,64,295,574,131,638,426
"Morganza_all/029222@29.5855724874957,-90.7022916575542.jpg",2,78,296,557,129,635,425
"Morganza_all/029223@29.5855940159218,-90.7023880163298.jpg",2,0,296,599,134,599,430
"Morganza_all/029224@29.5918950318602,-90.7175400144528.jpg",1,199,276,201,108,400,384
"Morganza_all/029225@29.5918247333386,-90.7178190297177.jpg",3,35,269,244,136,279,405
"Morganza_all/029226@29.5917949639488,-90.7175815959743.jpg",1,87,278,323,119,410,397
"Morganza_all/029227@29.5916887850588,-90.7178444386691.jpg",2,0,199,583,219,583,418
"Morganza_all/029228@29.5916519430322,-90.7176234414843.jpg",1,118,216,427,192,545,408
"Morganza_all/029229@29.5916068840225,-90.717181271485.jpg",2,92,224,547,188,639,412
"Morganza_all/029230@29.5917714856859,-90.7171556538967.jpg",1,202,219,328,182,530,401
"Morganza_all/029231@29.5916039560166,-90.7165585536613.jpg",1,258,246,197,152,455,398
"Morganza_all/029232@29.5916190535985,-90.7167223253126.jpg",1,188,223,334,175,522,398
"Morganza_all/029233@29.5916056514606,-90.7169190579426.jpg",1,104,209,399,261,503,470
"Morganza_all/029234@29.5906615833124,-90.7156548668861.jpg",1,177,274,426,147,603,421
"Morganza_all/029235@29.5906768089359,-90.7158514212821.jpg",1,242,204,287,199,529,403
"Morganza_all/029236@29.5907279807799,-90.716072327362.jpg",2,0,205,641,294,641,499
"Morganza_all/029237@29.5908080373465,-90.7163422335723.jpg",1,83,236,380,133,463,369
"Morganza_all/029239@29.5908053294995,-90.7172927077233.jpg",1,189,183,348,221,537,404
"Morganza_all/029240@29.5909838345635,-90.7171768926103.jpg",3,190,243,254,155,444,398
"Morganza_all/029241@29.5911484088779,-90.7171513068063.jpg",1,270,253,204,134,474,387
"Morganza_all/029242@29.5912916496797,-90.7171504255013.jpg",2,0,169,618,241,618,410
"Morganza_all/029244@29.5913522777429,-90.7178628994513.jpg",2,125,182,514,244,639,426
"Morganza_all/029245@29.5908939952077,-90.7178739278682.jpg",2,0,198,382,234,382,432
"Morganza_all/029247@29.5902291848932,-90.7181238068662.jpg",1,125,271,331,140,456,411
"Morganza_all/029248@29.5905210195818,-90.7177451107952.jpg",1,82,261,472,151,554,412
"Morganza_all/029249@29.5900557795656,-90.717797116476.jpg",1,139,282,489,154,628,436
"Morganza_all/029250@29.5900253944456,-90.7174286136906.jpg",4,346,270,93,120,439,390
"Morganza_all/029251@29.5899658042512,-90.7169373629285.jpg",3,117,253,202,161,319,414
"Morganza_all/029252@29.5904681181821,-90.7171554923361.jpg",1,190,219,258,191,448,410
"Morganza_all/029253@29.5860250531776,-90.7195598011204.jpg",1,130,266,295,158,425,424
"Morganza_all/029254@29.586160579766,-90.7194442590205.jpg",1,281,275,254,153,535,428
"Morganza_all/029256@29.5863745171808,-90.7192544881062.jpg",3,177,239,379,214,556,453
"Morganza_all/029258@29.5862275020822,-90.7184442592801.jpg",1,360,287,195,95,555,382
"Morganza_all/029259@29.5863710996364,-90.7185253056926.jpg",1,216,284,150,89,366,373
"Morganza_all/029261@29.5866510682234,-90.7186710830842.jpg",1,237,283,167,88,404,371
"Morganza_all/029262@29.5867944242527,-90.718694775501.jpg",1,177,279,194,104,371,383
"Morganza_all/029263@29.5865998128574,-90.7184255815777.jpg",3,81,296,312,88,393,384
"Morganza_all/029264@29.5867500606018,-90.7184000869104.jpg",1,103,284,288,100,391,384
"Morganza_all/029265@29.5869072164595,-90.7183171935393.jpg",1,97,250,352,149,449,399
"Morganza_all/029266@29.5869375223818,-90.7186693250668.jpg",1,195,299,220,95,415,394
"Morganza_all/029267@29.5870734706909,-90.7186438869788.jpg",1,202,264,214,144,416,408
"Morganza_all/029268@29.5871435019257,-90.7183075308354.jpg",1,107,233,332,182,439,415
"Morganza_all/029269@29.5873010420839,-90.7183065634095.jpg",1,96,209,338,191,434,400
"Morganza_all/029270@29.5873023102289,-90.7185769457562.jpg",1,75,282,296,128,371,410
"Morganza_all/029271@29.587467027554,-90.7185759346981.jpg",2,171,204,470,202,641,406
"Morganza_all/029272@29.5874368366654,-90.718248373003.jpg",2,72,209,564,240,636,449
"Morganza_all/029273@29.5877318239771,-90.718541525097.jpg",2,0,298,495,159,495,457
"Morganza_all/029274@29.5878820992385,-90.7185160301466.jpg",1,153,284,252,105,405,389
"Morganza_all/029275@29.5880538509932,-90.7184904032746.jpg",1,155,278,269,128,424,406
"Morganza_all/029276@29.5881895687718,-90.7184158209588.jpg",1,110,275,294,127,404,402
"Morganza_all/029277@29.588460235378,-90.718102800992.jpg",1,218,265,226,144,444,409
"Morganza_all/029279@29.5887690502624,-90.7182893680754.jpg",1,58,150,429,261,487,411
"Morganza_all/029280@29.5888466917108,-90.7180512815664.jpg",1,257,289,200,115,457,404
"Morganza_all/029281@29.589011255164,-90.7180174859175.jpg",2,0,228,637,179,637,407
"Morganza_all/029282@29.5890845917737,-90.7183857528748.jpg",2,0,217,350,232,350,449
"Morganza_all/029283@29.5886444292628,-90.7176756278456.jpg",2,85,216,554,194,639,410
"Morganza_all/029284@29.5888931281263,-90.7172644171635.jpg",2,299,267,340,141,639,408
"Morganza_all/029285@29.5888563620249,-90.7170597867279.jpg",2,239,219,397,169,636,388
"Morganza_all/029286@29.5888625762442,-90.7168549233419.jpg",1,297,219,307,198,604,417
"Morganza_all/029287@29.5887186804208,-90.7167165218861.jpg",2,0,267,453,139,453,406
"Morganza_all/029288@29.5883535084535,-90.7167269505456.jpg",2,204,271,437,163,641,434
"Morganza_all/029290@29.5884126759503,-90.7171280858055.jpg",1,322,271,286,128,608,399
"Morganza_all/029292@29.5884649617971,-90.7175865894862.jpg",1,71,280,276,144,347,424
"Morganza_all/029293@29.5887447125443,-90.7161592126817.jpg",2,332,233,307,175,639,408
"Morganza_all/029295@29.5884662453447,-90.7163329685558.jpg",1,181,219,276,168,457,387
"Morganza_all/029296@29.5883012967506,-90.7162848395616.jpg",2,0,282,620,117,620,399
"Morganza_all/029297@29.5884719680275,-90.7160297869608.jpg",1,258,299,353,112,611,411
"Morganza_all/029298@29.5882713316999,-90.7160064510265.jpg",1,89,292,331,110,420,402
"Morganza_all/029299@29.5879423488523,-90.7160985884785.jpg",1,129,281,414,126,543,407
"Morganza_all/029300@29.5879939444758,-90.7164096272036.jpg",1,131,263,418,136,549,399
"Morganza_all/029301@29.5878362887058,-90.7163860258583.jpg",1,145,220,294,177,439,397
"Morganza_all/029302@29.5877007261831,-90.7164933624789.jpg",1,148,229,250,187,398,416
"Morganza_all/029303@29.5875648167793,-90.7165269837231.jpg",1,219,216,413,181,632,397
"Morganza_all/029304@29.5875210927886,-90.7163633950749.jpg",1,83,268,307,130,390,398
"Morganza_all/029305@29.5876346882557,-90.7161578411922.jpg",3,185,294,165,81,350,375
"Morganza_all/029306@29.5874691883248,-90.7159867914366.jpg",1,15,273,396,149,411,422
"Morganza_all/029307@29.5880243710791,-90.7167863337828.jpg",3,103,283,534,149,637,432
"Morganza_all/029308@29.5881059773184,-90.717392153311.jpg",2,210,219,429,220,639,439
"Morganza_all/029309@29.5881720120861,-90.7177276769904.jpg",2,187,289,151,84,338,373
"Morganza_all/029310@29.5879429038341,-90.7177372970468.jpg",1,70,212,293,201,363,413
"Morganza_all/029311@29.5878283934981,-90.7177543615617.jpg",1,70,199,312,201,382,400
"Morganza_all/029312@29.5876496461404,-90.7178128168454.jpg",2,0,238,361,205,361,443
"Morganza_all/029313@29.5876272187922,-90.7176163123845.jpg",1,101,269,241,153,342,422
"Morganza_all/029314@29.5876542173681,-90.7172638262386.jpg",1,157,282,194,116,351,398
"Morganza_all/029315@29.5876318937462,-90.7170837133513.jpg",1,24,283,374,134,398,417
"Morganza_all/029316@29.5875306705182,-90.7168795137598.jpg",1,150,293,246,117,396,410
"Morganza_all/029317@29.5876880951233,-90.7168539723581.jpg",2,282,281,357,130,639,411
"Morganza_all/029318@29.5878312202425,-90.7168284874355.jpg",1,285,287,218,128,503,415
"Morganza_all/029319@29.5873778266464,-90.7178800556272.jpg",2,63,147,578,313,641,460
"Morganza_all/029320@29.5871058530814,-90.7179144794955.jpg",4,281,296,113,84,394,380
"Morganza_all/029321@29.5868841251523,-90.7179731981498.jpg",1,68,226,423,168,491,394
"Morganza_all/029322@29.5868614562344,-90.7177193404553.jpg",1,172,238,204,156,376,394
"Morganza_all/029323@29.5868894173813,-90.7175717036837.jpg",1,48,245,388,130,436,375
"Morganza_all/029324@29.5868671051145,-90.7173997722935.jpg",1,219,277,162,86,381,363
"Morganza_all/029326@29.5867577313723,-90.716982591533.jpg",2,0,242,639,211,639,453
"Morganza_all/029327@29.5870655464834,-90.7169561249437.jpg",1,184,325,168,95,352,420
"Morganza_all/029328@29.5872033429235,-90.7173239560565.jpg",1,291,273,224,83,515,356
"Morganza_all/029329@29.5872471042891,-90.7174957561189.jpg",1,238,272,326,95,564,367
"Morganza_all/029331@29.5871282695028,-90.71658702858.jpg",2,57,225,582,183,639,408
"Morganza_all/029332@29.5866913477805,-90.7165733271781.jpg",2,0,229,622,226,622,455
"Morganza_all/029333@29.5871488979455,-90.716406652208.jpg",2,279,224,359,163,638,387
"Morganza_all/029334@29.5871332213247,-90.7161199670455.jpg",1,0,226,426,182,426,408
"Morganza_all/029335@29.586861672526,-90.7162445331397.jpg",1,206,262,130,97,336,359
"Morganza_all/029336@29.586339307674,-90.7163297110776.jpg",1,304,287,205,126,509,413
"Morganza_all/029337@29.5863408110685,-90.716649233593.jpg",1,233,294,300,107,533,401
"Morganza_all/029338@29.5861118954128,-90.7166997871977.jpg",1,245,250,346,133,591,383
"Morganza_all/029339@29.5859405294452,-90.7168073734021.jpg",1,68,252,320,197,388,449
"Morganza_all/029340@29.5859180619605,-90.716602661115.jpg",1,103,282,234,157,337,439
"Morganza_all/029341@29.58588881915,-90.7164717695651.jpg",1,162,298,206,120,368,418
"Morganza_all/029342@29.5858811793404,-90.71637349718.jpg",1,168,296,145,102,313,398
"Morganza_all/029343@29.5864213396477,-90.7170256257173.jpg",2,0,254,334,213,334,467
"Morganza_all/029344@29.5864149987416,-90.717197732532.jpg",1,193,278,183,116,376,394
"Morganza_all/029345@29.5864520339294,-90.7174596808639.jpg",5,357,278,91,86,448,364
"Morganza_all/029347@29.5865978907663,-90.7180159209082.jpg",1,185,255,404,178,589,433
"Morganza_all/029348@29.5864616733847,-90.7179840054254.jpg",3,241,234,270,159,511,393
"Morganza_all/029349@29.5862969944542,-90.7179931974216.jpg",1,254,240,231,171,485,411
"Morganza_all/029350@29.5860893626712,-90.7180026847434.jpg",2,0,250,563,164,563,414
"Morganza_all/029351@29.5860664244893,-90.7176914749815.jpg",1,64,266,228,159,292,425
"Morganza_all/029352@29.5860512511208,-90.7175113208931.jpg",1,105,300,284,106,389,406
"Morganza_all/029354@29.5860207109583,-90.7171100187365.jpg",1,41,254,405,152,446,406
"Morganza_all/029355@29.5855522348519,-90.7164738426022.jpg",1,242,259,306,126,548,385
"Morganza_all/029356@29.5854744145669,-90.716679140121.jpg",1,329,248,188,114,517,362
"Morganza_all/029357@29.5856256527347,-90.7168584555496.jpg",3,209,207,408,232,617,439
"Morganza_all/029358@29.5854325018631,-90.7169006080537.jpg",2,137,166,504,272,641,438
"Morganza_all/029359@29.5852818416832,-90.716844180045.jpg",1,111,196,492,173,603,369
"Morganza_all/029360@29.5851377421828,-90.7166566411833.jpg",2,0,263,345,132,345,395
"Morganza_all/029361@29.5856271548406,-90.7171779757961.jpg",1,113,262,308,157,421,419
"Morganza_all/029364@29.5857462054115,-90.7181276842807.jpg",3,259,260,285,128,544,388
"Morganza_all/029365@29.5854596743319,-90.7181130525522.jpg",2,0,282,376,150,376,432
"Morganza_all/029366@29.5853372452796,-90.7179663105124.jpg",1,52,243,378,193,430,436
"Morganza_all/029367@29.5853006727495,-90.7178026809343.jpg",1,74,253,339,138,413,391
"Morganza_all/029368@29.585249657784,-90.7176145684196.jpg",2,0,285,438,119,438,404
"Morganza_all/029369@29.5851769734525,-90.7173855943671.jpg",2,0,236,634,272,634,508
"Morganza_all/029370@29.5853627823396,-90.7173025244651.jpg",1,169,271,220,144,389,415
"Morganza_all/029371@29.5857551230811,-90.7185045149355.jpg",1,16,219,389,213,405,432
"Morganza_all/029372@29.5855761832856,-90.7185220051671.jpg",1,186,240,296,185,482,425
"Morganza_all/029373@29.5848811746384,-90.7169203929711.jpg",1,98,262,514,176,612,438
"Morganza_all/029374@29.5847166114506,-90.716954189029.jpg",1,127,236,402,143,529,379
"Morganza_all/029375@29.5845090566501,-90.7169800380118.jpg",1,202,257,316,132,518,389
"Morganza_all/029377@29.5835216054036,-90.7171499660109.jpg",1,196,272,412,116,608,388
"Morganza_all/029378@29.583415927793,-90.7175193128257.jpg",1,136,292,328,118,464,410
"Morganza_all/029379@29.5837020850386,-90.7174601990193.jpg",2,0,217,641,310,641,527
"Morganza_all/029380@29.5838958133764,-90.717540933764.jpg",1,223,250,308,189,531,439
"Morganza_all/029381@29.584311373938,-90.7175793419435.jpg",2,360,258,279,125,639,383
"Morganza_all/029382@29.5846183919752,-90.7173890295656.jpg",2,0,264,427,130,427,394
"Morganza_all/029383@29.5847544940686,-90.7173963726451.jpg",3,162,253,293,148,455,401
"Morganza_all/029384@29.5848973885497,-90.7173217786215.jpg",1,194,254,427,157,621,411
"Morganza_all/029385@29.5849341156748,-90.7175181897403.jpg",1,203,287,376,129,579,416
"Morganza_all/029386@29.5849351545527,-90.7177393921232.jpg",2,176,261,459,151,635,412
"Morganza_all/029387@29.5845141366803,-90.7180615057629.jpg",1,63,232,385,157,448,389
"Morganza_all/029389@29.5848801160564,-90.7182231110981.jpg",1,252,257,271,127,523,384
"Morganza_all/029390@29.584902504129,-90.7184114304441.jpg",2,203,205,437,297,640,502
"Morganza_all/029391@29.5850599674123,-90.7183940719943.jpg",1,216,237,309,172,525,409
"Morganza_all/029392@29.5852041414362,-90.7185980359038.jpg",1,129,240,407,189,536,429
"Morganza_all/029393@29.5853196888269,-90.7188021445827.jpg",1,208,252,282,171,490,423
"Morganza_all/029394@29.5854277516283,-90.7189407641382.jpg",1,205,247,225,189,430,436
"Morganza_all/029395@29.5855216685437,-90.7191122542607.jpg",1,196,245,219,159,415,404
"Morganza_all/029396@29.5890938212424,-90.7157801318401.jpg",1,96,294,238,118,334,412
"Morganza_all/029397@29.5894737830544,-90.7158679314209.jpg",1,215,207,320,169,535,376
"Morganza_all/029398@29.589531900654,-90.7160396462674.jpg",1,334,181,304,234,638,415
"Morganza_all/029399@29.5894826190574,-90.7162202035649.jpg",2,0,241,306,140,306,381
"Morganza_all/029400@29.5891478853831,-90.7166155567032.jpg",1,172,249,461,173,633,422
"Morganza_all/029402@29.5895845372628,-90.7165719025384.jpg",1,100,248,428,183,528,431
"Morganza_all/029403@29.5896646037703,-90.7168499864852.jpg",1,364,244,272,174,636,418
"Morganza_all/029404@29.5896228833294,-90.7171124277677.jpg",2,365,275,275,121,640,396
"Morganza_all/029405@29.5897820789656,-90.7174637759054.jpg",2,221,230,420,199,641,429
"Morganza_all/029407@29.589309046154,-90.7173847543364.jpg",2,0,281,401,96,401,377
"Morganza_all/029408@29.5892000190639,-90.7170413111736.jpg",2,0,243,284,193,284,436
"Morganza_all/029409@29.5891560644822,-90.7168285439957.jpg",2,0,218,368,231,368,449
"Morganza_all/029410@29.589720545681,-90.7180868783983.jpg",2,187,215,452,176,639,391
"Morganza_all/029411@29.589499240479,-90.7182357066541.jpg",1,155,270,220,151,375,421
"Morganza_all/029412@29.589399133964,-90.7182691062575.jpg",1,119,278,229,134,348,412
"Morganza_all/029413@29.5892846512094,-90.718286201706.jpg",2,0,233,568,189,568,422
"Morganza_all/029414@29.5893693928862,-90.7180316779618.jpg",3,179,278,275,115,454,393
"Morganza_all/029415@29.5831774613058,-90.717802358278.jpg",2,31,122,609,342,640,464
"Morganza_all/029416@29.5830808914855,-90.7185894852147.jpg",1,165,268,356,178,521,446
"Morganza_all/029417@29.5831305220878,-90.718482652452.jpg",1,43,266,308,165,351,431
"Morganza_all/029420@29.5833582469176,-90.7181781236563.jpg",1,157,257,293,171,450,428
"Morganza_all/029421@29.5834293922218,-90.7180793696663.jpg",1,64,266,304,129,368,395
"Morganza_all/029422@29.5835719793428,-90.7179392137435.jpg",1,110,230,309,202,419,432
"Morganza_all/029423@29.5836861118368,-90.7193723086839.jpg",1,218,293,215,84,433,377
"Morganza_all/029424@29.5842194908248,-90.7201064067848.jpg",2,0,203,639,257,639,460
"Morganza_all/029425@29.58409549209,-90.7196237891273.jpg",2,0,157,641,461,641,618
"Morganza_all/029426@29.5842237265267,-90.7194837224473.jpg",2,0,106,641,520,641,626
"Morganza_all/029427@29.5843591379799,-90.7193436114104.jpg",2,0,59,641,529,641,588
"Morganza_all/029428@29.5845158337433,-90.7191623747755.jpg",2,0,3,638,520,638,523
"Morganza_all/029429@29.5847466197774,-90.7195050893887.jpg",2,0,2,639,489,639,491
"Morganza_all/029430@29.5846589979397,-90.719145136722.jpg",2,0,145,431,405,431,550
"Morganza_all/029431@29.585267950671,-90.7191987262288.jpg",2,0,151,639,372,639,523
"Morganza_all/029433@29.5844070639934,-90.7204002122573.jpg",2,179,183,462,288,641,471
"Morganza_all/029434@29.5845368314534,-90.7205878742474.jpg",1,103,256,353,195,456,451
"Morganza_all/029435@29.5846017861707,-90.7206939750969.jpg",3,153,299,314,145,467,444
"Morganza_all/029436@29.5846670089097,-90.720857460827.jpg",2,0,289,641,247,641,536
"Morganza_all/029437@29.5850372247276,-90.7203963558078.jpg",1,275,297,159,121,434,418
"Morganza_all/029438@29.5851730202445,-90.7203381695499.jpg",1,174,275,293,146,467,421
"Morganza_all/029439@29.5853086241777,-90.7202390207372.jpg",1,158,247,299,178,457,425
"Morganza_all/029441@29.5855725397032,-90.7200161950445.jpg",1,200,231,432,246,632,477
"Morganza_all/029442@29.5857079517209,-90.7198760828407.jpg",2,295,202,346,227,641,429
"Morganza_all/029443@29.5855929319557,-90.7197784682025.jpg",1,212,278,331,131,543,409
"Morganza_all/029444@29.5854422347288,-90.7197138558688.jpg",1,236,295,297,96,533,391
"Morganza_all/029445@29.5854267955993,-90.7194763488831.jpg",1,91,230,447,198,538,428
"Morganza_all/029446@29.5852626811051,-90.7196002454015.jpg",1,224,271,306,175,530,446
"Morganza_all/029447@29.5852922659312,-90.7198048819317.jpg",3,259,299,129,88,388,387
"Morganza_all/029448@29.5850915810449,-90.7197651477923.jpg",2,0,296,518,139,518,435
"Morganza_all/029450@29.5847750979623,-90.7208079080995.jpg",3,264,252,376,216,640,468
"Morganza_all/029452@29.5854012971922,-90.7188879757626.jpg",1,284,251,202,184,486,435
"Morganza_all/029453@29.5852796322521,-90.718733928987.jpg",1,273,247,316,176,589,423
"Morganza_all/029454@29.5852301017114,-90.7186685717076.jpg",1,70,237,310,183,380,420
"Morganza_all/029455@29.5849435429214,-90.718759461966.jpg",1,177,163,431,344,608,507
"Morganza_all/029456@29.5857097519402,-90.717907358425.jpg",2,343,251,296,133,639,384
"Morganza_all/029457@29.5864163243179,-90.7172574399886.jpg",1,355,278,187,113,542,391
"Morganza_all/029459@29.5883903121321,-90.7170447520429.jpg",1,165,261,235,156,400,417
"Morganza_all/029460@29.5880824270094,-90.7170270766764.jpg",1,26,153,335,234,361,387
"Morganza_all/029461@29.5830245061601,-90.7187102337645.jpg",1,83,292,205,122,288,414
"Morganza_all/029463@29.5855271096206,-90.7181788975174.jpg",3,215,276,361,144,576,420
"Morganza_all/029464@29.5861593086791,-90.7170398545231.jpg",1,320,316,110,93,430,409
"Morganza_all/029466@29.590291446663,-90.7173337823311.jpg",1,81,191,315,238,396,429
"Morganza_all/029468@29.5744970936587,-90.7608825553676.jpg",1,19,253,444,136,463,389
"Morganza_all/029469@29.5748002646693,-90.7614282351715.jpg",2,92,225,543,176,635,401
"Morganza_all/029470@29.5749188274482,-90.7619671380723.jpg",1,131,211,460,194,591,405
"Morganza_all/029471@29.5755071460037,-90.7620732591395.jpg",1,23,153,521,275,544,428
"Morganza_all/029472@29.5757195286383,-90.7621815250796.jpg",1,121,207,437,190,558,397
"Morganza_all/029473@29.5757234777729,-90.7630886217952.jpg",2,0,169,494,211,494,380
"Morganza_all/029474@29.5761135502612,-90.7631880768585.jpg",2,87,224,552,174,639,398
"Morganza_all/029475@29.5765995903729,-90.7633495275012.jpg",2,0,209,395,175,395,384
"Morganza_all/029476@29.5774618315443,-90.7635635790805.jpg",1,38,237,415,167,453,404
"Morganza_all/029477@29.5775018738176,-90.7633365596128.jpg",1,111,173,417,229,528,402
"Morganza_all/029478@29.5776503323285,-90.7628977975882.jpg",1,54,233,438,151,492,384
"Morganza_all/029479@29.5777108534382,-90.7626628273085.jpg",2,0,227,424,174,424,401
"Morganza_all/029480@29.5778720565039,-90.7620128335883.jpg",1,134,253,363,163,497,416
"Morganza_all/029481@29.5779461407323,-90.7617543474011.jpg",1,92,223,346,186,438,409
"Morganza_all/029482@29.5780205040532,-90.7615662660151.jpg",3,211,203,231,162,442,365
"Morganza_all/029483@29.5780946621696,-90.761331216172.jpg",1,359,171,232,208,591,379
"Morganza_all/029484@29.5780798349456,-90.7610654348682.jpg",1,84,205,500,198,584,403
"Morganza_all/029485@29.5777618951832,-90.7602617595862.jpg",1,154,198,390,186,544,384
"Morganza_all/029486@29.5775838970339,-90.7602002049288.jpg",1,200,212,282,170,482,382
"Morganza_all/029487@29.5773446644218,-90.7602094072179.jpg",5,162,193,431,205,593,398
"Morganza_all/029488@29.5771392640968,-90.76013237439.jpg",2,271,221,368,184,639,405
"Morganza_all/029489@29.5769135206381,-90.7600945622708.jpg",1,225,235,342,177,567,412
"Morganza_all/029490@29.5763317466495,-90.7599258730571.jpg",1,134,254,404,129,538,383
"Morganza_all/029491@29.5755105000568,-90.7597115889485.jpg",1,47,201,377,208,424,409
"Morganza_all/029492@29.5745951933289,-90.7598654096504.jpg",1,139,226,318,130,457,356
"Morganza_all/029493@29.5752528947815,-90.760197907517.jpg",1,225,237,340,165,565,402
"Morganza_all/029494@29.5754374049728,-90.7601890499713.jpg",2,206,215,433,192,639,407
"Morganza_all/029495@29.5767583268551,-90.7605568324244.jpg",1,173,205,261,179,434,384
"Morganza_all/029496@29.5771826163187,-90.7606638849719.jpg",2,3,222,421,163,424,385
"Morganza_all/029497@29.5773673314354,-90.760701933032.jpg",1,84,206,305,192,389,398
"Morganza_all/029498@29.5777171904137,-90.7609814647948.jpg",1,90,223,474,167,564,390
"Morganza_all/029499@29.5771297312248,-90.7610786650374.jpg",1,203,210,388,203,591,413
"Morganza_all/029500@29.5769175184133,-90.7610095028974.jpg",1,207,232,341,166,548,398
"Morganza_all/029501@29.576712186826,-90.7609481036279.jpg",1,184,254,196,150,380,404
"Morganza_all/029502@29.5765206312883,-90.7609179278.jpg",2,107,232,534,166,641,398
"Morganza_all/029503@29.5761375067697,-90.7608419099369.jpg",2,0,161,589,264,589,425
"Morganza_all/029504@29.5759662537161,-90.7607568797057.jpg",1,144,221,414,189,558,410
"Morganza_all/029505@29.5757544164173,-90.7607737257448.jpg",1,169,201,465,202,634,403
"Morganza_all/029506@29.5755831358192,-90.7606886961126.jpg",3,276,219,317,163,593,382
"Morganza_all/029507@29.575350436067,-90.7606196215439.jpg",1,158,202,446,210,604,412
"Morganza_all/029508@29.5751929931179,-90.760573616676.jpg",1,281,218,282,188,563,406
"Morganza_all/029509@29.5749604643069,-90.7605436763227.jpg",1,155,222,436,191,591,413
"Morganza_all/029510@29.5747138993336,-90.7604356101725.jpg",2,220,197,420,195,640,392
"Morganza_all/029511@29.5750719444249,-90.7610278498182.jpg",2,0,213,507,187,507,400
"Morganza_all/029512@29.5756811533606,-90.7612198864343.jpg",2,0,246,401,138,401,384
"Morganza_all/029513@29.5758728112475,-90.7612735304257.jpg",1,16,227,403,172,419,399
"Morganza_all/029514@29.5760438251179,-90.7613038240488.jpg",2,141,174,495,225,636,399
"Morganza_all/029515@29.5766185731509,-90.7614256866055.jpg",2,0,168,486,225,486,393
"Morganza_all/029516@29.576830724075,-90.7614870164038.jpg",1,44,183,361,204,405,387
"Morganza_all/029517@29.5770292015449,-90.7615406225913.jpg",2,0,160,382,221,382,381
"Morganza_all/029518@29.5772343898014,-90.761562920002.jpg",2,0,185,483,195,483,380
"Morganza_all/029519@29.5775492201136,-90.7616549666404.jpg",1,101,199,469,171,570,370
"Morganza_all/029520@29.5774339307953,-90.7618667493696.jpg",1,173,198,387,200,560,398
"Morganza_all/029521@29.5767573156392,-90.7618940782839.jpg",1,118,239,393,154,511,393
"Morganza_all/029522@29.576531402212,-90.7618171595018.jpg",1,115,245,416,137,531,382
"Morganza_all/029523@29.5763605589459,-90.7618259676247.jpg",1,148,222,323,176,471,398
"Morganza_all/029524@29.5764653234732,-90.7623414894742.jpg",1,96,206,468,206,564,412
"Morganza_all/029525@29.576657021494,-90.7624107710513.jpg",1,172,193,426,205,598,398
"Morganza_all/029526@29.5768282669972,-90.7624880028242.jpg",1,127,209,368,183,495,392
"Morganza_all/029527@29.5770470264054,-90.7624945894777.jpg",3,182,210,311,198,493,408
"Morganza_all/029528@29.5771381148265,-90.7630023600223.jpg",1,47,193,472,213,519,406
"Morganza_all/029529@29.5769873497697,-90.7629172085807.jpg",1,132,234,390,160,522,394
"Morganza_all/029530@29.5767958902217,-90.7629026636325.jpg",1,204,237,434,171,638,408
"Morganza_all/029531@29.5765767565374,-90.7628100686957.jpg",1,88,237,443,154,531,391
"Morganza_all/029532@29.5763375576906,-90.7628270663364.jpg",1,55,249,410,154,465,403
"Morganza_all/029533@29.5761060031272,-90.7598880617081.jpg",2,0,211,422,185,422,396
"Morganza_all/029534@29.5741536068246,-90.7589295629159.jpg",2,237,203,398,233,635,436
"Morganza_all/029535@29.5744614823102,-90.7589903685117.jpg",2,0,192,566,206,566,398
"Morganza_all/029536@29.5747693576278,-90.7590511430234.jpg",2,0,199,447,232,447,431
"Morganza_all/029537@29.5752418387365,-90.7592361174491.jpg",3,71,242,359,135,430,377
"Morganza_all/029538@29.5755082064559,-90.7591876855462.jpg",3,59,241,342,126,401,367
"Morganza_all/029539@29.5756848280558,-90.7589286153316.jpg",1,68,206,381,132,449,338
"Morganza_all/029540@29.5755878023876,-90.7586320107068.jpg",1,224,227,280,112,504,339
"Morganza_all/029541@29.5753345874644,-90.7585630586266.jpg",1,232,248,313,109,545,357
"Morganza_all/029542@29.5744047306547,-90.7585214895646.jpg",1,72,218,529,173,601,391
"Morganza_all/029543@29.5743823573977,-90.7580915166729.jpg",3,204,245,349,132,553,377
"Morganza_all/029544@29.5746488962999,-90.7580821842371.jpg",1,108,267,410,125,518,392
"Morganza_all/029545@29.5748468946225,-90.7580262775519.jpg",1,111,245,430,142,541,387
"Morganza_all/029546@29.575038114624,-90.7579861074997.jpg",1,110,229,464,170,574,399
"Morganza_all/029547@29.5752773539739,-90.7579847333219.jpg",3,75,240,457,156,532,396
"Morganza_all/029548@29.5754617197438,-90.7579367376688.jpg",3,110,248,359,145,469,393
"Morganza_all/029549@29.5757351400687,-90.7579351670153.jpg",3,26,266,411,130,437,396
"Morganza_all/029550@29.5758456351501,-90.7581925905276.jpg",1,44,289,438,113,482,402
"Morganza_all/029551@29.5759695840532,-90.7583951986464.jpg",2,0,250,364,157,364,407
"Morganza_all/029552@29.576073059605,-90.7586135599011.jpg",1,56,250,345,161,401,411
"Morganza_all/029553@29.5761832039158,-90.758784977817.jpg",1,25,263,398,141,423,404
"Morganza_all/029554@29.5762881174666,-90.7593317966379.jpg",1,170,277,247,91,417,368
"Morganza_all/029555@29.5765626950061,-90.7595882832295.jpg",1,57,226,308,147,365,373
"Morganza_all/029556@29.5767337776895,-90.7596342090571.jpg",1,93,247,291,112,384,359
"Morganza_all/029557@29.5769458201104,-90.7596642651617.jpg",2,0,208,372,163,372,371
"Morganza_all/029558@29.5771169370423,-90.7597180244905.jpg",2,0,243,391,148,391,391
"Morganza_all/029559@29.5773221940199,-90.7597559531522.jpg",3,30,228,372,169,402,397
"Morganza_all/029560@29.5775069778048,-90.7598096345848.jpg",2,0,232,385,172,385,404
"Morganza_all/029561@29.577664386883,-90.7598478375348.jpg",3,66,240,392,160,458,400
"Morganza_all/029562@29.5778833174798,-90.7598935218383.jpg",2,0,244,411,153,411,397
"Morganza_all/029563@29.5780750167882,-90.7599627997111.jpg",2,0,237,385,164,385,401
"Morganza_all/029564@29.5782597596034,-90.7600008466598.jpg",1,18,257,378,144,396,401
"Morganza_all/029565@29.5784582376746,-90.7600544506672.jpg",2,0,237,378,140,378,377
"Morganza_all/029566@29.5786293544406,-90.7601082114743.jpg",2,0,243,443,150,443,393
"Morganza_all/029567@29.5788619108307,-90.760138151756.jpg",1,9,237,582,187,591,424
"Morganza_all/029568@29.5793065162484,-90.7602059836444.jpg",3,174,177,335,172,509,349
"Morganza_all/029569@29.5795031134028,-90.759829507602.jpg",2,303,186,338,191,641,377
"Morganza_all/029570@29.5795774395405,-90.7596335570158.jpg",2,280,218,361,155,641,373
"Morganza_all/029571@29.5795560288357,-90.759422550435.jpg",2,323,216,316,169,639,385
"Morganza_all/029572@29.5795551042406,-90.7592113950568.jpg",2,323,211,318,175,641,386
"Morganza_all/029573@29.5795540423001,-90.7589689690568.jpg",2,345,238,294,134,639,372
"Morganza_all/029574@29.5794914309558,-90.7587190940378.jpg",2,263,223,378,162,641,385
"Morganza_all/029575@29.5794496141724,-90.7585394448543.jpg",2,304,195,337,185,641,380
"Morganza_all/029576@29.5793937187556,-90.7582660625507.jpg",1,249,239,301,145,550,384
"Morganza_all/029577@29.5792972339279,-90.7580867591564.jpg",2,234,204,402,178,636,382
"Morganza_all/029578@29.5792347924256,-90.7578759577554.jpg",1,83,231,409,165,492,396
"Morganza_all/029579@29.5790349398541,-90.7575095586512.jpg",1,106,275,420,116,526,391
"Morganza_all/029580@29.5787146676751,-90.7577381943597.jpg",2,0,189,573,203,573,392
"Morganza_all/029581@29.578544202309,-90.7578330187103.jpg",1,134,235,403,153,537,388
"Morganza_all/029582@29.5784149434231,-90.7579745126043.jpg",2,192,205,446,184,638,389
"Morganza_all/029583@29.5782239295623,-90.7580616522644.jpg",1,123,208,471,184,594,392
"Morganza_all/029584@29.5780740191476,-90.758171993039.jpg",1,148,216,440,170,588,386
"Morganza_all/029585@29.5778900304713,-90.7583059665705.jpg",1,126,209,454,184,580,393
"Morganza_all/029586@29.5777333345076,-90.7584241789988.jpg",1,61,216,502,171,563,387
"Morganza_all/029587@29.5775697226855,-90.7585267953471.jpg",1,123,211,476,183,599,394
"Morganza_all/029588@29.5774060764407,-90.7586215781423.jpg",1,183,206,376,194,559,400
"Morganza_all/029589@29.5772493800528,-90.758739758047.jpg",1,160,249,477,160,637,409
"Morganza_all/029590@29.5770584683895,-90.7588503318893.jpg",1,99,197,434,206,533,403
"Morganza_all/029591@29.5769084546155,-90.7589372335791.jpg",1,165,230,432,166,597,396
"Morganza_all/029592@29.5767244994672,-90.7590790373108.jpg",2,99,206,540,218,639,424
"Morganza_all/029593@29.5772723266036,-90.7592948543461.jpg",2,0,219,614,189,614,408
"Morganza_all/029594@29.5776007569441,-90.7593711805697.jpg",2,116,214,524,184,640,398
"Morganza_all/029595@29.5778126968085,-90.7593777995451.jpg",1,165,210,476,170,641,380
"Morganza_all/029596@29.5781070420629,-90.7594699572204.jpg",3,253,200,366,199,619,399
"Morganza_all/029597@29.5783945742031,-90.7595699564974.jpg",3,215,219,424,181,639,400
"Morganza_all/029598@29.5783867959887,-90.7593510408101.jpg",1,100,248,383,156,483,404
"Morganza_all/029600@29.5783440208865,-90.7589524386888.jpg",1,153,233,364,165,517,398
"Morganza_all/029601@29.5783157618899,-90.7587414741314.jpg",1,51,222,390,188,441,410
"Morganza_all/029602@29.5782329102552,-90.7585542605006.jpg",2,0,250,494,144,494,394
"Morganza_all/029603@29.5780288117392,-90.7587743911743.jpg",1,147,267,331,134,478,401
"Morganza_all/029604@29.5777628280626,-90.7589166986693.jpg",2,0,247,486,149,486,396
"Morganza_all/029605@29.5775583178574,-90.7590429861041.jpg",1,69,249,490,153,559,402
"Morganza_all/029606@29.5787778637824,-90.7596772414351.jpg",1,203,225,422,186,625,411
"Morganza_all/029607@29.5790652248028,-90.7597381696137.jpg",1,49,205,558,196,607,401
"Morganza_all/029608@29.57911913279,-90.7595580038811.jpg",2,0,237,337,162,337,399
"Morganza_all/029609@29.5791249253491,-90.7593233417431.jpg",2,0,227,409,170,409,397
"Morganza_all/029610@29.5791240692185,-90.7591278539796.jpg",1,0,236,379,151,379,387
"Morganza_all/029611@29.579123109962,-90.7589088976217.jpg",2,0,232,328,166,328,398
"Morganza_all/029612@29.5790675855122,-90.7587136920286.jpg",2,0,230,339,150,339,380
"Morganza_all/029613@29.5790119990625,-90.7585106849254.jpg",1,0,216,385,159,385,375
"Morganza_all/029614@29.5789427110468,-90.7582999231704.jpg",1,35,258,368,138,403,396
"Morganza_all/029615@29.5788941427354,-90.7581359809788.jpg",1,3,250,480,161,483,411
"Morganza_all/029616@29.578594212032,-90.7583253929687.jpg",1,59,261,452,147,511,408
"Morganza_all/029617@29.5786771325509,-90.7585282422612.jpg",1,166,254,323,140,489,394
"Morganza_all/029618@29.5787326914751,-90.7587312488532.jpg",3,122,263,313,124,435,387
"Morganza_all/029619@29.5787951591014,-90.758942049573.jpg",1,85,254,405,155,490,409
"Morganza_all/029620@29.5787965636003,-90.7592626811688.jpg",1,214,180,366,224,580,404
"Morganza_all/029621@29.5788042392262,-90.7594581292211.jpg",1,128,210,410,185,538,395
"Morganza_all/029622@29.5750360544414,-90.7575169120017.jpg",1,96,234,432,146,528,380
"Morganza_all/029623@29.5754596251115,-90.7574597385803.jpg",1,64,203,429,193,493,396
"Morganza_all/029624@29.5753423501094,-90.7572179909062.jpg",2,0,270,363,116,363,386
"Morganza_all/029625@29.5752730257094,-90.7569994361741.jpg",2,0,228,361,157,361,385
"Morganza_all/029626@29.5752919922013,-90.7566474284972.jpg",1,91,268,352,104,443,372
"Morganza_all/029627@29.5755170485231,-90.7565288225081.jpg",1,103,244,348,150,451,394
"Morganza_all/029628@29.5756874716485,-90.7564183639377.jpg",1,58,247,460,157,518,404
"Morganza_all/029629@29.5758576950516,-90.7562688025857.jpg",1,82,285,505,118,587,403
"Morganza_all/029630@29.5762055670138,-90.7560947484931.jpg",3,113,252,353,125,466,377
"Morganza_all/029631@29.5763622265205,-90.7559687325467.jpg",3,99,242,411,128,510,370
"Morganza_all/029632@29.5765529980014,-90.7558268842963.jpg",1,47,233,483,147,530,380
"Morganza_all/029633@29.5767370529053,-90.7557085114118.jpg",2,0,250,470,140,470,390
"Morganza_all/029634@29.576564872706,-90.7554201422603.jpg",1,76,265,410,128,486,393
"Morganza_all/029635@29.5764615642841,-90.7552408860305.jpg",1,53,257,416,126,469,383
"Morganza_all/029636@29.5763784661656,-90.754998941181.jpg",2,0,253,541,125,541,378
"Morganza_all/029637@29.5759879389246,-90.7547978761195.jpg",2,165,247,474,174,639,421
"Morganza_all/029638@29.5760299057162,-90.7550165888618.jpg",3,26,257,526,132,552,389
"Morganza_all/029639@29.5760377532121,-90.7552433320125.jpg",1,166,241,378,150,544,391
"Morganza_all/029640@29.5760662247411,-90.7555012265413.jpg",1,110,239,474,159,584,398
"Morganza_all/029641@29.5761015774699,-90.7557669148493.jpg",3,128,251,466,130,594,381
"Morganza_all/029642@29.5764757326619,-90.7584626676331.jpg",2,207,185,432,216,639,401
"Morganza_all/029643@29.5766325316002,-90.758367924763.jpg",2,0,230,485,157,485,387
"Morganza_all/029644@29.5768027915897,-90.7582261984837.jpg",2,0,253,481,124,481,377
"Morganza_all/029645@29.5769869516368,-90.7581312978094.jpg",1,102,238,388,152,490,390
"Morganza_all/029646@29.577164161425,-90.7580129679754.jpg",1,78,265,309,119,387,384
"Morganza_all/029647@29.5773347299384,-90.7579416134153.jpg",3,149,285,327,97,476,382
"Morganza_all/029648@29.5775322134529,-90.7577684582088.jpg",1,160,282,330,102,490,384
"Morganza_all/029649@29.5777025345526,-90.7576345312615.jpg",1,130,249,301,129,431,378
"Morganza_all/029650@29.577536724718,-90.7572366402085.jpg",1,159,267,411,140,570,407
"Morganza_all/029651@29.5772503935059,-90.7574103387925.jpg",1,141,236,491,151,632,387
"Morganza_all/029652@29.5770800382269,-90.7575364323244.jpg",2,217,235,419,168,636,403
"Morganza_all/029653@29.5769027944687,-90.7576469297238.jpg",1,182,242,397,154,579,396
"Morganza_all/029654@29.5767324322049,-90.7577652205511.jpg",1,228,258,366,140,594,398
"Morganza_all/029655@29.5765415282488,-90.7578836289883.jpg",2,203,256,436,154,639,410
"Morganza_all/029656@29.5763031126543,-90.7580726839974.jpg",3,37,262,411,167,448,429
"Morganza_all/029657@29.576172377806,-90.7578779164463.jpg",1,102,244,489,143,591,387
"Morganza_all/029658@29.5760827052379,-90.7576907467281.jpg",1,85,226,519,172,604,398
"Morganza_all/029659@29.5763554730216,-90.7575405974854.jpg",3,85,249,429,152,514,401
"Morganza_all/029661@29.5767029756683,-90.7572883727694.jpg",1,82,232,446,169,528,401
"Morganza_all/029662@29.5768869631713,-90.7571543674979.jpg",1,128,250,393,144,521,394
"Morganza_all/029663@29.5770848924982,-90.757082854262.jpg",1,109,237,422,154,531,391
"Morganza_all/029664@29.5773162187537,-90.75683909673.jpg",3,162,248,460,159,622,407
"Morganza_all/029665@29.5774196899575,-90.757049625936.jpg",1,103,231,395,156,498,387
"Morganza_all/029666@29.577102730717,-90.7564805871574.jpg",3,117,242,381,148,498,390
"Morganza_all/029667@29.5768710955638,-90.7566539722523.jpg",5,177,248,292,108,469,356
"Morganza_all/029668@29.576700741011,-90.756780066593.jpg",3,131,245,444,148,575,393
"Morganza_all/029669@29.5764891794046,-90.7568594919563.jpg",1,128,282,367,105,495,387
"Morganza_all/029670@29.5763258782005,-90.7570324819491.jpg",1,54,240,496,162,550,402
"Morganza_all/029671@29.5761417120133,-90.7571195507405.jpg",1,150,258,390,128,540,386
"Morganza_all/029672@29.5759374440748,-90.7573005771447.jpg",3,197,264,277,133,474,397
"Morganza_all/029673@29.5757862628566,-90.7571215955067.jpg",1,192,230,436,161,628,391
"Morganza_all/029674@29.5756966648969,-90.7569578951385.jpg",1,221,237,394,160,615,397
"Morganza_all/029675@29.5759420292991,-90.7567922670576.jpg",3,65,234,409,149,474,383
"Morganza_all/029676@29.5761329735504,-90.7566894921846.jpg",1,59,260,358,113,417,373
"Morganza_all/029677@29.5763169949087,-90.7565633197078.jpg",3,93,247,435,161,528,408
"Morganza_all/029678@29.5764871496646,-90.7563981228298.jpg",3,120,268,418,124,538,392
"Morganza_all/029679@29.5766507254816,-90.7562877024138.jpg",1,122,272,370,122,492,394
"Morganza_all/029680@29.5769302010225,-90.7561062077807.jpg",1,123,263,379,130,502,393
"Morganza_all/029681@29.5769857911983,-90.7563092093302.jpg",1,134,268,389,123,523,391
"Morganza_all/029682@29.5772847547188,-90.7559008420342.jpg",1,90,246,460,148,550,394
"Morganza_all/029683@29.5773744229839,-90.7560802104815.jpg",1,62,233,522,142,584,375
"Morganza_all/029684@29.5774845774502,-90.7562594297618.jpg",1,119,258,412,142,531,400
"Morganza_all/029685@29.5775812713303,-90.7564856646193.jpg",1,267,229,319,134,586,363
"Morganza_all/029686@29.5776983756724,-90.7566883135562.jpg",1,68,245,359,137,427,382
"Morganza_all/029687@29.5777811610793,-90.756859858151.jpg",1,36,244,388,147,424,391
"Morganza_all/029688@29.5778913833509,-90.7570547455273.jpg",2,0,236,441,137,441,373
"Morganza_all/029689@29.5780017770314,-90.7572887052764.jpg",1,111,274,406,99,517,373
"Morganza_all/029690@29.5781188801309,-90.7574913560028.jpg",2,0,276,406,111,406,387
"Morganza_all/029691@29.5784255194165,-90.7572706327653.jpg",2,185,271,452,98,637,369
"Morganza_all/029692@29.5783564357327,-90.7571068099349.jpg",1,160,212,310,154,470,366
"Morganza_all/029693@29.5782050823133,-90.7568887207852.jpg",1,192,257,356,109,548,366
"Morganza_all/029694@29.5780948597958,-90.7566938329813.jpg",1,159,213,365,156,524,369
"Morganza_all/029695@29.5780255001941,-90.7564674707992.jpg",1,73,240,477,157,550,397
"Morganza_all/029696@29.5779358256159,-90.756280298881.jpg",3,175,232,347,163,522,395
"Morganza_all/029697@29.5778049504087,-90.7560542604189.jpg",1,67,243,495,156,562,399
"Morganza_all/029698@29.5777220604286,-90.7558592167238.jpg",1,28,233,529,152,557,385
"Morganza_all/029699@29.5775982385263,-90.7556800762771.jpg",1,0,240,385,144,385,384
"Morganza_all/029700@29.5770368420045,-90.7554878252628.jpg",3,103,235,409,176,512,411
"Morganza_all/029701@29.5773914636745,-90.7552980920815.jpg",1,11,240,559,167,570,407
"Morganza_all/029702@29.5772539050117,-90.7551033654045.jpg",3,176,286,314,93,490,379
"Morganza_all/029703@29.5769402842908,-90.7552928624029.jpg",1,120,228,488,169,608,397
"Morganza_all/029704@29.5768300249836,-90.7550901771027.jpg",1,51,222,523,172,574,394
"Morganza_all/029705@29.577184611654,-90.7548926411644.jpg",1,98,268,329,117,427,385
"Morganza_all/029706@29.5770947347189,-90.754666369342.jpg",3,116,285,353,102,469,387
"Morganza_all/029707@29.5767336047939,-90.7549265162267.jpg",2,186,229,454,161,640,390
"Morganza_all/029708@29.5766368047681,-90.7546768482362.jpg",3,67,244,495,150,562,394
"Morganza_all/029709@29.5769708075545,-90.7544637634028.jpg",3,120,277,349,101,469,378
"Morganza_all/029710@29.5768674011239,-90.7542688412432.jpg",1,110,275,321,112,431,387
"Morganza_all/029711@29.5766085802927,-90.7544814920314.jpg",1,255,268,247,95,502,363
"Morganza_all/029712@29.5767706689397,-90.7540348084298.jpg",1,136,278,378,120,514,398
"Morganza_all/029713@29.5766605459176,-90.753863394573.jpg",1,151,263,289,124,440,387
"Morganza_all/029714@29.5764165672771,-90.7543418532441.jpg",1,243,282,255,92,498,374
"Morganza_all/029715@29.5762113016276,-90.7542961027378.jpg",1,178,278,259,102,437,380
"Morganza_all/029716@29.5765707364836,-90.7536527911599.jpg",1,134,260,316,110,450,370
"Morganza_all/029717@29.5764743144988,-90.7534891320911.jpg",3,64,192,408,203,472,395
"Morganza_all/029718@29.5762015858568,-90.7536470942085.jpg",1,12,199,463,190,475,389
"Morganza_all/029719@29.5760451360847,-90.7538200493268.jpg",3,92,196,417,195,509,391
"Morganza_all/029720@29.5759233508352,-90.7541022808642.jpg",3,225,237,411,159,636,396
"Morganza_all/029721@29.5759382958247,-90.7543915232618.jpg",2,0,248,572,162,572,410
"Morganza_all/029722@29.5779319672325,-90.7554044525148.jpg",1,107,212,408,192,515,404
"Morganza_all/029723@29.5782931945546,-90.7551599391955.jpg",3,100,233,519,169,619,402
"Morganza_all/029724@29.5783761270099,-90.7553706187093.jpg",1,137,284,332,137,469,421
"Morganza_all/029725@29.5785070032554,-90.755596626108.jpg",1,44,250,416,137,460,387
"Morganza_all/029726@29.578055927462,-90.7556148948298.jpg",1,86,271,383,133,469,404
"Morganza_all/029727@29.5781592972397,-90.7558019559571.jpg",1,41,257,440,144,481,401
"Morganza_all/029728@29.578262942452,-90.7560516208254.jpg",3,118,278,400,120,518,398
"Morganza_all/029729@29.5786240400858,-90.7557836407129.jpg",1,112,251,377,148,489,399
"Morganza_all/029730@29.5787137085085,-90.7559630114537.jpg",1,48,277,459,137,507,414
"Morganza_all/029731@29.5783524795535,-90.7562074914443.jpg",1,81,268,374,136,455,404
"Morganza_all/029732@29.5784766036054,-90.7564492057641.jpg",1,124,292,344,102,468,394
"Morganza_all/029733@29.5788308824934,-90.7561812972687.jpg",1,5,268,456,118,461,386
"Morganza_all/029735@29.5785731595959,-90.7566441727292.jpg",3,86,261,414,149,500,410
"Morganza_all/029736@29.5786627992041,-90.7568235128484.jpg",3,61,264,404,137,465,401
"Morganza_all/029737@29.5790377648453,-90.7565945593966.jpg",3,96,275,300,115,396,390
"Morganza_all/029738@29.5791479530563,-90.7567816155723.jpg",3,61,257,464,160,525,417
"Morganza_all/029740@29.5747879747756,-90.7570647668968.jpg",1,166,273,369,109,535,382
"Morganza_all/029741@29.5749495905531,-90.7565086219889.jpg",1,189,257,266,135,455,392
"Morganza_all/029742@29.5780934033892,-90.7548091840369.jpg",1,12,240,537,163,549,403
"Morganza_all/029743@29.5777800245807,-90.7550534218901.jpg",2,0,261,634,147,634,408
"Morganza_all/029744@29.5776696269103,-90.7548194651226.jpg",1,96,275,390,110,486,385
"Morganza_all/029745@29.5780035953387,-90.7545985453042.jpg",1,131,268,436,133,567,401
"Morganza_all/029746@29.5778798063071,-90.754427239166.jpg",1,131,250,429,125,560,375
"Morganza_all/029747@29.5775662900319,-90.7546401762354.jpg",1,195,262,339,118,534,380
"Morganza_all/029748@29.5774559606712,-90.7544218554048.jpg",2,0,260,568,133,568,393
"Morganza_all/029749@29.5777967411574,-90.754193093354.jpg",1,99,237,449,151,548,388
"Morganza_all/029750@29.5776727787837,-90.7539826848019.jpg",1,134,247,479,137,613,384
"Morganza_all/029751@29.5773389909632,-90.7542504795358.jpg",3,197,247,432,126,629,373
"Morganza_all/029752@29.5772353699563,-90.7540008501338.jpg",3,127,239,473,165,600,404
"Morganza_all/029753@29.5775694062699,-90.753795595002.jpg",1,74,245,402,125,476,370
"Morganza_all/029754@29.5774793544953,-90.7535302201021.jpg",3,108,262,462,123,570,385
"Morganza_all/029755@29.5771525115494,-90.7538136424437.jpg",1,193,257,401,119,594,376
"Morganza_all/029756@29.5770218396565,-90.7536345451724.jpg",1,136,210,441,170,577,380
"Morganza_all/029757@29.5774920527774,-90.7533111882518.jpg",2,0,282,450,109,450,391
"Morganza_all/029758@29.5769861365819,-90.7532906491768.jpg",1,149,205,328,171,477,376
"Morganza_all/029759@29.5769642727531,-90.7529858086845.jpg",1,172,246,279,123,451,369
"Morganza_all/029760@29.5775250570108,-90.7530451010743.jpg",3,75,235,436,165,511,400
"Morganza_all/029761@29.5775171639726,-90.7528027195791.jpg",1,97,244,452,157,549,401
"Morganza_all/029762@29.5775026312306,-90.7526073142471.jpg",1,74,219,425,158,499,377
"Morganza_all/029763@29.5768330454743,-90.7526815708418.jpg",1,95,242,307,121,402,363
"Morganza_all/029764@29.5766953862852,-90.7524712455996.jpg",1,75,254,380,98,455,352
"Morganza_all/029765@29.5763797176206,-90.752191547941.jpg",1,53,192,446,201,499,393
"Morganza_all/029766@29.5765431510993,-90.7520498196393.jpg",1,184,259,263,90,447,349
"Morganza_all/029768@29.5769174912498,-90.7516879409738.jpg",3,114,243,293,116,407,359
"Morganza_all/029769@29.5770669797207,-90.7514837507934.jpg",3,208,264,212,109,420,373
"Morganza_all/029770@29.5772570170441,-90.7511776473916.jpg",1,97,240,313,152,410,392
"Morganza_all/029771@29.5773877270688,-90.7513645750922.jpg",3,40,228,513,159,553,387
"Morganza_all/029772@29.5774847764354,-90.751669011388.jpg",1,242,230,282,161,524,391
"Morganza_all/029773@29.5774857477843,-90.7518879640949.jpg",1,18,256,510,138,528,394
"Morganza_all/029774@29.5774867534985,-90.7521147500281.jpg",1,43,264,432,123,475,387
"Morganza_all/029775@29.5775151892487,-90.7523569807901.jpg",1,76,259,504,139,580,398
"Morganza_all/029776@29.5777563387312,-90.7482467669553.jpg",2,96,247,540,149,636,396
"Morganza_all/029777@29.5779912487071,-90.7482796858358.jpg",2,0,299,399,105,399,404
"Morganza_all/029778@29.5781962890347,-90.7483299248996.jpg",1,146,294,236,135,382,429
"Morganza_all/029779@29.5784465681835,-90.7484484509624.jpg",2,0,288,441,123,441,411
"Morganza_all/029780@29.5786466271168,-90.7485101396297.jpg",2,0,280,409,119,409,399
"Morganza_all/029781@29.5788915721126,-90.7485487265474.jpg",3,11,303,392,105,403,408
"Morganza_all/029782@29.5791467284312,-90.748638659776.jpg",2,0,220,378,172,378,392
"Morganza_all/029783@29.5792095621758,-90.7481696951099.jpg",1,90,237,441,131,531,368
"Morganza_all/029784@29.5789647191659,-90.7481539798218.jpg",3,148,245,320,128,468,373
"Morganza_all/029785@29.5787596552918,-90.7480923209124.jpg",1,241,208,287,160,528,368
"Morganza_all/029786@29.5785245667497,-90.7480194177746.jpg",1,188,262,368,109,556,371
"Morganza_all/029787@29.5783045159851,-90.7479578469983.jpg",1,172,257,425,102,597,359
"Morganza_all/029788@29.5781195182533,-90.7479189428418.jpg",3,127,247,385,123,512,370
"Morganza_all/029789@29.5778894067467,-90.7478459800241.jpg",1,12,267,596,148,608,415
"Morganza_all/029790@29.5787888047114,-90.7490293423999.jpg",1,74,213,537,179,611,392
"Morganza_all/029791@29.5785848108902,-90.7492076830034.jpg",1,157,249,329,128,486,377
"Morganza_all/029792@29.5784457412655,-90.7493856129118.jpg",1,165,276,344,83,509,359
"Morganza_all/029793@29.578246495312,-90.7495125192326.jpg",3,213,235,311,132,524,367
"Morganza_all/029794@29.5780675459015,-90.7497078260376.jpg",3,148,292,300,83,448,375
"Morganza_all/029795@29.5779183665475,-90.7498572792958.jpg",1,216,162,358,220,574,382
"Morganza_all/029796@29.5776974007768,-90.7495899958521.jpg",1,181,181,404,206,585,387
"Morganza_all/029797@29.5776311252401,-90.7492932463513.jpg",1,80,237,451,163,531,400
"Morganza_all/029798@29.5776051886721,-90.7490762321457.jpg",3,146,233,483,163,629,396
"Morganza_all/029799@29.5776784158853,-90.7486929417098.jpg",2,231,250,405,151,636,401
"Morganza_all/029800@29.5779135805113,-90.7487829908872.jpg",2,131,261,505,142,636,403
"Morganza_all/029801@29.5781486432444,-90.7488502013068.jpg",2,189,250,449,144,638,394
"Morganza_all/029802@29.578373800325,-90.7489346154373.jpg",1,96,243,528,160,624,403
"Morganza_all/029803@29.5775827834816,-90.7509626783917.jpg",1,216,226,420,176,636,402
"Morganza_all/029804@29.5778774430391,-90.7511985485048.jpg",1,196,246,282,116,478,362
"Morganza_all/029805@29.5779005474103,-90.7515589105099.jpg",1,144,274,460,126,604,400
"Morganza_all/029806@29.5781297672284,-90.7515739381998.jpg",1,140,181,446,207,586,388
"Morganza_all/029807@29.5783087115975,-90.7515565397746.jpg",3,148,248,392,156,540,404
"Morganza_all/029808@29.5785378863136,-90.7515552086532.jpg",1,123,280,464,105,587,385
"Morganza_all/029809@29.5787742470074,-90.7515620153707.jpg",1,135,279,351,125,486,404
"Morganza_all/029810@29.5787797600366,-90.7511933043162.jpg",2,0,195,382,191,382,386
"Morganza_all/029811@29.5784285484476,-90.7511216351579.jpg",6,267,194,103,88,370,282
"Morganza_all/029813@29.5785545591158,-90.7504736787989.jpg",2,0,268,398,118,398,386
"Morganza_all/029814@29.5788055380613,-90.7505459289747.jpg",1,39,267,503,109,542,376
"Morganza_all/029815@29.5788830559285,-90.7502669313367.jpg",1,43,231,315,157,358,388
"Morganza_all/029816@29.579018390984,-90.7501022997554.jpg",2,0,282,441,114,441,396
"Morganza_all/029817@29.5793465225868,-90.7498136300896.jpg",2,0,252,541,133,541,385
"Morganza_all/029818@29.5792943494361,-90.7493551513443.jpg",1,114,220,408,174,522,394
"Morganza_all/029819@29.5790944762947,-90.7494955902747.jpg",1,74,294,425,131,499,425
"Morganza_all/029820@29.5788092984591,-90.7497840100099.jpg",3,22,313,398,90,420,403
"Morganza_all/029821@29.5786522684378,-90.7498995962134.jpg",1,40,259,356,153,396,412
"Morganza_all/029822@29.5785096747759,-90.7500397310485.jpg",1,72,304,331,102,403,406
"Morganza_all/029823@29.5783312499337,-90.7501800426352.jpg",1,103,278,357,143,460,421
"Morganza_all/029824@29.5781816608119,-90.7503611464773.jpg",1,147,306,320,105,467,411
"Morganza_all/029825@29.5780533933718,-90.7505011651725.jpg",1,92,283,363,136,455,419
"Morganza_all/029826@29.577874895179,-90.7506250852408.jpg",2,0,290,434,119,434,409
"Morganza_all/029827@29.577710751224,-90.7507489213776.jpg",3,81,300,418,118,499,418
"Morganza_all/029828@29.5778883284262,-90.7520341481724.jpg",3,135,243,501,179,636,422
"Morganza_all/029829@29.5779047251944,-90.7525010402602.jpg",2,0,247,533,175,533,422
"Morganza_all/029830@29.5782198060714,-90.7524992131449.jpg",1,103,261,527,133,630,394
"Morganza_all/029831@29.578210550065,-90.7520240671495.jpg",2,0,226,390,179,390,405
"Morganza_all/029832@29.5784396972876,-90.7520227372587.jpg",1,90,255,316,142,406,397
"Morganza_all/029833@29.578477316511,-90.7524321575517.jpg",1,138,277,352,117,490,394
"Morganza_all/029834@29.5787425576348,-90.7524961817473.jpg",1,19,274,466,134,485,408
"Morganza_all/029835@29.5787701220699,-90.752250225428.jpg",3,114,286,414,129,528,415
"Morganza_all/029836@29.5787762459182,-90.7520126044527.jpg",1,106,285,451,132,557,417
"Morganza_all/029837@29.577928015927,-90.7529105101081.jpg",2,0,251,405,164,405,415
"Morganza_all/029838@29.5779218092066,-90.7531235594863.jpg",2,0,294,504,123,504,417
"Morganza_all/029839@29.577901356486,-90.7533612613231.jpg",1,116,278,475,140,591,418
"Morganza_all/029840@29.5779383557326,-90.7536314115126.jpg",3,197,293,373,121,570,414
"Morganza_all/029841@29.5782168997813,-90.7534577459865.jpg",3,97,252,443,141,540,393
"Morganza_all/029842@29.5784599752945,-90.7533662377683.jpg",1,117,245,508,163,625,408
"Morganza_all/029843@29.5787534707998,-90.7533399366859.jpg",1,78,252,545,146,623,398
"Morganza_all/029844@29.5787525283314,-90.7531269584269.jpg",2,0,275,364,116,364,391
"Morganza_all/029845@29.5787586262702,-90.7528893377063.jpg",2,0,219,615,179,615,398
"Morganza_all/029846@29.5784293998889,-90.7529322062728.jpg",3,190,245,366,157,556,402
"Morganza_all/029847@29.5782074385503,-90.7529416719808.jpg",2,228,269,408,123,636,392
"Morganza_all/029848@29.5788770558624,-90.7537570723464.jpg",1,65,258,330,136,395,394
"Morganza_all/029849@29.5789208331422,-90.7539370532632.jpg",1,123,287,400,128,523,415
"Morganza_all/029850@29.5790077442239,-90.7541577458319.jpg",1,119,233,397,161,516,394
"Morganza_all/029851@29.5787649302569,-90.7543148136106.jpg",5,203,267,280,158,483,425
"Morganza_all/029852@29.5784979161711,-90.7538493671867.jpg",2,0,219,497,163,497,382
"Morganza_all/029853@29.5781189937258,-90.7539908316269.jpg",1,19,230,576,178,595,408
"Morganza_all/029854@29.5782487855268,-90.7541949154674.jpg",1,140,285,357,126,497,411
"Morganza_all/029855@29.5783285103739,-90.7544074687651.jpg",1,118,290,360,101,478,391
"Morganza_all/029856@29.5784438935577,-90.7545870352321.jpg",2,0,256,581,160,581,416
"Morganza_all/029857@29.5786245014299,-90.7549464590427.jpg",1,0,260,603,153,603,413
"Morganza_all/029858@29.5788625964927,-90.7553465447184.jpg",3,120,269,488,149,608,418
"Morganza_all/029859@29.5791052396221,-90.7551566989227.jpg",2,277,271,364,123,641,394
"Morganza_all/029860@29.5788886567591,-90.7547646995147.jpg",1,61,257,477,152,538,409
"Morganza_all/029861@29.5790528320019,-90.7546408683437.jpg",1,134,275,425,135,559,410
"Morganza_all/029862@29.5792836060658,-90.7550081844008.jpg",1,311,285,210,113,521,398
"Morganza_all/029863@29.5794479261796,-90.7549171337761.jpg",5,294,267,113,87,407,354
"Morganza_all/029864@29.5792457418278,-90.7545414410382.jpg",2,0,266,482,138,482,404
"Morganza_all/029865@29.5794530869322,-90.7544665002943.jpg",3,152,259,397,141,549,400
"Morganza_all/029866@29.5796334695292,-90.7547685768617.jpg",2,214,268,421,129,635,397
"Morganza_all/029867@29.5797905399463,-90.7546611766165.jpg",2,179,264,460,139,639,403
"Morganza_all/029868@29.5795956766945,-90.7543181908414.jpg",1,96,292,464,116,560,408
"Morganza_all/029869@29.5798525004881,-90.7540955090095.jpg",2,0,249,582,155,582,404
"Morganza_all/029870@29.5799678928653,-90.7542832889392.jpg",3,70,289,468,98,538,387
"Morganza_all/029871@29.5800763797689,-90.7545202502642.jpg",2,197,251,444,158,641,409
"Morganza_all/029872@29.5802569878173,-90.7548796798124.jpg",3,92,237,348,173,440,410
"Morganza_all/029873@29.5803653016894,-90.7550838931496.jpg",2,5,265,399,136,404,401
"Morganza_all/029874@29.5804665376964,-90.7553045072156.jpg",1,125,270,463,128,588,398
"Morganza_all/029875@29.5799999459356,-90.7550532207678.jpg",1,0,259,378,123,378,382
"Morganza_all/029876@29.5798430558441,-90.7552015808495.jpg",2,0,261,350,118,350,379
"Morganza_all/029877@29.5796428600015,-90.7552764791009.jpg",2,0,255,437,129,437,384
"Morganza_all/029878@29.5794573160764,-90.7554250350883.jpg",2,0,253,410,124,410,377
"Morganza_all/029879@29.5793288987509,-90.7555322684843.jpg",1,10,236,337,134,347,370
"Morganza_all/029880@29.5790145398806,-90.755697925633.jpg",2,0,276,402,136,402,412
"Morganza_all/029881@29.5791229246763,-90.7559185275872.jpg",1,117,252,421,142,538,394
"Morganza_all/029882@29.579223870738,-90.7560736100918.jpg",3,46,260,424,129,470,389
"Morganza_all/029883@29.5794593017092,-90.7558756273199.jpg",3,39,257,426,141,465,398
"Morganza_all/029884@29.57969526512,-90.7557923130511.jpg",1,109,279,433,113,542,392
"Morganza_all/029885@29.5798307515684,-90.7556604683624.jpg",1,33,300,410,101,443,401
"Morganza_all/029886@29.5800236621641,-90.7555610422484.jpg",1,35,282,461,101,496,383
"Morganza_all/029887@29.5801878742122,-90.7554453904693.jpg",1,19,278,458,129,477,407
"Morganza_all/029889@29.5795903803142,-90.7563664370501.jpg",3,120,254,419,147,539,401
"Morganza_all/029890@29.5797690005925,-90.7562752745326.jpg",3,151,251,475,170,626,421
"Morganza_all/029891@29.5799474319524,-90.7561349717899.jpg",1,127,231,447,177,574,408
"Morganza_all/029892@29.5801257634772,-90.7559782782763.jpg",1,235,219,358,182,593,401
"Morganza_all/029893@29.5804758452084,-90.7557878121111.jpg",2,154,256,487,163,641,419
"Morganza_all/029894@29.5806685033136,-90.7556310659785.jpg",2,53,277,586,118,639,395
"Morganza_all/029895@29.5796361318592,-90.7537526800145.jpg",2,0,252,508,156,508,408
"Morganza_all/029896@29.5793435052502,-90.7539755693392.jpg",2,0,253,489,156,489,409
"Morganza_all/029897@29.5792053041927,-90.7534929847469.jpg",1,132,250,469,147,601,397
"Morganza_all/029898@29.5791682684657,-90.7532146517857.jpg",2,184,252,452,139,636,391
"Morganza_all/029899@29.5791670717563,-90.75294429097.jpg",2,168,241,468,157,636,398
"Morganza_all/029900@29.5791662374618,-90.7527558815108.jpg",2,179,248,460,139,639,387
"Morganza_all/029901@29.5791436358916,-90.7525020355164.jpg",3,106,247,453,154,559,401
"Morganza_all/029902@29.5791496600457,-90.752248023563.jpg",1,183,229,429,172,612,401
"Morganza_all/029903@29.5791626792372,-90.7519530099799.jpg",3,46,245,475,180,521,425
"Morganza_all/029904@29.5795280719964,-90.7519918502316.jpg",2,0,268,475,148,475,416
"Morganza_all/029905@29.5795291253638,-90.7522294313522.jpg",1,156,272,476,131,632,403
"Morganza_all/029906@29.5795519002034,-90.7525160587684.jpg",2,0,283,494,115,494,398
"Morganza_all/029907@29.5795528438035,-90.7527290701807.jpg",1,63,269,552,129,615,398
"Morganza_all/029908@29.579510987824,-90.7529832907369.jpg",1,243,272,358,105,601,377
"Morganza_all/029909@29.5795120393946,-90.7532208718274.jpg",1,273,282,353,106,626,388
"Morganza_all/029910@29.579584806006,-90.7534826081415.jpg",3,220,289,377,120,597,409
"Morganza_all/029911@29.5810041218647,-90.7554161102585.jpg",1,85,265,518,146,603,411
"Morganza_all/029912@29.5811970235643,-90.7553084713184.jpg",1,137,264,438,151,575,415
"Morganza_all/029913@29.5813682767049,-90.7551682062828.jpg",2,0,247,502,154,502,401
"Morganza_all/029914@29.5815539374405,-90.7550524284689.jpg",1,38,242,525,164,563,406
"Morganza_all/029915@29.5817038944915,-90.75495324751.jpg",1,72,261,529,149,601,410
"Morganza_all/029916@29.5818967684479,-90.7548456385454.jpg",1,137,263,431,143,568,406
"Morganza_all/029917@29.5820537940759,-90.7547218450912.jpg",3,116,270,435,141,551,411
"Morganza_all/029918@29.5822250465853,-90.7545815778527.jpg",1,78,249,500,159,578,408
"Morganza_all/029919@29.5823820443251,-90.7544577522774.jpg",2,129,245,507,165,636,410
"Morganza_all/029920@29.5825963944084,-90.7543500174813.jpg",1,165,270,283,131,448,401
"Morganza_all/029921@29.5827463509243,-90.7542508344385.jpg",1,181,244,401,157,582,401
"Morganza_all/029922@29.5829462566412,-90.7541103997181.jpg",3,95,260,496,144,591,404
"Morganza_all/029923@29.5831033626537,-90.7540111746157.jpg",3,103,251,457,143,560,394
"Morganza_all/029924@29.5832673647695,-90.7538545552738.jpg",1,0,245,413,121,413,366
"Morganza_all/029925@29.5834745921722,-90.7537468594486.jpg",3,148,254,402,150,550,404
"Morganza_all/029926@29.5836386663157,-90.7536065986354.jpg",2,0,261,510,143,510,404
"Morganza_all/029927@29.5838386076578,-90.7534743726259.jpg",2,0,239,524,150,524,389
"Morganza_all/029928@29.5835865064358,-90.753148098267.jpg",2,141,289,496,122,637,411
"Morganza_all/029929@29.5834924439852,-90.7529274379173.jpg",1,169,248,296,136,465,384
"Morganza_all/029930@29.5833766957037,-90.7526659409762.jpg",1,89,281,385,128,474,409
"Morganza_all/029932@29.5831024986153,-90.75220051916.jpg",3,105,289,356,101,461,390
"Morganza_all/029933@29.582972740136,-90.7520046391905.jpg",3,85,278,405,126,490,404
"Morganza_all/029934@29.5826790631515,-90.7519899524526.jpg",3,210,284,381,107,591,391
"Morganza_all/029935@29.5824714651708,-90.7520075486306.jpg",3,89,291,458,119,547,410
"Morganza_all/029936@29.5822566173275,-90.7520087956159.jpg",3,75,258,434,171,509,429
"Morganza_all/029937@29.582244142589,-90.7524267019149.jpg",2,0,250,486,161,486,411
"Morganza_all/029938@29.5824589541905,-90.7524172761521.jpg",3,58,267,394,130,452,397
"Morganza_all/029939@29.5826524431232,-90.7524489049839.jpg",1,26,272,364,132,390,404
"Morganza_all/029940@29.5828105643622,-90.7525790867716.jpg",1,148,284,347,124,495,408
"Morganza_all/029941@29.5829544949346,-90.7527339224695.jpg",1,54,278,414,114,468,392
"Morganza_all/029942@29.5830985791808,-90.7529297203257.jpg",1,132,292,452,114,584,406
"Morganza_all/029943@29.5831854919497,-90.7531504212257.jpg",1,38,271,452,132,490,403
"Morganza_all/029944@29.583308207739,-90.7533709151897.jpg",2,99,265,539,151,638,416
"Morganza_all/029945@29.5829583020152,-90.753594176812.jpg",3,40,265,469,134,509,399
"Morganza_all/029946@29.5827155973718,-90.7537758226993.jpg",1,125,278,398,131,523,409
"Morganza_all/029947@29.5824298220186,-90.7539249344028.jpg",2,0,263,520,146,520,409
"Morganza_all/029948@29.5823144379388,-90.7537453615525.jpg",1,0,221,602,194,602,415
"Morganza_all/029949@29.582247625381,-90.7532132073885.jpg",2,0,243,518,153,518,396
"Morganza_all/029950@29.5822462473168,-90.7529018770553.jpg",2,0,237,421,170,421,407
"Morganza_all/029951@29.5824467683121,-90.752900715012.jpg",1,210,262,374,143,584,405
"Morganza_all/029952@29.5826333251422,-90.7529815587176.jpg",1,152,198,459,200,611,398
"Morganza_all/029953@29.5827058385727,-90.7531859822313.jpg",1,216,267,346,113,562,380
"Morganza_all/029954@29.5828501758515,-90.7534391325783.jpg",1,61,272,391,98,452,370
"Morganza_all/029955@29.5819525704278,-90.7528871877931.jpg",1,83,233,558,196,641,429
"Morganza_all/029956@29.5818896364838,-90.7532316719892.jpg",1,180,279,370,135,550,414
"Morganza_all/029957@29.5819275055219,-90.7536984586373.jpg",2,214,277,420,131,634,408
"Morganza_all/029958@29.5819787946389,-90.753960325842.jpg",2,148,214,493,197,641,411
"Morganza_all/029959@29.5821086138355,-90.7541643858884.jpg",2,37,277,599,141,636,418
"Morganza_all/029960@29.5818515729119,-90.7543379318877.jpg",1,165,279,380,126,545,405
"Morganza_all/029961@29.5816515584521,-90.7544537943322.jpg",1,90,266,500,132,590,398
"Morganza_all/029962@29.5814443218456,-90.7545533069835.jpg",2,0,281,499,125,499,406
"Morganza_all/029963@29.5812587425051,-90.7546936559456.jpg",1,158,294,448,108,606,402
"Morganza_all/029964@29.5810803040964,-90.7548257833715.jpg",1,117,277,423,127,540,404
"Morganza_all/029965@29.5808162570861,-90.7550321167982.jpg",1,242,271,286,140,528,411
"Morganza_all/029966@29.5807079157744,-90.7548279342161.jpg",1,165,262,428,132,593,394
"Morganza_all/029967@29.5805781973211,-90.7546402350472.jpg",1,116,157,359,230,475,387
"Morganza_all/029968@29.5808640096171,-90.7544993076858.jpg",1,174,282,318,105,492,387
"Morganza_all/029969@29.581078206342,-90.754350613722.jpg",3,121,284,430,127,551,411
"Morganza_all/029970@29.5812641109208,-90.7542839749524.jpg",1,113,257,424,144,537,401
"Morganza_all/029971@29.5814489658394,-90.7539797816975.jpg",1,102,243,401,147,503,390
"Morganza_all/029972@29.5814479518075,-90.7537503755968.jpg",1,112,224,451,176,563,400
"Morganza_all/029973@29.5814894194033,-90.7534142288102.jpg",3,110,249,342,145,452,394
"Morganza_all/029974@29.5815099534527,-90.7532010888792.jpg",2,0,267,429,131,429,398
"Morganza_all/029975@29.5814870263894,-90.7528735261096.jpg",2,139,220,502,174,641,394
"Morganza_all/029976@29.5817161010271,-90.7528558074313.jpg",2,98,243,538,154,636,397
"Morganza_all/029977@29.581121996641,-90.7529166033729.jpg",3,80,257,554,142,634,399
"Morganza_all/029978@29.5811089752816,-90.7532116226016.jpg",3,147,256,442,160,589,416
"Morganza_all/029979@29.5811099176124,-90.753424605872.jpg",2,157,216,481,177,638,393
"Morganza_all/029980@29.5810399411977,-90.7537936983391.jpg",3,9,256,488,146,497,402
"Morganza_all/029981@29.5808974881222,-90.7539665806196.jpg",1,100,245,493,158,593,403
"Morganza_all/029982@29.580661598166,-90.7540662592455.jpg",1,233,266,374,121,607,387
"Morganza_all/029983@29.5804261424354,-90.7542642488058.jpg",2,0,250,600,177,600,427
"Morganza_all/029984@29.5803249408222,-90.7540518153807.jpg",3,148,263,489,135,637,398
"Morganza_all/029985@29.5802024433859,-90.7538804670114.jpg",3,50,263,526,154,576,417
"Morganza_all/029986@29.5804812139549,-90.7537641808421.jpg",1,128,276,297,101,425,377
"Morganza_all/029987@29.580595076721,-90.753599644207.jpg",1,48,284,311,91,359,375
"Morganza_all/029988@29.5807016897358,-90.7534187896893.jpg",3,151,292,217,92,368,384
"Morganza_all/029989@29.5807509138438,-90.7532136964683.jpg",2,0,300,374,91,374,391
"Morganza_all/029990@29.5806993329579,-90.7528862707717.jpg",2,200,244,438,148,638,392
"Morganza_all/029991@29.58091432596,-90.7529178068005.jpg",5,392,231,97,87,489,318
"Morganza_all/029992@29.5802356744618,-90.7532986035394.jpg",2,183,263,458,151,641,414
"Morganza_all/029993@29.580334158059,-90.7528965667271.jpg",2,256,245,379,165,635,410
"Morganza_all/029994@29.5801193827668,-90.7529142022049.jpg",3,110,272,504,127,614,399
"Morganza_all/029995@29.579925857578,-90.7528743623472.jpg",1,68,223,493,180,561,403
"Morganza_all/029996@29.5799704337391,-90.7532345762644.jpg",2,0,247,445,136,445,383
"Morganza_all/029997@29.5799312566908,-90.7524728976355.jpg",5,297,283,124,96,421,379
"Morganza_all/029998@29.580217357075,-90.7523974953074.jpg",1,50,273,397,142,447,415
"Morganza_all/029999@29.5804249551192,-90.7523799003335.jpg",1,37,282,390,111,427,393
"Morganza_all/030000@29.580661352147,-90.7523949201125.jpg",3,38,273,393,125,431,398
"Morganza_all/030001@29.5808692043351,-90.7524346762451.jpg",2,0,282,474,123,474,405
"Morganza_all/030002@29.5810482125517,-90.7524254582813.jpg",1,2,275,382,113,384,388
"Morganza_all/030003@29.5812917228654,-90.7524322257567.jpg",3,52,272,404,128,456,400
"Morganza_all/030004@29.581499320909,-90.7524146306662.jpg",3,71,272,406,140,477,412
"Morganza_all/030005@29.5819002627651,-90.7523959140835.jpg",2,0,244,638,161,638,405
"Morganza_all/030006@29.5819056241396,-90.7519862618033.jpg",1,30,250,609,139,639,389
"Morganza_all/030007@29.5817051394225,-90.7519956052836.jpg",1,44,226,591,180,635,406
"Morganza_all/030008@29.5814687787675,-90.7519887973437.jpg",2,199,264,437,130,636,394
"Morganza_all/030009@29.5812753985406,-90.7519817085065.jpg",1,75,249,557,166,632,415
"Morganza_all/030010@29.5810892770893,-90.7519991798042.jpg",1,165,264,399,132,564,396
"Morganza_all/030011@29.5809030466796,-90.7519920809361.jpg",2,0,241,503,169,503,410
"Morganza_all/030012@29.5806596088861,-90.7520016736111.jpg",1,36,200,565,201,601,401
"Morganza_all/030013@29.5804304254033,-90.7519948240711.jpg",2,130,236,511,158,641,394
"Morganza_all/030015@29.5799149325053,-90.752022386498.jpg",1,106,228,423,167,529,395
"Morganza_all/030016@29.5799086997297,-90.752235440317.jpg",3,91,247,428,153,519,400
"Morganza_all/030017@29.5791598443383,-90.7515681440787.jpg",2,33,254,607,145,640,399
"Morganza_all/030018@29.5794993205119,-90.7515732508481.jpg",1,31,281,575,120,606,401
"Morganza_all/030019@29.579522948673,-90.7513330095702.jpg",1,106,223,533,161,639,384
"Morganza_all/030020@29.5791464945038,-90.7513422755044.jpg",2,156,272,485,126,641,398
"Morganza_all/030021@29.5791393040037,-90.7511163711854.jpg",1,243,278,386,132,629,410
"Morganza_all/030022@29.5795094729594,-90.7510788897058.jpg",3,106,229,472,127,578,356
"Morganza_all/030023@29.5794837753369,-90.7508530922108.jpg",3,134,242,425,132,559,374
"Morganza_all/030024@29.5791320150922,-90.750862216343.jpg",2,183,259,458,126,641,385
"Morganza_all/030025@29.5792171609472,-90.7505792726143.jpg",2,103,262,534,135,637,397
"Morganza_all/030026@29.5794700789878,-90.750549549881.jpg",3,190,224,442,155,632,379
"Morganza_all/030027@29.5794135581801,-90.7503309790887.jpg",4,272,282,112,114,384,396
"Morganza_all/030028@29.5798923026802,-90.7511119941555.jpg",3,82,289,420,135,502,424
"Morganza_all/030029@29.5799250685149,-90.7515425266532.jpg",1,0,240,543,171,543,411
"Morganza_all/030030@29.5800979647158,-90.7515626951937.jpg",3,95,270,423,134,518,404
"Morganza_all/030031@29.5802770795466,-90.7515899062773.jpg",1,97,214,377,190,474,404
"Morganza_all/030032@29.5804745444034,-90.7515817122351.jpg",1,36,274,472,120,508,394
"Morganza_all/030033@29.5806595957128,-90.7515523858646.jpg",2,0,279,450,108,450,387
"Morganza_all/030034@29.5808634044339,-90.7515794536546.jpg",1,2,261,504,131,506,392
"Morganza_all/030035@29.5810485536149,-90.7515783782632.jpg",1,51,272,446,124,497,396
"Morganza_all/030036@29.5812398900169,-90.7515772669307.jpg",2,0,269,467,122,467,391
"Morganza_all/030037@29.5814373861413,-90.7515761198165.jpg",1,43,261,457,128,500,389
"Morganza_all/030038@29.5816346627878,-90.7515255175381.jpg",1,123,282,340,116,463,398
"Morganza_all/030039@29.5818692938485,-90.7515453592597.jpg",2,0,275,484,133,484,408
"Morganza_all/030040@29.5816700108451,-90.7511440067352.jpg",3,37,276,472,124,509,400
"Morganza_all/030041@29.5815702278585,-90.7509115879277.jpg",1,31,230,344,174,375,404
"Morganza_all/030042@29.5813057468921,-90.7511179037799.jpg",1,171,240,213,129,384,369
"Morganza_all/030043@29.5811205387802,-90.7511119017159.jpg",1,142,267,383,117,525,384
"Morganza_all/030044@29.5809354523375,-90.7511271034227.jpg",1,154,288,339,95,493,383
"Morganza_all/030045@29.5807131995906,-90.7511142695343.jpg",1,19,271,419,116,438,387
"Morganza_all/030046@29.5805157034669,-90.7511154175509.jpg",1,175,270,322,106,497,376
"Morganza_all/030047@29.5802997046121,-90.7511237517099.jpg",1,141,285,308,115,449,400
"Morganza_all/030048@29.5800899868655,-90.7511531906793.jpg",1,106,278,393,130,499,408
"Morganza_all/030049@29.5813835135462,-90.7505666682374.jpg",1,151,128,417,289,568,417
"Morganza_all/030050@29.5810135604744,-90.7506464970809.jpg",2,189,250,450,148,639,398
"Morganza_all/030051@29.5807361681889,-90.7507257869321.jpg",2,120,273,518,138,638,411
"Morganza_all/030052@29.5806731464354,-90.7504366222053.jpg",3,75,256,432,148,507,404
"Morganza_all/030053@29.5806413508157,-90.7502249835233.jpg",3,20,230,602,200,622,430
"Morganza_all/030054@29.5810786287466,-90.7500106131453.jpg",2,0,178,493,233,493,411
"Morganza_all/030055@29.581190477602,-90.7501794090702.jpg",1,176,254,464,157,640,411
"Morganza_all/030056@29.5812900422516,-90.7503624342.jpg",3,158,263,450,155,608,418
"Morganza_all/030057@29.5808673124377,-90.7496870131601.jpg",1,16,175,624,244,640,419
"Morganza_all/030058@29.5805715398214,-90.7497946641791.jpg",2,160,256,479,182,639,438
"Morganza_all/030059@29.5804839125313,-90.7495197696795.jpg",2,85,291,556,123,641,414
"Morganza_all/030060@29.5806924346301,-90.749222007168.jpg",2,45,250,594,177,639,427
"Morganza_all/030061@29.5807859665895,-90.7494332857476.jpg",2,107,260,534,146,641,406
"Morganza_all/030062@29.5802915683714,-90.7506789172725.jpg",3,291,217,307,184,598,401
"Morganza_all/030063@29.5799213995368,-90.7507164005229.jpg",2,0,94,598,290,598,384
"Morganza_all/030064@29.5802782798104,-90.7504671716239.jpg",1,200,249,436,148,636,397
"Morganza_all/030065@29.5799016411272,-90.750441112047.jpg",1,89,226,352,173,441,399
"Morganza_all/030066@29.5802403598446,-90.7502696951389.jpg",2,193,239,445,161,638,400
"Morganza_all/030067@29.5798823181161,-90.7502576537208.jpg",3,171,261,343,123,514,384
"Morganza_all/030068@29.5802145036287,-90.7500085670988.jpg",3,60,230,473,157,533,387
"Morganza_all/030069@29.5798563361627,-90.7499682760182.jpg",1,101,292,387,99,488,391
"Morganza_all/030070@29.5801704546165,-90.7498181737409.jpg",1,18,246,462,141,480,387
"Morganza_all/030071@29.5801077414884,-90.749592590794.jpg",2,0,259,464,127,464,386
"Morganza_all/030072@29.5797811505798,-90.7497145150468.jpg",1,72,283,372,106,444,389
"Morganza_all/030073@29.5797863671283,-90.7495026627318.jpg",1,134,293,279,101,413,394
"Morganza_all/030074@29.5800697886747,-90.7493880365819.jpg",1,100,248,308,133,408,381
"Morganza_all/030075@29.5796743915417,-90.7493056193819.jpg",1,126,296,323,105,449,401
"Morganza_all/030076@29.5795372770246,-90.7490027652126.jpg",1,75,226,432,182,507,408
"Morganza_all/030077@29.5799372287571,-90.7487250598676.jpg",4,266,257,122,85,388,342
"Morganza_all/030078@29.5803187401939,-90.7484686328503.jpg",1,228,254,269,85,497,339
"Morganza_all/030079@29.580564962487,-90.7483189217329.jpg",1,242,227,284,131,526,358
"Morganza_all/030080@29.5807865536318,-90.7481834481177.jpg",1,193,229,343,130,536,359
"Morganza_all/030081@29.581008270903,-90.7480762562846.jpg",1,170,287,281,119,451,406
"Morganza_all/030082@29.5811887729654,-90.7484141276989.jpg",1,102,281,356,130,458,411
"Morganza_all/030083@29.581034823968,-90.7484927030872.jpg",3,158,207,373,202,531,409
"Morganza_all/030084@29.5808316130224,-90.7485997859855.jpg",1,118,279,353,119,471,398
"Morganza_all/030085@29.5806779158889,-90.7487348624665.jpg",1,121,277,465,118,586,395
"Morganza_all/030086@29.58048683132,-90.7487924493136.jpg",1,47,250,396,141,443,391
"Morganza_all/030087@29.5803143125897,-90.7488570376568.jpg",5,303,250,125,82,428,332
"Morganza_all/030088@29.5801485199465,-90.7490486549788.jpg",5,183,222,257,152,440,374
"Morganza_all/030089@29.5810187102957,-90.7490294528855.jpg",2,0,236,521,169,521,405
"Morganza_all/030090@29.5813697464629,-90.7488579259425.jpg",3,106,235,368,173,474,408
"Morganza_all/030091@29.5815564691724,-90.7492098895998.jpg",3,190,256,388,145,578,401
"Morganza_all/030092@29.5811123093991,-90.7492619046182.jpg",1,5,234,485,168,490,402
"Morganza_all/030093@29.5812427250518,-90.7494377016522.jpg",2,0,218,618,218,618,436
"Morganza_all/030094@29.5813925938583,-90.749832226837.jpg",1,68,231,522,177,590,408
"Morganza_all/030095@29.5817431241501,-90.749540681791.jpg",2,0,261,519,138,519,399
"Morganza_all/030096@29.5819239053951,-90.7499421392132.jpg",3,126,228,363,173,489,401
"Morganza_all/030097@29.5814858735601,-90.7499870368057.jpg",1,50,264,363,136,413,400
"Morganza_all/030098@29.5815978482576,-90.7501841159411.jpg",2,0,251,486,170,486,421
"Morganza_all/030099@29.5816788432767,-90.750353092519.jpg",3,33,255,476,156,509,411
"Morganza_all/030100@29.5820235330749,-90.7501392595924.jpg",2,0,177,580,262,580,439
"Morganza_all/030101@29.5821976543172,-90.7504348287248.jpg",2,0,210,638,220,638,430
"Morganza_all/030102@29.5823598947024,-90.7508293186559.jpg",1,61,290,427,88,488,378
"Morganza_all/030103@29.5818529640384,-90.750648661006.jpg",3,85,255,439,174,524,429
"Morganza_all/030104@29.5819650005032,-90.7508598672008.jpg",2,196,264,441,142,637,406
"Morganza_all/030105@29.5820645640612,-90.7510428629621.jpg",2,189,251,452,161,641,412
"Morganza_all/030106@29.5821516826089,-90.751197710898.jpg",1,213,203,383,170,596,373
"Morganza_all/030107@29.5825834647588,-90.7511386971203.jpg",1,61,237,391,133,452,370
"Morganza_all/030108@29.5827023810024,-90.7515122679915.jpg",3,55,255,579,145,634,400
"Morganza_all/030109@29.5825111974868,-90.7515416306545.jpg",2,123,256,517,135,640,391
"Morganza_all/030110@29.5822393062373,-90.7514725799826.jpg",2,0,254,639,129,639,383
"Morganza_all/030111@29.5814147861234,-90.7478831971786.jpg",1,95,284,528,118,623,402
"Morganza_all/030112@29.5815273313367,-90.7482073721681.jpg",2,170,193,470,208,640,401
"Morganza_all/030113@29.5817057259122,-90.7480792281085.jpg",3,211,280,370,112,581,392
"Morganza_all/030114@29.5815931174257,-90.7477409586026.jpg",1,141,262,402,113,543,375
"Morganza_all/030115@29.5818207689598,-90.7475771949853.jpg",1,151,237,318,133,469,370
"Morganza_all/030116@29.5819152181871,-90.7479932797125.jpg",3,171,246,440,149,611,395
"Morganza_all/030117@29.5820875788558,-90.747893390547.jpg",3,48,268,564,137,612,405
"Morganza_all/030118@29.5820608345009,-90.7474345626995.jpg",5,180,250,358,151,538,401
"Morganza_all/030119@29.5822540006104,-90.7478429925053.jpg",1,21,260,447,132,468,392
"Morganza_all/030120@29.5824442961785,-90.7476088792321.jpg",1,177,273,457,93,634,366
"Morganza_all/030121@29.5822948980955,-90.7473272956056.jpg",3,97,227,527,153,624,380
"Morganza_all/030122@29.582745054857,-90.7472328580749.jpg",1,99,211,359,145,458,356
"Morganza_all/030123@29.5817448779659,-90.7485521079769.jpg",2,89,282,550,139,639,421
"Morganza_all/030124@29.5821206704172,-90.748394559517.jpg",2,0,268,441,126,441,394
"Morganza_all/030125@29.5822080125522,-90.748598829212.jpg",3,95,262,501,128,596,390
"Morganza_all/030126@29.5818449486259,-90.7488481056757.jpg",3,206,223,392,157,598,380
"Morganza_all/030127@29.5819569563029,-90.7490521998517.jpg",3,149,191,445,181,594,372
"Morganza_all/030128@29.5823570970709,-90.7488168649495.jpg",2,0,256,572,139,572,395
"Morganza_all/030129@29.5824753551159,-90.7490350811674.jpg",1,13,268,440,130,453,398
"Morganza_all/030130@29.5821058473609,-90.7492208116301.jpg",3,57,271,481,123,538,394
"Morganza_all/030131@29.5822551155575,-90.7494741462743.jpg",1,131,262,418,116,549,378
"Morganza_all/030132@29.582606341079,-90.7493449958334.jpg",1,79,269,324,125,403,394
"Morganza_all/030133@29.5827058439838,-90.7495138970198.jpg",1,23,275,524,115,547,390
"Morganza_all/030134@29.5823179232852,-90.7497209381833.jpg",1,68,250,528,137,596,387
"Morganza_all/030135@29.5824854457385,-90.7499176636386.jpg",1,64,254,391,117,455,371
"Morganza_all/030136@29.5827996269938,-90.7497816829769.jpg",3,66,264,511,139,577,403
"Morganza_all/030137@29.5829610249891,-90.7499925712539.jpg",1,33,271,478,120,511,391
"Morganza_all/030138@29.582548342966,-90.7501785819125.jpg",1,99,260,450,125,549,385
"Morganza_all/030139@29.5827158333943,-90.7503682614645.jpg",2,0,212,419,164,419,376
"Morganza_all/030140@29.583054650019,-90.7502250596948.jpg",1,30,265,413,142,443,407
"Morganza_all/030141@29.5831851583798,-90.7504220028552.jpg",1,43,267,401,130,444,397
"Morganza_all/030142@29.5828033331865,-90.7506148799406.jpg",1,19,270,508,131,527,401
"Morganza_all/030143@29.5824591656992,-90.7481736763309.jpg",3,49,272,535,177,584,449
"Morganza_all/030144@29.5828162303454,-90.7479668092042.jpg",3,44,269,530,151,574,420
"Morganza_all/030145@29.5829285231801,-90.7482344858966.jpg",1,19,269,568,137,587,406
"Morganza_all/030146@29.5825588592067,-90.7483849531444.jpg",1,249,282,359,123,608,405
"Morganza_all/030147@29.5826649284654,-90.7486385398807.jpg",3,54,266,415,128,469,394
"Morganza_all/030148@29.5830036486038,-90.7484741279886.jpg",1,130,284,436,113,566,397
"Morganza_all/030149@29.5831156255716,-90.7486712084191.jpg",1,180,271,334,130,514,401
"Morganza_all/030150@29.5827830647688,-90.7488355524216.jpg",1,104,255,491,144,595,399
"Morganza_all/030151@29.5829200497164,-90.749103085958.jpg",1,104,266,420,140,524,406
"Morganza_all/030152@29.5832709601612,-90.7489033359166.jpg",1,127,268,501,145,628,413
"Morganza_all/030153@29.5834140731486,-90.7491637562922.jpg",5,92,274,434,130,526,404
"Morganza_all/030154@29.5830382482505,-90.7493142252964.jpg",1,84,274,548,133,632,407
"Morganza_all/030155@29.5831628538968,-90.7495747849784.jpg",1,151,251,416,157,567,408
"Morganza_all/030156@29.5835136667096,-90.7493467843153.jpg",1,100,259,491,148,591,407
"Morganza_all/030157@29.5836319906513,-90.7495861768562.jpg",1,92,264,542,142,634,406
"Morganza_all/030158@29.5832686379772,-90.7497648242212.jpg",1,91,253,550,161,641,414
"Morganza_all/030159@29.5833805186439,-90.749940702191.jpg",1,25,265,472,158,497,423
"Morganza_all/030160@29.5837626924655,-90.7498325452254.jpg",1,162,259,447,152,609,411
"Morganza_all/030161@29.5838377797574,-90.7500580959514.jpg",2,129,206,511,208,640,414
"Morganza_all/030162@29.5835299777852,-90.7502434659241.jpg",2,106,271,535,140,641,411
"Morganza_all/030163@29.5830865821872,-90.7476968957457.jpg",3,179,213,399,181,578,394
"Morganza_all/030164@29.5831799905763,-90.7478799578779.jpg",3,162,257,398,148,560,405
"Morganza_all/030165@29.5832734616318,-90.7480771146712.jpg",1,114,231,452,165,566,396
"Morganza_all/030166@29.5834038828188,-90.7482599612855.jpg",1,72,254,440,145,512,399
"Morganza_all/030167@29.5835035760446,-90.7484712087171.jpg",1,65,259,439,151,504,410
"Morganza_all/030168@29.5836032375013,-90.748675409386.jpg",3,96,261,462,132,558,393
"Morganza_all/030169@29.5836966129636,-90.7488513947246.jpg",1,55,274,421,117,476,391
"Morganza_all/030170@29.5838024610486,-90.7490555600715.jpg",1,52,267,456,131,508,398
"Morganza_all/030171@29.583902090197,-90.7492527147268.jpg",1,0,261,475,142,475,403
"Morganza_all/030172@29.5839893405783,-90.7494428630815.jpg",1,110,250,438,156,548,406
"Morganza_all/030173@29.5841136315133,-90.7496327958989.jpg",1,0,285,542,123,542,408
"Morganza_all/030174@29.584213385396,-90.7498581721079.jpg",3,40,284,478,103,518,387
"Morganza_all/030175@29.5844741557214,-90.7502026690659.jpg",1,72,250,473,153,545,403
"Morganza_all/030176@29.5842524682106,-90.7503169385915.jpg",1,99,210,449,166,548,376
"Morganza_all/030177@29.5840677939312,-90.7504309921979.jpg",2,0,271,484,114,484,385
"Morganza_all/030178@29.583864671852,-90.7505522315721.jpg",2,0,266,484,111,484,377
"Morganza_all/030179@29.5836613651306,-90.7506381402927.jpg",1,65,275,404,99,469,374
"Morganza_all/030180@29.5834890061961,-90.7507450736402.jpg",2,0,269,474,112,474,381
"Morganza_all/030181@29.5833167059837,-90.7508590536235.jpg",3,91,228,406,156,497,384
"Morganza_all/030182@29.583144189916,-90.750930656083.jpg",1,53,247,486,151,539,398
"Morganza_all/030183@29.582996646171,-90.751058617535.jpg",2,177,265,460,136,637,401
"Morganza_all/030184@29.5831456953066,-90.7512696114986.jpg",1,147,261,349,128,496,389
"Morganza_all/030185@29.583251665016,-90.7515020298368.jpg",1,171,235,349,144,520,379
"Morganza_all/030186@29.5833760469071,-90.7517131367758.jpg",3,80,273,421,101,501,374
"Morganza_all/030187@29.5834880815132,-90.7519243159125.jpg",3,151,250,392,127,543,377
"Morganza_all/030188@29.5836249349148,-90.7521636038916.jpg",1,171,268,402,111,573,379
"Morganza_all/030189@29.5836815778543,-90.7524104365893.jpg",1,162,243,381,137,543,380
"Morganza_all/030190@29.5838183365819,-90.7526285526354.jpg",1,96,246,463,127,559,373
"Morganza_all/030191@29.5839428454561,-90.7528749612909.jpg",1,112,217,465,163,577,380
"Morganza_all/030192@29.5841918545972,-90.7533537171299.jpg",3,104,271,363,123,467,394
"Morganza_all/030193@29.5843578097277,-90.7531973983092.jpg",5,148,306,309,86,457,392
"Morganza_all/030194@29.5845422676437,-90.7530339243356.jpg",2,0,246,500,147,500,393
"Morganza_all/030196@29.5849484187992,-90.7527632327838.jpg",1,52,281,359,102,411,383
"Morganza_all/030197@29.5851144357956,-90.7526210378467.jpg",2,0,293,498,99,498,392
"Morganza_all/030198@29.5855207387915,-90.7523785951144.jpg",1,181,257,232,109,413,366
"Morganza_all/030200@29.5853024545448,-90.7518714355569.jpg",1,60,265,363,100,423,365
"Morganza_all/030201@29.5852027039862,-90.751646023431.jpg",1,72,261,295,117,367,378
"Morganza_all/030202@29.5850229311702,-90.7514705347937.jpg",3,29,259,419,122,448,381
"Morganza_all/030203@29.5849231800613,-90.7512451551572.jpg",2,0,272,375,120,375,392
"Morganza_all/030204@29.5848234285648,-90.7510197759697.jpg",4,304,286,103,86,407,372
"Morganza_all/030205@29.5847174265495,-90.7507802757712.jpg",4,273,304,87,89,360,393
"Morganza_all/030206@29.5845743481071,-90.7505268969492.jpg",2,0,237,330,147,330,384
"Morganza_all/030207@29.5841801445097,-90.7507128009076.jpg",1,266,239,372,123,638,362
"Morganza_all/030209@29.5844104352572,-90.7511422035424.jpg",4,246,292,96,81,342,373
"Morganza_all/030211@29.584634412141,-90.7515434236028.jpg",2,249,262,392,142,641,404
"Morganza_all/030213@29.5848522630792,-90.7519587759176.jpg",2,219,268,421,140,640,408
"Morganza_all/030214@29.5849830193076,-90.7522122289675.jpg",3,142,282,454,119,596,401
"Morganza_all/030215@29.5846445798341,-90.752447230047.jpg",1,93,248,546,157,639,405
"Morganza_all/030219@29.5842395803421,-90.7515880644838.jpg",2,0,282,353,136,353,418
"Morganza_all/030220@29.5840845327535,-90.7514195128432.jpg",2,0,271,396,124,396,395
"Morganza_all/030223@29.5834969500881,-90.7511404660457.jpg",1,184,258,340,120,524,378
"Morganza_all/030226@29.5838391528495,-90.7517598735481.jpg",4,259,278,92,100,351,378
"Morganza_all/030227@29.5839760691887,-90.7520132880232.jpg",2,232,248,407,149,639,397
"Morganza_all/030228@29.5840880720716,-90.7522174215422.jpg",2,225,281,416,112,641,393
"Morganza_all/030229@29.584169252251,-90.7524287816936.jpg",1,214,283,401,127,615,410
"Morganza_all/030230@29.5842999488608,-90.7526751865545.jpg",2,164,257,477,146,641,403
"Morganza_all/030231@29.5806331483909,-90.7476078301786.jpg",2,106,215,532,209,638,424
"Morganza_all/030232@29.5806090042369,-90.7471526432668.jpg",2,294,259,345,180,639,439
"Morganza_all/030233@29.5804399919382,-90.7472632406623.jpg",2,300,255,337,156,637,411
"Morganza_all/030234@29.5801028061668,-90.7476783825484.jpg",1,62,216,390,137,452,353
"Morganza_all/030235@29.5795205474139,-90.7476817870749.jpg",3,98,291,323,82,421,373
"Morganza_all/030236@29.5792845398756,-90.747649441793.jpg",3,123,281,302,91,425,372
"Morganza_all/030237@29.5790778603147,-90.7475832000012.jpg",1,172,277,231,86,403,363
"Morganza_all/030238@29.5790757873757,-90.7471194596992.jpg",2,0,258,469,140,469,398
"Morganza_all/030239@29.5792897991405,-90.7471772263176.jpg",1,3,266,559,148,562,414
"Morganza_all/030240@29.5795700248013,-90.7472093117342.jpg",2,0,276,380,119,380,395
"Morganza_all/030241@29.5797615607665,-90.747191328208.jpg",2,0,256,429,141,429,397
"Morganza_all/030242@29.5799603053945,-90.7471311456028.jpg",3,59,283,327,115,386,398
"Morganza_all/030243@29.5801146057474,-90.7470206346328.jpg",2,0,281,403,117,403,398
"Morganza_all/030244@29.5803059907005,-90.7469688944956.jpg",2,0,275,408,126,408,401
"Morganza_all/030245@29.5804825130721,-90.7468835470025.jpg",2,179,227,460,216,639,443
"Morganza_all/030246@29.5808351149625,-90.746620076421.jpg",2,0,209,640,209,640,418
"Morganza_all/030247@29.5812321609616,-90.7464069638148.jpg",1,0,263,528,150,528,413
"Morganza_all/030248@29.5819255685654,-90.7465378049776.jpg",2,0,243,641,99,641,342
"Morganza_all/030249@29.5810829927267,-90.7460115278594.jpg",2,209,257,431,161,640,418
"Morganza_all/030250@29.5808771055584,-90.7461223438964.jpg",1,90,263,538,145,628,408
"Morganza_all/030251@29.5807154637971,-90.7462329001284.jpg",2,224,268,417,126,641,394
"Morganza_all/030252@29.5802960174847,-90.7463871552875.jpg",2,93,234,543,222,636,456
"Morganza_all/030253@29.5801345264622,-90.746531435085.jpg",2,250,266,391,135,641,401
"Morganza_all/030254@29.5799729701913,-90.7466673148928.jpg",4,228,293,162,88,390,381
"Morganza_all/030255@29.5797962113636,-90.7466936442604.jpg",2,266,245,373,158,639,403
"Morganza_all/030256@29.5796342775474,-90.7467451807223.jpg",2,286,198,355,234,641,432
"Morganza_all/030257@29.579457480978,-90.7467630787617.jpg",5,206,269,433,146,639,415
"Morganza_all/030258@29.5792658043972,-90.7467557699567.jpg",2,199,268,440,160,639,428
"Morganza_all/030259@29.5882892878228,-90.7513831576721.jpg",3,95,237,489,174,584,411
"Morganza_all/030260@29.5882070370988,-90.7511973752253.jpg",1,81,219,404,180,485,399
"Morganza_all/030261@29.5881397858032,-90.7510453599298.jpg",1,190,246,303,131,493,377
"Morganza_all/030262@29.5879682521048,-90.750750040322.jpg",2,203,200,415,191,618,391
"Morganza_all/030263@29.5877741395255,-90.7503616918767.jpg",2,0,241,509,164,509,405
"Morganza_all/030264@29.5874495329292,-90.7505837256001.jpg",1,73,252,550,146,623,398
"Morganza_all/030265@29.5871467788472,-90.7507294284394.jpg",1,103,275,355,105,458,380
"Morganza_all/030266@29.5869993071474,-90.7508488056153.jpg",1,94,273,355,128,449,401
"Morganza_all/030267@29.5867999148896,-90.7509430941356.jpg",1,153,274,328,118,481,392
"Morganza_all/030268@29.5865933886522,-90.7510966989081.jpg",1,75,286,356,116,431,402
"Morganza_all/030269@29.5864386321821,-90.751241507335.jpg",1,78,285,329,105,407,390
"Morganza_all/030270@29.5862912352899,-90.7513778406547.jpg",1,56,230,423,171,479,401
"Morganza_all/030271@29.5860749432962,-90.7509981212691.jpg",1,110,249,315,157,425,406
"Morganza_all/030273@29.5864142972226,-90.7507590794231.jpg",3,111,276,437,125,548,401
"Morganza_all/030274@29.5865989051324,-90.7506733402942.jpg",1,162,286,329,98,491,384
"Morganza_all/030276@29.5869230124044,-90.7503327924204.jpg",1,135,283,247,89,382,372
"Morganza_all/030277@29.5868332877272,-90.7501301300723.jpg",1,77,251,376,122,453,373
"Morganza_all/030278@29.5865816639345,-90.7501231319032.jpg",1,153,241,432,142,585,383
"Morganza_all/030279@29.5864194360932,-90.7502510585799.jpg",1,125,259,422,135,547,394
"Morganza_all/030280@29.5862720402311,-90.7503873933311.jpg",3,179,264,410,121,589,385
"Morganza_all/030281@29.5860578539687,-90.7504817681809.jpg",1,150,261,392,123,542,384
"Morganza_all/030282@29.5858956257753,-90.7506096936078.jpg",1,8,246,410,166,418,412
"Morganza_all/030283@29.5856942663096,-90.7502552803563.jpg",4,191,250,236,146,427,396
"Morganza_all/030284@29.5858640419145,-90.7501611639532.jpg",2,202,245,437,158,639,403
"Morganza_all/030285@29.5860558205402,-90.7500245709354.jpg",2,174,216,466,180,640,396
"Morganza_all/030286@29.5862476266614,-90.7498880086958.jpg",1,26,217,601,190,627,407
"Morganza_all/030287@29.5863952858413,-90.749810946743.jpg",2,184,271,455,139,639,410
"Morganza_all/030288@29.5866017077155,-90.7496404134517.jpg",1,186,260,383,150,569,410
"Morganza_all/030289@29.5868229135059,-90.7494613298672.jpg",2,134,273,505,145,639,418
"Morganza_all/030290@29.5869051015141,-90.7496386452896.jpg",2,229,241,412,134,641,375
"Morganza_all/030291@29.5870168677758,-90.7498073252526.jpg",1,262,261,300,137,562,398
"Morganza_all/030292@29.5871510890538,-90.7500351502831.jpg",1,120,261,460,143,580,404
"Morganza_all/030293@29.5872260296875,-90.7502463627005.jpg",3,218,266,409,136,627,402
"Morganza_all/030294@29.5873674315911,-90.7504317982906.jpg",2,0,249,508,160,508,409
"Morganza_all/030295@29.5867175907318,-90.7490725018367.jpg",2,0,172,444,255,444,427
"Morganza_all/030296@29.5865554770393,-90.7492258198739.jpg",1,173,219,425,173,598,392
"Morganza_all/030297@29.5863339699893,-90.7493371983561.jpg",1,51,268,453,123,504,391
"Morganza_all/030298@29.5861568355052,-90.749439822851.jpg",3,46,262,472,123,518,385
"Morganza_all/030299@29.5860093272904,-90.7495507376302.jpg",3,151,288,346,101,497,389
"Morganza_all/030300@29.5857952923437,-90.7496789664121.jpg",3,76,292,426,100,502,392
"Morganza_all/030301@29.5855816718799,-90.7499003514444.jpg",2,0,267,552,148,552,415
"Morganza_all/030302@29.5854401663678,-90.7496979939358.jpg",1,34,266,323,132,357,398
"Morganza_all/030303@29.5853357492502,-90.7495123473547.jpg",2,0,275,371,117,371,392
"Morganza_all/030304@29.5852388798326,-90.7493605102299.jpg",3,13,270,479,116,492,386
"Morganza_all/030305@29.5851565027497,-90.7491408513071.jpg",2,0,273,411,131,411,404
"Morganza_all/030306@29.5850520573437,-90.7489552059931.jpg",1,29,273,508,122,537,395
"Morganza_all/030307@29.5849475636995,-90.7487526348545.jpg",1,114,274,369,151,483,425
"Morganza_all/030308@29.5852354835226,-90.748598552561.jpg",1,121,294,430,90,551,384
"Morganza_all/030309@29.5854274116838,-90.7484958411339.jpg",3,99,282,392,108,491,390
"Morganza_all/030310@29.585582089457,-90.7483340723072.jpg",1,57,235,466,155,523,390
"Morganza_all/030311@29.5857740449081,-90.7482313598572.jpg",1,110,275,369,129,479,404
"Morganza_all/030312@29.585936535223,-90.7481626724961.jpg",1,105,286,455,121,560,407
"Morganza_all/030313@29.5861432093039,-90.748042946648.jpg",2,64,261,577,137,641,398
"Morganza_all/030314@29.5862998895139,-90.7483298796713.jpg",2,39,267,597,152,636,419
"Morganza_all/030315@29.5861448340385,-90.7484069869353.jpg",3,117,306,427,98,544,404
"Morganza_all/030316@29.5859532560954,-90.7485943619957.jpg",3,5,295,483,128,488,423
"Morganza_all/030317@29.5857983136886,-90.7486968578759.jpg",3,147,253,395,151,542,404
"Morganza_all/030318@29.5856061314568,-90.7487487909707.jpg",3,183,301,289,81,472,382
"Morganza_all/030319@29.5854521323134,-90.7490629258873.jpg",3,72,276,331,108,403,384
"Morganza_all/030320@29.5855715228553,-90.7492823695534.jpg",1,91,243,414,139,505,382
"Morganza_all/030321@29.5858011060079,-90.7493233473388.jpg",2,156,251,485,108,641,359
"Morganza_all/030322@29.5859482367864,-90.7491277698902.jpg",2,254,179,387,236,641,415
"Morganza_all/030323@29.5861773672792,-90.7490671584572.jpg",3,208,248,403,131,611,379
"Morganza_all/030324@29.5863617100117,-90.7489221743961.jpg",1,103,224,434,165,537,389
"Morganza_all/030325@29.586523785473,-90.7487603615435.jpg",2,0,228,540,171,540,399
"Morganza_all/030326@29.5864382710415,-90.7478380070269.jpg",3,0,267,546,135,546,402
"Morganza_all/030327@29.5866005240268,-90.7477100762568.jpg",3,121,252,320,128,441,380
"Morganza_all/030328@29.5867849029298,-90.7475735208041.jpg",5,226,282,236,97,462,379
"Morganza_all/030329@29.5869915764682,-90.747453792726.jpg",2,0,264,465,120,465,384
"Morganza_all/030330@29.5871613878833,-90.7473681335671.jpg",1,18,261,450,120,468,381
"Morganza_all/030331@29.5873384450732,-90.7472485779246.jpg",1,135,288,326,111,461,399
"Morganza_all/030332@29.5875668932278,-90.7470355599924.jpg",2,0,255,451,146,451,401
"Morganza_all/030333@29.5876936464873,-90.7472464993313.jpg",3,127,283,342,123,469,406
"Morganza_all/030334@29.5878056152585,-90.7474659577136.jpg",1,34,287,362,112,396,399
"Morganza_all/030335@29.5878728982037,-90.7476179699375.jpg",3,135,287,422,120,557,407
"Morganza_all/030336@29.5880218040827,-90.7478202861773.jpg",2,0,274,406,141,406,415
"Morganza_all/030337@29.5881561799373,-90.7480819640168.jpg",2,0,247,401,176,401,423
"Morganza_all/030338@29.5880160322703,-90.7481843765076.jpg",3,244,273,299,123,543,396
"Morganza_all/030339@29.5877946771765,-90.7483296119816.jpg",1,122,290,316,122,438,412
"Morganza_all/030340@29.5876544915564,-90.7484235605019.jpg",1,178,292,347,114,525,406
"Morganza_all/030341@29.5875070220985,-90.74854297314.jpg",1,152,292,362,116,514,408
"Morganza_all/030342@29.587330001472,-90.7486709899224.jpg",1,158,285,354,106,512,391
"Morganza_all/030343@29.58718264499,-90.7488157914529.jpg",1,172,284,399,114,571,398
"Morganza_all/030344@29.5868187248231,-90.748521570362.jpg",2,0,279,389,132,389,411
"Morganza_all/030346@29.5871285337417,-90.748299649234.jpg",1,5,272,410,137,415,409
"Morganza_all/030349@29.5876665545652,-90.7478054360715.jpg",2,334,261,302,102,636,363
"Morganza_all/030350@29.587562069464,-90.7476113242514.jpg",1,97,261,403,95,500,356
"Morganza_all/030351@29.5873031618086,-90.7476297652931.jpg",1,289,245,351,120,640,365
"Morganza_all/030354@29.5867944176383,-90.7480476044617.jpg",2,241,243,398,160,639,403
"Morganza_all/030355@29.5865727981205,-90.7481335648655.jpg",1,35,276,460,125,495,401
"Morganza_all/030356@29.5883578371959,-90.7484956561082.jpg",3,68,273,493,118,561,391
"Morganza_all/030357@29.5882028571282,-90.7485896913012.jpg",3,99,241,434,149,533,390
"Morganza_all/030358@29.5880551986729,-90.7486667564454.jpg",1,38,252,448,143,486,395
"Morganza_all/030359@29.5879003316894,-90.748786180915.jpg",1,92,256,401,128,493,384
"Morganza_all/030360@29.5877527864461,-90.7488886667869.jpg",1,50,257,454,141,504,398
"Morganza_all/030361@29.5876200730347,-90.7489994978293.jpg",1,97,265,382,136,479,401
"Morganza_all/030362@29.5885147052169,-90.7488249442821.jpg",1,141,292,423,123,564,415
"Morganza_all/030363@29.5883449785363,-90.7489359922273.jpg",1,116,261,423,132,539,393
"Morganza_all/030366@29.5876518493241,-90.7494903512539.jpg",1,85,255,291,119,376,374
"Morganza_all/030367@29.5877713144939,-90.7497267267785.jpg",2,260,232,375,139,635,371
"Morganza_all/030368@29.5879933496372,-90.7497338964503.jpg",4,289,242,83,96,372,338
"Morganza_all/030371@29.5887087467879,-90.7491963344709.jpg",1,85,243,463,144,548,387
"Morganza_all/030372@29.5889028526292,-90.749576220761.jpg",1,88,277,400,162,488,439
"Morganza_all/030373@29.5887331629907,-90.7496957312093.jpg",1,74,289,358,109,432,398
"Morganza_all/030374@29.5885634254026,-90.7497983144292.jpg",1,143,286,333,110,476,396
"Morganza_all/030375@29.5883788557385,-90.7498925201687.jpg",1,90,291,349,125,439,416
"Morganza_all/030376@29.5882611995355,-90.7500625390107.jpg",1,145,262,350,146,495,408
"Morganza_all/030377@29.5880619859309,-90.7501906832816.jpg",3,120,289,418,99,538,388
"Morganza_all/030378@29.5873712400931,-90.7496190017384.jpg",1,47,282,446,132,493,414
"Morganza_all/030379@29.5874460307211,-90.74979636136.jpg",1,0,263,421,155,421,418
"Morganza_all/030380@29.5875801490662,-90.7500072295531.jpg",3,103,285,345,114,448,399
"Morganza_all/030381@29.5876622610435,-90.750167620253.jpg",2,0,285,403,116,403,401
"Morganza_all/030382@29.5881305556588,-90.7506390390657.jpg",3,135,242,403,140,538,382
"Morganza_all/030383@29.5882854516881,-90.7505195855645.jpg",1,168,260,460,110,628,370
"Morganza_all/030384@29.5884476797836,-90.7503916569392.jpg",2,163,247,466,144,629,391
"Morganza_all/030385@29.5886026987802,-90.7503060876398.jpg",2,219,250,419,136,638,386
"Morganza_all/030386@29.5887721731059,-90.7501442303323.jpg",2,152,258,453,139,605,397
"Morganza_all/030387@29.5889642154209,-90.7500669083369.jpg",1,133,254,443,126,576,380
"Morganza_all/030388@29.5891117240612,-90.7499559910456.jpg",5,285,282,154,102,439,384
"Morganza_all/030389@29.5886972724869,-90.7482820219841.jpg",1,168,219,371,157,539,376
"Morganza_all/030390@29.5887868592513,-90.7484592965589.jpg",5,312,278,101,94,413,372
"Morganza_all/030391@29.5888913430937,-90.7486534116375.jpg",1,130,222,353,169,483,391
"Morganza_all/030392@29.5889439537625,-90.7488393662666.jpg",1,40,242,457,130,497,372
"Morganza_all/030393@29.5890779879834,-90.7490248460472.jpg",1,200,237,342,160,542,397
"Morganza_all/030394@29.5891676491581,-90.7492190487252.jpg",1,30,231,467,161,497,392
"Morganza_all/030395@29.5892794536494,-90.7493961954225.jpg",1,69,236,394,163,463,399
"Morganza_all/030396@29.5893765869446,-90.7496073139714.jpg",3,74,247,362,143,436,390
"Morganza_all/030397@29.5894441310977,-90.7498185738603.jpg",3,207,232,252,141,459,373
"Morganza_all/030398@29.5890584727212,-90.7479666331714.jpg",1,160,199,344,211,504,410
"Morganza_all/030399@29.5891701380737,-90.7481183882914.jpg",1,89,188,369,209,458,397
"Morganza_all/030400@29.5892300608633,-90.7482789096245.jpg",1,148,232,377,151,525,383
"Morganza_all/030401@29.5893048155437,-90.7484478081433.jpg",1,180,261,316,128,496,389
"Morganza_all/030402@29.5894016858679,-90.7485996190871.jpg",1,178,268,291,128,469,396
"Morganza_all/030403@29.5894689674959,-90.7487516344951.jpg",3,210,250,339,154,549,404
"Morganza_all/030404@29.5895362866749,-90.7489121135208.jpg",1,186,247,335,141,521,388
"Morganza_all/030405@29.5896406291998,-90.7490808404177.jpg",1,150,229,342,160,492,389
"Morganza_all/030406@29.5897005508103,-90.7492413630807.jpg",1,245,221,328,164,573,385
"Morganza_all/030407@29.5898123175751,-90.7494100473085.jpg",3,182,228,343,159,525,387
"Morganza_all/030408@29.5898870707972,-90.7495789476535.jpg",1,146,227,375,165,521,392
"Morganza_all/030409@29.5894273341448,-90.7477104741144.jpg",1,19,258,502,160,521,418
"Morganza_all/030410@29.5895095245156,-90.7478877927111.jpg",1,179,278,303,126,482,404
"Morganza_all/030412@29.5896737912235,-90.7482170405029.jpg",3,165,277,349,141,514,418
"Morganza_all/030413@29.5897483570302,-90.7483435911055.jpg",1,63,222,358,170,421,392
"Morganza_all/030414@29.5898231493789,-90.7485209539842.jpg",1,138,251,295,137,433,388
"Morganza_all/030415@29.5899200197575,-90.748672797247.jpg",1,137,242,298,162,435,404
"Morganza_all/030416@29.589987376764,-90.748841740394.jpg",1,70,258,371,153,441,411
"Morganza_all/030417@29.5900471855004,-90.7489768730998.jpg",1,47,264,312,142,359,406
"Morganza_all/030418@29.590136695898,-90.7491372237569.jpg",1,80,240,281,168,361,408
"Morganza_all/030419@29.5902336408263,-90.7493059635735.jpg",1,62,274,355,146,417,420
"Morganza_all/030420@29.5903606543671,-90.7495761872488.jpg",1,85,234,412,165,497,399
"Morganza_all/030421@29.5900957915733,-90.7499248678314.jpg",5,292,233,194,142,486,375
"Morganza_all/030422@29.5902002732421,-90.7501189869759.jpg",1,117,231,312,142,429,373
"Morganza_all/030423@29.5903121995622,-90.7503299905826.jpg",1,135,226,351,184,486,410
"Morganza_all/030424@29.5904241531809,-90.7505410259637.jpg",1,46,245,419,141,465,386
"Morganza_all/030425@29.5904989801658,-90.7507268551757.jpg",5,107,230,336,145,443,375
"Morganza_all/030426@29.5906035835326,-90.7509548301159.jpg",3,80,237,444,137,524,374
"Morganza_all/030427@29.5907005638441,-90.7511320674541.jpg",3,210,246,429,150,639,396
"Morganza_all/030428@29.5908944761234,-90.7514696159421.jpg",1,228,219,367,153,595,372
"Morganza_all/030429@29.5911182015669,-90.7518578066813.jpg",1,92,248,364,164,456,412
"Morganza_all/030430@29.5911708076876,-90.7520437671284.jpg",3,194,251,317,153,511,404
"Morganza_all/030431@29.5912678890502,-90.7522379334874.jpg",1,142,278,278,129,420,407
"Morganza_all/030432@29.5913796619573,-90.7524150874292.jpg",1,173,253,278,122,451,375
"Morganza_all/030433@29.5914766777819,-90.7526007911337.jpg",1,100,223,350,183,450,406
"Morganza_all/030434@29.5915663238153,-90.7527865693816.jpg",3,82,233,470,161,552,394
"Morganza_all/030435@29.5916780583751,-90.7529552294044.jpg",1,194,254,419,150,613,404
"Morganza_all/030436@29.5917529944347,-90.7531664850171.jpg",1,134,245,390,170,524,415
"Morganza_all/030437@29.5918796627977,-90.7533604822426.jpg",1,165,238,366,156,531,394
"Morganza_all/030438@29.5919618080926,-90.7535293461976.jpg",1,123,230,379,171,502,401
"Morganza_all/030439@29.5920736166699,-90.7537149664378.jpg",1,128,231,473,187,601,418
"Morganza_all/030440@29.59217832718,-90.7539683704625.jpg",3,172,224,300,174,472,398
"Morganza_all/030441@29.5922455651867,-90.7541119300474.jpg",1,178,234,367,179,545,413
"Morganza_all/030442@29.5923426808622,-90.7543145641475.jpg",1,134,251,384,151,518,402
"Morganza_all/030443@29.5924100030957,-90.7544835153345.jpg",3,211,267,373,144,584,411
"Morganza_all/030444@29.5925441788752,-90.7547028952307.jpg",1,0,215,625,213,625,428
"Morganza_all/030445@29.5926348399093,-90.7551256919342.jpg",1,119,255,371,151,490,406
"Morganza_all/030446@29.5928416697815,-90.7550398586918.jpg",1,90,253,372,139,462,392
"Morganza_all/030447@29.593004163633,-90.7549711775302.jpg",2,215,230,421,151,636,381
"Morganza_all/030448@29.5931813672558,-90.7548770193671.jpg",1,139,246,316,141,455,387
"Morganza_all/030449@29.5933508845559,-90.7547236261329.jpg",1,99,173,366,221,465,394
"Morganza_all/030450@29.5935430416162,-90.7546717006465.jpg",1,57,235,424,152,481,387
"Morganza_all/030451@29.5937275674637,-90.7545605711587.jpg",1,81,220,298,165,379,385
"Morganza_all/030452@29.5939193881429,-90.7544324710903.jpg",1,2,34,637,416,639,450
"Morganza_all/030453@29.593688198381,-90.754027378997.jpg",3,139,261,409,137,548,398
"Morganza_all/030454@29.5935763528417,-90.7538332916588.jpg",3,151,242,321,155,472,397
"Morganza_all/030455@29.5934125869471,-90.753614081945.jpg",3,67,240,372,156,439,396
"Morganza_all/030456@29.5933527081301,-90.7534620144536.jpg",3,114,250,355,137,469,387
"Morganza_all/030457@29.5932481465786,-90.7532424943655.jpg",1,158,252,373,141,531,393
"Morganza_all/030458@29.5931287252276,-90.7530145654391.jpg",1,135,212,330,189,465,401
"Morganza_all/030459@29.5930315226153,-90.7527865397189.jpg",2,109,212,527,203,636,415
"Morganza_all/030460@29.5929260320696,-90.7523637979777.jpg",1,148,230,423,175,571,405
"Morganza_all/030461@29.5927119094187,-90.7524666383946.jpg",1,92,237,384,150,476,387
"Morganza_all/030462@29.5925716833604,-90.7525521220654.jpg",1,87,253,371,147,458,400
"Morganza_all/030463@29.5923871592096,-90.7526632539711.jpg",1,84,247,331,134,415,381
"Morganza_all/030464@29.5926700484757,-90.7530426464371.jpg",1,173,241,372,170,545,411
"Morganza_all/030465@29.5927597785851,-90.7532537870524.jpg",3,90,231,419,165,509,396
"Morganza_all/030466@29.5928271296835,-90.7534227380708.jpg",1,196,226,411,172,607,398
"Morganza_all/030467@29.5928946302596,-90.7536255441125.jpg",1,236,243,317,151,553,394
"Morganza_all/030468@29.5930582837698,-90.7538193301088.jpg",3,176,223,352,177,528,400
"Morganza_all/030469@29.5931775167372,-90.754004941219.jpg",1,175,209,447,182,622,391
"Morganza_all/030470@29.5932747919963,-90.7542498959169.jpg",1,54,216,453,183,507,399
"Morganza_all/030471@29.5929131655324,-90.7544721431717.jpg",2,0,238,478,147,478,385
"Morganza_all/030472@29.5928012832681,-90.7542695931473.jpg",1,66,228,427,156,493,384
"Morganza_all/030473@29.5926968076132,-90.7540754331677.jpg",1,96,230,397,161,493,391
"Morganza_all/030474@29.5926365926756,-90.7538471933913.jpg",1,48,238,345,159,393,397
"Morganza_all/030475@29.5925099525341,-90.7536531939248.jpg",1,132,241,291,145,423,386
"Morganza_all/030476@29.5924277699678,-90.7534758652845.jpg",1,172,262,335,140,507,402
"Morganza_all/030477@29.5923158959702,-90.7532817497007.jpg",2,112,265,521,146,633,411
"Morganza_all/030478@29.592180396008,-90.7527575866744.jpg",1,190,251,310,148,500,399
"Morganza_all/030479@29.5920479043013,-90.7529192307163.jpg",1,35,237,520,189,555,426
"Morganza_all/030480@29.5918610178572,-90.7524969650626.jpg",2,0,188,618,220,618,408
"Morganza_all/030482@29.5921632861142,-90.752241201967.jpg",1,63,255,365,153,428,408
"Morganza_all/030483@29.5923330530962,-90.7521386190406.jpg",3,29,257,506,133,535,390
"Morganza_all/030484@29.592510114612,-90.7520190656583.jpg",1,55,282,328,120,383,402
"Morganza_all/030485@29.5926723815474,-90.7518995662815.jpg",1,70,252,335,134,405,386
"Morganza_all/030486@29.5928568024668,-90.7517715054215.jpg",1,9,240,342,165,351,405
"Morganza_all/030487@29.5929969904667,-90.7516775567074.jpg",1,34,256,317,139,351,395
"Morganza_all/030488@29.5932781551964,-90.7516674597611.jpg",1,228,273,331,134,559,407
"Morganza_all/030489@29.5932032542872,-90.7514646657771.jpg",2,0,215,405,207,405,422
"Morganza_all/030490@29.5930316738912,-90.7511524029406.jpg",2,147,223,492,181,639,404
"Morganza_all/030491@29.5929495631305,-90.7509920028341.jpg",3,173,240,386,154,559,394
"Morganza_all/030492@29.5928674897762,-90.7508400666863.jpg",1,137,248,371,159,508,407
"Morganza_all/030493@29.5927779062407,-90.7506627827587.jpg",1,51,242,489,157,540,399
"Morganza_all/030494@29.5925715683783,-90.7508587156315.jpg",1,140,230,399,151,539,381
"Morganza_all/030495@29.5924314186985,-90.750961160215.jpg",1,110,237,398,156,508,393
"Morganza_all/030496@29.5922691900644,-90.7510890930066.jpg",1,151,227,350,161,501,388
"Morganza_all/030497@29.5920699481187,-90.751217271987.jpg",1,124,239,362,151,486,390
"Morganza_all/030498@29.5919222504209,-90.7512858411536.jpg",1,146,241,392,151,538,392
"Morganza_all/030499@29.5917747783726,-90.7514052546656.jpg",1,68,237,425,154,493,391
"Morganza_all/030500@29.5916051896944,-90.7515416924608.jpg",1,149,247,343,145,492,392
"Morganza_all/030501@29.5914056843061,-90.7516105932205.jpg",3,141,226,459,154,600,380
"Morganza_all/030502@29.5916222748448,-90.7520580743306.jpg",1,55,174,532,237,587,411
"Morganza_all/030503@29.5917919666236,-90.7519385644374.jpg",1,209,248,392,140,601,388
"Morganza_all/030504@29.5919467612432,-90.7518021815022.jpg",1,235,203,331,181,566,384
"Morganza_all/030505@29.5921239350964,-90.7517080188857.jpg",1,269,209,319,167,588,376
"Morganza_all/030506@29.5922789924889,-90.7516309121291.jpg",1,175,230,391,154,566,384
"Morganza_all/030507@29.5924411465308,-90.7514860528829.jpg",1,231,225,321,159,552,384
"Morganza_all/030508@29.5926331044167,-90.7513833394397.jpg",1,151,206,373,167,524,373
"Morganza_all/030509@29.5927953707721,-90.7512638388862.jpg",3,280,228,293,162,573,390
"Morganza_all/030510@29.591843667976,-90.7485938250988.jpg",1,119,223,314,135,433,358
"Morganza_all/030511@29.5917181152948,-90.7486453725328.jpg",1,190,213,336,157,526,370
"Morganza_all/030512@29.5915115917762,-90.7487989895868.jpg",1,170,231,351,160,521,391
"Morganza_all/030513@29.5913714058334,-90.7488929409369.jpg",1,207,263,352,131,559,394
"Morganza_all/030514@29.5912092169327,-90.7490293392794.jpg",1,166,208,417,180,583,388
"Morganza_all/030515@29.5910542743472,-90.7491318713286.jpg",1,210,232,384,168,594,400
"Morganza_all/030516@29.5908476370032,-90.749260064325.jpg",1,124,215,296,181,420,396
"Morganza_all/030517@29.5906779751604,-90.7493795774693.jpg",1,57,249,451,146,508,395
"Morganza_all/030518@29.5905452614843,-90.7494904425612.jpg",1,107,230,368,158,475,388
"Morganza_all/030519@29.5905847996378,-90.7500574702164.jpg",1,160,257,392,154,552,411
"Morganza_all/030520@29.5907394793172,-90.749895695471.jpg",1,107,236,421,168,528,404
"Morganza_all/030521@29.5908943096283,-90.749767805803.jpg",1,123,278,377,131,500,409
"Morganza_all/030522@29.5910789545453,-90.7496905245558.jpg",1,228,273,213,128,441,401
"Morganza_all/030523@29.5912487949024,-90.7496048655332.jpg",3,138,272,341,125,479,397
"Morganza_all/030524@29.5913960493568,-90.7494431323033.jpg",1,154,273,370,125,524,398
"Morganza_all/030525@29.5915806461821,-90.7493489227372.jpg",1,182,277,333,121,515,398
"Morganza_all/030526@29.5917430993542,-90.7492717696068.jpg",1,165,278,293,130,458,408
"Morganza_all/030527@29.5919420376849,-90.7490758782395.jpg",1,81,250,381,158,462,408
"Morganza_all/030528@29.5920389074152,-90.7492277252516.jpg",1,142,250,295,139,437,389
"Morganza_all/030529@29.5921956603832,-90.7495316042967.jpg",1,65,241,529,177,594,418
"Morganza_all/030530@29.591959132547,-90.7495922614254.jpg",1,260,247,279,141,539,388
"Morganza_all/030531@29.591804415574,-90.7497455750041.jpg",1,99,237,391,167,490,404
"Morganza_all/030532@29.591656831789,-90.7498395684015.jpg",3,186,258,370,138,556,396
"Morganza_all/030533@29.591442758932,-90.749959340222.jpg",1,96,258,325,152,421,410
"Morganza_all/030534@29.5912952126455,-90.7500617965275.jpg",1,142,251,337,160,479,411
"Morganza_all/030535@29.5911551010895,-90.7501726730084.jpg",1,172,278,375,129,547,407
"Morganza_all/030536@29.5910003457984,-90.7503175209219.jpg",1,186,275,317,125,503,400
"Morganza_all/030537@29.5907935944081,-90.750420320842.jpg",1,113,229,528,195,641,424
"Morganza_all/030538@29.5910026790423,-90.7508424490501.jpg",1,110,270,356,140,466,410
"Morganza_all/030539@29.5911722669956,-90.7507060108918.jpg",1,154,220,334,175,488,395
"Morganza_all/030540@29.5913273238028,-90.7506289033165.jpg",1,244,221,336,163,580,384
"Morganza_all/030541@29.5914748705324,-90.7505264478137.jpg",1,244,237,193,154,437,391
"Morganza_all/030542@29.5916666393773,-90.7503813840888.jpg",1,114,185,397,197,511,382
"Morganza_all/030543@29.5918290555191,-90.7502957689592.jpg",1,213,227,410,163,623,390
"Morganza_all/030544@29.592006115357,-90.7501762129204.jpg",1,169,222,390,182,559,404
"Morganza_all/030545@29.5921609834499,-90.750056754241.jpg",3,152,226,307,162,459,388
"Morganza_all/030546@29.5923451662869,-90.7498694134594.jpg",1,93,226,511,163,604,389
"Morganza_all/030547@29.592441959785,-90.7500043345315.jpg",1,144,253,419,160,563,413
"Morganza_all/030548@29.5925462153154,-90.7501476448331.jpg",3,167,205,405,195,572,400
"Morganza_all/030549@29.5926210153548,-90.7503334778489.jpg",1,165,253,359,155,524,408
"Morganza_all/030550@29.5923772406465,-90.7504280624781.jpg",1,130,252,379,153,509,405
"Morganza_all/030551@29.592207690608,-90.7505729663886.jpg",1,130,232,375,159,505,391
"Morganza_all/030552@29.5920600686174,-90.7506584953178.jpg",3,153,260,401,137,554,397
"Morganza_all/030553@29.5918683269666,-90.750803558922.jpg",1,64,264,408,128,472,392
"Morganza_all/030554@29.5917282147856,-90.7509144349997.jpg",1,145,246,296,165,441,411
"Morganza_all/030555@29.5915362572622,-90.7510171484135.jpg",1,141,265,318,137,459,402
"Morganza_all/030556@29.5914034668956,-90.7511110536782.jpg",1,158,275,323,130,481,405
"Morganza_all/030557@29.5912486729927,-90.7512474369418.jpg",1,172,263,304,145,476,408
"Morganza_all/030558@29.5923440757065,-90.7553224486691.jpg",3,130,254,258,129,388,383
"Morganza_all/030559@29.5921437146334,-90.7553661130982.jpg",3,128,250,295,127,423,377
"Morganza_all/030560@29.5919431761174,-90.7553757657177.jpg",3,160,242,234,122,394,364
"Morganza_all/030561@29.5917499774177,-90.7553598900947.jpg",1,104,236,257,133,361,369
"Morganza_all/030562@29.591608076758,-90.7551907092213.jpg",1,169,256,220,112,389,368
"Morganza_all/030563@29.5915032517618,-90.7550043242103.jpg",3,43,238,336,145,379,383
"Morganza_all/030564@29.5914053636795,-90.7547074297604.jpg",1,71,243,367,137,438,380
"Morganza_all/030565@29.5911879869577,-90.7542666817483.jpg",2,180,184,458,187,638,371
"Morganza_all/030566@29.5909638228967,-90.7539705194446.jpg",3,213,191,371,168,584,359
"Morganza_all/030567@29.5908665609806,-90.7538095787575.jpg",1,287,206,345,169,632,375
"Morganza_all/030568@29.590769384186,-90.7536741549521.jpg",1,148,215,321,103,469,318
"Morganza_all/030569@29.5908123057203,-90.7532999287928.jpg",1,216,181,305,154,521,335
"Morganza_all/030570@29.5909752043529,-90.7531799893719.jpg",1,96,220,325,146,421,366
"Morganza_all/030571@29.5912431562846,-90.7532974334544.jpg",1,153,277,243,123,396,400
"Morganza_all/030572@29.5912737572009,-90.7535012364382.jpg",1,90,231,247,99,337,330
"Morganza_all/030573@29.5913488581752,-90.7536877914976.jpg",1,58,182,302,185,360,367
"Morganza_all/030574@29.5914908734136,-90.7538824549345.jpg",1,27,251,437,136,464,387
"Morganza_all/030575@29.5915735762765,-90.754102979247.jpg",1,29,231,389,164,418,395
"Morganza_all/030576@29.5916858272192,-90.7542893205174.jpg",1,68,191,409,189,477,380
"Morganza_all/030577@29.5917980778966,-90.7544756622056.jpg",1,80,203,417,178,497,381
"Morganza_all/030578@29.5918954514794,-90.7546620902712.jpg",1,102,217,367,156,469,373
"Morganza_all/030579@29.5920152012561,-90.7548653800575.jpg",2,0,242,523,194,523,436
"Morganza_all/030580@29.5912425386185,-90.7548443572578.jpg",2,2,254,344,127,346,381
"Morganza_all/030581@29.5910941777177,-90.7548876903581.jpg",2,0,255,304,131,304,386
"Morganza_all/030582@29.590901701386,-90.7550418102394.jpg",2,0,248,331,129,331,377
"Morganza_all/030583@29.5907536028155,-90.7551446392334.jpg",2,0,264,321,128,321,392
"Morganza_all/030584@29.5905536266059,-90.75528181102.jpg",1,22,229,412,164,434,393
"Morganza_all/030585@29.5903462254473,-90.7554189936397.jpg",2,212,205,427,198,639,403
"Morganza_all/030586@29.5905484119141,-90.7557833084649.jpg",1,116,232,500,159,616,391
"Morganza_all/030587@29.5907038881537,-90.755663416225.jpg",1,98,222,374,176,472,398
"Morganza_all/030588@29.5908593367842,-90.7555435237715.jpg",1,142,230,382,154,524,384
"Morganza_all/030589@29.5910517388095,-90.7553724149059.jpg",1,117,233,354,136,471,369
"Morganza_all/030590@29.5913566621976,-90.7554556391555.jpg",1,160,233,219,124,379,357
"Morganza_all/030591@29.5913799750186,-90.755685002265.jpg",1,228,233,215,133,443,366
"Morganza_all/030592@29.5913513346058,-90.7559316555148.jpg",1,283,285,188,87,471,372
"Morganza_all/030593@29.5911063978301,-90.7559755752671.jpg",1,113,257,324,124,437,381
"Morganza_all/030594@29.5909362589774,-90.7561380280788.jpg",1,160,230,246,164,406,394
"Morganza_all/030595@29.5907656710809,-90.7561985090793.jpg",1,199,228,346,157,545,385
"Morganza_all/030596@29.5904620298994,-90.7564127325706.jpg",1,50,235,379,156,429,391
"Morganza_all/030597@29.5902916662672,-90.7565242139369.jpg",1,29,234,423,153,452,387
"Morganza_all/030598@29.5901436512712,-90.7566525565247.jpg",1,164,243,312,153,476,396
"Morganza_all/030599@29.5899213993431,-90.7567898212278.jpg",1,103,205,362,175,465,380
"Morganza_all/030600@29.5896312513975,-90.7566895188392.jpg",1,123,239,288,117,411,356
"Morganza_all/030601@29.5896889185687,-90.7562896965335.jpg",1,229,277,252,101,481,378
"Morganza_all/030602@29.5898593569347,-90.756195236714.jpg",3,170,263,285,105,455,368
"Morganza_all/030603@29.5900447842653,-90.756126175594.jpg",1,57,262,356,122,413,384
"Morganza_all/030604@29.5902374215586,-90.7560145654272.jpg",2,0,240,424,176,424,416
"Morganza_all/030605@29.5900128120072,-90.7556164000697.jpg",1,147,267,367,142,514,409
"Morganza_all/030606@29.5898102878037,-90.7551756019527.jpg",1,16,190,536,224,552,414
"Morganza_all/030607@29.5896079020835,-90.7547602901124.jpg",2,21,208,617,227,638,435
"Morganza_all/030608@29.5894299752418,-90.7548463317739.jpg",1,89,217,408,184,497,401
"Morganza_all/030609@29.589334364401,-90.7550593553603.jpg",1,156,251,306,124,462,375
"Morganza_all/030610@29.5891195762622,-90.7552050744731.jpg",1,130,236,273,123,403,359
"Morganza_all/030611@29.5888592756225,-90.755138585297.jpg",1,82,212,267,143,349,355
"Morganza_all/030612@29.5887691499683,-90.7549181404483.jpg",1,115,218,254,145,369,363
"Morganza_all/030613@29.5888717248866,-90.7545945478045.jpg",1,230,268,261,106,491,374
"Morganza_all/030614@29.5890868500423,-90.7545253127646.jpg",3,161,251,315,130,476,381
"Morganza_all/030615@29.5892349756324,-90.7544224844071.jpg",1,177,249,320,152,497,401
"Morganza_all/030616@29.5893906007009,-90.7543365710895.jpg",1,120,222,315,160,435,382
"Morganza_all/030617@29.5896943612534,-90.7541563547825.jpg",1,181,226,309,165,490,391
"Morganza_all/030618@29.5898424864128,-90.754053493793.jpg",1,112,216,409,180,521,396
"Morganza_all/030619@29.5899831492841,-90.7539421805358.jpg",1,120,252,385,141,505,393
"Morganza_all/030620@29.5902123344167,-90.753694369383.jpg",1,159,228,320,123,479,351
"Morganza_all/030621@29.5904354849541,-90.753761070696.jpg",1,155,230,255,136,410,366
"Morganza_all/030622@29.5905850375108,-90.7539812058726.jpg",1,210,243,221,134,431,377
"Morganza_all/030623@29.5904599372202,-90.7542539009545.jpg",1,218,275,230,88,448,363
"Morganza_all/030624@29.5902522368813,-90.7543230946017.jpg",1,115,253,251,134,366,387
"Morganza_all/030625@29.5901116011862,-90.7544344074641.jpg",1,123,252,294,146,417,398
"Morganza_all/030626@29.5899337019206,-90.7545204185158.jpg",1,111,254,318,147,429,401
"Morganza_all/030627@29.5901437380559,-90.7549866893843.jpg",2,154,209,485,179,639,388
"Morganza_all/030628@29.5902918638649,-90.7548838291613.jpg",1,120,247,493,139,613,386
"Morganza_all/030629@29.5904621511259,-90.754755355091.jpg",3,251,219,340,178,591,397
"Morganza_all/030630@29.5906398629257,-90.7546268376812.jpg",1,160,229,413,153,573,382
"Morganza_all/030631@29.5908325640813,-90.7545237502594.jpg",1,155,235,424,151,579,386
"Morganza_all/030632@29.5909953886702,-90.7543867913382.jpg",1,151,237,446,137,597,374
"Morganza_all/030633@29.5898647604738,-90.7557362487354.jpg",1,59,246,361,133,420,379
"Morganza_all/030634@29.5896648110008,-90.7558733865022.jpg",1,103,264,323,109,426,373
"Morganza_all/030635@29.5894943728658,-90.7559678466859.jpg",1,87,262,364,119,451,381
"Morganza_all/030636@29.5893388963428,-90.7560877370053.jpg",2,0,228,363,151,363,379
"Morganza_all/030637@29.5891760324375,-90.7562161645853.jpg",2,0,258,336,125,336,383
"Morganza_all/030638@29.5890057437393,-90.756344634522.jpg",1,71,215,463,183,534,398
"Morganza_all/030639@29.5892981349639,-90.7569549099628.jpg",1,95,228,494,139,589,367
"Morganza_all/030640@29.5887401878157,-90.7567711359872.jpg",1,211,255,324,132,535,387
"Morganza_all/030641@29.5886132406733,-90.756618893593.jpg",1,106,268,332,109,438,377
"Morganza_all/030642@29.5884032951663,-90.7561781423953.jpg",2,138,141,503,304,641,445
"Morganza_all/030643@29.5883131337093,-90.7559491713778.jpg",1,115,200,521,200,636,400
"Morganza_all/030644@29.5881781617181,-90.7556609628894.jpg",4,259,277,101,122,360,399
"Morganza_all/030645@29.5880140624539,-90.7555089370953.jpg",4,216,274,84,133,300,407
"Morganza_all/030646@29.5880126011848,-90.755177484566.jpg",1,155,214,300,161,455,375
"Morganza_all/030647@29.5882348512971,-90.7550401874389.jpg",1,76,197,327,173,403,370
"Morganza_all/030648@29.5884730754184,-90.7551578048923.jpg",1,9,265,349,101,358,366
"Morganza_all/030650@29.5886383739893,-90.7555818217898.jpg",2,0,235,347,162,347,397
"Morganza_all/030652@29.5889213229632,-90.7557331946813.jpg",1,221,253,311,154,532,407
"Morganza_all/030653@29.5891140248587,-90.7556300796946.jpg",1,222,228,350,174,572,402
"Morganza_all/030654@29.5894250619395,-90.7554158140291.jpg",1,168,246,418,149,586,395
"Morganza_all/030655@29.590826967065,-90.7462883412705.jpg",6,200,220,128,134,328,354
"Morganza_all/030656@29.5906200293771,-90.74634883181.jpg",1,45,225,422,147,467,372
"Morganza_all/030657@29.589161386155,-90.7445116231354.jpg",6,274,235,91,87,365,322
"Morganza_all/030658@29.5888070868297,-90.7447084627378.jpg",2,112,240,529,113,641,353
"Morganza_all/030659@29.5880271049309,-90.7440441780716.jpg",1,230,172,314,222,544,394
"Morganza_all/030660@29.5898868939067,-90.7462261108155.jpg",1,203,268,260,92,463,360
"Morganza_all/030661@29.5895762926494,-90.746270281273.jpg",1,97,273,361,103,458,376
"Morganza_all/030662@29.5895753446148,-90.7460586014913.jpg",1,249,272,202,100,451,372
"Morganza_all/030663@29.5894345918475,-90.7460255723409.jpg",1,231,220,284,159,515,379
"Morganza_all/030664@29.5889904831151,-90.7460027544366.jpg",2,0,265,434,88,434,353
"Morganza_all/030665@29.5887604816762,-90.7458686546812.jpg",1,210,265,263,86,473,351
"Morganza_all/030666@29.5885002082911,-90.7455823263704.jpg",1,192,259,309,118,501,377
"Morganza_all/030668@29.5874299969961,-90.7445556875843.jpg",2,0,260,483,91,483,351
"Morganza_all/030669@29.5868695689172,-90.7449992368029.jpg",6,156,276,195,156,351,432
"Morganza_all/030671@29.5865892678416,-90.7451956041694.jpg",6,318,223,99,94,417,317
"Morganza_all/030674@29.5854226573036,-90.7457781785534.jpg",1,102,254,398,131,500,385
"Morganza_all/030675@29.5857938290179,-90.7460384583557.jpg",2,0,179,606,217,606,396
"Morganza_all/030676@29.5861961048308,-90.7466372177148.jpg",6,244,310,143,84,387,394
"Morganza_all/030678@29.5860650113029,-90.7471036267138.jpg",1,79,240,471,166,550,406
"Morganza_all/030679@29.5859529385637,-90.7468672150304.jpg",1,8,247,486,158,494,405
"Morganza_all/030680@29.5852551601055,-90.7463802737714.jpg",1,169,251,262,143,431,394
"Morganza_all/030681@29.584950060011,-90.7460010583458.jpg",1,176,279,310,122,486,401
"Morganza_all/030682@29.5847350321936,-90.747560119695.jpg",6,265,226,89,92,354,318
"Morganza_all/030684@29.5832324506744,-90.7458248793538.jpg",1,196,212,292,126,488,338
"Morganza_all/030686@29.5892853712738,-90.7474065197666.jpg",1,47,232,554,193,601,425
"Morganza_all/030687@29.5891737154328,-90.7472632288088.jpg",1,112,274,312,124,424,398
"Morganza_all/030688@29.5890989970702,-90.7471027947711.jpg",1,147,270,279,121,426,391
"Morganza_all/030689@29.5890389867739,-90.7469168840787.jpg",1,185,267,233,125,418,392
"Morganza_all/030690@29.5889643058533,-90.7467649138794.jpg",1,162,257,293,135,455,392
"Morganza_all/030691@29.58883777923,-90.7466047840573.jpg",1,92,271,305,114,397,385
"Morganza_all/030692@29.5887556250098,-90.7464359310494.jpg",1,80,259,306,121,386,380
"Morganza_all/030693@29.5885921123025,-90.7462760502363.jpg",1,127,237,293,145,420,382
"Morganza_all/030694@29.5884510941362,-90.7461837463971.jpg",1,0,271,434,140,434,411
"Morganza_all/030695@29.5882062225846,-90.7460327756382.jpg",2,0,278,343,115,343,393
"Morganza_all/030696@29.5880512821894,-90.746135277787.jpg",1,166,246,210,138,376,384
"Morganza_all/030697@29.5883046119613,-90.7465232407634.jpg",2,263,205,378,230,641,435
"Morganza_all/030698@29.5883940874927,-90.7466751231216.jpg",2,202,252,361,154,563,406
"Morganza_all/030699@29.5884836007094,-90.7468354690749.jpg",1,197,261,428,139,625,400
"Morganza_all/030700@29.5885656787139,-90.7469873952904.jpg",2,234,275,404,121,638,396
"Morganza_all/030701@29.5886478700645,-90.7471647117681.jpg",3,200,267,418,131,618,398
"Morganza_all/030702@29.5887447695155,-90.7473165517764.jpg",3,218,261,384,128,602,389
"Morganza_all/030703@29.5888120903117,-90.7474769972148.jpg",1,202,268,423,136,625,404
"Morganza_all/030704@29.5888869595907,-90.7476713159669.jpg",1,86,258,381,135,467,393
"Morganza_all/030705@29.5885032659769,-90.7479190654729.jpg",1,28,292,444,109,472,401
"Morganza_all/030706@29.5883988188496,-90.7477334152295.jpg",1,178,270,393,131,571,401
"Morganza_all/030707@29.588309306731,-90.7475730686094.jpg",1,179,255,410,139,589,394
"Morganza_all/030709@29.5881374520543,-90.747201553174.jpg",3,265,243,309,134,574,377
"Morganza_all/030710@29.5880182852783,-90.7470329175351.jpg",3,205,221,406,157,611,378
"Morganza_all/030711@29.5879063536452,-90.7468219224459.jpg",1,252,255,385,127,637,382
"Morganza_all/030712@29.587786731725,-90.7465516970087.jpg",1,244,278,239,86,483,364
"Morganza_all/030713@29.5875646585264,-90.7465360711604.jpg",1,171,292,312,88,483,380
"Morganza_all/030714@29.5873506265369,-90.7466643083761.jpg",1,52,277,433,117,485,394
"Morganza_all/030715@29.58718092918,-90.746775358531.jpg",1,160,276,417,122,577,398
"Morganza_all/030716@29.5869743321164,-90.7469120460895.jpg",1,80,268,455,128,535,396
"Morganza_all/030717@29.586789915915,-90.7470401083758.jpg",1,171,274,442,125,613,399
"Morganza_all/030718@29.5866056132448,-90.7471935911476.jpg",3,146,272,392,132,538,404
"Morganza_all/030719@29.5863841456115,-90.747313405865.jpg",3,141,268,448,136,589,404
"Morganza_all/030720@29.5862070231772,-90.7474245287445.jpg",3,40,269,446,149,486,418
"Morganza_all/030721@29.5859118485114,-90.747604048329.jpg",3,15,254,573,161,588,415
"Morganza_all/030722@29.5857568793799,-90.7477065458597.jpg",1,70,278,509,125,579,403
"Morganza_all/030723@29.585609702634,-90.7478851986991.jpg",1,71,277,509,132,580,409
"Morganza_all/030724@29.5854324284218,-90.7479624359816.jpg",3,104,260,455,135,559,395
"Morganza_all/030725@29.5852775242884,-90.7480733953596.jpg",1,85,271,437,144,522,415
"Morganza_all/030726@29.585100390789,-90.7481760210073.jpg",3,84,271,385,136,469,407
"Morganza_all/030727@29.5849307300496,-90.748295560591.jpg",1,7,230,511,167,518,397
"Morganza_all/030728@29.5847386233582,-90.7483643885606.jpg",3,147,278,330,110,477,388
"Morganza_all/030729@29.584606250296,-90.7485514153937.jpg",3,156,257,236,115,392,372
"Morganza_all/030730@29.5844890008267,-90.7488060905763.jpg",3,43,265,355,123,398,388
"Morganza_all/030731@29.5846748908559,-90.7490082174282.jpg",2,0,275,458,126,458,401
"Morganza_all/030732@29.584727453107,-90.7491772382405.jpg",1,95,278,506,113,601,391
"Morganza_all/030733@29.5848171517632,-90.7493798956341.jpg",2,197,275,444,128,641,403
"Morganza_all/030734@29.584928966236,-90.7495654980009.jpg",2,144,264,488,148,632,412
"Morganza_all/030735@29.5850037569409,-90.7497428532577.jpg",2,276,260,363,124,639,384
"Morganza_all/030736@29.5852126177606,-90.7501141458967.jpg",2,0,251,378,177,378,428
"Morganza_all/030737@29.5853918137495,-90.7504687176066.jpg",1,185,305,351,110,536,415
"Morganza_all/030738@29.5855038899682,-90.7507135637674.jpg",1,124,287,431,114,555,401
"Morganza_all/030739@29.585600833019,-90.7508823287659.jpg",2,252,263,382,145,634,408
"Morganza_all/030740@29.5857128233484,-90.7511018179284.jpg",1,142,273,346,104,488,377
"Morganza_all/030741@29.5858321452664,-90.7513127701932.jpg",1,151,275,383,124,534,399
"Morganza_all/030742@29.5859441348744,-90.751532260344.jpg",1,105,274,381,116,486,390
"Morganza_all/030743@29.5860337547966,-90.7517179960715.jpg",1,153,271,365,118,518,389
"Morganza_all/030744@29.5861532259866,-90.7519628337226.jpg",1,114,283,351,113,465,396
"Morganza_all/030745@29.5863099726395,-90.7522666991908.jpg",1,117,226,341,173,458,399
"Morganza_all/030746@29.5864293203194,-90.7524776854032.jpg",1,71,207,349,200,420,407
"Morganza_all/030747@29.5865337332349,-90.7526633371027.jpg",1,61,220,350,173,411,393
"Morganza_all/030748@29.5866234539969,-90.7528660011139.jpg",1,132,211,349,196,481,407
"Morganza_all/030749@29.5867653394082,-90.7531615235613.jpg",1,137,210,354,192,491,402
"Morganza_all/030750@29.586840050222,-90.753321926919.jpg",1,146,197,347,217,493,414
"Morganza_all/030751@29.586951774313,-90.7534821476858.jpg",1,77,219,309,177,386,396
"Morganza_all/030752@29.5870337323491,-90.7536086874131.jpg",1,178,233,300,185,478,418
"Morganza_all/030753@29.5870937980697,-90.7538030614424.jpg",1,202,247,350,171,552,418
"Morganza_all/030754@29.5872131530343,-90.754022483053.jpg",3,50,250,537,164,587,414
"Morganza_all/030755@29.5874289503708,-90.7542921911984.jpg",3,90,250,344,133,434,383
"Morganza_all/030756@29.5876803121275,-90.7542399256285.jpg",3,106,250,301,133,407,383
"Morganza_all/030757@29.5878575152502,-90.7541457711767.jpg",1,136,279,315,130,451,409
"Morganza_all/030758@29.5879974804493,-90.7540010193013.jpg",3,97,252,527,166,624,418
"Morganza_all/030759@29.5881450023283,-90.7538985723317.jpg",1,17,252,347,131,364,383
"Morganza_all/030760@29.5882999762911,-90.7537960819383.jpg",1,73,265,304,117,377,382
"Morganza_all/030761@29.5884475354269,-90.7537020976807.jpg",1,123,259,259,151,382,410
"Morganza_all/030762@29.588587537561,-90.7535658076675.jpg",1,28,241,325,166,353,407
"Morganza_all/030763@29.5887499557955,-90.7534802003342.jpg",1,65,271,317,137,382,408
"Morganza_all/030764@29.5888605189295,-90.753377965844.jpg",1,90,271,367,133,457,404
"Morganza_all/030765@29.5890301469784,-90.7532499982696.jpg",1,75,253,381,154,456,407
"Morganza_all/030766@29.5891851678381,-90.7531644328968.jpg",1,108,270,347,137,455,407
"Morganza_all/030767@29.5893399637437,-90.753028055406.jpg",1,32,235,387,195,419,430
"Morganza_all/030768@29.5895097787903,-90.7529424036899.jpg",3,71,261,330,138,401,399
"Morganza_all/030769@29.5896869809727,-90.7528482452225.jpg",1,80,261,333,147,413,408
"Morganza_all/030770@29.5898492488155,-90.7527287820203.jpg",1,34,246,415,156,449,402
"Morganza_all/030771@29.5900630991316,-90.7525582058062.jpg",3,73,260,302,136,375,396
"Morganza_all/030772@29.5902254042076,-90.7524472051585.jpg",1,0,237,370,169,370,406
"Morganza_all/030773@29.5903728772109,-90.752327795028.jpg",2,0,271,404,140,404,411
"Morganza_all/030774@29.5905648832937,-90.7522420124822.jpg",1,63,261,275,161,338,422
"Morganza_all/030775@29.5907049215621,-90.7521142125229.jpg",1,26,275,335,120,361,395
"Morganza_all/030776@29.5905108130377,-90.7517258508219.jpg",1,254,237,386,154,640,391
"Morganza_all/030777@29.5903262520384,-90.7518285184819.jpg",1,323,216,277,187,600,403
"Morganza_all/030778@29.5902010360173,-90.7519562637793.jpg",1,230,225,400,181,630,406
"Morganza_all/030779@29.5900236843756,-90.7520165704849.jpg",2,200,226,440,176,640,402
"Morganza_all/030780@29.5898687768294,-90.7521275286792.jpg",2,253,225,376,159,629,384
"Morganza_all/030781@29.5896991498799,-90.7522554992262.jpg",2,0,211,528,218,528,429
"Morganza_all/030782@29.5894631459566,-90.7524346675923.jpg",4,274,273,125,128,399,401
"Morganza_all/030783@29.5892638276965,-90.7525459135209.jpg",2,130,191,511,211,641,402
"Morganza_all/030784@29.588673858873,-90.7530065242879.jpg",2,157,210,482,201,639,411
"Morganza_all/030785@29.5883785642266,-90.7531606418907.jpg",1,256,193,317,207,573,400
"Morganza_all/030786@29.5881866798179,-90.7532802741663.jpg",3,120,214,454,198,574,412
"Morganza_all/030787@29.5880317711949,-90.7533912283707.jpg",1,192,215,372,183,564,398
"Morganza_all/030788@29.5878990541173,-90.7535020852175.jpg",2,252,178,387,209,639,387
"Morganza_all/030789@29.5876848280577,-90.7535879602188.jpg",3,210,223,377,158,587,381
"Morganza_all/030790@29.5874857608072,-90.7537499811697.jpg",2,0,174,553,220,553,394
"Morganza_all/030791@29.5873215455599,-90.7534292261862.jpg",1,43,166,518,237,561,403
"Morganza_all/030792@29.5874616971872,-90.753326790283.jpg",1,68,202,413,196,481,398
"Morganza_all/030793@29.5876018588228,-90.753232848966.jpg",1,112,229,333,183,445,412
"Morganza_all/030794@29.5877346507226,-90.7531389500788.jpg",3,68,216,293,169,361,385
"Morganza_all/030795@29.5879194376552,-90.7530870986226.jpg",1,110,256,274,132,384,388
"Morganza_all/030796@29.5881177168561,-90.7527472835314.jpg",1,128,230,245,140,373,370
"Morganza_all/030797@29.5880352704653,-90.7525106889332.jpg",1,70,212,287,147,357,359
"Morganza_all/030798@29.5878575334848,-90.7524778657288.jpg",1,207,192,269,174,476,366
"Morganza_all/030799@29.5876730843521,-90.7526059190553.jpg",2,243,198,392,168,635,366
"Morganza_all/030800@29.5875328581843,-90.7526913982304.jpg",2,279,222,361,198,640,420
"Morganza_all/030801@29.5873929594019,-90.752844614339.jpg",1,171,198,357,206,528,404
"Morganza_all/030802@29.5872600553078,-90.7529131236281.jpg",1,283,239,305,176,588,415
"Morganza_all/030803@29.5871199413257,-90.7530239916529.jpg",1,102,157,527,237,629,394
"Morganza_all/030804@29.5868663307329,-90.7525682798476.jpg",2,0,239,636,176,636,415
"Morganza_all/030805@29.5869990946603,-90.7524743809285.jpg",1,179,222,316,179,495,401
"Morganza_all/030806@29.5871614645418,-90.7523718151335.jpg",1,155,259,365,134,520,393
"Morganza_all/030807@29.5872867186289,-90.752252568919.jpg",1,184,264,248,143,432,407
"Morganza_all/030808@29.5874716177551,-90.75222610578.jpg",1,169,274,244,92,413,366
"Morganza_all/030809@29.5876338849008,-90.7521066127504.jpg",1,224,290,200,88,424,378
"Morganza_all/030810@29.5876475906193,-90.7518610295729.jpg",1,255,240,192,126,447,366
"Morganza_all/030811@29.5875876722131,-90.751700508633.jpg",1,206,222,294,152,500,374
"Morganza_all/030812@29.5873649985083,-90.7515493967794.jpg",1,171,209,263,172,434,381
"Morganza_all/030813@29.5871805402301,-90.7516689878108.jpg",3,186,241,256,122,442,363
"Morganza_all/030814@29.5870925354228,-90.7518472937882.jpg",1,215,202,401,225,616,427
"Morganza_all/030815@29.5869449125809,-90.7519328164709.jpg",1,206,220,356,195,562,415
"Morganza_all/030816@29.5867971395719,-90.7519844861689.jpg",1,263,243,340,149,603,392
"Morganza_all/030817@29.5866349850947,-90.7521293679065.jpg",2,0,237,634,152,634,389
"Morganza_all/030818@29.5864928821582,-90.7517915316787.jpg",3,169,226,363,171,532,397
"Morganza_all/030819@29.5866030783909,-90.7516130978266.jpg",2,263,256,378,131,641,387
"Morganza_all/030820@29.5867876767985,-90.7515188967685.jpg",2,0,248,640,146,640,394
"Morganza_all/030821@29.586935299371,-90.7514333736099.jpg",2,193,260,448,151,641,411
"Morganza_all/030822@29.5870974906512,-90.7512969535193.jpg",2,294,262,342,128,636,390
"Morganza_all/030823@29.5873043179074,-90.7512110856539.jpg",3,234,265,389,122,623,387
"Morganza_all/030824@29.5874742069434,-90.7511423590781.jpg",1,224,245,364,157,588,402
"Morganza_all/030825@29.587636059569,-90.750929768499.jpg",1,150,250,450,148,600,398
"Morganza_all/030826@29.587860237592,-90.7514195361378.jpg",3,139,232,325,169,464,401
"Morganza_all/030827@29.5879571797281,-90.7515883057902.jpg",1,146,257,358,147,504,404
"Morganza_all/030828@29.5880394774835,-90.7517910148303.jpg",1,154,261,322,146,476,407
"Morganza_all/030829@29.5881513160323,-90.7519766257008.jpg",1,55,257,369,147,424,404
"Morganza_all/030830@29.5882113191551,-90.752162537777.jpg",1,101,258,347,143,448,401
"Morganza_all/030831@29.5883154974605,-90.7522889491106.jpg",1,155,237,387,184,542,421
"Morganza_all/030832@29.5884273453016,-90.7524830245292.jpg",1,135,271,331,131,466,402
"Morganza_all/030833@29.5889384298331,-90.7525901184285.jpg",1,117,216,359,186,476,402
"Morganza_all/030834@29.5888415264893,-90.752429809509.jpg",1,76,218,481,187,557,405
"Morganza_all/030835@29.5887517950436,-90.7522186778922.jpg",1,84,226,355,169,439,395
"Morganza_all/030836@29.5886475791495,-90.7520838027415.jpg",3,93,226,464,176,557,402
"Morganza_all/030837@29.5885948980123,-90.7518809202883.jpg",3,104,243,358,144,462,387
"Morganza_all/030838@29.588468415182,-90.751729247918.jpg",1,120,220,412,166,532,386
"Morganza_all/030839@29.5883861548902,-90.7515350013777.jpg",1,148,237,344,170,492,407
"Morganza_all/030840@29.5763048231526,-90.7512774017141.jpg",2,0,256,524,185,524,441
"Morganza_all/030842@29.5759483253847,-90.7516317517542.jpg",1,102,260,439,174,541,434
"Morganza_all/030843@29.5766053114891,-90.7510486455775.jpg",2,43,244,596,149,639,393
"Morganza_all/030844@29.5769586831542,-90.750733759361.jpg",1,35,267,441,148,476,415
"Morganza_all/030845@29.5772235309056,-90.750461636137.jpg",2,0,213,636,215,636,428
"Morganza_all/030846@29.577422450265,-90.7503167400641.jpg",1,96,271,352,104,448,375
"Morganza_all/030847@29.577598942065,-90.7501127670783.jpg",1,35,250,466,145,501,395
"Morganza_all/030850@29.5870653665865,-90.7566599613883.jpg",1,224,232,339,174,563,406
"Morganza_all/030854@29.5838008490978,-90.7455759565463.jpg",1,242,195,391,143,633,338
"Morganza_all/030857@29.5872918263075,-90.7542086012652.jpg",1,354,254,254,108,608,362
"Morganza_all/030860@29.5887105063775,-90.7435881585271.jpg",1,112,196,381,204,493,400
"Morganza_all/030861@29.5880857921989,-90.7529341062889.jpg",1,26,230,304,141,330,371
"Morganza_all/030862@29.589221115934,-90.7520669763956.jpg",3,85,208,300,173,385,381
"Morganza_all/030863@29.5894981339525,-90.7519651265283.jpg",1,18,213,596,223,614,436
"Morganza_all/030864@29.5891619772357,-90.751908587783.jpg",2,252,193,387,184,639,377
"Morganza_all/030865@29.5890880786503,-90.7517085019678.jpg",3,121,214,272,186,393,400
"Morganza_all/030866@29.5889558190373,-90.7515254624145.jpg",2,0,212,475,179,475,391
"Morganza_all/030867@29.5888819568791,-90.7513337148036.jpg",2,0,188,410,209,410,397
"Morganza_all/030868@29.5888226317578,-90.7511335452492.jpg",3,150,164,427,241,577,405
"Morganza_all/030869@29.5895553829284,-90.7516974188779.jpg",3,326,236,305,179,631,415
"Morganza_all/030870@29.5897082712622,-90.7515962886647.jpg",3,71,230,396,188,467,418
"Morganza_all/030871@29.5885526527864,-90.7528227904587.jpg",3,211,276,321,138,532,414
"Morganza_all/030874@29.5871922416406,-90.7557399887905.jpg",1,239,254,195,84,434,338
"Morganza_all/030877@29.5899988454391,-90.7497433220289.jpg",1,207,219,300,156,507,375
"Morganza_all/030878@29.5897424043384,-90.746894201955.jpg",2,314,282,326,134,640,416
"Morganza_all/030882@29.5875378917367,-90.7450611937523.jpg",6,210,149,114,85,324,234
"Morganza_all/030884@29.5745433746183,-90.7575796728491.jpg",1,1,226,442,133,443,359
"Morganza_all/030885@29.5739779653988,-90.7609785447051.jpg",1,127,215,337,170,464,385
"Morganza_all/030886@29.5744942756648,-90.7604137756996.jpg",1,228,206,374,194,602,400
"Morganza_all/030887@29.5748978058752,-90.7609495373679.jpg",1,64,226,346,158,410,384
"Morganza_all/030888@29.5753273403099,-90.7611053522865.jpg",1,83,254,250,139,333,393
"Morganza_all/030889@29.5754727270067,-90.76113616936.jpg",1,88,256,325,145,413,401
"Morganza_all/030890@29.5763902148006,-90.7613683190943.jpg",2,0,163,497,228,497,391
"Morganza_all/030891@29.577396579805,-90.7611717391721.jpg",5,213,210,428,219,641,429
"Morganza_all/030892@29.5770109559843,-90.7606115427731.jpg",1,86,218,298,171,384,389
"Morganza_all/030894@29.5746748877445,-90.7595828323143.jpg",1,96,223,301,133,397,356
"Morganza_all/030895@29.5748075358961,-90.7601527329705.jpg",2,300,191,338,165,638,356
"Morganza_all/030896@29.5777592720317,-90.7622821104592.jpg",2,117,196,522,191,639,387
"Morganza_all/030897@29.5773934054665,-90.762102234643.jpg",2,113,185,528,223,641,408
"Morganza_all/030898@29.57753494963,-90.7631265048493.jpg",1,143,187,484,211,627,398
"Morganza_all/030899@29.5770458965083,-90.7633914713574.jpg",2,0,207,431,215,431,422
"Morganza_all/030900@29.5763868752912,-90.7632973831933.jpg",3,77,231,432,169,509,400
"Morganza_all/030901@29.5759643888467,-90.7621952921199.jpg",3,89,223,546,186,635,409
"Morganza_all/030902@29.5758908267459,-90.7625991420035.jpg",3,78,261,563,175,641,436
"Morganza_all/030903@29.5760173570911,-90.761779856375.jpg",2,0,217,475,176,475,393
"Morganza_all/030904@29.5769735108143,-90.761993735045.jpg",1,156,236,412,172,568,408
"Morganza_all/030905@29.577297860619,-90.7625793588783.jpg",2,46,233,595,141,641,374
"Morganza_all/030906@29.5753030511743,-90.7620620598001.jpg",1,49,174,538,230,587,404
"Morganza_all/030907@29.5751134893138,-90.7620286621019.jpg",1,125,225,299,159,424,384
"Morganza_all/030908@29.5912355596461,-90.7307662347794.jpg",6,219,246,176,106,395,352
"Morganza_all/030909@29.591157279722,-90.7303559451052.jpg",6,182,205,221,182,403,387
"Morganza_all/030910@29.591003157221,-90.730059697357.jpg",1,96,253,507,158,603,411
"Morganza_all/030911@29.5912320629398,-90.7300058996676.jpg",1,72,271,370,146,442,417
"Morganza_all/030912@29.5913998663115,-90.7299524383975.jpg",1,317,199,305,202,622,401
"Morganza_all/030913@29.5915526895108,-90.7299602646547.jpg",1,239,196,258,208,497,404
"Morganza_all/030914@29.5918350123141,-90.7298973661138.jpg",3,159,230,292,257,451,487
"Morganza_all/030915@29.5920206383658,-90.7303944506672.jpg",1,266,250,210,168,476,418
"Morganza_all/030916@29.5920212410925,-90.7305255265996.jpg",1,214,282,197,139,411,421
"Morganza_all/030917@29.5920981950991,-90.7306474274952.jpg",1,43,243,376,190,419,433
"Morganza_all/030918@29.5920988781145,-90.7307960285792.jpg",1,202,241,284,160,486,401
"Morganza_all/030919@29.5921683076444,-90.7309441846942.jpg",1,61,234,397,200,458,434
"Morganza_all/030920@29.5939223840512,-90.7319911947107.jpg",1,0,216,637,193,637,409
"Morganza_all/030921@29.5921842921526,-90.731101409445.jpg",1,12,265,587,201,599,466
"Morganza_all/030922@29.5924055408171,-90.7310388810281.jpg",1,119,232,520,206,639,438
"Morganza_all/030925@29.5928784011674,-90.7308787152415.jpg",3,2,226,398,208,400,434
"Morganza_all/030927@29.5932371837129,-90.7308241370545.jpg",1,26,243,454,171,480,414
"Morganza_all/030928@29.5932133258317,-90.7306232538783.jpg",3,251,259,261,156,512,415
"Morganza_all/030929@29.5931821317509,-90.730483581937.jpg",1,147,274,263,155,410,429
"Morganza_all/030931@29.5930274467289,-90.7300649976282.jpg",1,251,269,194,107,445,376
"Morganza_all/030932@29.593011272591,-90.7298728158605.jpg",1,43,226,342,180,385,406
"Morganza_all/030933@29.5930402945542,-90.7295405022473.jpg",2,0,208,598,256,598,464
"Morganza_all/030934@29.5929105261197,-90.7295587788329.jpg",1,201,251,270,167,471,418
"Morganza_all/030935@29.5927732740032,-90.7296120573986.jpg",1,235,240,248,181,483,421
"Morganza_all/030936@29.5926435456883,-90.7296390492191.jpg",3,197,240,234,185,431,425
"Morganza_all/030937@29.5925062129938,-90.7296748338772.jpg",1,283,248,227,158,510,406
"Morganza_all/030938@29.5923764445388,-90.7296931101913.jpg",3,171,248,371,194,542,442
"Morganza_all/030939@29.5921933115705,-90.7297378863004.jpg",1,40,227,511,217,551,444
"Morganza_all/030940@29.5923091860582,-90.7300168733792.jpg",1,155,271,275,145,430,416
"Morganza_all/030941@29.5923481860968,-90.7301914537087.jpg",1,212,270,254,146,466,416
"Morganza_all/030942@29.5924249119013,-90.7302696522699.jpg",1,216,281,171,127,387,408
"Morganza_all/030943@29.5924255148974,-90.7304007601941.jpg",3,198,276,209,124,407,400
"Morganza_all/030944@29.5924184602536,-90.7305231356841.jpg",1,189,269,229,147,418,416
"Morganza_all/030945@29.5924343649988,-90.73066289858.jpg",1,224,264,259,143,483,407
"Morganza_all/030946@29.5924196656077,-90.7307853515201.jpg",1,126,234,325,202,451,436
"Morganza_all/030947@29.5967941932789,-90.7285913950876.jpg",3,71,216,288,199,359,415
"Morganza_all/030948@29.5966416924755,-90.7286534850884.jpg",1,42,160,312,244,354,404
"Morganza_all/030949@29.5964432982368,-90.7286983886153.jpg",3,96,174,366,259,462,433
"Morganza_all/030950@29.5962982809773,-90.7287255063798.jpg",1,6,166,487,290,493,456
"Morganza_all/030951@29.5961761168337,-90.7287349598517.jpg",3,149,247,263,193,412,440
"Morganza_all/030952@29.5960008708418,-90.7288321760586.jpg",1,76,278,496,129,572,407
"Morganza_all/030953@29.5958327858012,-90.7288244433004.jpg",2,0,148,382,304,382,452
"Morganza_all/030954@29.5956801640498,-90.7288603225007.jpg",1,0,193,446,243,446,436
"Morganza_all/030955@29.5957578446632,-90.7291395487195.jpg",1,51,290,407,126,458,416
"Morganza_all/030956@29.5957968860178,-90.7293228503697.jpg",3,221,262,272,179,493,441
"Morganza_all/030957@29.5958434109113,-90.7294711805216.jpg",1,117,278,280,129,397,407
"Morganza_all/030958@29.5958903104386,-90.7297068878167.jpg",2,0,177,368,272,368,449
"Morganza_all/030959@29.5944373278688,-90.7326785681113.jpg",2,258,313,381,85,639,398
"Morganza_all/030960@29.594570373504,-90.7317076120316.jpg",1,59,231,493,255,552,486
"Morganza_all/030961@29.5945941219756,-90.7318910043313.jpg",3,56,266,371,150,427,416
"Morganza_all/030962@29.5946255424807,-90.73207438212.jpg",2,0,214,392,210,392,424
"Morganza_all/030963@29.5946493305394,-90.7322665216237.jpg",1,36,253,446,172,482,425
"Morganza_all/030964@29.5946959720829,-90.7324410295755.jpg",1,47,232,294,187,341,419
"Morganza_all/030965@29.59472736432,-90.7326244078883.jpg",2,0,242,335,197,335,439
"Morganza_all/030966@29.5950986445079,-90.7319666370742.jpg",1,315,230,323,215,638,445
"Morganza_all/030968@29.5950587646686,-90.73159980491.jpg",1,55,243,425,170,480,413
"Morganza_all/030969@29.5955486396449,-90.7318153560437.jpg",1,179,268,248,136,427,404
"Morganza_all/030970@29.5956623572157,-90.7316311360786.jpg",1,9,285,384,139,393,424
"Morganza_all/030971@29.5953006726431,-90.7310477111214.jpg",1,86,269,304,139,390,408
"Morganza_all/030972@29.5958126522351,-90.7310883373407.jpg",6,293,164,97,123,390,287
"Morganza_all/030974@29.5964837469757,-90.7308483100618.jpg",2,0,43,641,497,641,540
"Morganza_all/030975@29.5951616126497,-90.7307076543846.jpg",1,65,256,403,153,468,409
"Morganza_all/030976@29.5953140869336,-90.730645568595.jpg",1,256,240,320,175,576,415
"Morganza_all/030977@29.5954438830095,-90.7306272928134.jpg",1,235,236,313,188,548,424
"Morganza_all/030978@29.595550476661,-90.7305567355423.jpg",1,281,217,310,205,591,422
"Morganza_all/030979@29.5956573389295,-90.7305386291109.jpg",1,252,213,325,216,577,429
"Morganza_all/030980@29.5957718054801,-90.730511698047.jpg",1,239,223,305,189,544,412
"Morganza_all/030981@29.5959243874635,-90.7304670742039.jpg",1,104,170,404,294,508,464
"Morganza_all/030982@29.5960616801386,-90.7304225422722.jpg",1,0,219,359,234,359,453
"Morganza_all/030983@29.596305887994,-90.7303773979644.jpg",2,0,198,355,289,355,487
"Morganza_all/030984@29.5964279589275,-90.7303416733419.jpg",1,171,211,325,244,496,455
"Morganza_all/030985@29.5971272490287,-90.7312464762896.jpg",2,0,211,640,270,640,481
"Morganza_all/030986@29.5970178973808,-90.7307227264115.jpg",2,0,220,640,294,640,514
"Morganza_all/030987@29.5958691336474,-90.7300828374652.jpg",2,0,181,637,320,637,501
"Morganza_all/030988@29.5960906231462,-90.7300727558786.jpg",1,244,237,355,187,599,424
"Morganza_all/030989@29.5963043198998,-90.73003651045.jpg",1,0,204,289,213,289,417
"Morganza_all/030990@29.5964874126972,-90.7299829858733.jpg",2,0,251,559,199,559,450
"Morganza_all/030992@29.5956632148489,-90.7301539937067.jpg",2,45,200,596,265,641,465
"Morganza_all/030993@29.5955334865775,-90.7301810170685.jpg",1,151,247,282,154,433,401
"Morganza_all/030994@29.595220705494,-90.7302702795471.jpg",1,26,211,300,207,326,418
"Morganza_all/030996@29.595570274602,-90.7298748589298.jpg",1,76,241,327,194,403,435
"Morganza_all/030997@29.5955389189363,-90.7297002584926.jpg",1,137,223,266,210,403,433
"Morganza_all/030998@29.5954999182471,-90.7295256727922.jpg",1,224,200,252,210,476,410
"Morganza_all/030999@29.595445869644,-90.7294036304802.jpg",1,211,242,220,143,431,385
"Morganza_all/031000@29.5954218760099,-90.7291677861815.jpg",1,285,278,153,100,438,378
"Morganza_all/031001@29.5953903582699,-90.7289582293712.jpg",1,43,249,459,167,502,416
"Morganza_all/031002@29.5952529451342,-90.7289765218096.jpg",1,197,250,282,169,479,419
"Morganza_all/031003@29.5950244428463,-90.7291177630221.jpg",3,100,243,319,161,419,404
"Morganza_all/031004@29.5948409879039,-90.7290926280437.jpg",2,0,248,452,181,452,429
"Morganza_all/031005@29.5948955327592,-90.7293282866955.jpg",1,303,264,299,106,602,370
"Morganza_all/031006@29.5949632176993,-90.7307525531785.jpg",2,86,188,555,363,641,551
"Morganza_all/031007@29.5948563957432,-90.7307794377538.jpg",1,411,250,190,162,601,412
"Morganza_all/031008@29.5947571780857,-90.730797497789.jpg",3,332,219,296,183,628,402
"Morganza_all/031009@29.5946428319141,-90.7308506378338.jpg",1,290,241,237,163,527,404
"Morganza_all/031010@29.5945139065059,-90.7310524427695.jpg",3,68,247,544,227,612,474
"Morganza_all/031011@29.5946908803662,-90.7313310705351.jpg",3,0,227,636,192,636,419
"Morganza_all/031012@29.5948315732513,-90.7303687799117.jpg",2,0,261,639,179,639,440
"Morganza_all/031013@29.5947095698827,-90.7304132193225.jpg",1,24,212,340,208,364,420
"Morganza_all/031014@29.5945952238666,-90.7304663597808.jpg",1,92,222,283,187,375,409
"Morganza_all/031015@29.5943048139015,-90.7304331190929.jpg",4,309,285,87,99,396,384
"Morganza_all/031016@29.594225889309,-90.729882959847.jpg",1,246,216,313,232,559,448
"Morganza_all/031017@29.5941946140478,-90.7297258242376.jpg",4,208,264,159,136,367,400
"Morganza_all/031018@29.5940934244343,-90.7293156614098.jpg",1,191,273,410,136,601,409
"Morganza_all/031019@29.5944822465479,-90.7291559917721.jpg",1,89,240,422,209,511,449
"Morganza_all/031020@29.5945980013977,-90.729408743523.jpg",2,345,250,296,165,641,415
"Morganza_all/031021@29.5946451700308,-90.7296968983152.jpg",1,212,161,358,256,570,417
"Morganza_all/031022@29.5941254959878,-90.7313082275362.jpg",1,180,293,214,96,394,389
"Morganza_all/031023@29.5937520133499,-90.7314852904033.jpg",1,0,221,638,205,638,426
"Morganza_all/031024@29.5941315349181,-90.7309585859414.jpg",3,0,215,452,279,452,494
"Morganza_all/031025@29.5939942420535,-90.73100311628.jpg",1,172,240,196,151,368,391
"Morganza_all/031026@29.5938491037579,-90.7310039892072.jpg",1,167,230,256,174,423,404
"Morganza_all/031027@29.5937043669835,-90.7310922685338.jpg",1,83,221,297,201,380,422
"Morganza_all/031028@29.5935668331546,-90.731084348437.jpg",2,115,218,526,228,641,446
"Morganza_all/031029@29.5934963996117,-90.7307176746058.jpg",2,0,227,547,230,547,457
"Morganza_all/031030@29.5936719283225,-90.7306816611754.jpg",3,284,240,263,191,547,431
"Morganza_all/031031@29.5938929357981,-90.7305667121345.jpg",3,236,246,267,177,503,423
"Morganza_all/031032@29.594038086805,-90.7305745857006.jpg",2,0,260,618,183,618,443
"Morganza_all/031033@29.5939834637304,-90.7303214344735.jpg",1,339,236,275,192,614,428
"Morganza_all/031034@29.5933783026656,-90.7299492656339.jpg",1,57,239,324,218,381,457
"Morganza_all/031036@29.593253938253,-90.7294867942987.jpg",2,0,247,573,180,573,427
"Morganza_all/031037@29.5934066003287,-90.729459632365.jpg",1,259,209,247,245,506,454
"Morganza_all/031038@29.5935440135389,-90.7294413409266.jpg",1,213,198,311,281,524,479
"Morganza_all/031039@29.5936429894102,-90.7293708296688.jpg",1,287,240,291,184,578,424
"Morganza_all/031040@29.59382629593,-90.729369724193.jpg",2,0,250,616,207,616,457
"Morganza_all/031041@29.5938961697137,-90.7296140039233.jpg",1,124,186,396,293,520,479
"Morganza_all/031042@29.5933478188136,-90.7316275478875.jpg",4,310,276,92,87,402,363
"Morganza_all/031043@29.59337704604,-90.7313389681884.jpg",2,0,243,385,218,385,461
"Morganza_all/031044@29.5933529882094,-90.7310943815612.jpg",1,108,222,424,240,532,462
"Morganza_all/031045@29.5932082788708,-90.7311826601544.jpg",1,312,243,261,166,573,409
"Morganza_all/031047@29.5929258876501,-90.7312367777713.jpg",1,252,259,325,157,577,416
"Morganza_all/031048@29.5927886750164,-90.7312988008986.jpg",1,321,254,222,148,543,402
"Morganza_all/031049@29.592658866028,-90.7313082968547.jpg",2,320,258,321,176,641,434
"Morganza_all/031051@29.5923689907398,-90.7313974470365.jpg",1,182,266,304,142,486,408
"Morganza_all/031057@29.5915683793682,-90.7317168988631.jpg",6,252,193,219,146,471,339
"Morganza_all/031058@29.5913450316301,-90.7313161946466.jpg",6,249,237,101,99,350,336
"Morganza_all/031060@29.590978252067,-90.7296315935673.jpg",1,116,198,443,200,559,398
"Morganza_all/031061@29.5911386796588,-90.7296306265125.jpg",1,314,282,190,126,504,408
"Morganza_all/031062@29.5910915914641,-90.7293599752486.jpg",1,200,210,383,226,583,436
"Morganza_all/031063@29.5912595154624,-90.7293327531275.jpg",2,187,255,452,163,639,418
"Morganza_all/031064@29.5914502524999,-90.7292791523884.jpg",1,81,270,337,146,418,416
"Morganza_all/031065@29.5915276230438,-90.729497203035.jpg",1,123,255,308,139,431,394
"Morganza_all/031066@29.5916257533267,-90.7292431373384.jpg",1,53,223,311,216,364,439
"Morganza_all/031067@29.5918253429937,-90.7294517043806.jpg",1,71,235,338,204,409,439
"Morganza_all/031069@29.5919462588575,-90.7291712908314.jpg",1,204,237,364,216,568,453
"Morganza_all/031070@29.591993226718,-90.729415735431.jpg",1,109,250,311,167,420,417
"Morganza_all/031072@29.592266764346,-90.7290994438646.jpg",1,172,294,322,113,494,407
"Morganza_all/031073@29.5922907581052,-90.7293352807169.jpg",3,76,264,288,180,364,444
"Morganza_all/031074@29.5924510373014,-90.7293080728721.jpg",1,78,247,314,184,392,431
"Morganza_all/031075@29.5924038551379,-90.729011209055.jpg",1,187,229,325,205,512,434
"Morganza_all/031076@29.5926024106364,-90.729001263839.jpg",1,68,238,443,208,511,446
"Morganza_all/031077@29.5926264851746,-90.7292545951343.jpg",1,164,240,301,196,465,436
"Morganza_all/031078@29.5927715831624,-90.7292449728317.jpg",1,75,229,332,230,407,459
"Morganza_all/031079@29.5927702135923,-90.7289478001541.jpg",2,0,233,466,209,466,442
"Morganza_all/031080@29.5929075864107,-90.7289207612672.jpg",1,122,218,422,228,544,446
"Morganza_all/031081@29.5929851461305,-90.729173770658.jpg",2,37,207,599,219,636,426
"Morganza_all/031082@29.5931668687399,-90.7288230724251.jpg",1,86,209,323,241,409,450
"Morganza_all/031084@29.5933500139343,-90.7287869783476.jpg",1,141,231,342,225,483,456
"Morganza_all/031085@29.5934126068308,-90.7291099933345.jpg",3,84,253,294,175,378,428
"Morganza_all/031086@29.5950667493119,-90.7283570909847.jpg",2,0,184,368,265,368,449
"Morganza_all/031087@29.5950605157704,-90.7286630322132.jpg",1,220,238,288,198,508,436
"Morganza_all/031088@29.5951672970947,-90.7286274297302.jpg",1,89,243,291,191,380,434
"Morganza_all/031089@29.5952422773665,-90.7283210728522.jpg",2,0,215,429,216,429,431
"Morganza_all/031090@29.5953198784393,-90.7285828032856.jpg",3,292,239,239,185,531,424
"Morganza_all/031091@29.5953948182402,-90.7282676988279.jpg",2,0,221,476,216,476,437
"Morganza_all/031092@29.5955474527008,-90.7282405660856.jpg",1,45,223,425,195,470,418
"Morganza_all/031093@29.5955793748126,-90.7285375310269.jpg",1,197,257,258,186,455,443
"Morganza_all/031094@29.5957546207332,-90.7284403461781.jpg",1,309,240,308,184,617,424
"Morganza_all/031095@29.5957075979589,-90.7281784299396.jpg",1,69,247,431,171,500,418
"Morganza_all/031096@29.5958756426658,-90.7281774144823.jpg",5,298,296,112,91,410,387
"Morganza_all/031097@29.5959074440044,-90.7284481704682.jpg",3,204,260,252,179,456,439
"Morganza_all/031098@29.5960358812311,-90.7281414566751.jpg",1,263,270,140,115,403,385
"Morganza_all/031099@29.5934950313635,-90.7287598929342.jpg",2,277,210,362,236,639,446
"Morganza_all/031100@29.5935653092847,-90.7290916091671.jpg",1,292,261,222,159,514,420
"Morganza_all/031101@29.59368582133,-90.7287237839344.jpg",1,113,224,366,200,479,424
"Morganza_all/031102@29.5938231537605,-90.7286879975506.jpg",1,281,243,287,162,568,405
"Morganza_all/031103@29.5939080764526,-90.7288797657529.jpg",1,214,252,353,133,567,385
"Morganza_all/031104@29.594068637681,-90.7289137540231.jpg",1,131,220,327,226,458,446
"Morganza_all/031105@29.5939755739058,-90.7286084154384.jpg",3,177,264,261,186,438,450
"Morganza_all/031106@29.5941589079161,-90.7286073083975.jpg",1,182,257,368,185,550,442
"Morganza_all/031107@29.5941982321792,-90.728851804276.jpg",1,135,240,458,190,593,430
"Morganza_all/031108@29.5942961999663,-90.7285627747013.jpg",1,206,262,305,147,511,409
"Morganza_all/031109@29.5943356048274,-90.7288247334079.jpg",1,85,209,374,233,459,442
"Morganza_all/031110@29.5945267171534,-90.7288585373315.jpg",2,0,206,433,240,433,446
"Morganza_all/031112@29.5947311035268,-90.7284552755852.jpg",2,0,216,536,227,536,443
"Morganza_all/031113@29.5947936970931,-90.7287782633552.jpg",2,139,204,502,276,641,480
"Morganza_all/031114@29.5949079215584,-90.7286989112169.jpg",3,189,231,285,217,474,448
"Morganza_all/031115@29.5948913019618,-90.7284106030621.jpg",1,110,197,487,268,597,465
"Morganza_all/031116@29.5962202236962,-90.7283588702219.jpg",3,205,268,396,152,601,420
"Morganza_all/031117@29.5961577628338,-90.7280708039345.jpg",2,0,188,385,247,385,435
"Morganza_all/031118@29.5963257544209,-90.7280523252691.jpg",1,125,210,289,201,414,411
"Morganza_all/031119@29.5964032881653,-90.7283053113245.jpg",1,230,265,228,133,458,398
"Morganza_all/031120@29.5964781869116,-90.7279814560762.jpg",1,170,237,253,171,423,408
"Morganza_all/031121@29.5965330033244,-90.7282695694179.jpg",1,98,233,301,182,399,415
"Morganza_all/031122@29.596600257337,-90.7279457599364.jpg",1,169,217,282,201,451,418
"Morganza_all/031123@29.5966934437491,-90.7282773474866.jpg",1,267,229,282,192,549,421
"Morganza_all/031124@29.5965831111766,-90.7275438280492.jpg",2,243,232,396,159,639,391
"Morganza_all/031125@29.5963686202543,-90.7274140088016.jpg",4,269,299,106,87,375,386
"Morganza_all/031126@29.5964191146572,-90.7267668981505.jpg",1,215,215,395,211,610,426
"Morganza_all/031127@29.5962896829979,-90.7268638405976.jpg",1,294,221,343,226,637,447
"Morganza_all/031128@29.5960605766009,-90.7268739754294.jpg",1,204,110,425,405,629,515
"Morganza_all/031129@29.5958774850705,-90.726927505462.jpg",1,216,181,292,269,508,450
"Morganza_all/031130@29.5957248510286,-90.7269546717594.jpg",2,303,124,335,363,638,487
"Morganza_all/031131@29.59560278087,-90.7269903687952.jpg",1,221,275,106,84,327,359
"Morganza_all/031132@29.5955580591102,-90.727226628906.jpg",3,129,238,398,218,527,456
"Morganza_all/031133@29.5954045892865,-90.7270789790859.jpg",1,138,189,372,250,510,439
"Morganza_all/031134@29.5952366253309,-90.7270974590476.jpg",2,126,250,510,231,636,481
"Morganza_all/031135@29.5951145421879,-90.7271244085143.jpg",1,213,205,367,253,580,458
"Morganza_all/031136@29.5949238464895,-90.7271867623564.jpg",2,195,258,446,221,641,479
"Morganza_all/031138@29.5950320009102,-90.727448306244.jpg",1,40,251,439,216,479,467
"Morganza_all/031140@29.5945367229352,-90.7277135313423.jpg",1,66,240,249,225,315,465
"Morganza_all/031143@29.5947214824278,-90.7280270638468.jpg",1,93,249,421,135,514,384
"Morganza_all/031144@29.5948817888404,-90.7279998530817.jpg",1,226,201,320,228,546,429
"Morganza_all/031145@29.5951715536627,-90.7278932283395.jpg",4,339,266,86,115,425,381
"Morganza_all/031146@29.5953625323063,-90.7278920737596.jpg",1,158,183,376,256,534,439
"Morganza_all/031147@29.5954920986732,-90.727830090592.jpg",1,294,230,230,175,524,405
"Morganza_all/031148@29.5956219073994,-90.7278205898588.jpg",1,242,243,256,162,498,405
"Morganza_all/031149@29.5957363733918,-90.7277936556977.jpg",3,226,284,225,131,451,415
"Morganza_all/031150@29.5958736249034,-90.7277404045279.jpg",3,172,264,425,142,597,406
"Morganza_all/031151@29.5960795422455,-90.7276692117096.jpg",1,311,224,289,194,600,418
"Morganza_all/031152@29.596203854555,-90.7264710422619.jpg",2,0,296,512,97,512,393
"Morganza_all/031153@29.5960207228524,-90.7265158574389.jpg",1,124,230,230,158,354,388
"Morganza_all/031154@29.5959061226907,-90.7265078044765.jpg",1,193,208,272,230,465,438
"Morganza_all/031155@29.5957532993037,-90.7264999831476.jpg",3,105,242,291,182,396,424
"Morganza_all/031156@29.5956469635362,-90.7266317432875.jpg",1,111,223,337,221,448,444
"Morganza_all/031157@29.5955170336138,-90.7266150357599.jpg",1,83,220,306,194,389,414
"Morganza_all/031158@29.5953871846437,-90.726615822432.jpg",2,0,163,570,315,570,478
"Morganza_all/031159@29.5952572273654,-90.7265991465993.jpg",1,346,286,107,87,453,373
"Morganza_all/031160@29.5950588338225,-90.7266440535751.jpg",1,146,264,158,130,304,394
"Morganza_all/031162@29.594814599891,-90.7266892380552.jpg",1,270,293,203,244,473,537
"Morganza_all/031163@29.594861451006,-90.7269074473948.jpg",1,193,294,199,223,392,517
"Morganza_all/031165@29.5946009443775,-90.7267342056326.jpg",1,343,250,150,116,493,366
"Morganza_all/031166@29.5943873424248,-90.7267966986305.jpg",1,86,214,460,186,546,400
"Morganza_all/031167@29.5926425421887,-90.7261167810871.jpg",2,0,38,637,603,637,641
"Morganza_all/031168@29.5921235915581,-90.7262160820524.jpg",2,0,147,641,480,641,627
"Morganza_all/031169@29.5916447506527,-90.7267346486077.jpg",1,159,241,320,197,479,438
"Morganza_all/031170@29.5918510315663,-90.7267421461883.jpg",1,26,103,366,348,392,451
"Morganza_all/031171@29.5922400123356,-90.726617425884.jpg",1,163,269,233,174,396,443
"Morganza_all/031172@29.592241184896,-90.7268708629388.jpg",1,206,271,229,165,435,436
"Morganza_all/031173@29.5922268932427,-90.7270807212955.jpg",6,260,182,98,149,358,331
"Morganza_all/031174@29.5923739431497,-90.727499343894.jpg",1,238,243,258,206,496,449
"Morganza_all/031175@29.5921979986363,-90.7274392418589.jpg",3,110,258,207,150,317,408
"Morganza_all/031177@29.5918852598062,-90.7275372567002.jpg",1,288,245,198,162,486,407
"Morganza_all/031178@29.5915493852011,-90.7275917388419.jpg",1,158,281,179,137,337,418
"Morganza_all/031179@29.5914529931012,-90.7282216009387.jpg",1,257,205,279,185,536,390
"Morganza_all/031180@29.5912336278738,-90.7286861376642.jpg",1,187,267,235,117,422,384
"Morganza_all/031181@29.5911434380826,-90.7290100676847.jpg",2,0,296,551,145,551,441
"Morganza_all/031182@29.5914787493137,-90.7288332620446.jpg",1,169,256,289,134,458,390
"Morganza_all/031183@29.5916238197763,-90.7288236394078.jpg",1,207,263,198,144,405,407
"Morganza_all/031184@29.591714895964,-90.7286919790297.jpg",1,99,236,307,147,406,383
"Morganza_all/031185@29.5918745704423,-90.7285336945818.jpg",1,304,242,245,152,549,394
"Morganza_all/031186@29.5921195306881,-90.7286458323563.jpg",1,209,281,237,110,446,391
"Morganza_all/031187@29.5922646689749,-90.7286449560267.jpg",1,113,302,276,95,389,397
"Morganza_all/031188@29.5923942358539,-90.7285830072138.jpg",1,123,266,332,128,455,394
"Morganza_all/031189@29.5925393741392,-90.7285821307907.jpg",1,141,257,267,182,408,439
"Morganza_all/031191@29.5929440893667,-90.7285534455612.jpg",3,207,229,244,207,451,436
"Morganza_all/031193@29.5932261165859,-90.728420661284.jpg",1,203,261,273,128,476,389
"Morganza_all/031194@29.5934627870513,-90.7283929902798.jpg",2,251,261,390,169,641,430
"Morganza_all/031195@29.5936381941843,-90.7283307634725.jpg",1,150,223,243,185,393,408
"Morganza_all/031196@29.5942555036391,-90.7280211330888.jpg",1,225,254,247,160,472,414
"Morganza_all/031197@29.5942089772484,-90.7278728374265.jpg",1,68,250,266,175,334,425
"Morganza_all/031198@29.5941760841372,-90.7273660752701.jpg",1,360,276,216,146,576,422
"Morganza_all/031199@29.593893694645,-90.7274202356355.jpg",1,161,243,309,201,470,444
"Morganza_all/031200@29.5933596556834,-90.7275633266187.jpg",1,123,265,154,181,277,446
"Morganza_all/031201@29.593092757147,-90.7276610649771.jpg",3,249,269,177,166,426,435
"Morganza_all/031202@29.5924518285123,-90.7278222624869.jpg",2,0,170,371,311,371,481
"Morganza_all/031203@29.5921312705849,-90.7278766513823.jpg",1,179,239,399,213,578,452
"Morganza_all/031204@29.591963803607,-90.7280087433144.jpg",1,98,209,467,241,565,450
"Morganza_all/031205@29.5916199081179,-90.7279758653823.jpg",1,103,223,434,223,537,446
"Morganza_all/031206@29.5925265645427,-90.7274634638041.jpg",3,177,244,230,210,407,454
"Morganza_all/031207@29.592717071475,-90.7273661876938.jpg",1,68,284,237,149,305,433
"Morganza_all/031208@29.5930833354792,-90.7272765632425.jpg",1,343,257,207,121,550,378
"Morganza_all/031210@29.593625220836,-90.7271771280099.jpg",1,264,245,364,209,628,454
"Morganza_all/031211@29.5941208487295,-90.7269818467837.jpg",1,116,282,350,136,466,418
"Morganza_all/031212@29.5940741999193,-90.7268073423768.jpg",1,238,237,324,209,562,446
"Morganza_all/031214@29.593995462463,-90.7263008905739.jpg",3,131,263,230,81,361,344
"Morganza_all/031215@29.5937823460125,-90.7264682215175.jpg",1,200,235,212,114,412,349
"Morganza_all/031216@29.5936448523917,-90.7264690546907.jpg",1,28,185,337,216,365,401
"Morganza_all/031217@29.5933402848451,-90.7266806744252.jpg",1,106,255,252,149,358,404
"Morganza_all/031218@29.5931636247145,-90.7264719707788.jpg",1,170,278,159,115,329,393
"Morganza_all/031219@29.5929421629732,-90.7264820598676.jpg",1,112,219,287,203,399,422
"Morganza_all/031221@29.5927230998933,-90.7270165507786.jpg",6,261,249,97,81,358,330
"Morganza_all/031222@29.5925173443721,-90.7271226669369.jpg",3,265,249,255,209,520,458
"Morganza_all/031223@29.5924781785697,-90.7269131316742.jpg",3,165,277,309,151,474,428
"Morganza_all/031224@29.5924689439872,-90.7265635880324.jpg",3,152,292,295,131,447,423
"Morganza_all/031229@29.5962381860168,-90.7276690388864.jpg",1,238,213,260,174,498,387
"Morganza_all/031230@29.5938172145769,-90.7282947247087.jpg",1,301,256,243,152,544,408
"Morganza_all/031232@29.5941557771405,-90.7282625045321.jpg",1,316,257,309,147,625,404
"Morganza_all/031234@29.5941771417316,-90.7292399870577.jpg",4,294,239,163,243,457,482
"Morganza_all/031235@29.5939813390944,-90.7301644381887.jpg",4,237,291,93,117,330,408
"Morganza_all/031242@29.5934086651912,-90.7275406903273.jpg",1,246,282,170,157,416,439
"Morganza_all/031243@29.5921358345398,-90.726585617448.jpg",2,0,277,399,151,399,428
"Morganza_all/031244@29.5940210025209,-90.7266736876002.jpg",1,150,260,237,186,387,446
"Morganza_all/031248@29.5924569267909,-90.7268607779541.jpg",4,264,289,83,93,347,382
"Morganza_all/031249@29.5945735113528,-90.7309955103617.jpg",3,204,243,162,146,366,389
"Morganza_all/031251@29.5919992754098,-90.7297618357763.jpg",2,295,227,342,191,637,418
"Morganza_all/031252@29.6038557262438,-90.7469535006551.jpg",1,64,257,407,126,471,383
"Morganza_all/031253@29.6033894487391,-90.74677595273.jpg",2,0,308,507,142,507,450
"Morganza_all/031254@29.6035007415466,-90.7476439355519.jpg",6,252,261,91,110,343,371
"Morganza_all/031260@29.6029645189642,-90.7510560448833.jpg",6,285,243,116,95,401,338
"Morganza_all/031262@29.6019887028488,-90.7506355896968.jpg",6,242,118,127,95,369,213
"Morganza_all/031263@29.6021788995147,-90.7515358949851.jpg",6,315,160,125,106,440,266
"Morganza_all/031264@29.6019206623977,-90.7514390602852.jpg",6,198,230,142,89,340,319
"Morganza_all/031266@29.6025824851464,-90.752107169725.jpg",6,184,373,146,81,330,454
"Morganza_all/031267@29.6024992381214,-90.7527140609817.jpg",2,0,226,641,124,641,350
"Morganza_all/031269@29.6015669447617,-90.7491958122307.jpg",6,211,278,163,92,374,370
"Morganza_all/031271@29.6006407689751,-90.7486603947075.jpg",6,256,223,129,106,385,329
"Morganza_all/031273@29.5998007619595,-90.7465839127406.jpg",1,231,243,319,88,550,331
"Morganza_all/031274@29.5995879943642,-90.747044035112.jpg",1,143,250,342,100,485,350
"Morganza_all/031275@29.5993684507317,-90.7475943464319.jpg",2,31,146,604,230,635,376
"Morganza_all/031277@29.6004664337954,-90.7497184752925.jpg",6,220,229,84,116,304,345
"Morganza_all/031279@29.6011982629154,-90.7516399266561.jpg",3,138,200,467,159,605,359
"Morganza_all/031281@29.6021692489357,-90.7542073977377.jpg",1,181,277,194,106,375,383
"Morganza_all/031282@29.6021528945576,-90.7537486049894.jpg",1,155,275,220,95,375,370
"Morganza_all/031283@29.6008212272131,-90.7538218577931.jpg",6,203,209,81,107,284,316
"Morganza_all/031287@29.6010727911499,-90.7524109347775.jpg",1,16,246,415,164,431,410
"Morganza_all/031289@29.6009500011441,-90.7521740090402.jpg",1,35,268,413,133,448,401
"Morganza_all/031290@29.6007343906915,-90.7520031996662.jpg",1,149,261,210,108,359,369
"Morganza_all/031291@29.6003163597206,-90.7513992315178.jpg",1,161,282,227,84,388,366
"Morganza_all/031292@29.5994129960667,-90.7527811369678.jpg",6,280,177,87,112,367,289
"Morganza_all/031293@29.5991147072911,-90.7517257864559.jpg",6,236,197,107,83,343,280
"Morganza_all/031294@29.5993143919991,-90.7515361430402.jpg",6,224,228,148,94,372,322
"Morganza_all/031295@29.5990257550354,-90.7510461590013.jpg",6,215,271,128,87,343,358
"Morganza_all/031297@29.5997975194152,-90.7506729465016.jpg",1,144,282,263,81,407,363
"Morganza_all/031298@29.5997034163307,-90.7504440402086.jpg",1,129,285,222,94,351,379
"Morganza_all/031299@29.5995588272355,-90.7501417023834.jpg",1,121,262,261,131,382,393
"Morganza_all/031300@29.5994217062757,-90.7499048664792.jpg",1,125,293,247,101,372,394
"Morganza_all/031301@29.5992555573644,-90.7495780492438.jpg",1,87,275,365,119,452,394
"Morganza_all/031302@29.5990397244859,-90.7493580677882.jpg",1,76,275,349,119,425,394
"Morganza_all/031313@29.5972605598089,-90.7454434049847.jpg",6,275,198,100,93,375,291
"Morganza_all/031316@29.5948146561895,-90.7431195371113.jpg",6,256,269,201,87,457,356
"Morganza_all/031317@29.5944995407322,-90.74354141905.jpg",6,197,233,112,103,309,336
"Morganza_all/031319@29.5940630999399,-90.7429617026617.jpg",6,267,249,178,119,445,368
"Morganza_all/031320@29.594377654302,-90.7424157266601.jpg",6,210,283,161,93,371,376
"Morganza_all/031321@29.6005659149868,-90.7550472356766.jpg",6,254,209,93,91,347,300
"Morganza_all/031322@29.6014770389792,-90.7554429274576.jpg",6,249,230,113,85,362,315
"Morganza_all/031323@29.6013361679448,-90.7556633172686.jpg",6,246,195,110,105,356,300
"Morganza_all/031324@29.6016288225366,-90.7558143704056.jpg",1,106,286,222,101,328,387
"Morganza_all/031327@29.6008809800604,-90.7564964798075.jpg",6,260,246,153,109,413,355
"Morganza_all/031328@29.6045239243306,-90.7435357464331.jpg",6,245,240,148,90,393,330
"Morganza_all/031329@29.6032284066354,-90.7459209136282.jpg",2,171,243,464,130,635,373
"Morganza_all/031330@29.6029811887094,-90.745301760775.jpg",2,0,243,637,155,637,398
"Morganza_all/031332@29.6034618560681,-90.7434720806413.jpg",1,56,257,319,137,375,394
"Morganza_all/031333@29.6034015794336,-90.7436559867134.jpg",2,65,231,571,181,636,412
"Morganza_all/031334@29.6033182507491,-90.7438138157057.jpg",2,171,226,461,179,632,405
"Morganza_all/031335@29.603257973635,-90.7439977213084.jpg",1,222,230,409,174,631,404
"Morganza_all/031336@29.60309961564,-90.7444532026226.jpg",1,141,219,424,189,565,408
"Morganza_all/031337@29.6030543247757,-90.7445758463651.jpg",1,125,226,312,183,437,409
"Morganza_all/031338@29.6029635738829,-90.7447773946198.jpg",2,47,205,592,238,639,443
"Morganza_all/031339@29.6027821224261,-90.7451980485911.jpg",1,182,279,317,139,499,418
"Morganza_all/031341@29.6022948958415,-90.7455680081102.jpg",6,270,220,123,116,393,336
"Morganza_all/031344@29.6025519166565,-90.7449633950142.jpg",1,111,328,269,90,380,418
"Morganza_all/031345@29.602665495612,-90.7447441862131.jpg",1,195,273,279,153,474,426
"Morganza_all/031346@29.6026723555035,-90.7445693441783.jpg",1,255,288,118,95,373,383
"Morganza_all/031347@29.6027787485614,-90.7444463415747.jpg",1,222,275,307,149,529,424
"Morganza_all/031348@29.6028545904042,-90.7443235184104.jpg",2,0,200,327,239,327,439
"Morganza_all/031349@29.6029370673575,-90.7439821454312.jpg",1,202,267,337,170,539,437
"Morganza_all/031353@29.6032689772921,-90.7430448792135.jpg",1,143,281,430,115,573,396
"Morganza_all/031354@29.6033825925744,-90.7428344459166.jpg",1,106,280,226,87,332,367
"Morganza_all/031355@29.6035717993599,-90.7424399834266.jpg",1,92,240,272,163,364,403
"Morganza_all/031356@29.6013869043519,-90.745791876189.jpg",1,314,239,221,99,535,338
"Morganza_all/031357@29.6008440766675,-90.7456901819536.jpg",1,325,265,198,81,523,346
"Morganza_all/031359@29.6028101050156,-90.7429252385017.jpg",6,190,298,86,90,276,388
"Morganza_all/031360@29.6028488910142,-90.7413603506088.jpg",3,243,266,283,107,526,373
"Morganza_all/031361@29.6023152040055,-90.7415907941673.jpg",2,0,250,507,159,507,409
"Morganza_all/031362@29.6021790116349,-90.74188002827.jpg",2,0,253,535,147,535,400
"Morganza_all/031363@29.6020732122452,-90.7421341534889.jpg",1,106,259,511,143,617,402
"Morganza_all/031364@29.6019519928603,-90.7423533776029.jpg",2,0,268,390,120,390,388
"Morganza_all/031365@29.6018614543521,-90.7426074117154.jpg",1,43,265,472,143,515,408
"Morganza_all/031366@29.6017023532881,-90.7428967781848.jpg",1,68,232,512,170,580,402
"Morganza_all/031367@29.6016038818508,-90.7430809379758.jpg",3,103,249,432,155,535,404
"Morganza_all/031368@29.6015894973917,-90.7432820661732.jpg",3,63,256,346,117,409,373
"Morganza_all/031369@29.6013994898869,-90.7434929451542.jpg",3,2,260,317,93,319,353
"Morganza_all/031371@29.6012441105912,-90.7429169756977.jpg",3,44,258,324,125,368,383
"Morganza_all/031372@29.601395830709,-90.7426800782406.jpg",1,70,264,427,140,497,404
"Morganza_all/031373@29.6015473928517,-90.7424082210416.jpg",2,134,257,498,143,632,400
"Morganza_all/031374@29.6016380217941,-90.7421804305991.jpg",1,157,244,326,158,483,402
"Morganza_all/031375@29.6018879344226,-90.7416981992116.jpg",1,66,256,530,148,596,404
"Morganza_all/031376@29.6016657734214,-90.7415596403134.jpg",4,279,296,94,109,373,405
"Morganza_all/031377@29.6014984386139,-90.7417179646304.jpg",2,197,249,435,198,632,447
"Morganza_all/031378@29.6013622855511,-90.7420159752735.jpg",2,283,253,353,164,636,417
"Morganza_all/031379@29.6012635394177,-90.7421389335878.jpg",1,347,269,181,116,528,385
"Morganza_all/031380@29.6012105271991,-90.7422441260645.jpg",1,298,274,195,165,493,439
"Morganza_all/031381@29.601234918678,-90.7425673999858.jpg",1,46,254,439,140,485,394
"Morganza_all/031382@29.6010451998498,-90.7428482289027.jpg",1,253,268,99,98,352,366
"Morganza_all/031384@29.6007802570614,-90.7433829656842.jpg",6,222,251,115,103,337,354
"Morganza_all/031385@29.6006053540923,-90.7435588256601.jpg",6,276,269,194,99,470,368
"Morganza_all/031386@29.600383655142,-90.7435164240491.jpg",6,268,278,168,87,436,365
"Morganza_all/031387@29.6002221263329,-90.7432726275414.jpg",6,215,239,195,109,410,348
"Morganza_all/031388@29.5999763130156,-90.7429681575614.jpg",6,204,230,236,120,440,350
"Morganza_all/031389@29.6005038141465,-90.7430611787494.jpg",6,12,150,626,279,638,429
"Morganza_all/031393@29.6010940360444,-90.7418165168353.jpg",1,74,229,379,214,453,443
"Morganza_all/031397@29.6002424630092,-90.7426956288088.jpg",3,57,266,384,135,441,401
"Morganza_all/031400@29.599848548896,-90.7434321616165.jpg",2,199,233,439,203,638,436
"Morganza_all/031401@29.5998633663193,-90.7433271962391.jpg",3,71,258,451,188,522,446
"Morganza_all/031404@29.5994145461663,-90.7420449401804.jpg",6,322,268,117,97,439,365
"Morganza_all/031405@29.5993080371719,-90.7421417303882.jpg",6,191,246,161,89,352,335
"Morganza_all/031406@29.5993017320451,-90.7424389362874.jpg",6,218,253,98,92,316,345
"Morganza_all/031407@29.5990112977991,-90.7424056909452.jpg",6,246,249,143,108,389,357
"Morganza_all/031408@29.5988971319688,-90.7424937779291.jpg",6,282,310,161,87,443,397
"Morganza_all/031409@29.598630824924,-90.7427313455507.jpg",6,207,261,102,112,309,373
"Morganza_all/031411@29.5999917384155,-90.744698730399.jpg",1,0,16,639,406,639,422
"Morganza_all/031412@29.599474040586,-90.7450863563911.jpg",2,0,126,638,372,638,498
"Morganza_all/031413@29.5992910473492,-90.7434616571766.jpg",2,263,191,376,143,639,334
"Morganza_all/031414@29.5990069645382,-90.7448356389839.jpg",2,0,199,641,181,641,380
"Morganza_all/031415@29.5983790676696,-90.7444984250843.jpg",6,219,227,94,110,313,337
"Morganza_all/031416@29.5977810926161,-90.7440212048247.jpg",6,213,245,175,81,388,326
"Morganza_all/031417@29.5971488940899,-90.7427226218131.jpg",6,201,282,108,87,309,369
"Morganza_all/031419@29.5980181332289,-90.7423765927267.jpg",6,224,226,120,139,344,365
"Morganza_all/031420@29.5976948894193,-90.7418365945828.jpg",6,228,197,123,131,351,328
"Morganza_all/031421@29.5972199377292,-90.7415422373653.jpg",6,176,176,232,128,408,304
"Morganza_all/031422@29.5970132236466,-90.7414385523394.jpg",1,259,250,192,95,451,345
"Morganza_all/031423@29.5980334928692,-90.7406983258006.jpg",6,141,159,279,133,420,292
"Morganza_all/031424@29.5991284828358,-90.7412862135276.jpg",6,190,161,231,122,421,283
"Morganza_all/031425@29.5988101641624,-90.7401518177937.jpg",1,116,289,360,98,476,387
"Morganza_all/031426@29.5990639843499,-90.7405348957686.jpg",2,0,271,437,127,437,398
"Morganza_all/031427@29.5991866233087,-90.7406302995437.jpg",1,79,273,484,137,563,410
"Morganza_all/031428@29.5993173020302,-90.740813101119.jpg",1,134,222,432,193,566,415
"Morganza_all/031429@29.5994249950116,-90.7409785437897.jpg",1,103,285,516,127,619,412
"Morganza_all/031430@29.5995555940906,-90.7411438198928.jpg",1,150,264,440,148,590,412
"Morganza_all/031431@29.5996785364554,-90.7413004254655.jpg",1,178,226,303,161,481,387
"Morganza_all/031432@29.6000604664269,-90.7412981674971.jpg",2,0,260,535,144,535,404
"Morganza_all/031433@29.6003193356423,-90.7411130916714.jpg",2,0,265,584,128,584,393
"Morganza_all/031434@29.6005171813016,-90.7409458399517.jpg",1,57,279,584,98,641,377
"Morganza_all/031435@29.6006997255576,-90.740769961797.jpg",1,86,277,424,132,510,409
"Morganza_all/031437@29.6010040392221,-90.7404971992747.jpg",2,0,249,538,149,538,398
"Morganza_all/031438@29.6011562292985,-90.7403651753712.jpg",2,0,257,577,167,577,424
"Morganza_all/031439@29.5992371555792,-90.7399832089796.jpg",1,98,274,521,119,619,393
"Morganza_all/031440@29.5994295974164,-90.7403054808381.jpg",1,134,271,359,159,493,430
"Morganza_all/031441@29.5995449750968,-90.7404795938715.jpg",1,56,268,456,119,512,387
"Morganza_all/031442@29.5996373792003,-90.7406451270497.jpg",2,0,265,531,139,531,404
"Morganza_all/031443@29.5997528354863,-90.740836735766.jpg",2,0,255,528,152,528,407
"Morganza_all/031444@29.5999216701482,-90.7410105652443.jpg",1,65,95,416,349,481,444
"Morganza_all/031445@29.6001422246238,-90.7407994724286.jpg",1,157,275,389,166,546,441
"Morganza_all/031446@29.6000113089039,-90.740564247371.jpg",1,37,233,574,178,611,411
"Morganza_all/031447@29.599857300705,-90.7402942003054.jpg",3,146,266,434,142,580,408
"Morganza_all/031448@29.5997421082924,-90.740155013704.jpg",1,50,221,502,190,552,411
"Morganza_all/031449@29.5995804546007,-90.7398850132966.jpg",5,296,253,225,111,521,364
"Morganza_all/031450@29.5999464897779,-90.7397430065318.jpg",1,118,284,492,137,610,421
"Morganza_all/031451@29.600123524163,-90.7400391282987.jpg",2,0,275,420,156,420,431
"Morganza_all/031452@29.6002084818739,-90.7402484133633.jpg",2,0,260,498,162,498,422
"Morganza_all/031453@29.6003008346525,-90.7403964522365.jpg",2,0,257,447,141,447,398
"Morganza_all/031454@29.600401002002,-90.7405881524348.jpg",2,0,246,541,163,541,409
"Morganza_all/031455@29.6006135159562,-90.7402897219406.jpg",2,0,278,637,121,637,399
"Morganza_all/031456@29.6004441266458,-90.7399935215208.jpg",3,67,241,463,154,530,395
"Morganza_all/031457@29.6003438397755,-90.7397756107514.jpg",1,141,288,488,120,629,408
"Morganza_all/031458@29.6002284490509,-90.7395927494709.jpg",2,0,227,524,182,524,409
"Morganza_all/031459@29.600540892124,-90.7394335630078.jpg",1,88,256,457,135,545,391
"Morganza_all/031460@29.6006258386911,-90.739634100727.jpg",2,0,247,465,164,465,411
"Morganza_all/031461@29.6007643611329,-90.7398605331543.jpg",2,0,233,631,189,631,422
"Morganza_all/031462@29.600933671594,-90.7401392391603.jpg",2,0,282,549,124,549,406
"Morganza_all/031463@29.6004825208651,-90.7383500361121.jpg",6,213,143,115,185,328,328
"Morganza_all/031464@29.6002514695087,-90.7379318633351.jpg",2,0,216,640,230,640,446
"Morganza_all/031465@29.5999476371476,-90.7383095069794.jpg",2,0,1,641,508,641,509
"Morganza_all/031466@29.6002258354462,-90.7390158545978.jpg",2,0,252,641,153,641,405
"Morganza_all/031467@29.5938948593353,-90.7376724709287.jpg",2,0,249,560,122,560,371
"Morganza_all/031469@29.5940959953398,-90.738230655279.jpg",1,203,250,293,118,496,368
"Morganza_all/031470@29.5942270738659,-90.7385008198546.jpg",1,318,276,143,89,461,365
"Morganza_all/031471@29.594304298026,-90.7386839270178.jpg",1,266,276,161,89,427,365
"Morganza_all/031477@29.5959791389969,-90.7408066096552.jpg",6,256,261,168,88,424,349
"Morganza_all/031478@29.5960522106139,-90.7400719955764.jpg",6,260,273,84,87,344,360
"Morganza_all/031479@29.5962719602287,-90.7396773756347.jpg",6,216,282,83,84,299,366
"Morganza_all/031481@29.5974411710082,-90.7397840675676.jpg",6,229,174,82,89,311,263
"Morganza_all/031482@29.5973852713776,-90.7392512423474.jpg",6,198,178,96,85,294,263
"Morganza_all/031484@29.5994256739284,-90.7377532294106.jpg",6,266,277,203,88,469,365
"Morganza_all/031486@29.599168824512,-90.7367058571801.jpg",6,153,279,102,106,255,385
"Morganza_all/031487@29.5990571847789,-90.7356751189014.jpg",1,98,234,501,177,599,411
"Morganza_all/031488@29.5991965503655,-90.7360851121502.jpg",2,0,256,433,192,433,448
"Morganza_all/031489@29.5990749431801,-90.7362169576437.jpg",2,0,289,383,140,383,429
"Morganza_all/031490@29.5988748466444,-90.7358947403907.jpg",2,183,266,454,142,637,408
"Morganza_all/031491@29.5986999413615,-90.7360618625633.jpg",2,102,274,531,148,633,422
"Morganza_all/031492@29.5989456238876,-90.7363401011606.jpg",2,2,283,396,118,398,401
"Morganza_all/031493@29.5988086871866,-90.736463258294.jpg",2,0,281,453,133,453,414
"Morganza_all/031494@29.5985097189274,-90.7362290440139.jpg",2,70,239,560,160,630,399
"Morganza_all/031495@29.5986870796197,-90.7365951028176.jpg",2,0,266,468,173,468,439
"Morganza_all/031496@29.5983119589205,-90.7364137963745.jpg",2,143,264,495,140,638,404
"Morganza_all/031497@29.5985578670737,-90.7367357399238.jpg",1,66,239,368,184,434,423
"Morganza_all/031498@29.5983674847559,-90.7368679619521.jpg",2,0,257,567,148,567,405
"Morganza_all/031499@29.5981525533455,-90.7366332467677.jpg",2,69,280,563,137,632,417
"Morganza_all/031500@29.597969895375,-90.736782917531.jpg",2,200,266,436,152,636,418
"Morganza_all/031501@29.5981697238481,-90.7370527127886.jpg",2,0,278,549,142,549,420
"Morganza_all/031501@29.5981697238481,-90.7370527127886.jpg",2,0,283,542,132,542,415
"Morganza_all/031502@29.5980635760489,-90.7372281385525.jpg",1,32,254,456,180,488,434
"Morganza_all/031503@29.597840563398,-90.736897342963.jpg",2,265,263,370,154,635,417
"Morganza_all/031504@29.597688336873,-90.737020589017.jpg",1,109,265,462,154,571,419
"Morganza_all/031505@29.5979416498973,-90.7372900656519.jpg",2,0,255,341,164,341,419
"Morganza_all/031506@29.597551320264,-90.7371263120609.jpg",1,207,279,374,133,581,412
"Morganza_all/031507@29.5977742407175,-90.7374308966334.jpg",1,0,270,462,125,462,395
"Morganza_all/031508@29.5975571758503,-90.7367329539628.jpg",5,102,278,424,99,526,377
"Morganza_all/031509@29.5974449340566,-90.7372493160205.jpg",1,216,292,382,116,598,408
"Morganza_all/031510@29.597652485433,-90.7375364969424.jpg",2,0,261,415,162,415,423
"Morganza_all/031511@29.5975462180586,-90.737685742404.jpg",2,0,265,451,162,451,427
"Morganza_all/031512@29.5973154822457,-90.7373374670327.jpg",2,206,282,433,128,639,410
"Morganza_all/031513@29.5971785447445,-90.7374606522625.jpg",2,217,267,419,159,636,426
"Morganza_all/031514@29.5974166866316,-90.7377564298864.jpg",2,0,291,374,127,374,418
"Morganza_all/031515@29.5972798280439,-90.7378970776988.jpg",1,49,311,350,106,399,417
"Morganza_all/031516@29.5971656774562,-90.7379939157011.jpg",2,176,240,453,166,629,406
"Morganza_all/031517@29.5969812991495,-90.7377590192242.jpg",1,21,257,345,140,366,397
"Morganza_all/031518@29.5966741721828,-90.7374112316915.jpg",3,107,282,372,126,479,408
"Morganza_all/031519@29.5968186472584,-90.7372705072634.jpg",1,52,286,349,149,401,435
"Morganza_all/031520@29.5969478482505,-90.7371211573721.jpg",2,0,299,403,114,403,413
"Morganza_all/031521@29.5970467088977,-90.737024409626.jpg",1,99,297,412,121,511,418
"Morganza_all/031522@29.5971378057421,-90.7369015284408.jpg",5,260,278,128,91,388,369
"Morganza_all/031523@29.5972747823735,-90.7367870582788.jpg",1,37,282,349,138,386,420
"Morganza_all/031524@29.596603716559,-90.7370357948451.jpg",1,5,255,555,144,560,399
"Morganza_all/031525@29.5967854326804,-90.7366850983714.jpg",1,288,323,214,100,502,423
"Morganza_all/031526@29.5963420027717,-90.7366003291694.jpg",1,82,249,317,139,399,388
"Morganza_all/031527@29.5959208825108,-90.7363843431335.jpg",4,296,275,96,84,392,359
"Morganza_all/031529@29.5956671572299,-90.7360187502857.jpg",1,229,291,389,124,618,415
"Morganza_all/031530@29.5958498267005,-90.7358778288565.jpg",1,227,295,246,115,473,410
"Morganza_all/031531@29.5960783240386,-90.7357278860629.jpg",2,56,226,579,169,635,395
"Morganza_all/031532@29.5962168930977,-90.7359630499592.jpg",1,167,292,361,113,528,405
"Morganza_all/031533@29.596460014872,-90.735673155335.jpg",1,64,262,469,136,533,398
"Morganza_all/031534@29.5967869852043,-90.735347800346.jpg",1,146,257,314,102,460,359
"Morganza_all/031535@29.5968793957938,-90.7355133242301.jpg",1,158,299,339,97,497,396
"Morganza_all/031536@29.5969793985752,-90.7356613081911.jpg",5,304,281,135,85,439,366
"Morganza_all/031537@29.5970822400565,-90.7364385897263.jpg",2,0,250,508,187,508,437
"Morganza_all/031538@29.5972953814014,-90.7362799904351.jpg",1,222,278,243,101,465,379
"Morganza_all/031539@29.5974399227435,-90.7361480420643.jpg",2,0,230,609,209,609,439
"Morganza_all/031540@29.5978683696793,-90.7362940693518.jpg",1,63,272,546,175,609,447
"Morganza_all/031541@29.5980051867043,-90.7361446712115.jpg",1,98,250,298,200,396,450
"Morganza_all/031542@29.5982565631357,-90.7359945578643.jpg",2,0,252,563,165,563,417
"Morganza_all/031543@29.5984845826462,-90.7357397379006.jpg",2,52,283,580,136,632,419
"Morganza_all/031544@29.5986747768145,-90.7355725242613.jpg",1,123,252,443,125,566,377
"Morganza_all/031545@29.5988955096105,-90.7353964114857.jpg",1,62,264,316,124,378,388
"Morganza_all/031546@29.5985406208917,-90.7346293399351.jpg",2,200,65,438,342,638,407
"Morganza_all/031547@29.5979681389332,-90.7347201750358.jpg",2,0,83,469,324,469,407
"Morganza_all/031548@29.598489237984,-90.7350841757345.jpg",3,197,250,300,153,497,403
"Morganza_all/031549@29.5983756475222,-90.7353033550481.jpg",1,50,267,472,149,522,416
"Morganza_all/031550@29.5977334215201,-90.7351760717824.jpg",4,196,273,94,110,290,383
"Morganza_all/031551@29.5978030853105,-90.7353766915608.jpg",1,344,282,293,116,637,398
"Morganza_all/031553@29.5980332286566,-90.7355938488116.jpg",2,54,285,585,153,639,438
"Morganza_all/031554@29.5977900273505,-90.735866253599.jpg",1,153,249,264,164,417,413
"Morganza_all/031555@29.5976376426706,-90.7359545749742.jpg",1,139,265,328,164,467,429
"Morganza_all/031556@29.5975141238135,-90.7356668643728.jpg",1,283,260,192,146,475,406
"Morganza_all/031557@29.5973836371856,-90.73552777762.jpg",1,56,262,387,156,443,418
"Morganza_all/031558@29.5972759374638,-90.7353623756484.jpg",1,186,265,214,141,400,406
"Morganza_all/031559@29.5971300416501,-90.735197170702.jpg",1,67,221,515,154,582,375
"Morganza_all/031560@29.5980237687018,-90.733522372044.jpg",1,161,251,342,222,503,473
"Morganza_all/031561@29.5981020388455,-90.7339327237904.jpg",1,212,275,349,103,561,378
"Morganza_all/031562@29.5978939997305,-90.7335406443793.jpg",1,287,282,337,170,624,452
"Morganza_all/031563@29.5979496154865,-90.7340123010781.jpg",1,265,267,274,127,539,394
"Morganza_all/031564@29.5977816505662,-90.7340307698806.jpg",1,217,267,266,110,483,377
"Morganza_all/031565@29.5976880790674,-90.7336117949495.jpg",2,0,232,517,297,517,529
"Morganza_all/031566@29.5976291473352,-90.7340928836756.jpg",3,228,260,331,140,559,400
"Morganza_all/031567@29.5974460005586,-90.7341289381268.jpg",1,185,272,351,116,536,388
"Morganza_all/031568@29.5973904775974,-90.7336834942028.jpg",1,179,268,302,234,481,502
"Morganza_all/031569@29.5972761977647,-90.733745379431.jpg",1,94,265,393,179,487,444
"Morganza_all/031570@29.5973163113045,-90.7341646726052.jpg",2,284,254,348,119,632,373
"Morganza_all/031571@29.597125532331,-90.7342095199459.jpg",1,190,273,307,96,497,369
"Morganza_all/031572@29.5970089474627,-90.7337731904484.jpg",1,120,289,401,172,521,461
"Morganza_all/031573@29.5969881186134,-90.7342278369605.jpg",5,231,271,268,120,499,391
"Morganza_all/031574@29.5968107513034,-90.7338617885596.jpg",4,321,301,96,128,417,429
"Morganza_all/031575@29.5968048643633,-90.7342463966886.jpg",1,222,240,304,141,526,381
"Morganza_all/031577@29.5975938137635,-90.7347136650738.jpg",3,135,284,263,101,398,385
"Morganza_all/031578@29.5974104397828,-90.7347060137157.jpg",1,129,272,338,117,467,389
"Morganza_all/031579@29.5972656208105,-90.7347768278051.jpg",1,239,281,208,99,447,380
"Morganza_all/031580@29.5970673840477,-90.7348566769288.jpg",1,214,290,307,87,521,377
"Morganza_all/031581@29.5969146010915,-90.7348575899835.jpg",1,200,285,238,81,438,366
"Morganza_all/031582@29.5967621647427,-90.734928417554.jpg",1,204,274,238,90,442,364
"Morganza_all/031583@29.5965331897652,-90.73497349141.jpg",1,141,270,446,87,587,357
"Morganza_all/031584@29.5962737708649,-90.7350362102763.jpg",3,214,283,242,88,456,371
"Morganza_all/031585@29.5961209879039,-90.7350371230499.jpg",3,130,271,298,109,428,380
"Morganza_all/031586@29.5959607073918,-90.735064291258.jpg",1,119,274,277,105,396,379
"Morganza_all/031587@29.5957854966126,-90.7351702432963.jpg",1,189,282,322,88,511,370
"Morganza_all/031588@29.5966675304273,-90.7342821765154.jpg",1,242,265,341,129,583,394
"Morganza_all/031589@29.5964768986496,-90.7343532332419.jpg",1,228,296,258,87,486,383
"Morganza_all/031590@29.5963223982891,-90.7339783336987.jpg",1,136,256,326,208,462,464
"Morganza_all/031591@29.5961622379461,-90.7340317451026.jpg",1,270,272,323,192,593,464
"Morganza_all/031592@29.5963243952601,-90.7344153457365.jpg",1,225,266,350,139,575,405
"Morganza_all/031593@29.5961717595253,-90.7344424692781.jpg",1,314,261,245,133,559,394
"Morganza_all/031594@29.5959961100783,-90.7344522670768.jpg",1,234,279,340,114,574,393
"Morganza_all/031595@29.5958570590616,-90.7341122347158.jpg",4,283,296,111,117,394,413
"Morganza_all/031596@29.5958588559851,-90.7345055405774.jpg",3,289,261,303,129,592,390
"Morganza_all/031597@29.595668064438,-90.7345416393457.jpg",1,174,275,375,113,549,388
"Morganza_all/031598@29.595551880125,-90.7341927238384.jpg",1,148,271,401,150,549,421
"Morganza_all/031599@29.5955077165813,-90.7345600612966.jpg",1,273,275,234,119,507,394
"Morganza_all/031600@29.5953456396305,-90.7341939577117.jpg",1,156,279,288,148,444,427
"Morganza_all/031601@29.5953705023853,-90.7346220814695.jpg",1,347,275,238,111,585,386
"Morganza_all/031602@29.5951949326601,-90.7346493415397.jpg",3,209,275,320,105,529,380
"Morganza_all/031603@29.5951171315792,-90.734335155686.jpg",1,248,229,296,301,544,530
"Morganza_all/031604@29.5948804322284,-90.7343627818049.jpg",2,303,260,336,171,639,431
"Morganza_all/031605@29.5950502209354,-90.7347376166198.jpg",1,256,265,293,133,549,398
"Morganza_all/031606@29.5948668868781,-90.7347387124481.jpg",1,226,270,330,118,556,388
"Morganza_all/031607@29.59454462227,-90.7344259895277.jpg",2,247,275,393,161,640,436
"Morganza_all/031608@29.5951366227508,-90.7352615290168.jpg",2,0,281,424,124,424,405
"Morganza_all/031609@29.5953199169107,-90.7352516870669.jpg",1,90,271,352,113,442,384
"Morganza_all/031610@29.5954879616739,-90.7352506834824.jpg",1,181,274,226,81,407,355
"Morganza_all/031611@29.5956327411473,-90.7351711556967.jpg",1,265,278,256,87,521,365
"Morganza_all/031612@29.5956271292277,-90.7356169260146.jpg",1,171,198,335,196,506,394
"Morganza_all/031613@29.5954597219774,-90.7357577880025.jpg",1,111,268,356,127,467,395
"Morganza_all/031614@29.5951936138664,-90.7360303220134.jpg",1,178,270,382,126,560,396
"Morganza_all/031615@29.5950778319176,-90.7357688140513.jpg",1,92,231,291,133,383,364
"Morganza_all/031616@29.5947172543621,-90.7354300741179.jpg",3,146,260,462,126,608,386
"Morganza_all/031619@29.5952821975312,-90.7370349162532.jpg",1,54,268,262,102,316,370
"Morganza_all/031620@29.5936406731275,-90.7372107605397.jpg",2,165,282,474,117,639,399
"Morganza_all/031621@29.5941667478517,-90.7369891375625.jpg",2,328,254,309,144,637,398
"Morganza_all/031622@29.5945016842662,-90.7367336618844.jpg",2,333,259,303,118,636,377
"Morganza_all/031623@29.5941078509875,-90.7358008119696.jpg",2,0,234,639,193,639,427
"Morganza_all/031624@29.5937880984905,-90.7360387048571.jpg",1,169,255,185,113,354,368
"Morganza_all/031625@29.5932391189195,-90.7362604685553.jpg",1,157,205,452,182,609,387
"Morganza_all/031626@29.5931333257076,-90.7348364824325.jpg",3,133,272,362,98,495,370
"Morganza_all/031627@29.5938567146654,-90.7343339472801.jpg",2,0,253,638,141,638,394
"Morganza_all/031628@29.5943828244999,-90.7341210557064.jpg",2,312,276,176,97,488,373
"Morganza_all/031629@29.5946956878876,-90.7340492371147.jpg",1,172,265,359,183,531,448
"Morganza_all/031630@29.5948712574906,-90.7340219761284.jpg",1,136,209,438,267,574,476
"Morganza_all/031631@29.5950620488988,-90.7339858766572.jpg",1,76,249,380,208,456,457
"Morganza_all/031632@29.595207067395,-90.733958798309.jpg",1,165,275,272,169,437,444
"Morganza_all/031633@29.5953521257296,-90.7339404354961.jpg",1,120,236,393,217,513,453
"Morganza_all/031634@29.5954817749391,-90.7338959543389.jpg",2,0,3,639,536,639,539
"Morganza_all/031636@29.594297429854,-90.7338243812478.jpg",2,0,275,415,133,415,408
"Morganza_all/031637@29.5944652747678,-90.73377967174.jpg",1,118,208,323,232,441,440
"Morganza_all/031638@29.594610173363,-90.7337263836792.jpg",1,39,189,325,241,364,430
"Morganza_all/031639@29.5947474671501,-90.7336818568001.jpg",1,75,194,365,254,440,448
"Morganza_all/031640@29.5950297793466,-90.733610250994.jpg",1,211,286,241,160,452,446
"Morganza_all/031641@29.5951440866214,-90.7335483668351.jpg",1,40,208,342,260,382,468
"Morganza_all/031642@29.5952738956191,-90.7335388420825.jpg",1,157,204,333,221,490,425
"Morganza_all/031643@29.5954037047596,-90.7335293487696.jpg",1,156,257,310,166,466,423
"Morganza_all/031644@29.5955946434355,-90.733519457836.jpg",2,0,241,373,168,373,409
"Morganza_all/031645@29.595815665768,-90.7334132286694.jpg",1,60,192,370,304,430,496
"Morganza_all/031646@29.5959684088393,-90.7334035977541.jpg",1,185,157,417,338,602,495
"Morganza_all/031647@29.5960826885149,-90.733341712944.jpg",1,122,184,319,241,441,425
"Morganza_all/031648@29.5962659825257,-90.7333318673873.jpg",2,0,252,584,179,584,431
"Morganza_all/031649@29.5965177834624,-90.7332691897527.jpg",1,104,254,371,185,475,439
"Morganza_all/031650@29.5966550770869,-90.7332246613987.jpg",1,97,243,303,205,400,448
"Morganza_all/031651@29.5967023697502,-90.7335477813902.jpg",2,0,237,519,222,519,459
"Morganza_all/031652@29.5968702145584,-90.7335030703451.jpg",2,288,64,353,509,641,573
"Morganza_all/031653@29.5969068903667,-90.7331706991646.jpg",1,237,250,286,186,523,436
"Morganza_all/031654@29.5970290022448,-90.7331437564216.jpg",1,232,306,185,105,417,411
"Morganza_all/031655@29.5971602511863,-90.7334488797293.jpg",2,0,247,500,198,500,445
"Morganza_all/031656@29.5971891622221,-90.7330903431353.jpg",1,235,275,259,145,494,420
"Morganza_all/031657@29.5973738564365,-90.7333864306548.jpg",1,56,235,364,229,420,464
"Morganza_all/031658@29.5973035494854,-90.7330459830097.jpg",1,273,242,256,194,529,436
"Morganza_all/031659@29.5974410431337,-90.7330451588359.jpg",1,137,253,282,200,419,453
"Morganza_all/031660@29.5975493858611,-90.7333504205077.jpg",1,292,216,344,237,636,453
"Morganza_all/031661@29.5975859012224,-90.732983089391.jpg",1,211,235,251,225,462,460
"Morganza_all/031662@29.5977325723087,-90.7333230804161.jpg",1,96,225,303,238,399,463
"Morganza_all/031663@29.5977307718382,-90.7329297672169.jpg",1,173,202,339,258,512,460
"Morganza_all/031664@29.59792323102,-90.733252020673.jpg",1,96,220,391,247,487,467
"Morganza_all/031665@29.5976608641676,-90.7326767285405.jpg",1,118,99,452,406,570,505
"Morganza_all/031667@29.5973766977615,-90.7323375638526.jpg",2,0,237,375,173,375,410
"Morganza_all/031668@29.5974012461697,-90.732695749245.jpg",1,56,160,417,306,473,466
"Morganza_all/031669@29.5972410863542,-90.7327491632754.jpg",1,92,197,311,291,403,488
"Morganza_all/031670@29.5971632131368,-90.732426225408.jpg",3,221,258,208,156,429,414
"Morganza_all/031671@29.5968885063104,-90.7324890744648.jpg",1,137,250,210,178,347,428
"Morganza_all/031672@29.5969738362633,-90.7327769769416.jpg",1,241,282,227,132,468,414
"Morganza_all/031673@29.5968441874389,-90.7328214602102.jpg",2,0,177,377,295,377,472
"Morganza_all/031674@29.5966365455655,-90.732516796999.jpg",1,61,272,415,160,476,432
"Morganza_all/031675@29.5967222233055,-90.7328746447234.jpg",1,47,254,433,154,480,408
"Morganza_all/031676@29.5965848496864,-90.7329016792165.jpg",1,96,202,366,237,462,439
"Morganza_all/031677@29.5965221185428,-90.7325524417186.jpg",2,0,209,431,216,431,425
"Morganza_all/031678@29.5963925499474,-90.7326144194139.jpg",1,133,255,298,154,431,409
"Morganza_all/031679@29.5964628580208,-90.7329548636592.jpg",3,87,217,292,212,379,429
"Morganza_all/031680@29.5963102225888,-90.7329819894643.jpg",3,144,234,325,195,469,429
"Morganza_all/031681@29.5962473314965,-90.7325977957155.jpg",1,146,262,300,151,446,413
"Morganza_all/031682@29.5960795270685,-90.7326512551408.jpg",1,103,216,288,193,391,409
"Morganza_all/031683@29.5961652044429,-90.7330091009898.jpg",1,75,219,440,240,515,459
"Morganza_all/031684@29.5959575628573,-90.7327044079907.jpg",1,86,247,281,141,367,388
"Morganza_all/031685@29.5959133635816,-90.733063031931.jpg",1,114,249,274,158,388,407
"Morganza_all/031686@29.5957974030316,-90.7327578212373.jpg",2,0,233,449,159,449,392
"Morganza_all/031687@29.5955914428625,-90.7328202562935.jpg",1,182,294,174,104,356,398
"Morganza_all/031688@29.5953241526827,-90.7328393222366.jpg",1,165,237,450,220,615,457
"Morganza_all/031689@29.5952190909272,-90.7332507609436.jpg",1,183,223,358,241,541,464
"Morganza_all/031690@29.5950892018819,-90.7332427919547.jpg",2,169,203,470,268,639,471
"Morganza_all/031691@29.5949598328125,-90.7333484401593.jpg",1,210,216,347,227,557,443
"Morganza_all/031692@29.5946621390349,-90.7333939284887.jpg",1,107,165,456,335,563,500
"Morganza_all/031693@29.5945705781888,-90.7334206872781.jpg",1,193,153,388,298,581,451
"Morganza_all/031694@29.5944638355814,-90.7334650314384.jpg",2,216,221,420,233,636,454
"Morganza_all/031695@29.5943034754943,-90.7334747392046.jpg",1,117,226,507,220,624,446
"Morganza_all/031696@29.5941660618683,-90.7334930567113.jpg",1,249,228,298,202,547,430
"Morganza_all/031697@29.594044177337,-90.7335637014478.jpg",1,163,270,364,204,527,474
"Morganza_all/031698@29.5939659861095,-90.7331708605299.jpg",1,40,241,379,206,419,447
"Morganza_all/031699@29.594149040011,-90.7331085644967.jpg",1,224,266,314,166,538,432
"Morganza_all/031700@29.5943245819224,-90.7330813021749.jpg",1,243,246,289,176,532,422
"Morganza_all/031701@29.5944848895297,-90.7330541310721.jpg",1,103,236,472,187,575,423
"Morganza_all/031702@29.5946066536262,-90.732957244367.jpg",2,193,236,448,198,641,434
"Morganza_all/031703@29.5948129742198,-90.7329735020171.jpg",1,183,208,317,241,500,449
"Morganza_all/031704@29.594965757172,-90.7329725861072.jpg",5,176,244,280,137,456,381
"Morganza_all/031705@29.59516407277,-90.7329101975877.jpg",1,221,285,227,119,448,404
"Morganza_all/031706@29.5937922963666,-90.7336089143742.jpg",4,322,276,119,96,441,372
"Morganza_all/031707@29.593715025239,-90.7334170965896.jpg",1,187,279,327,94,514,373
"Morganza_all/031708@29.5936758294602,-90.7331988094285.jpg",1,234,264,372,154,606,418
"Morganza_all/031709@29.5936368734765,-90.7330329725415.jpg",1,85,254,343,146,428,400
"Morganza_all/031710@29.5936055220146,-90.7328583744863.jpg",1,27,207,324,243,351,450
"Morganza_all/031711@29.5938956385295,-90.7328216776706.jpg",2,0,238,533,224,533,462
"Morganza_all/031712@29.5941091633656,-90.7327417353561.jpg",1,55,224,304,187,359,411
"Morganza_all/031713@29.5943229809337,-90.7327317058387.jpg",1,183,240,303,171,486,411
"Morganza_all/031714@29.5949260000876,-90.7326319322216.jpg",1,142,268,244,185,386,453
"Morganza_all/031715@29.5951621910377,-90.7324994318259.jpg",2,0,238,338,160,338,398
"Morganza_all/031716@29.595169034459,-90.7323245705889.jpg",1,232,267,255,154,487,421
"Morganza_all/031717@29.5951683132143,-90.7321672493419.jpg",1,234,285,391,150,625,435
"Morganza_all/031718@29.5950247774071,-90.7325177193638.jpg",1,87,305,298,86,385,391
"Morganza_all/031720@29.5955887593586,-90.7322346412117.jpg",1,151,255,350,128,501,383
"Morganza_all/031721@29.5956658444962,-90.732391504883.jpg",1,25,289,493,161,518,450
"Morganza_all/031722@29.5958107425224,-90.7323382141749.jpg",1,266,303,226,104,492,407
"Morganza_all/031723@29.5959096798453,-90.732258957058.jpg",1,297,306,103,109,400,415
"Morganza_all/031725@29.596306578461,-90.7321866585686.jpg",1,296,296,110,110,406,406
"Morganza_all/031726@29.5964211381675,-90.7321859708909.jpg",1,186,294,195,95,381,389
"Morganza_all/031728@29.596863649062,-90.7320696606567.jpg",2,0,286,606,149,606,435
"Morganza_all/031729@29.5902426605815,-90.7341257215107.jpg",2,216,298,420,169,636,467
"Morganza_all/031730@29.591024241124,-90.7327772887784.jpg",1,220,268,353,128,573,396
"Morganza_all/031731@29.590846274951,-90.7330077582094.jpg",6,200,181,140,160,340,341
"Morganza_all/031732@29.5908830161584,-90.7332123985634.jpg",6,287,205,96,81,383,286
"Morganza_all/031734@29.591071571823,-90.7337274642286.jpg",6,209,230,128,81,337,311
"Morganza_all/031735@29.5914377191146,-90.7339301023211.jpg",1,253,288,216,91,469,379
"Morganza_all/031736@29.5911233976772,-90.7341040593044.jpg",2,0,296,444,171,444,467
"Morganza_all/031737@29.5916530636433,-90.7340435312379.jpg",1,256,251,204,136,460,387
"Morganza_all/031738@29.5897238387638,-90.7349891608779.jpg",1,304,288,155,90,459,378
"Morganza_all/031739@29.5906743871867,-90.7345737930332.jpg",1,36,243,529,141,565,384
"Morganza_all/031740@29.5910826532936,-90.7345877448153.jpg",3,153,262,323,125,476,387
"Morganza_all/031741@29.5912909222859,-90.7347175782582.jpg",1,140,211,344,126,484,337
"Morganza_all/031742@29.5917136275462,-90.7347560492764.jpg",3,142,266,464,135,606,401
"Morganza_all/031743@29.591055682959,-90.7349566305562.jpg",1,321,264,272,133,593,397
"Morganza_all/031744@29.5906117630206,-90.7349756439937.jpg",1,95,256,408,121,503,377
"Morganza_all/031745@29.5904051394403,-90.7352063111595.jpg",1,130,284,471,131,601,415
"Morganza_all/031746@29.5900761432659,-90.7352984189674.jpg",1,234,142,364,271,598,413
"Morganza_all/031747@29.5901570565347,-90.735764949071.jpg",4,285,246,87,155,372,401
"Morganza_all/031749@29.5905216697888,-90.7356316959648.jpg",2,0,156,639,245,639,401
"Morganza_all/031752@29.5909234680853,-90.7358013419389.jpg",1,351,273,160,91,511,364
"Morganza_all/031754@29.5911082427669,-90.7354889048602.jpg",1,233,259,337,147,570,406
"Morganza_all/031755@29.5912612474391,-90.7360615466124.jpg",3,245,285,169,93,414,378
"Morganza_all/031757@29.592211873948,-90.7356625749622.jpg",1,249,200,246,166,495,366
"Morganza_all/031758@29.5917831397404,-90.7358699645053.jpg",2,0,187,500,200,500,387
"Morganza_all/031759@29.5919058100345,-90.7360740953421.jpg",2,0,244,368,151,368,395
"Morganza_all/031760@29.5913509109811,-90.7368803635496.jpg",3,235,264,237,99,472,363
"Morganza_all/031761@29.5915884277865,-90.7371411698262.jpg",3,61,177,575,220,636,397
"Morganza_all/031762@29.5916468251263,-90.7373866189649.jpg",1,127,202,512,199,639,401
"Morganza_all/031763@29.5917942346513,-90.7367302512773.jpg",2,0,153,600,281,600,434
"Morganza_all/031764@29.5925677858478,-90.7367584288801.jpg",1,114,239,520,110,634,349
"Morganza_all/031765@29.5917786054453,-90.7380167517708.jpg",1,268,219,215,130,483,349
"Morganza_all/031766@29.5928801496757,-90.7377316181036.jpg",2,151,196,490,184,641,380
"Morganza_all/031767@29.5930028542171,-90.7379439339868.jpg",1,24,177,530,203,554,380
"Morganza_all/031768@29.5932123101279,-90.7383359949003.jpg",1,30,257,586,137,616,394
"Morganza_all/031769@29.5925947000796,-90.7379545412091.jpg",1,0,202,641,178,641,380
"Morganza_all/031770@29.5926984559029,-90.7387241711912.jpg",2,0,234,455,178,455,412
"Morganza_all/031771@29.5926041929517,-90.7384707195597.jpg",6,279,254,138,82,417,336
"Morganza_all/031772@29.5920042931898,-90.7388347986223.jpg",2,0,231,631,201,631,432
"Morganza_all/031773@29.5923511094616,-90.739512838982.jpg",2,0,239,559,121,559,360
"Morganza_all/031774@29.5927051734122,-90.7402072025432.jpg",6,269,139,120,152,389,291
"Morganza_all/031775@29.5930239073958,-90.7394268848317.jpg",6,253,198,137,133,390,331
"Morganza_all/031776@29.5924272302726,-90.7405038259218.jpg",6,226,240,179,134,405,374
"Morganza_all/031777@29.5927792625102,-90.740755753778.jpg",6,200,256,146,114,346,370
"Morganza_all/031780@29.5936125726583,-90.7413326037455.jpg",6,177,262,181,167,358,429
"Morganza_all/031781@29.5935807256872,-90.7406198984738.jpg",6,183,250,139,112,322,362
"Morganza_all/031783@29.594075082372,-90.7406743329118.jpg",6,350,257,178,90,528,347
"Morganza_all/031785@29.5943426887273,-90.7412545341928.jpg",4,315,278,324,94,639,372
"Morganza_all/031786@29.594170895614,-90.7412719430067.jpg",6,218,239,170,119,388,358
"Morganza_all/031789@29.6017781836956,-90.7419358584196.jpg",2,276,242,362,152,638,394
"Morganza_all/031790@29.6011096082868,-90.7431363382612.jpg",3,347,264,217,106,564,370
"Morganza_all/031791@29.5982378531005,-90.7344309628567.jpg",3,2,49,639,372,641,421
"Morganza_all/031792@29.5965060436442,-90.7336423783956.jpg",3,261,282,241,81,502,363
"Morganza_all/031797@29.5972847385539,-90.7320134832765.jpg",1,89,243,319,169,408,412
"Morganza_all/031799@29.5974278844675,-90.7320458831231.jpg",5,279,252,260,167,539,419
"Morganza_all/031802@29.5971310712494,-90.7318036170406.jpg",1,256,260,219,116,475,376
"Morganza_all/031803@29.5929118355339,-90.7324956273073.jpg",6,256,180,130,174,386,354
"Morganza_all/031804@29.5916354350317,-90.736466585037.jpg",6,155,134,333,261,488,395
"Morganza_all/031805@29.6013991615597,-90.7498175728789.jpg",6,247,264,168,135,415,399
"Morganza_all/031807@29.5994545137079,-90.7486332739286.jpg",4,402,303,95,84,497,387
"Morganza_all/031808@29.6039815089318,-90.747852021215.jpg",6,283,270,145,128,428,398
"Morganza_all/031809@29.6027068797663,-90.7454178816758.jpg",6,206,209,197,121,403,330
"Morganza_all/031810@29.6009279212321,-90.7426177015933.jpg",1,239,274,345,149,584,423
"Morganza_all/031813@29.6009240590774,-90.7424746128741.jpg",3,287,248,221,172,508,420
"Morganza_all/031817@29.6011086876197,-90.7421689232618.jpg",1,371,266,216,181,587,447
"Morganza_all/031818@29.6011788524059,-90.742080464415.jpg",1,398,267,189,113,587,380
"Morganza_all/031819@29.6003006256046,-90.7380501376691.jpg",1,180,233,453,198,633,431
"Morganza_all/031820@29.6003664747992,-90.7381989300445.jpg",1,228,230,413,207,641,437
"Morganza_all/031822@29.5943584954954,-90.7338160236159.jpg",1,267,286,133,128,400,414
"Morganza_all/031824@29.5938330029219,-90.73596578507.jpg",3,287,253,202,114,489,367
"Morganza_all/031825@29.5911882957833,-90.7357185536546.jpg",3,203,218,250,168,453,386
"Morganza_all/031826@29.5911576685284,-90.7356356718494.jpg",4,308,254,81,111,389,365
"Morganza_all/031827@29.5897642235478,-90.735173358131.jpg",6,235,241,96,113,331,354
"Morganza_all/031829@29.5947084531279,-90.7347547626227.jpg",2,0,268,347,113,347,381
"Morganza_all/031831@29.5977889106392,-90.7335677366473.jpg",4,261,292,96,109,357,401
"Morganza_all/031834@29.5949791884036,-90.7343399138898.jpg",1,114,220,417,272,531,492
"Morganza_all/031837@29.5974278844675,-90.7320458831231.jpg",5,285,274,251,105,536,379
"Morganza_all/031838@29.5973973660903,-90.7317354672938.jpg",5,148,274,177,157,325,431
"Morganza_all/031839@29.5972859880267,-90.731758319756.jpg",5,260,297,128,129,388,426
"Morganza_all/031840@29.5971310712494,-90.7318036170406.jpg",1,266,272,203,95,469,367
"Morganza_all/031841@29.6027068797663,-90.7454178816758.jpg",6,259,223,86,112,345,335
"Morganza_all/031844@29.5974278844675,-90.7320458831231.jpg",5,285,267,226,106,511,373
"Morganza_all/031845@29.5973973660903,-90.7317354672938.jpg",5,259,263,144,126,403,389
"Morganza_all/031846@29.5972859880267,-90.731758319756.jpg",5,263,292,119,122,382,414
"Morganza_all/031847@29.5971310712494,-90.7318036170406.jpg",1,264,262,202,110,466,372
"Morganza_all/031848@29.6027068797663,-90.7454178816758.jpg",6,287,202,109,84,396,286
"Morganza_all/031853@29.6117402760336,-90.7313592929872.jpg",6,291,289,119,88,410,377
"Morganza_all/031854@29.6115606674295,-90.7312374184517.jpg",1,158,292,206,85,364,377
"Morganza_all/031855@29.6113830427534,-90.7315417334982.jpg",1,86,298,304,95,390,393
"Morganza_all/031857@29.6111988038141,-90.7319689781406.jpg",1,82,276,254,90,336,366
"Morganza_all/031858@29.6110851936468,-90.7321827446281.jpg",1,117,294,265,94,382,388
"Morganza_all/031859@29.6109785350264,-90.7323473126384.jpg",1,93,284,310,104,403,388
"Morganza_all/031860@29.6108363730456,-90.732577613951.jpg",1,97,271,325,93,422,364
"Morganza_all/031862@29.61070203585,-90.7329553990173.jpg",1,82,269,390,95,472,364
"Morganza_all/031863@29.610610613127,-90.7333247437204.jpg",1,110,273,321,102,431,375
"Morganza_all/031864@29.6105118523305,-90.7336531578328.jpg",1,191,266,226,104,417,370
"Morganza_all/031866@29.6102757432002,-90.7336955456426.jpg",1,124,286,255,108,379,394
"Morganza_all/031867@29.610078780329,-90.7344752879616.jpg",1,151,295,199,82,350,377
"Morganza_all/031868@29.6098716712771,-90.7345994474007.jpg",2,0,286,467,103,467,389
"Morganza_all/031869@29.6102876853244,-90.7347444590806.jpg",6,227,219,100,89,327,308
"Morganza_all/031871@29.6098306357091,-90.7350258242354.jpg",1,112,270,246,110,358,380
"Morganza_all/031872@29.6096172736623,-90.7353467363696.jpg",2,27,252,613,135,640,387
"Morganza_all/031873@29.6099268854277,-90.7357136498633.jpg",1,127,292,321,81,448,373
"Morganza_all/031874@29.6101849101008,-90.7357612972136.jpg",1,113,268,359,105,472,373
"Morganza_all/031875@29.6125851112921,-90.7375909599466.jpg",2,0,202,550,216,550,418
"Morganza_all/031877@29.6134004397376,-90.7357830816208.jpg",2,0,254,608,182,608,436
"Morganza_all/031878@29.6133438320812,-90.73593095466.jpg",1,155,261,339,138,494,399
"Morganza_all/031879@29.613287233881,-90.7360869784128.jpg",3,142,273,386,147,528,420
"Morganza_all/031880@29.6132091121252,-90.736226797005.jpg",1,220,270,333,126,553,396
"Morganza_all/031881@29.6131455878057,-90.7364320504667.jpg",1,141,277,394,132,535,409
"Morganza_all/031882@29.613089016651,-90.7365881049333.jpg",1,206,268,425,124,631,392
"Morganza_all/031883@29.6130109785345,-90.7367524695144.jpg",3,165,270,408,121,573,391
"Morganza_all/031884@29.6128685480641,-90.7369254312384.jpg",1,78,276,349,115,427,391
"Morganza_all/031885@29.6128055442575,-90.7372454224443.jpg",2,38,158,593,274,631,432
"Morganza_all/031886@29.6123362469197,-90.7379858219083.jpg",2,133,207,506,212,639,419
"Morganza_all/031887@29.6121875575479,-90.7383554767773.jpg",2,0,204,636,203,636,407
"Morganza_all/031888@29.6121099261424,-90.7386099988535.jpg",2,0,203,547,214,547,417
"Morganza_all/031889@29.6120392485647,-90.7388153224708.jpg",2,0,218,549,197,549,415
"Morganza_all/031890@29.6119255157083,-90.7390044738158.jpg",2,0,150,639,286,639,436
"Morganza_all/031891@29.6127592483751,-90.7380898349025.jpg",2,40,243,600,177,640,420
"Morganza_all/031892@29.6126388876452,-90.7383938010919.jpg",2,42,256,589,161,631,417
"Morganza_all/031893@29.6125470310396,-90.7386647734666.jpg",2,62,247,579,174,641,421
"Morganza_all/031894@29.6124336329266,-90.7389277223511.jpg",3,32,239,546,180,578,419
"Morganza_all/031895@29.612284467875,-90.7391990337258.jpg",3,78,224,461,185,539,409
"Morganza_all/031896@29.6117628308587,-90.7394480065582.jpg",2,0,226,636,188,636,414
"Morganza_all/031897@29.6116423185421,-90.7397191769371.jpg",2,0,212,597,201,597,413
"Morganza_all/031898@29.611550431696,-90.739990145562.jpg",2,0,226,634,188,634,414
"Morganza_all/031899@29.6114370212727,-90.7402448766592.jpg",2,0,207,636,196,636,403
"Morganza_all/031900@29.6113663136349,-90.7404501979055.jpg",1,52,208,549,209,601,417
"Morganza_all/031901@29.6112884092596,-90.7406391340301.jpg",2,120,226,519,170,639,396
"Morganza_all/031902@29.6112178025805,-90.7408608500384.jpg",3,126,208,341,198,467,406
"Morganza_all/031903@29.6121645869161,-90.7396095217382.jpg",2,0,251,603,144,603,395
"Morganza_all/031904@29.6120511127062,-90.7398560729049.jpg",2,0,228,633,182,633,410
"Morganza_all/031905@29.6118953150483,-90.7402421620757.jpg",2,0,234,634,181,634,415
"Morganza_all/031906@29.6118177446108,-90.740504895321.jpg",2,152,231,488,191,640,422
"Morganza_all/031907@29.611704453722,-90.7407923863834.jpg",1,21,242,553,176,574,418
"Morganza_all/031908@29.6115983024166,-90.7410716522927.jpg",2,0,205,639,215,639,420
"Morganza_all/031909@29.6114209603839,-90.7414497143717.jpg",2,42,184,599,255,641,439
"Morganza_all/031910@29.6113361362446,-90.7416960608463.jpg",2,168,196,204,209,372,405
"Morganza_all/031911@29.6110620115464,-90.7412551480713.jpg",2,23,210,618,197,641,407
"Morganza_all/031912@29.6109558221858,-90.7415261982308.jpg",2,33,220,608,166,641,386
"Morganza_all/031914@29.61023066377,-90.741112533284.jpg",1,242,279,255,110,497,389
"Morganza_all/031915@29.6103016042549,-90.7409646144837.jpg",3,132,288,382,104,514,392
"Morganza_all/031916@29.6103796105444,-90.7407920442131.jpg",1,219,291,360,169,579,460
"Morganza_all/031917@29.6104974543753,-90.7415125115215.jpg",1,155,285,355,109,510,394
"Morganza_all/031918@29.6106185254935,-90.7413642962419.jpg",3,172,288,345,117,517,405
"Morganza_all/031919@29.610653403863,-90.7411592205484.jpg",1,95,306,367,91,462,397
"Morganza_all/031920@29.6108303843672,-90.7407074287199.jpg",1,183,296,366,137,549,433
"Morganza_all/031921@29.6109156141023,-90.7405512104676.jpg",1,121,307,376,98,497,405
"Morganza_all/031922@29.6110150963521,-90.740378511636.jpg",1,176,291,262,114,438,405
"Morganza_all/031923@29.6110643740355,-90.7401897139292.jpg",1,134,296,286,95,420,391
"Morganza_all/031924@29.6111496773322,-90.7400498903672.jpg",1,137,289,367,109,504,398
"Morganza_all/031925@29.6111989917139,-90.7398693057315.jpg",1,99,291,327,114,426,405
"Morganza_all/031926@29.6112768949803,-90.7396803691767.jpg",1,174,300,459,104,633,404
"Morganza_all/031927@29.6113901832902,-90.7393928466144.jpg",1,109,286,387,119,496,405
"Morganza_all/031928@29.6114823012064,-90.7391792152587.jpg",2,1,228,581,183,582,411
"Morganza_all/031929@29.6104355939462,-90.7405048647766.jpg",2,0,278,493,169,493,447
"Morganza_all/031930@29.6105782049291,-90.7403647029893.jpg",3,113,299,412,94,525,393
"Morganza_all/031931@29.6106490332605,-90.7401921742899.jpg",1,134,296,349,100,483,396
"Morganza_all/031932@29.6107125729933,-90.739995110472.jpg",3,203,299,301,92,504,391
"Morganza_all/031933@29.6107976906426,-90.7398143143743.jpg",1,23,259,556,151,579,410
"Morganza_all/031934@29.6109253803268,-90.7395431038354.jpg",3,96,279,376,124,472,403
"Morganza_all/031935@29.6109959849212,-90.7393214190146.jpg",1,160,280,356,124,516,404
"Morganza_all/031936@29.6110525222592,-90.7391571873492.jpg",1,179,280,301,113,480,393
"Morganza_all/031937@29.6111304890837,-90.7389764323649.jpg",2,196,279,443,148,639,427
"Morganza_all/031938@29.6112151594245,-90.7386972930808.jpg",2,0,294,417,127,417,421
"Morganza_all/031939@29.6115740748224,-90.7388836369922.jpg",1,172,289,434,172,606,461
"Morganza_all/031940@29.6116591538347,-90.7386946563397.jpg",3,182,285,302,109,484,394
"Morganza_all/031941@29.6113432929029,-90.7385244216768.jpg",1,143,281,474,99,617,380
"Morganza_all/031942@29.6114211940884,-90.7383354523339.jpg",1,111,278,438,94,549,372
"Morganza_all/031943@29.6117442324317,-90.7385056438965.jpg",1,120,295,404,100,524,395
"Morganza_all/031944@29.611814909668,-90.738300352135.jpg",3,105,289,338,118,443,407
"Morganza_all/031945@29.6114703201366,-90.738113893231.jpg",1,119,292,360,95,479,387
"Morganza_all/031946@29.6115696131358,-90.7379002178477.jpg",3,228,285,323,102,551,387
"Morganza_all/031947@29.6118928751666,-90.7381195636378.jpg",1,138,293,339,110,477,403
"Morganza_all/031948@29.6116475507276,-90.7377194611148.jpg",1,116,276,399,115,515,391
"Morganza_all/031949@29.611732627919,-90.7375304478649.jpg",1,109,289,357,105,466,394
"Morganza_all/031950@29.6118032566078,-90.7373087596741.jpg",1,199,277,312,95,511,372
"Morganza_all/031951@29.61214807062,-90.7375443719307.jpg",5,325,264,147,92,472,356
"Morganza_all/031952@29.6122403345542,-90.7373635286028.jpg",2,0,254,433,161,433,415
"Morganza_all/031953@29.6123035249568,-90.7370845127497.jpg",2,0,270,577,193,577,463
"Morganza_all/031954@29.6124100405179,-90.7368871876773.jpg",1,169,297,383,105,552,402
"Morganza_all/031955@29.6125094061142,-90.7366899047884.jpg",1,93,289,388,98,481,387
"Morganza_all/031956@29.612572856214,-90.736468257068.jpg",1,68,296,414,104,482,400
"Morganza_all/031957@29.6126722309341,-90.736279155743.jpg",1,148,302,342,92,490,394
"Morganza_all/031958@29.6127930996141,-90.7360817434656.jpg",1,34,299,382,104,416,403
"Morganza_all/031959@29.6127849517987,-90.7358687043243.jpg",3,103,293,316,106,419,399
"Morganza_all/031960@29.6129196709486,-90.7355728627507.jpg",1,84,253,447,151,531,404
"Morganza_all/031961@29.613097267654,-90.7352603680145.jpg",1,225,287,401,145,626,432
"Morganza_all/031962@29.6132245366355,-90.7348990155682.jpg",1,5,212,526,186,531,398
"Morganza_all/031963@29.6133307496455,-90.7346361344289.jpg",5,110,283,303,113,413,396
"Morganza_all/031964@29.613380093935,-90.7344637253871.jpg",3,121,289,403,96,524,385
"Morganza_all/031965@29.6134721564094,-90.7342336892145.jpg",1,85,295,361,112,446,407
"Morganza_all/031966@29.6135714905115,-90.7340364017643.jpg",1,110,282,358,123,468,405
"Morganza_all/031967@29.6136208341559,-90.7338640234825.jpg",3,110,292,403,116,513,408
"Morganza_all/031968@29.6137130829496,-90.733674960248.jpg",2,0,291,495,169,495,460
"Morganza_all/031969@29.6120090266577,-90.7368895764286.jpg",2,233,266,398,170,631,436
"Morganza_all/031970@29.6120366462616,-90.7366681434572.jpg",3,205,272,267,108,472,380
"Morganza_all/031971@29.6121503756043,-90.7364789577791.jpg",3,172,265,388,142,560,407
"Morganza_all/031972@29.6122569649029,-90.7362980280389.jpg",1,152,280,421,104,573,384
"Morganza_all/031973@29.6123348157047,-90.7360926593884.jpg",1,143,271,401,130,544,401
"Morganza_all/031974@29.6124126761066,-90.7358955041674.jpg",1,20,270,491,134,511,404
"Morganza_all/031975@29.6124976387983,-90.7356819415577.jpg",3,169,290,355,94,524,384
"Morganza_all/031976@29.6125398347968,-90.7355095771533.jpg",2,79,271,550,130,629,401
"Morganza_all/031977@29.6126035070688,-90.7353370843397.jpg",2,0,220,490,227,490,447
"Morganza_all/031978@29.6127238981876,-90.7350413281934.jpg",2,0,262,619,170,619,432
"Morganza_all/031979@29.6128091211673,-90.7348851021641.jpg",1,98,272,411,120,509,392
"Morganza_all/031980@29.6128869049032,-90.7346715492937.jpg",3,175,268,338,128,513,396
"Morganza_all/031981@29.6129718656001,-90.7344579846339.jpg",1,176,290,276,90,452,380
"Morganza_all/031982@29.6130355738651,-90.7342936725727.jpg",1,61,268,382,135,443,403
"Morganza_all/031983@29.6131561498872,-90.734038887711.jpg",1,180,279,367,117,547,396
"Morganza_all/031984@29.6132482491679,-90.7338170653149.jpg",1,166,275,438,115,604,390
"Morganza_all/031985@29.613361572108,-90.7335459264764.jpg",2,0,290,511,134,511,424
"Morganza_all/031986@29.6138049290969,-90.7334039486702.jpg",3,155,281,397,144,552,425
"Morganza_all/031987@29.6138756357865,-90.7332068313164.jpg",3,96,286,382,120,478,406
"Morganza_all/031988@29.613989135092,-90.7329684818349.jpg",3,8,290,443,97,451,387
"Morganza_all/031989@29.6140600287681,-90.7328123379939.jpg",3,111,298,476,118,587,416
"Morganza_all/031990@29.6141306594593,-90.7325988237414.jpg",5,240,294,345,107,585,401
"Morganza_all/031991@29.6143017003835,-90.7324174994504.jpg",1,176,300,230,86,406,386
"Morganza_all/031992@29.6134817716794,-90.7332091919902.jpg",1,141,278,363,156,504,434
"Morganza_all/031993@29.613559580183,-90.7329956362184.jpg",1,181,271,355,124,536,395
"Morganza_all/031994@29.6136517627562,-90.7327983902494.jpg",1,124,289,383,117,507,406
"Morganza_all/031995@29.6137790249513,-90.7324370326727.jpg",2,0,285,531,116,531,401
"Morganza_all/031996@29.6139349874855,-90.732091898225.jpg",2,68,263,573,151,641,414
"Morganza_all/031997@29.6131443896934,-90.7330309181168.jpg",1,75,242,546,176,621,418
"Morganza_all/031998@29.613193769483,-90.7328667222524.jpg",1,16,212,406,198,422,410
"Morganza_all/032000@29.6133070529752,-90.732587400299.jpg",2,0,218,399,179,399,397
"Morganza_all/032002@29.6134633062169,-90.7322996058842.jpg",1,298,284,251,95,549,379
"Morganza_all/032003@29.613548563439,-90.7321515585742.jpg",1,73,265,257,125,330,390
"Morganza_all/032004@29.6135690630437,-90.7319383775132.jpg",1,167,286,153,82,320,368
"Morganza_all/032005@29.6133177355953,-90.7317923518575.jpg",3,201,254,250,116,451,370
"Morganza_all/032006@29.6130819379196,-90.7319085108019.jpg",1,256,231,296,139,552,370
"Morganza_all/032008@29.6130047596829,-90.7322531696464.jpg",2,306,262,326,144,632,406
"Morganza_all/032009@29.6129409413461,-90.7323929050148.jpg",1,273,260,342,159,615,419
"Morganza_all/032010@29.6128915996343,-90.7325652828511.jpg",1,224,256,401,152,625,408
"Morganza_all/032011@29.6128063794186,-90.7327215109835.jpg",1,250,264,353,157,603,421
"Morganza_all/032012@29.6128008058463,-90.7330657704415.jpg",1,0,240,489,176,489,416
"Morganza_all/032013@29.6125938482147,-90.7332227276262.jpg",1,24,250,314,117,338,367
"Morganza_all/032014@29.6127589504566,-90.7333118700156.jpg",4,221,282,140,116,361,398
"Morganza_all/032015@29.6129024913378,-90.7333765947514.jpg",3,103,271,306,100,409,371
"Morganza_all/032016@29.613046154548,-90.7334740799711.jpg",1,155,265,241,101,396,366
"Morganza_all/032017@29.6128541227516,-90.7337620541115.jpg",6,242,282,119,88,361,370
"Morganza_all/032020@29.6124387447123,-90.733756359062.jpg",3,71,287,296,93,367,380
"Morganza_all/032021@29.6120859218153,-90.7333404815402.jpg",2,270,213,369,162,639,375
"Morganza_all/032022@29.6119209320567,-90.733275917394.jpg",1,239,216,365,156,604,372
"Morganza_all/032024@29.6120481680762,-90.7329145668355.jpg",6,295,256,134,89,429,345
"Morganza_all/032025@29.6124836079993,-90.7341740508428.jpg",5,337,286,107,102,444,388
"Morganza_all/032026@29.6123183663834,-90.7340602981822.jpg",1,56,277,308,100,364,377
"Morganza_all/032027@29.6118734256454,-90.7338498753329.jpg",1,302,254,296,109,598,363
"Morganza_all/032028@29.6117010716335,-90.7337443802399.jpg",1,311,252,301,116,612,368
"Morganza_all/032029@29.6113937779058,-90.7338855389815.jpg",6,301,251,123,111,424,362
"Morganza_all/032031@29.6117742890958,-90.7340963465687.jpg",1,297,253,295,132,592,385
"Morganza_all/032032@29.6121902287681,-90.7342249632517.jpg",1,183,242,368,180,551,422
"Morganza_all/032033@29.6123338165998,-90.7343060847791.jpg",3,200,270,419,158,619,428
"Morganza_all/032034@29.6124845065153,-90.7343707364267.jpg",3,104,250,372,148,476,398
"Morganza_all/032035@29.612635346154,-90.7344681797394.jpg",1,207,250,206,118,413,368
"Morganza_all/032036@29.6125648619661,-90.7347144494625.jpg",1,142,247,412,177,554,424
"Morganza_all/032037@29.6125011156886,-90.734870546892.jpg",1,130,252,435,177,565,429
"Morganza_all/032038@29.6124231171973,-90.7350431254319.jpg",1,144,230,355,185,499,415
"Morganza_all/032039@29.612359398027,-90.735199222267.jpg",1,148,227,416,197,564,424
"Morganza_all/032040@29.6122814738647,-90.7353881959845.jpg",1,168,243,438,174,606,417
"Morganza_all/032041@29.6122249412492,-90.7355524317937.jpg",1,222,180,369,235,591,415
"Morganza_all/032042@29.6121468671401,-90.7357086136704.jpg",1,228,207,320,221,548,428
"Morganza_all/032043@29.612083156957,-90.7358728919034.jpg",3,205,208,401,196,606,404
"Morganza_all/032044@29.6120339601659,-90.7360780892935.jpg",1,141,232,286,172,427,404
"Morganza_all/032045@29.6119058946687,-90.7362591469302.jpg",1,247,256,222,111,469,367
"Morganza_all/032046@29.61174102802,-90.7362273379655.jpg",1,158,220,369,194,527,414
"Morganza_all/032047@29.6115973668503,-90.7361298500662.jpg",1,50,195,474,236,524,431
"Morganza_all/032048@29.6114538549639,-90.7360651535325.jpg",1,51,177,433,242,484,419
"Morganza_all/032049@29.6115954253615,-90.7357036912238.jpg",1,95,237,429,176,524,413
"Morganza_all/032050@29.6117678526483,-90.7358256166417.jpg",1,201,238,401,216,602,454
"Morganza_all/032051@29.6118171237755,-90.7356368152751.jpg",1,115,216,398,205,513,421
"Morganza_all/032052@29.61165199561,-90.7355476700548.jpg",1,50,257,331,139,381,396
"Morganza_all/032053@29.6117371069813,-90.735366837011.jpg",1,26,252,349,154,375,406
"Morganza_all/032054@29.6118807962163,-90.7354643237873.jpg",1,40,237,373,166,413,403
"Morganza_all/032055@29.611965945074,-90.7352917352768.jpg",1,82,251,414,150,496,401
"Morganza_all/032056@29.6118151433644,-90.735202473441.jpg",1,88,266,271,135,359,401
"Morganza_all/032057@29.6118574608421,-90.7350629013902.jpg",1,54,231,345,168,399,399
"Morganza_all/032058@29.6120225146881,-90.7351356818281.jpg",1,40,226,382,193,422,419
"Morganza_all/032059@29.6120863360931,-90.7349959809592.jpg",1,92,255,298,154,390,409
"Morganza_all/032060@29.6119355341828,-90.7349067194615.jpg",1,88,260,320,138,408,398
"Morganza_all/032061@29.6119992431559,-90.7347424408559.jpg",1,103,270,317,127,420,397
"Morganza_all/032062@29.6121642695367,-90.7348151895634.jpg",1,64,241,374,157,438,398
"Morganza_all/032063@29.6122066141004,-90.7346756166979.jpg",1,75,235,288,181,363,416
"Morganza_all/032064@29.6120915032265,-90.734561595215.jpg",2,0,194,373,197,373,391
"Morganza_all/032065@29.611710955271,-90.7343425716653.jpg",2,253,262,379,123,632,385
"Morganza_all/032066@29.6115530782926,-90.7342697812903.jpg",1,198,233,410,158,608,391
"Morganza_all/032067@29.6114310418442,-90.7342049274765.jpg",6,179,270,179,101,358,371
"Morganza_all/032068@29.6114248380313,-90.7344180494608.jpg",5,325,250,98,98,423,348
"Morganza_all/032070@29.6112053101377,-90.7349602714993.jpg",3,117,236,258,153,375,389
"Morganza_all/032071@29.611384541263,-90.7350001746258.jpg",3,287,238,261,149,548,387
"Morganza_all/032072@29.6110989469034,-90.7351903557463.jpg",2,361,233,277,149,638,382
"Morganza_all/032073@29.6112643370843,-90.7353368999091.jpg",1,247,233,246,151,493,384
"Morganza_all/032074@29.6112295425613,-90.7355583743875.jpg",1,144,261,473,140,617,401
"Morganza_all/032075@29.6115555430988,-90.7363841589162.jpg",2,0,251,638,99,638,350
"Morganza_all/032076@29.6105574845031,-90.7358000475824.jpg",1,210,282,168,105,378,387
"Morganza_all/032077@29.6104795594703,-90.7359890174317.jpg",1,238,278,165,101,403,379
"Morganza_all/032078@29.6107163686882,-90.73609413064.jpg",1,252,296,214,106,466,402
"Morganza_all/032079@29.6107729019849,-90.735929897611.jpg",1,287,293,214,105,501,398
"Morganza_all/032080@29.610895049393,-90.7360192990742.jpg",1,207,268,203,98,410,366
"Morganza_all/032081@29.6126082648561,-90.7316818723507.jpg",6,260,247,139,117,399,364
"Morganza_all/032082@29.6105125857559,-90.7318618846771.jpg",6,83,266,553,132,636,398
"Morganza_all/032083@29.6104559073315,-90.7319933602918.jpg",6,105,262,531,138,636,400
"Morganza_all/032084@29.6103922017991,-90.7321576381144.jpg",1,107,268,458,157,565,425
"Morganza_all/032085@29.6102495144355,-90.7322732338849.jpg",1,111,294,309,127,420,421
"Morganza_all/032086@29.61021517564,-90.7325930477387.jpg",1,25,297,614,139,639,436
"Morganza_all/032087@29.6099375601108,-90.7329635073678.jpg",1,231,253,392,138,623,391
"Morganza_all/032088@29.6098456022425,-90.7332099002317.jpg",1,169,232,271,140,440,372
"Morganza_all/032089@29.6098609040451,-90.7334228900674.jpg",1,153,274,404,121,557,395
"Morganza_all/032090@29.6097473289205,-90.7336448339455.jpg",1,278,287,315,114,593,401
"Morganza_all/032091@29.6096833965777,-90.7337599552697.jpg",1,235,261,338,143,573,404
"Morganza_all/032092@29.6096203156706,-90.7340553609964.jpg",1,113,260,481,146,594,406
"Morganza_all/032093@29.609506252799,-90.7341707818794.jpg",1,246,210,341,192,587,402
"Morganza_all/032094@29.6094000408522,-90.7344336849405.jpg",1,287,288,333,112,620,400
"Morganza_all/032095@29.6093074540046,-90.7345489452412.jpg",2,0,248,601,161,601,409
"Morganza_all/032096@29.6093229781407,-90.7348111197159.jpg",1,248,253,336,155,584,408
"Morganza_all/032097@29.6091886345039,-90.7351888960758.jpg",2,42,268,597,163,639,431
"Morganza_all/032098@29.609074859747,-90.7353616823064.jpg",2,268,246,373,188,641,434
"Morganza_all/032099@29.6089590763694,-90.7351001073965.jpg",2,0,267,641,168,641,435
"Morganza_all/032101@29.6101180073399,-90.7317085422153.jpg",1,47,230,573,219,620,449
"Morganza_all/032102@29.6098233129813,-90.7314726535135.jpg",1,95,205,541,197,636,402
"Morganza_all/032103@29.6097522704246,-90.7315960011745.jpg",1,177,212,278,183,455,395
"Morganza_all/032104@29.6099973231198,-90.7319387449349.jpg",1,72,247,387,185,459,432
"Morganza_all/032105@29.6096885655329,-90.7317603095643.jpg",1,16,174,619,269,635,443
"Morganza_all/032106@29.6096250756956,-90.7319655584777.jpg",1,115,232,385,176,500,408
"Morganza_all/032107@29.6099123666615,-90.7321523368569.jpg",1,117,153,250,281,367,434
"Morganza_all/032108@29.6098485482813,-90.7322920365051.jpg",1,152,195,317,245,469,440
"Morganza_all/032109@29.6095755468323,-90.7320969899385.jpg",1,163,55,318,363,481,418
"Morganza_all/032110@29.6094974768318,-90.7322531703769.jpg",1,15,245,620,161,635,406
"Morganza_all/032111@29.60980623375,-90.7324316069267.jpg",1,127,264,304,161,431,425
"Morganza_all/032112@29.6097423399581,-90.7325549109888.jpg",1,178,273,264,149,442,422
"Morganza_all/032113@29.6094053325578,-90.7324585905325.jpg",2,85,226,554,196,639,422
"Morganza_all/032114@29.6097290266315,-90.7327762542578.jpg",2,75,173,563,249,638,422
"Morganza_all/032115@29.609356103482,-90.7326555707797.jpg",1,138,224,417,201,555,425
"Morganza_all/032116@29.6092636685133,-90.7328036545062.jpg",5,270,254,111,98,381,352
"Morganza_all/032117@29.6096081904142,-90.7329736643195.jpg",5,0,214,634,216,634,430
"Morganza_all/032118@29.6092070640647,-90.7329514916521.jpg",3,64,202,419,221,483,423
"Morganza_all/032119@29.6095018682487,-90.7332119603518.jpg",1,108,231,438,198,546,429
"Morganza_all/032120@29.6091791232119,-90.7331073703514.jpg",1,99,257,387,163,486,420
"Morganza_all/032121@29.6090652385869,-90.7332555504718.jpg",2,0,238,591,162,591,400
"Morganza_all/032122@29.6094381237533,-90.7333680539628.jpg",1,98,254,347,185,445,439
"Morganza_all/032123@29.6093393254301,-90.7336882823238.jpg",1,99,254,419,148,518,402
"Morganza_all/032124@29.6090092061358,-90.7335345483592.jpg",2,61,212,575,194,636,406
"Morganza_all/032125@29.6089241345525,-90.7337235283947.jpg",1,26,247,565,161,591,408
"Morganza_all/032126@29.6092543285748,-90.7338936580328.jpg",2,0,247,543,176,543,423
"Morganza_all/032127@29.6088032969059,-90.7339209357263.jpg",1,79,259,426,149,505,408
"Morganza_all/032128@29.6091480421231,-90.7341401340938.jpg",1,169,230,421,183,590,413
"Morganza_all/032129@29.6089701860513,-90.7343952512537.jpg",1,103,230,357,129,460,359
"Morganza_all/032130@29.6086901603711,-90.7342330337858.jpg",3,176,240,443,130,619,370
"Morganza_all/032131@29.6089281037334,-90.7345921869411.jpg",1,148,226,352,143,500,369
"Morganza_all/032132@29.6086732576575,-90.7352411298326.jpg",6,248,164,123,129,371,293
"Morganza_all/032133@29.6082864958332,-90.7352270444893.jpg",6,259,189,146,103,405,292
"Morganza_all/032134@29.6085982849962,-90.7345040309244.jpg",6,246,215,143,133,389,348
"Morganza_all/032135@29.6084537989754,-90.7342262659391.jpg",6,264,213,142,136,406,349
"Morganza_all/032136@29.6083205758527,-90.7332846220587.jpg",6,221,262,200,120,421,382
"Morganza_all/032137@29.6081570482745,-90.7335396528125.jpg",6,141,282,269,98,410,380
"Morganza_all/032138@29.6086779632454,-90.7362737056786.jpg",1,262,275,309,134,571,409
"Morganza_all/032139@29.6085997292559,-90.7363889093411.jpg",1,228,273,345,141,573,414
"Morganza_all/032140@29.608414617034,-90.7366276688327.jpg",1,287,277,323,130,610,407
"Morganza_all/032141@29.608258866213,-90.7370219622496.jpg",1,142,272,495,132,637,404
"Morganza_all/032144@29.6076365727544,-90.7371895588021.jpg",6,195,226,211,105,406,331
"Morganza_all/032145@29.6078565568178,-90.7383191854322.jpg",1,245,251,342,160,587,411
"Morganza_all/032146@29.6077783306487,-90.7384425684522.jpg",1,299,244,280,167,579,411
"Morganza_all/032147@29.6076863253762,-90.7386807692413.jpg",2,206,298,432,118,638,416
"Morganza_all/032148@29.6076728902955,-90.7388775304959.jpg",1,259,294,325,119,584,413
"Morganza_all/032149@29.6075307169737,-90.7391078464024.jpg",1,294,290,334,112,628,402
"Morganza_all/032150@29.6073312729571,-90.7393466833047.jpg",1,265,296,246,82,511,378
"Morganza_all/032151@29.6073255333992,-90.7396581023627.jpg",1,294,268,264,126,558,394
"Morganza_all/032153@29.606984604676,-90.7387013317119.jpg",6,304,219,92,97,396,316
"Morganza_all/032154@29.6068933046342,-90.7390952337574.jpg",6,191,190,136,138,327,328
"Morganza_all/032155@29.6070732124982,-90.7392908463935.jpg",6,225,249,178,98,403,347
"Morganza_all/032156@29.6072337951909,-90.7399618805399.jpg",1,311,278,249,126,560,404
"Morganza_all/032157@29.6070908042192,-90.7400118822172.jpg",1,123,286,246,138,369,424
"Morganza_all/032159@29.6068849871616,-90.7404228567928.jpg",1,257,299,250,131,507,430
"Morganza_all/032160@29.6062787424689,-90.7393856855931.jpg",3,15,297,507,106,522,403
"Morganza_all/032161@29.6063776662354,-90.7390900804463.jpg",1,179,264,244,109,423,373
"Morganza_all/032162@29.6064978800704,-90.738753376101.jpg",2,319,284,317,97,636,381
"Morganza_all/032163@29.6067105812563,-90.7382849912459.jpg",1,98,285,388,100,486,385
"Morganza_all/032164@29.606824089818,-90.7380466645754.jpg",1,117,287,296,94,413,381
"Morganza_all/032165@29.6069234200213,-90.7378412121751.jpg",1,125,239,293,136,418,375
"Morganza_all/032166@29.6069870208952,-90.7376523357062.jpg",1,57,187,308,211,365,398
"Morganza_all/032167@29.607149997813,-90.7372744005566.jpg",2,63,288,578,137,641,425
"Morganza_all/032168@29.6072203377052,-90.7369953562517.jpg",1,73,257,469,123,542,380
"Morganza_all/032169@29.6073906763355,-90.7366583478432.jpg",1,49,282,348,104,397,386
"Morganza_all/032170@29.6075039580337,-90.7363708330207.jpg",2,0,286,442,92,442,378
"Morganza_all/032171@29.6076387157486,-90.7360832209183.jpg",3,126,260,387,124,513,384
"Morganza_all/032172@29.6077306041731,-90.7358204097222.jpg",3,92,274,497,103,589,377
"Morganza_all/032173@29.6078795380254,-90.7354999207814.jpg",1,41,273,328,115,369,388
"Morganza_all/032174@29.6073987686957,-90.7352897148613.jpg",3,183,277,359,94,542,371
"Morganza_all/032175@29.6072849289964,-90.7354543163571.jpg",1,215,290,362,108,577,398
"Morganza_all/032176@29.6072071065368,-90.7356596435148.jpg",3,179,269,417,114,596,383
"Morganza_all/032177@29.6070511347219,-90.7360047806845.jpg",3,59,280,504,110,563,390
"Morganza_all/032178@29.6069021622381,-90.7363170530901.jpg",2,182,204,459,180,641,384
"Morganza_all/032179@29.6067678888489,-90.7367112130728.jpg",3,99,268,407,116,506,384
"Morganza_all/032180@29.6066119142641,-90.7370563470906.jpg",2,0,279,637,139,637,418
"Morganza_all/032181@29.606448798785,-90.7374097043751.jpg",2,125,220,508,205,633,425
"Morganza_all/032182@29.6061295463663,-90.7380671886469.jpg",3,162,272,331,101,493,373
"Morganza_all/032183@29.6060096785435,-90.7384858345395.jpg",1,169,217,375,149,544,366
"Morganza_all/032185@29.6057404396847,-90.7391184703176.jpg",2,122,276,515,117,637,393
"Morganza_all/032186@29.6045166485495,-90.7377162157436.jpg",1,240,250,281,142,521,392
"Morganza_all/032187@29.6045946603966,-90.7375518660196.jpg",1,196,261,406,138,602,399
"Morganza_all/032188@29.6046798490627,-90.7373874418585.jpg",1,235,261,320,133,555,394
"Morganza_all/032189@29.6047435983523,-90.7372313582234.jpg",1,246,254,364,130,610,384
"Morganza_all/032190@29.6048430390449,-90.7370504852411.jpg",1,277,236,293,164,570,400
"Morganza_all/032191@29.604892535667,-90.7369108809411.jpg",1,216,248,354,141,570,389
"Morganza_all/032192@29.6050062378873,-90.7367217091996.jpg",1,224,244,321,148,545,392
"Morganza_all/032193@29.605091527767,-90.7365737094615.jpg",2,236,248,398,142,634,390
"Morganza_all/032194@29.6051767153485,-90.7364093151199.jpg",1,247,247,309,150,556,397
"Morganza_all/032195@29.6052405106257,-90.7362696247773.jpg",1,134,256,376,137,510,393
"Morganza_all/032196@29.6057767671206,-90.73608611313.jpg",2,0,241,398,159,398,400
"Morganza_all/032197@29.6059062410733,-90.736208288259.jpg",1,145,262,357,132,502,394
"Morganza_all/032198@29.6061216482889,-90.7363299199015.jpg",1,188,275,178,82,366,357
"Morganza_all/032199@29.6060439834221,-90.7365762150671.jpg",1,110,247,337,133,447,380
"Morganza_all/032200@29.605944617976,-90.736773485331.jpg",1,73,245,416,142,489,387
"Morganza_all/032201@29.6058451778121,-90.7369543920456.jpg",1,111,255,400,149,511,404
"Morganza_all/032202@29.6057458861927,-90.7371680246842.jpg",1,90,245,389,144,479,389
"Morganza_all/032203@29.605653771536,-90.7373816456519.jpg",1,134,250,408,136,542,386
"Morganza_all/032204@29.6055613214,-90.7375215063537.jpg",1,118,250,406,143,524,393
"Morganza_all/032205@29.6054548518305,-90.7377352119809.jpg",3,91,237,470,164,561,401
"Morganza_all/032206@29.6053697743267,-90.7379242132072.jpg",1,133,257,397,147,530,404
"Morganza_all/032207@29.6052489303429,-90.7381216084626.jpg",1,114,252,368,136,482,388
"Morganza_all/032208@29.6051709549109,-90.7382941403408.jpg",3,54,250,482,145,536,395
"Morganza_all/032209@29.6048185185443,-90.7379602493039.jpg",1,94,276,333,122,427,398
"Morganza_all/032210@29.6049179602422,-90.7377793769102.jpg",1,59,265,347,134,406,399
"Morganza_all/032211@29.6050174761735,-90.7376148986475.jpg",1,94,251,302,138,396,389
"Morganza_all/032212@29.6050957015707,-90.7374915183826.jpg",3,141,276,256,169,397,445
"Morganza_all/032213@29.6051521247763,-90.7373026878591.jpg",1,92,258,346,135,438,393
"Morganza_all/032214@29.6052589387153,-90.7371709237612.jpg",1,96,259,281,136,377,395
"Morganza_all/032215@29.6053295766663,-90.7369574628166.jpg",3,165,268,263,133,428,401
"Morganza_all/032216@29.6054292778073,-90.7368339222524.jpg",1,89,284,357,110,446,394
"Morganza_all/032217@29.6055215682804,-90.7366530902399.jpg",1,56,283,288,115,344,398
"Morganza_all/032218@29.6056139428691,-90.7364968342048.jpg",1,0,271,445,132,445,403
"Morganza_all/032219@29.6040839641336,-90.7370550052864.jpg",3,5,226,487,196,492,422
"Morganza_all/032220@29.6041621987195,-90.7369398073395.jpg",1,184,222,379,196,563,418
"Morganza_all/032221@29.6042331992307,-90.7368000758306.jpg",1,223,287,251,147,474,434
"Morganza_all/032222@29.6043113963643,-90.7366766960593.jpg",1,131,192,417,263,548,455
"Morganza_all/032223@29.6044252003698,-90.7365039193783.jpg",1,97,233,307,193,404,426
"Morganza_all/032224@29.6044961356692,-90.7363560058889.jpg",2,0,272,468,157,468,429
"Morganza_all/032225@29.6046101630832,-90.7362323803249.jpg",2,187,219,303,203,490,422
"Morganza_all/032226@29.6046951636139,-90.7360270161259.jpg",2,0,257,500,169,500,426
"Morganza_all/032227@29.6047804997665,-90.7358953794029.jpg",2,0,214,445,223,445,437
"Morganza_all/032228@29.6049225181451,-90.7356323077817.jpg",1,132,239,436,236,568,475
"Morganza_all/032229@29.6050363582198,-90.7354677418389.jpg",2,0,254,529,150,529,404
"Morganza_all/032230@29.6051216938101,-90.7353361041907.jpg",1,252,244,284,150,536,394
"Morganza_all/032231@29.6051997399944,-90.735179933145.jpg",1,87,268,393,179,480,447
"Morganza_all/032232@29.6052780379012,-90.7350729452844.jpg",1,103,220,452,190,555,410
"Morganza_all/032233@29.6053847374435,-90.7349166025536.jpg",1,71,247,447,174,518,421
"Morganza_all/032234@29.6054628854646,-90.7347768251674.jpg",1,87,239,230,212,317,451
"Morganza_all/032235@29.6056052382753,-90.7345874785945.jpg",2,85,211,549,209,634,420
"Morganza_all/032236@29.6058896712115,-90.7341432680826.jpg",1,16,261,472,156,488,417
"Morganza_all/032237@29.6060604145444,-90.7338963827192.jpg",2,199,256,442,192,641,448
"Morganza_all/032238@29.6061593734213,-90.7336171676334.jpg",2,0,236,371,208,371,444
"Morganza_all/032239@29.6063870107128,-90.7332798136368.jpg",2,273,197,366,202,639,399
"Morganza_all/032240@29.6065859659678,-90.7329426300744.jpg",2,0,282,531,170,531,452
"Morganza_all/032241@29.6066424101187,-90.7327537940127.jpg",1,230,320,138,87,368,407
"Morganza_all/032242@29.6066849126879,-90.7326551993019.jpg",1,219,269,293,131,512,400
"Morganza_all/032243@29.6067844596754,-90.7324988946984.jpg",1,309,305,110,89,419,394
"Morganza_all/032244@29.6068839314778,-90.7323262264602.jpg",1,238,309,133,82,371,391
"Morganza_all/032245@29.6069263585681,-90.7322112365314.jpg",1,211,246,274,158,485,404
"Morganza_all/032246@29.6072958896126,-90.7315861851723.jpg",4,261,309,128,109,389,418
"Morganza_all/032247@29.6076368017378,-90.730969514763.jpg",1,172,306,145,109,317,415
"Morganza_all/032248@29.6077434963796,-90.7308131639771.jpg",2,0,282,632,125,632,407
"Morganza_all/032249@29.6063211657659,-90.7329769766043.jpg",2,0,214,641,258,641,472
"Morganza_all/032250@29.6060931068823,-90.7332160258592.jpg",2,257,258,381,224,638,482
"Morganza_all/032251@29.6059228519374,-90.7335693989242.jpg",2,0,239,638,193,638,432
"Morganza_all/032252@29.6053679786735,-90.7343840385102.jpg",2,108,276,531,191,639,467
"Morganza_all/032253@29.6052601568209,-90.7342945268019.jpg",2,69,272,572,187,641,459
"Morganza_all/032254@29.605152297524,-90.7341968337652.jpg",5,281,302,103,83,384,385
"Morganza_all/032256@29.6047928883564,-90.7339039704063.jpg",5,263,278,134,104,397,382
"Morganza_all/032257@29.605211336679,-90.7345816521168.jpg",2,0,261,638,164,638,425
"Morganza_all/032258@29.6051394680424,-90.7345247152372.jpg",2,0,266,634,159,634,425
"Morganza_all/032259@29.6050530854209,-90.7344268936208.jpg",1,112,297,402,112,514,409
"Morganza_all/032260@29.6049667401007,-90.7343372536792.jpg",1,49,305,396,99,445,404
"Morganza_all/032261@29.6048815177521,-90.7344934679396.jpg",3,96,254,255,196,351,450
"Morganza_all/032262@29.6047752676508,-90.7347481455586.jpg",1,97,300,379,88,476,388
"Morganza_all/032263@29.6046508734448,-90.7341670441381.jpg",5,300,282,124,84,424,366
"Morganza_all/032264@29.6046540918244,-90.7348717842791.jpg",1,64,289,325,101,389,390
"Morganza_all/032265@29.60487759453,-90.7352064340843.jpg",1,48,228,491,195,539,423
"Morganza_all/032266@29.604562103,-90.7351181940218.jpg",1,117,284,308,96,425,380
"Morganza_all/032267@29.6044517005614,-90.7344632801288.jpg",2,0,246,464,175,464,421
"Morganza_all/032268@29.6042582821436,-90.7344480420609.jpg",2,0,247,278,179,278,426
"Morganza_all/032269@29.6042597413791,-90.7347676220206.jpg",3,236,303,251,93,487,396
"Morganza_all/032270@29.6041458273615,-90.7349157931375.jpg",4,276,307,123,82,399,389
"Morganza_all/032271@29.6045845513745,-90.7353311302143.jpg",1,287,285,125,95,412,380
"Morganza_all/032272@29.604305573217,-90.7353983440386.jpg",1,80,296,427,103,507,399
"Morganza_all/032273@29.6045434289168,-90.7357329081896.jpg",1,146,277,313,131,459,408
"Morganza_all/032274@29.6042563770128,-90.7356034942572.jpg",1,252,298,147,104,399,402
"Morganza_all/032275@29.6040637805527,-90.7357685602081.jpg",1,250,293,231,100,481,393
"Morganza_all/032276@29.6043798690588,-90.7359879254897.jpg",2,358,246,279,166,637,412
"Morganza_all/032277@29.6042803925703,-90.7361606172397.jpg",2,110,225,531,207,641,432
"Morganza_all/032278@29.6039569305987,-90.735892111338.jpg",3,169,283,330,126,499,409
"Morganza_all/032279@29.6041164861905,-90.7363336612982.jpg",1,45,278,308,121,353,399
"Morganza_all/032280@29.6038217628313,-90.7360895917096.jpg",1,209,275,312,126,521,401
"Morganza_all/032282@29.603686445465,-90.7362542830054.jpg",1,193,285,229,113,422,398
"Morganza_all/032283@29.6038817287284,-90.7366792561896.jpg",1,121,249,322,190,443,439
"Morganza_all/032284@29.6034874915543,-90.7365996632417.jpg",1,130,240,273,178,403,418
"Morganza_all/032285@29.6038253436343,-90.7368762660826.jpg",1,144,223,303,212,447,435
"Morganza_all/032286@29.6040604173861,-90.7350310355294.jpg",1,224,293,278,114,502,407
"Morganza_all/032287@29.6039609048364,-90.7351955462549.jpg",1,134,275,367,123,501,398
"Morganza_all/032288@29.6038398779762,-90.735351940553.jpg",1,273,285,213,101,486,386
"Morganza_all/032289@29.6037546171145,-90.7354999707846.jpg",1,222,285,219,102,441,387
"Morganza_all/032290@29.6035978987072,-90.7356811852053.jpg",3,85,271,407,133,492,404
"Morganza_all/032291@29.6034268532113,-90.7358624845399.jpg",3,231,301,176,88,407,389
"Morganza_all/032292@29.6034418894057,-90.7360180970529.jpg",1,267,264,270,154,537,418
"Morganza_all/032293@29.6032779185955,-90.7361829901576.jpg",1,228,285,138,129,366,414
"Morganza_all/032294@29.6031696873052,-90.7360033260877.jpg",1,340,284,146,120,486,404
"Morganza_all/032296@29.6019254337952,-90.7348307268025.jpg",1,127,257,234,132,361,389
"Morganza_all/032297@29.6020393950737,-90.734698953039.jpg",2,0,250,519,170,519,420
"Morganza_all/032298@29.602425585845,-90.7345819142562.jpg",2,339,275,298,126,637,401
"Morganza_all/032299@29.602374220529,-90.7343117907507.jpg",1,217,273,193,99,410,372
"Morganza_all/032301@29.6028675588512,-90.7341367436944.jpg",6,249,269,157,101,406,370
"Morganza_all/032302@29.6027516232476,-90.7338424296487.jpg",6,198,283,151,135,349,418
"Morganza_all/032303@29.603015739223,-90.7336523891501.jpg",3,65,293,458,101,523,394
"Morganza_all/032304@29.603344659129,-90.7335438698191.jpg",2,0,307,458,123,458,430
"Morganza_all/032305@29.603193518872,-90.7333808916521.jpg",2,0,303,486,122,486,425
"Morganza_all/032306@29.6035218011222,-90.7331330988457.jpg",3,141,256,500,114,641,370
"Morganza_all/032307@29.604206041487,-90.7324242413418.jpg",3,224,275,268,102,492,377
"Morganza_all/032308@29.6043626802351,-90.7322266263444.jpg",1,233,287,147,100,380,387
"Morganza_all/032309@29.6047192379996,-90.7318966825991.jpg",1,162,232,274,135,436,367
"Morganza_all/032310@29.6053178768463,-90.7312620845861.jpg",1,325,285,137,100,462,385
"Morganza_all/032312@29.6055960247592,-90.7310145496446.jpg",1,176,275,174,85,350,360
"Morganza_all/032314@29.6055573215038,-90.7303837784549.jpg",1,262,279,366,126,628,405
"Morganza_all/032315@29.6054219360891,-90.7305321172316.jpg",1,227,292,409,134,636,426
"Morganza_all/032316@29.6052865127587,-90.730672242609.jpg",1,120,291,416,124,536,415
"Morganza_all/032317@29.6050871869113,-90.7309274852905.jpg",1,193,274,398,150,591,424
"Morganza_all/032318@29.6049444353848,-90.7310348638848.jpg",2,145,198,496,212,641,410
"Morganza_all/032319@29.6047803477746,-90.7311669785649.jpg",2,132,285,351,122,483,407
"Morganza_all/032320@29.6045667794387,-90.7314468811381.jpg",2,92,241,425,177,517,418
"Morganza_all/032321@29.6041885583371,-90.7317359848575.jpg",2,0,281,424,98,424,379
"Morganza_all/032322@29.604067573275,-90.7319005965911.jpg",1,257,295,278,111,535,406
"Morganza_all/032323@29.6038325268656,-90.7321806245372.jpg",1,162,264,268,146,430,410
"Morganza_all/032324@29.6037186809121,-90.7323370106701.jpg",1,163,276,389,152,552,428
"Morganza_all/032325@29.6035974323715,-90.7324442882167.jpg",1,50,251,568,189,618,440
"Morganza_all/032326@29.6034832581503,-90.7325350969064.jpg",1,236,236,348,186,584,422
"Morganza_all/032327@29.6033406455249,-90.7326670783756.jpg",1,137,282,301,140,438,422
"Morganza_all/032328@29.6032124070422,-90.732815336439.jpg",1,290,234,333,195,623,429
"Morganza_all/032329@29.6028488848058,-90.7331862843971.jpg",1,189,225,295,210,484,435
"Morganza_all/032330@29.6027206082971,-90.7333263597452.jpg",1,283,243,295,194,578,437
"Morganza_all/032332@29.6024709971124,-90.7335491027036.jpg",1,189,277,356,124,545,401
"Morganza_all/032333@29.6022072936417,-90.733829325324.jpg",3,211,271,204,127,415,398
"Morganza_all/032334@29.6018365064182,-90.7341757019709.jpg",1,172,273,224,138,396,411
"Morganza_all/032335@29.6013706234798,-90.7340883363219.jpg",1,216,315,268,147,484,462
"Morganza_all/032336@29.6014989857899,-90.733972870603.jpg",3,98,278,332,155,430,433
"Morganza_all/032337@29.6017629894479,-90.7337582261606.jpg",2,0,282,441,175,441,457
"Morganza_all/032338@29.6020847698471,-90.7336579642522.jpg",3,245,276,202,130,447,406
"Morganza_all/032339@29.6013759749742,-90.7336949660077.jpg",2,357,196,278,403,635,599
"Morganza_all/032340@29.5999412469754,-90.7331545590714.jpg",1,282,259,216,118,498,377
"Morganza_all/032341@29.6007996818577,-90.7329527461193.jpg",2,0,254,287,140,287,394
"Morganza_all/032342@29.6010138638521,-90.7328121263511.jpg",1,85,293,390,126,475,419
"Morganza_all/032343@29.6011060362028,-90.7326067235692.jpg",1,331,280,137,90,468,370
"Morganza_all/032344@29.6013494348129,-90.7325888691113.jpg",1,317,279,241,170,558,449
"Morganza_all/032345@29.6014419173356,-90.732457222422.jpg",3,231,269,271,167,502,436
"Morganza_all/032346@29.6015490919703,-90.7323992147727.jpg",1,134,252,314,178,448,430
"Morganza_all/032347@29.6017202178499,-90.7322424882737.jpg",1,215,275,216,154,431,429
"Morganza_all/032348@29.6014796351075,-90.7328749106233.jpg",2,0,237,466,249,466,486
"Morganza_all/032349@29.6019240798078,-90.7329705807389.jpg",6,201,330,136,81,337,411
"Morganza_all/032350@29.6018373582308,-90.7327990064898.jpg",1,84,261,473,168,557,429
"Morganza_all/032351@29.6019511947603,-90.7326344423961.jpg",1,329,295,158,90,487,385
"Morganza_all/032352@29.6020366401223,-90.7325273816536.jpg",3,211,237,237,174,448,411
"Morganza_all/032353@29.6019413133468,-90.732044490863.jpg",1,200,282,223,150,423,432
"Morganza_all/032354@29.6022363823267,-90.7323623013691.jpg",1,164,267,230,115,394,382
"Morganza_all/032355@29.6020629273374,-90.7320109717185.jpg",1,210,299,165,133,375,432
"Morganza_all/032356@29.6021625964735,-90.7318874618912.jpg",1,237,290,150,135,387,425
"Morganza_all/032357@29.6024792449925,-90.7322215376197.jpg",1,113,294,425,97,538,391
"Morganza_all/032358@29.6022982842868,-90.7318047059377.jpg",1,90,257,277,160,367,417
"Morganza_all/032359@29.6026290068415,-90.7320895137237.jpg",1,122,300,338,94,460,394
"Morganza_all/032360@29.6025554832307,-90.7316720361412.jpg",1,162,271,279,148,441,419
"Morganza_all/032361@29.6027646947803,-90.7320067576585.jpg",1,160,297,295,101,455,398
"Morganza_all/032362@29.602605011679,-90.731540613684.jpg",1,117,297,226,111,343,408
"Morganza_all/032363@29.6027333615388,-90.7314169303217.jpg",1,197,276,202,117,399,393
"Morganza_all/032364@29.6030428340843,-90.7317510495835.jpg",1,204,246,257,146,461,392
"Morganza_all/032365@29.6028473192392,-90.7312851201434.jpg",1,244,291,173,98,417,389
"Morganza_all/032366@29.6031569425794,-90.7316520277405.jpg",1,113,289,422,115,535,404
"Morganza_all/032367@29.6029903344004,-90.7312351079587.jpg",1,271,274,203,120,474,394
"Morganza_all/032368@29.6033213966923,-90.7315936740344.jpg",1,280,262,222,127,502,389
"Morganza_all/032369@29.6030973304119,-90.7311443099276.jpg",3,242,291,141,102,383,393
"Morganza_all/032370@29.6032041005872,-90.7310043606039.jpg",1,120,274,251,149,371,423
"Morganza_all/032371@29.6034570090688,-90.7314945224949.jpg",1,273,275,206,116,479,391
"Morganza_all/032372@29.6035564794145,-90.7313218275297.jpg",1,128,289,416,122,544,411
"Morganza_all/032374@29.6037137563564,-90.7312635476677.jpg",1,147,297,348,109,495,406
"Morganza_all/032375@29.603855614824,-90.7309676836901.jpg",2,1,308,640,180,641,488
"Morganza_all/032376@29.6036612923534,-90.7307557842398.jpg",1,83,292,292,135,375,427
"Morganza_all/032377@29.6037754651971,-90.7306649418929.jpg",1,100,283,376,132,476,415
"Morganza_all/032378@29.6038823855921,-90.7305577797086.jpg",1,143,282,310,126,453,408
"Morganza_all/032379@29.6041563205262,-90.7309494800198.jpg",1,242,292,186,102,428,394
"Morganza_all/032380@29.6041839677059,-90.7307362442157.jpg",1,186,299,320,119,506,418
"Morganza_all/032382@29.6040465102111,-90.7304338466445.jpg",2,0,286,552,129,552,415
"Morganza_all/032383@29.6011663927719,-90.7332783077885.jpg",2,6,201,635,315,641,516
"Morganza_all/032384@29.6009953505858,-90.7334596068252.jpg",2,0,214,558,270,558,484
"Morganza_all/032385@29.6003018025774,-90.7321362745695.jpg",1,189,233,313,203,502,436
"Morganza_all/032386@29.6004519300837,-90.7320780093423.jpg",1,172,268,256,148,428,416
"Morganza_all/032388@29.6006731757353,-90.7319128016256.jpg",1,316,234,323,219,639,453
"Morganza_all/032389@29.6008943458159,-90.731731167902.jpg",1,165,219,306,205,471,424
"Morganza_all/032390@29.6011726452902,-90.7315164643763.jpg",2,0,251,639,215,639,466
"Morganza_all/032391@29.6013586886602,-90.7314825576192.jpg",2,297,261,342,165,639,426
"Morganza_all/032392@29.6014940000427,-90.7313178637039.jpg",1,195,240,315,203,510,443
"Morganza_all/032393@29.6016225101878,-90.7312351192183.jpg",1,203,250,297,189,500,439
"Morganza_all/032394@29.6017798246716,-90.7311850215902.jpg",1,283,247,332,192,615,439
"Morganza_all/032395@29.6019225763349,-90.7310776466032.jpg",3,189,262,386,176,575,438
"Morganza_all/032396@29.6020579999679,-90.7309374950149.jpg",1,110,237,477,206,587,443
"Morganza_all/032397@29.6022224264141,-90.7308791724076.jpg",1,155,280,407,151,562,431
"Morganza_all/032398@29.6023437490162,-90.7307882884865.jpg",3,209,256,345,204,554,460
"Morganza_all/032399@29.6025152770724,-90.7307134967358.jpg",1,143,247,273,202,416,449
"Morganza_all/032400@29.6026440405331,-90.7306799642211.jpg",1,218,304,240,81,458,385
"Morganza_all/032401@29.6027649863105,-90.7305071405614.jpg",2,120,251,517,195,637,446
"Morganza_all/032402@29.6030008582073,-90.7304073844394.jpg",3,169,290,213,94,382,384
"Morganza_all/032403@29.6032148113897,-90.730217605034.jpg",2,9,258,627,197,636,455
"Morganza_all/032404@29.6033575347559,-90.7301102272949.jpg",3,33,285,516,191,549,476
"Morganza_all/032405@29.603478894609,-90.7300275542617.jpg",1,212,268,330,148,542,416
"Morganza_all/032406@29.6036360850977,-90.7299446336585.jpg",2,165,242,475,182,640,424
"Morganza_all/032407@29.603785806992,-90.7298044234242.jpg",1,69,240,442,182,511,422
"Morganza_all/032408@29.6039358203171,-90.7297215769466.jpg",1,263,233,280,203,543,436
"Morganza_all/032409@29.604071318123,-90.729597846503.jpg",1,172,271,328,159,500,430
"Morganza_all/032410@29.6042141541504,-90.7295150427576.jpg",3,124,294,389,133,513,427
"Morganza_all/032411@29.6045998117951,-90.7292832519979.jpg",3,296,271,243,148,539,419
"Morganza_all/032412@29.6047496737141,-90.7291676151859.jpg",1,212,273,246,165,458,438
"Morganza_all/032413@29.6049210498782,-90.7290600613933.jpg",1,2,245,561,175,563,420
"Morganza_all/032414@29.6050637344335,-90.7289444671954.jpg",1,125,251,444,219,569,470
"Morganza_all/032415@29.6051850179674,-90.7288453968296.jpg",1,264,189,372,282,636,471
"Morganza_all/032416@29.6053706828279,-90.7287295425115.jpg",1,155,264,373,169,528,433
"Morganza_all/032417@29.6056062131791,-90.7285560197307.jpg",1,61,191,474,285,535,476
"Morganza_all/032418@29.6057919259112,-90.7284565591649.jpg",2,165,240,476,248,641,488
"Morganza_all/032419@29.6060919886828,-90.728299071667.jpg",2,41,261,595,176,636,437
"Morganza_all/032420@29.6063275941269,-90.7281419413214.jpg",1,135,283,424,135,559,418
"Morganza_all/032421@29.609358632905,-90.7285333557724.jpg",1,200,251,297,142,497,393
"Morganza_all/032422@29.6089466543361,-90.7292652430352.jpg",6,218,261,219,86,437,347
"Morganza_all/032423@29.6151523362656,-90.7352978489161.jpg",1,91,285,384,110,475,395
"Morganza_all/032424@29.6152302604337,-90.7351089011805.jpg",2,0,288,424,115,424,403
"Morganza_all/032425@29.6153083063217,-90.734952714191.jpg",1,109,282,333,115,442,397
"Morganza_all/032426@29.6153649030247,-90.7347966551771.jpg",1,75,276,432,118,507,394
"Morganza_all/032427@29.6154570883012,-90.7345994073097.jpg",1,21,280,515,155,536,435
"Morganza_all/032428@29.615570440349,-90.7343282632107.jpg",1,152,104,470,334,622,438
"Morganza_all/032429@29.6156199714388,-90.7341968249845.jpg",1,132,278,308,123,440,401
"Morganza_all/032430@29.6156979039152,-90.7340160580569.jpg",1,33,264,407,145,440,409
"Morganza_all/032431@29.6157330704587,-90.7338765228978.jpg",1,122,276,378,112,500,388
"Morganza_all/032432@29.615847095637,-90.7337529121066.jpg",1,164,273,303,121,467,394
"Morganza_all/032434@29.615945556768,-90.733358926958.jpg",1,96,256,244,124,340,380
"Morganza_all/032435@29.6158016309524,-90.7332040679313.jpg",1,26,246,269,128,295,374
"Morganza_all/032436@29.6156296139187,-90.7331723056152.jpg",1,141,239,220,107,361,346
"Morganza_all/032437@29.6155014124973,-90.733328795065.jpg",1,209,124,348,246,557,370
"Morganza_all/032438@29.6154520322769,-90.7334930259564.jpg",2,312,228,326,188,638,416
"Morganza_all/032439@29.6154098662878,-90.7336653645885.jpg",3,221,255,239,155,460,410
"Morganza_all/032440@29.6153605230514,-90.7338377775189.jpg",3,175,284,311,114,486,398
"Morganza_all/032441@29.6153038525533,-90.7339774408962.jpg",1,254,272,329,131,583,403
"Morganza_all/032442@29.61520433133,-90.7341337571644.jpg",1,200,257,307,148,507,405
"Morganza_all/032443@29.6151197831084,-90.7344375213769.jpg",1,155,285,381,105,536,390
"Morganza_all/032444@29.6150203085527,-90.7346102017203.jpg",1,186,302,298,96,484,398
"Morganza_all/032445@29.6149781885753,-90.7347989668928.jpg",1,139,289,361,107,500,396
"Morganza_all/032446@29.6148499752291,-90.7349472392931.jpg",1,83,290,357,101,440,391
"Morganza_all/032447@29.6148293312644,-90.7351358756926.jpg",3,202,277,267,105,469,382
"Morganza_all/032448@29.6147656119888,-90.7352919762199.jpg",1,162,274,384,121,546,395
"Morganza_all/032449@29.6147019023332,-90.7354562590146.jpg",1,183,284,409,118,592,402
"Morganza_all/032450@29.6146311922644,-90.7356533764065.jpg",1,139,279,389,107,528,386
"Morganza_all/032451@29.6145602952069,-90.7358095191267.jpg",3,221,296,311,95,532,391
"Morganza_all/032452@29.6144822207978,-90.7359657044456.jpg",2,0,271,437,197,437,468
"Morganza_all/032453@29.6142595142247,-90.7358113140906.jpg",1,31,257,434,141,465,398
"Morganza_all/032454@29.6141303290263,-90.7357465307865.jpg",1,121,259,417,149,538,408
"Morganza_all/032455@29.6140009668444,-90.7356489558943.jpg",1,152,255,359,152,511,407
"Morganza_all/032456@29.6138646789909,-90.7356005802811.jpg",4,283,241,160,108,443,349
"Morganza_all/032457@29.6140495651514,-90.7353126494627.jpg",1,103,244,425,150,528,394
"Morganza_all/032458@29.6140917606624,-90.7351402822311.jpg",1,144,255,325,126,469,381
"Morganza_all/032459@29.6141483674259,-90.7349924076402.jpg",1,151,247,344,151,495,398
"Morganza_all/032460@29.6142263384908,-90.7348198577218.jpg",1,139,254,332,144,471,398
"Morganza_all/032461@29.6143044115358,-90.7346636719085.jpg",1,128,257,429,137,557,394
"Morganza_all/032462@29.6143538307317,-90.7345076572203.jpg",1,191,243,435,143,626,386
"Morganza_all/032463@29.6144102122478,-90.7343106252778.jpg",1,162,250,348,138,510,388
"Morganza_all/032464@29.61449524713,-90.7341134216318.jpg",1,129,181,510,258,639,439
"Morganza_all/032465@29.6149166037478,-90.7338568320027.jpg",1,252,268,279,140,531,408
"Morganza_all/032466@29.6147589512475,-90.7338331968401.jpg",2,0,264,491,131,491,395
"Morganza_all/032467@29.6146011112686,-90.7337685558752.jpg",2,0,254,529,159,529,413
"Morganza_all/032468@29.6147648268107,-90.7335545150249.jpg",1,2,276,356,108,358,384
"Morganza_all/032469@29.6148572251779,-90.7333982415416.jpg",1,350,283,244,92,594,375
"Morganza_all/032472@29.6150479803793,-90.7328315896861.jpg",6,276,260,210,109,486,369
"Morganza_all/032473@29.6148968392941,-90.7326685935446.jpg",6,195,264,260,110,455,374
"Morganza_all/032474@29.614703195416,-90.7326041691365.jpg",6,186,226,311,127,497,353
"Morganza_all/032475@29.6145465186812,-90.7327936216635.jpg",1,279,268,312,117,591,385
"Morganza_all/032476@29.6144828121549,-90.7329579056884.jpg",1,61,267,320,116,381,383
"Morganza_all/032477@29.6144479842069,-90.733171205832.jpg",5,241,285,142,121,383,406
"Morganza_all/032478@29.6144200055163,-90.7333188788807.jpg",2,346,285,295,127,641,412
"Morganza_all/032479@29.614335421617,-90.7336144276601.jpg",2,112,264,528,169,640,433
"Morganza_all/032480@29.6142061979101,-90.7335414648807.jpg",1,211,256,426,152,637,408
"Morganza_all/032481@29.6141579787242,-90.7339597211482.jpg",2,0,274,434,154,434,428
"Morganza_all/032482@29.6140942333485,-90.7341158215418.jpg",1,117,290,405,127,522,417
"Morganza_all/032483@29.6140234130198,-90.7342883604756.jpg",3,236,288,257,123,493,411
"Morganza_all/032484@29.6139667420392,-90.7344280217328.jpg",1,241,288,339,114,580,402
"Morganza_all/032485@29.6138674447053,-90.7346334918068.jpg",1,131,293,352,105,483,398
"Morganza_all/032486@29.6138038855378,-90.7348305654004.jpg",1,133,283,311,105,444,388
"Morganza_all/032487@29.6137688301224,-90.7349946756826.jpg",1,227,288,317,101,544,389
"Morganza_all/032488@29.613662055868,-90.7351346669876.jpg",1,132,291,326,117,458,408
"Morganza_all/032489@29.6143334717863,-90.736236456859.jpg",2,0,292,641,217,641,509
"Morganza_all/032490@29.6140607100389,-90.7360987611245.jpg",1,82,254,480,183,562,437
"Morganza_all/032491@29.6137664716447,-90.7359611942719.jpg",2,47,262,589,154,636,416
"Morganza_all/032492@29.6136955742186,-90.7361173354256.jpg",1,113,267,338,119,451,386
"Morganza_all/032493@29.6136389287883,-90.7362569950263.jpg",1,100,272,327,121,427,393
"Morganza_all/032494@29.6135753671805,-90.7364540671396.jpg",1,88,285,367,105,455,390
"Morganza_all/032495@29.613482955434,-90.7366021534356.jpg",1,116,275,319,109,435,384
"Morganza_all/032496@29.6134265056105,-90.7367909687586.jpg",1,55,278,420,117,475,395
"Morganza_all/032497@29.6133627196514,-90.7369388840163.jpg",2,0,279,413,121,413,400
"Morganza_all/032498@29.6133134740078,-90.7371276560229.jpg",3,140,282,270,119,410,401
"Morganza_all/032499@29.6132356215876,-90.7373330258759.jpg",1,188,277,275,115,463,392
"Morganza_all/032500@29.6131717231942,-90.7374563310334.jpg",1,61,279,477,119,538,398
"Morganza_all/032501@29.6137175787201,-90.7378054940857.jpg",2,0,224,382,217,382,441
"Morganza_all/032502@29.6138170573446,-90.7376327876934.jpg",1,161,280,346,104,507,384
"Morganza_all/032503@29.6138808167297,-90.7374849038404.jpg",3,78,291,375,97,453,388
"Morganza_all/032504@29.6139515942419,-90.7372959712967.jpg",1,92,287,390,105,482,392
"Morganza_all/032505@29.6140009048266,-90.7371153802514.jpg",1,107,291,335,97,442,388
"Morganza_all/032506@29.6140933171511,-90.736967293663.jpg",1,92,285,331,110,423,395
"Morganza_all/032507@29.6141856548684,-90.7368028422807.jpg",1,66,278,391,113,457,391
"Morganza_all/032508@29.6142565433778,-90.7366385184183.jpg",1,42,288,409,112,451,400
"Morganza_all/032509@29.6142985638764,-90.736433359535.jpg",1,105,285,380,110,485,395
"Morganza_all/032510@29.6136114710657,-90.7380929824601.jpg",2,140,176,500,300,640,476
"Morganza_all/032511@29.6135333937917,-90.7382491330484.jpg",1,176,286,286,107,462,393
"Morganza_all/032512@29.6134552793537,-90.738397132662.jpg",1,211,288,239,92,450,380
"Morganza_all/032513@29.613398891696,-90.7385941604242.jpg",1,247,293,209,93,456,386
"Morganza_all/032514@29.613299411804,-90.7387668651401.jpg",1,157,286,253,99,410,385
"Morganza_all/032515@29.613242874959,-90.7389311007113.jpg",3,135,291,306,88,441,379
"Morganza_all/032516@29.6131577585343,-90.7391119019749.jpg",3,228,279,176,107,404,386
"Morganza_all/032517@29.6131297732954,-90.7392596029304.jpg",1,211,282,289,97,500,379
"Morganza_all/032518@29.6130373954369,-90.7394158681454.jpg",1,141,263,359,123,500,386
"Morganza_all/032519@29.6130027795232,-90.7396783188911.jpg",2,0,285,371,98,371,383
"Morganza_all/032520@29.6128963709904,-90.7399002201004.jpg",1,121,293,327,99,448,392
"Morganza_all/032521@29.6127970005657,-90.7400975005658.jpg",1,11,276,347,115,358,391
"Morganza_all/032522@29.6127260982125,-90.7402536372788.jpg",3,97,291,278,93,375,384
"Morganza_all/032523@29.6126480926376,-90.740426212013.jpg",3,120,272,274,105,394,377
"Morganza_all/032524@29.6126060382491,-90.7406313345318.jpg",1,134,293,267,84,401,377
"Morganza_all/032525@29.6125063610523,-90.7407548800069.jpg",3,207,283,199,99,406,382
"Morganza_all/032526@29.612435504344,-90.7409273802015.jpg",3,92,291,328,96,420,387
"Morganza_all/032527@29.6123646010017,-90.7410835157632.jpg",1,183,278,300,106,483,384
"Morganza_all/032528@29.6122793706366,-90.741239735823.jpg",1,234,289,214,91,448,380
"Morganza_all/032529@29.6122374164764,-90.7414612527575.jpg",1,114,275,526,167,640,442
"Morganza_all/032530@29.612131337714,-90.7417569151022.jpg",1,51,219,407,235,458,454
"Morganza_all/032531@29.6120173789251,-90.7418969078307.jpg",3,205,299,209,102,414,401
"Morganza_all/032532@29.6118015332464,-90.7416769148954.jpg",2,61,218,577,175,638,393
"Morganza_all/032533@29.6119573255449,-90.7412826146066.jpg",2,182,167,456,258,638,425
"Morganza_all/032534@29.6120426300043,-90.7411427907288.jpg",1,54,227,488,163,542,390
"Morganza_all/032535@29.61213486194,-90.7409537688128.jpg",1,15,184,482,221,497,405
"Morganza_all/032536@29.6122129051824,-90.7407893774747.jpg",1,165,202,467,207,632,409
"Morganza_all/032537@29.6122691850442,-90.7405677754976.jpg",3,134,216,390,195,524,411
"Morganza_all/032538@29.6123399025055,-90.7403706662262.jpg",3,94,198,425,227,519,425
"Morganza_all/032539@29.6124033588269,-90.7401490212135.jpg",2,40,212,599,208,639,420
"Morganza_all/032540@29.6125023955248,-90.7398779765809.jpg",2,0,213,639,198,639,411
"Morganza_all/032541@29.6126229081663,-90.7396068040639.jpg",2,73,187,566,231,639,418
"Morganza_all/032542@29.6127509782825,-90.7394257494124.jpg",1,58,227,352,183,410,410
"Morganza_all/032543@29.612836095141,-90.7392449491502.jpg",1,100,214,388,184,488,398
"Morganza_all/032544@29.6129282403105,-90.7390313144102.jpg",1,56,227,552,169,608,396
"Morganza_all/032545@29.6129774046268,-90.7388179344762.jpg",1,57,205,558,196,615,401
"Morganza_all/032546@29.6130191684866,-90.7385554410294.jpg",2,0,238,638,163,638,401
"Morganza_all/032547@29.6131470043511,-90.7383170145116.jpg",2,0,208,641,197,641,405
"Morganza_all/032548@29.6132097971087,-90.7379560177376.jpg",2,0,219,577,148,577,367
"Morganza_all/032549@29.6130013453864,-90.7377851753781.jpg",2,0,200,640,256,640,456
"Morganza_all/032550@29.6128075179019,-90.7376797686149.jpg",2,0,182,638,312,638,494
"Morganza_all/032551@29.6124045706887,-90.7420919094527.jpg",1,160,272,378,105,538,377
"Morganza_all/032552@29.6124467476139,-90.7419195480725.jpg",3,143,248,405,205,548,453
"Morganza_all/032553@29.6132262953838,-90.7401037374315.jpg",1,121,285,372,131,493,416
"Morganza_all/032555@29.6130846387386,-90.7404488035929.jpg",1,215,267,358,120,573,387
"Morganza_all/032556@29.6130353605432,-90.7406375735117.jpg",1,247,268,325,117,572,385
"Morganza_all/032557@29.612957391434,-90.7408183306412.jpg",1,263,277,278,101,541,378
"Morganza_all/032558@29.6128577604867,-90.7409582408329.jpg",1,153,272,408,115,561,387
"Morganza_all/032559@29.6128299116622,-90.7411305185902.jpg",1,183,273,312,103,495,376
"Morganza_all/032560@29.6127448662232,-90.7413277129966.jpg",1,252,268,307,118,559,386
"Morganza_all/032561@29.6126737869048,-90.7414510574264.jpg",1,96,262,342,125,438,387
"Morganza_all/032562@29.6126173208202,-90.7416317176631.jpg",1,209,289,280,140,489,429
"Morganza_all/032563@29.6139699402547,-90.7382717153362.jpg",1,1,209,517,312,518,521
"Morganza_all/032564@29.613913450911,-90.7384523483976.jpg",1,202,269,326,115,528,384
"Morganza_all/032565@29.6137502106793,-90.7387729686403.jpg",1,255,286,280,108,535,394
"Morganza_all/032566@29.6136794213088,-90.7389536859069.jpg",1,221,274,320,102,541,376
"Morganza_all/032567@29.6136372578601,-90.7391342330378.jpg",1,221,278,262,104,483,382
"Morganza_all/032568@29.6135878702237,-90.7392984265382.jpg",3,187,271,312,120,499,391
"Morganza_all/032569@29.6134812397366,-90.7394711732855.jpg",3,214,275,358,109,572,384
"Morganza_all/032570@29.6134320001336,-90.7396681581028.jpg",3,228,273,291,122,519,395
"Morganza_all/032571@29.6133179693704,-90.7397917591762.jpg",1,118,278,396,171,514,449
"Morganza_all/032572@29.6140546462333,-90.7380007497903.jpg",1,127,237,447,212,574,449
"Morganza_all/032573@29.6141182199663,-90.7378118916044.jpg",1,158,276,440,130,598,406
"Morganza_all/032574@29.6142250247186,-90.7376719338233.jpg",3,199,274,419,120,618,394
"Morganza_all/032575@29.6142670841557,-90.7374749891758.jpg",1,178,276,396,116,574,392
"Morganza_all/032576@29.6143665251536,-90.737294099232.jpg",1,124,273,403,114,527,387
"Morganza_all/032577@29.614423022603,-90.7371216471433.jpg",1,139,284,394,102,533,386
"Morganza_all/032578@29.6145225375355,-90.7369571211426.jpg",1,113,283,360,98,473,381
"Morganza_all/032579@29.6145646979855,-90.7367765714986.jpg",1,172,285,307,104,479,389
"Morganza_all/032580@29.6145854287973,-90.7366125459191.jpg",3,183,281,416,123,599,404
"Morganza_all/032581@29.6147133828946,-90.7364069055089.jpg",2,32,215,607,284,639,499
"Morganza_all/032582@29.6148340375366,-90.7361684835488.jpg",3,96,269,475,174,571,443
"Morganza_all/032583@29.6148761222136,-90.7359715369078.jpg",3,162,274,287,115,449,389
"Morganza_all/032584@29.614954271335,-90.7358317470949.jpg",5,241,285,190,102,431,387
"Morganza_all/032585@29.6150177299183,-90.735618307381.jpg",2,0,268,510,127,510,395
"Morganza_all/032586@29.6150814770804,-90.7354622065042.jpg",1,51,286,422,107,473,393
"Morganza_all/032587@29.6093561325717,-90.7361841905798.jpg",1,91,271,301,92,392,363
"Morganza_all/032588@29.6097569598653,-90.7361408266384.jpg",1,162,245,382,99,544,344
"Morganza_all/032589@29.6099945152569,-90.7364098610193.jpg",1,145,235,388,112,533,347
"Morganza_all/032590@29.6098669811001,-90.7367138321306.jpg",6,310,275,176,84,486,359
"Morganza_all/032592@29.6098257426645,-90.7370910535525.jpg",2,125,289,465,97,590,386
"Morganza_all/032593@29.6095958230026,-90.7369285287372.jpg",2,0,165,625,238,625,403
"Morganza_all/032594@29.6092009522772,-90.7367096184845.jpg",2,0,198,636,196,636,394
"Morganza_all/032595@29.6092389918467,-90.7372011032334.jpg",2,75,200,563,258,638,458
"Morganza_all/032596@29.609095629415,-90.7371691655346.jpg",2,241,225,395,204,636,429
"Morganza_all/032597@29.6089086530004,-90.7369981724611.jpg",2,0,247,636,148,636,395
"Morganza_all/032598@29.6089905655403,-90.7376860788764.jpg",1,92,252,499,139,591,391
"Morganza_all/032599@29.6091199360311,-90.7377918649969.jpg",4,342,323,112,111,454,434
"Morganza_all/032600@29.6092276340795,-90.7378485933984.jpg",4,322,345,92,117,414,462
"Morganza_all/032601@29.6094781458536,-90.7378225258375.jpg",6,249,234,104,99,353,333
"Morganza_all/032603@29.609364813914,-90.7380936178516.jpg",6,277,229,109,85,386,314
"Morganza_all/032605@29.6113014333393,-90.7371970065233.jpg",1,71,225,352,147,423,372
"Morganza_all/032606@29.6110135905442,-90.7368872922466.jpg",2,0,247,544,107,544,354
"Morganza_all/032607@29.610807299084,-90.7371917662021.jpg",1,9,247,578,118,587,365
"Morganza_all/032610@29.6105313454088,-90.7379309700029.jpg",1,23,260,512,95,535,355
"Morganza_all/032611@29.610876455955,-90.7382321632091.jpg",2,37,254,602,117,639,371
"Morganza_all/032612@29.6106147764367,-90.7389548840398.jpg",2,99,66,542,359,641,425
"Morganza_all/032613@29.6103339759943,-90.7386205470633.jpg",2,0,212,638,187,638,399
"Morganza_all/032614@29.6101490456015,-90.7389003106274.jpg",1,40,250,497,99,537,349
"Morganza_all/032615@29.6104020728847,-90.7394232857345.jpg",6,249,235,112,93,361,328
"Morganza_all/032616@29.6100076147923,-90.7392945223432.jpg",1,100,204,382,161,482,365
"Morganza_all/032617@29.6105251989723,-90.7365788064434.jpg",1,0,159,566,266,566,425
"Morganza_all/032618@29.6103099313834,-90.7364817460518.jpg",1,182,204,317,142,499,346
"Morganza_all/032619@29.6103182743447,-90.7367439347442.jpg",1,153,242,286,111,439,353
"Morganza_all/032620@29.6102189733702,-90.7369493950349.jpg",1,186,247,279,118,465,365
"Morganza_all/032621@29.6101484198221,-90.7371874753016.jpg",3,174,244,274,139,448,383
"Morganza_all/032622@29.6100561934522,-90.7373765284057.jpg",1,203,237,259,121,462,358
"Morganza_all/032623@29.6099783778055,-90.7375900733013.jpg",1,203,240,270,122,473,362
"Morganza_all/032624@29.6099078134357,-90.7378199704699.jpg",1,172,234,288,129,460,363
"Morganza_all/032625@29.6098300617085,-90.7380416964458.jpg",1,197,241,239,110,436,351
"Morganza_all/032626@29.6097379924003,-90.7382716892812.jpg",1,137,237,305,129,442,366
"Morganza_all/032627@29.6096385501815,-90.7384526013614.jpg",3,209,236,262,137,471,373
"Morganza_all/032628@29.6095607601373,-90.738666112898.jpg",3,210,250,239,109,449,359
"Morganza_all/032629@29.6093896734534,-90.7388392360609.jpg",1,197,265,277,93,474,358
"Morganza_all/032630@29.6093118925027,-90.7390609602613.jpg",1,224,267,264,94,488,361
"Morganza_all/032631@29.6093200723415,-90.7392822056053.jpg",1,190,230,321,166,511,396
"Morganza_all/032632@29.6091853076174,-90.7395698182318.jpg",1,138,234,327,165,465,399
"Morganza_all/032633@29.6095725142017,-90.7396822604316.jpg",2,0,277,639,134,639,411
"Morganza_all/032634@29.6100817075278,-90.7398431362215.jpg",6,160,233,232,134,392,367
"Morganza_all/032635@29.610010805471,-90.7399992688807.jpg",6,235,254,102,83,337,337
"Morganza_all/032636@29.6099330227027,-90.7402210250242.jpg",6,186,240,182,123,368,363
"Morganza_all/032637@29.6098693438588,-90.7403934786629.jpg",6,209,237,169,133,378,370
"Morganza_all/032639@29.6089150349393,-90.7399811842654.jpg",1,229,278,335,85,564,363
"Morganza_all/032640@29.6093785796927,-90.7411339685154.jpg",6,258,252,188,111,446,363
"Morganza_all/032642@29.6081301600644,-90.7406168550869.jpg",2,0,274,500,111,500,385
"Morganza_all/032643@29.6084520472612,-90.7405330037356.jpg",2,0,279,641,119,641,398
"Morganza_all/032645@29.608342710045,-90.740107494535.jpg",6,227,268,130,89,357,357
"Morganza_all/032647@29.6076135216027,-90.7403904726289.jpg",1,69,241,355,84,424,325
"Morganza_all/032650@29.613832198579,-90.7386240017507.jpg",1,246,272,326,104,572,376
"Morganza_all/032651@29.6107452827147,-90.7409468211509.jpg",1,12,271,441,216,453,487
"Morganza_all/032652@29.6119524124612,-90.737865369626.jpg",1,89,294,324,109,413,403
"Morganza_all/032653@29.6118636448502,-90.7371392470549.jpg",3,9,268,570,165,579,433
"Morganza_all/032654@29.6137153822636,-90.7326331638791.jpg",1,204,196,223,211,427,407
"Morganza_all/032655@29.6134631708777,-90.7353316983613.jpg",1,217,276,309,114,526,390
"Morganza_all/032656@29.6128484733424,-90.7371007794705.jpg",1,186,268,363,133,549,401
"Morganza_all/032657@29.6039227069033,-90.7363055514665.jpg",2,0,268,391,147,391,415
"Morganza_all/032658@29.6038506877699,-90.7360101202426.jpg",1,53,278,353,113,406,391
"Morganza_all/032659@29.604044016377,-90.7360720916297.jpg",2,283,278,355,130,638,408
"Morganza_all/032660@29.6039789910667,-90.736171099799.jpg",1,150,269,317,138,467,407
"Morganza_all/032661@29.6057285376255,-90.7343026758226.jpg",1,79,218,338,240,417,458
"Morganza_all/032662@29.6064164534235,-90.7332177069027.jpg",3,162,203,373,208,535,411
"Morganza_all/032663@29.6069767307013,-90.7321137584047.jpg",4,311,288,86,117,397,405
"Morganza_all/032664@29.6071272377924,-90.7318564463565.jpg",1,194,256,303,135,497,391
"Morganza_all/032665@29.6073256063351,-90.7315120545913.jpg",4,319,248,111,113,430,361
"Morganza_all/032666@29.6058552490839,-90.7337417790294.jpg",2,113,209,528,279,641,488
"Morganza_all/032667@29.6058108409676,-90.7338327684988.jpg",2,0,248,472,247,472,495
"Morganza_all/032668@29.6057253091668,-90.7339752975942.jpg",2,163,213,478,243,641,456
"Morganza_all/032669@29.6056363398702,-90.7341178470154.jpg",2,0,217,507,199,507,416
"Morganza_all/032670@29.6052357726143,-90.734723774076.jpg",2,236,265,405,209,641,474
"Morganza_all/032672@29.6050801536677,-90.7349890059905.jpg",4,287,285,85,109,372,394
"Morganza_all/032673@29.6046484199361,-90.7355635497237.jpg",2,0,221,459,201,459,422
"Morganza_all/032676@29.6050487031847,-90.7315237563814.jpg",1,282,280,251,98,533,378
"Morganza_all/032677@29.6039616577999,-90.7320712222094.jpg",1,93,277,250,135,343,412
"Morganza_all/032678@29.6016765125747,-90.7344702478278.jpg",3,279,257,230,198,509,455
"Morganza_all/032679@29.6045169106448,-90.7321335620601.jpg",3,165,282,154,102,319,384
"Morganza_all/032684@29.6083471122852,-90.7313585445604.jpg",6,266,273,117,90,383,363
"Morganza_all/032685@29.6085423253556,-90.7317887524003.jpg",6,256,262,202,83,458,345
"Morganza_all/032687@29.6084799325983,-90.7319993736075.jpg",6,243,240,142,118,385,358
"Morganza_all/032688@29.6035610246907,-90.7308445602486.jpg",1,134,268,284,161,418,429
"Morganza_all/032689@29.6033304780578,-90.7309782060231.jpg",1,221,256,247,173,468,429
"Morganza_all/032690@29.6007651269357,-90.7330094048592.jpg",3,266,268,269,136,535,404
"Morganza_all/032691@29.6031457926368,-90.7338226053629.jpg",5,138,291,428,103,566,394
"Morganza_all/032692@29.6030869416759,-90.7337559946399.jpg",5,199,307,153,97,352,404
"Morganza_all/032695@29.6033062679457,-90.7334713150473.jpg",2,0,305,444,127,444,432
"Morganza_all/032696@29.6032519265975,-90.7334046774057.jpg",2,0,310,434,136,434,446
"Morganza_all/032697@29.6031479656982,-90.7333177258497.jpg",2,0,303,470,138,470,441
"Morganza_all/032701@29.6083892893286,-90.7322681934787.jpg",6,255,224,101,90,356,314
"Morganza_all/032703@29.6083014865677,-90.7324608717216.jpg",1,312,278,327,99,639,377
"Morganza_all/032704@29.6079141057754,-90.7322638079487.jpg",5,200,312,177,92,377,404
"Morganza_all/032705@29.6078138476302,-90.7325109071386.jpg",1,169,260,279,121,448,381
"Morganza_all/032706@29.6082106927374,-90.7326970265506.jpg",6,199,290,110,116,309,406
"Morganza_all/032707@29.6080912273907,-90.7328935128888.jpg",6,286,299,141,109,427,408
"Morganza_all/032708@29.6077354926195,-90.7326890201505.jpg",1,158,269,271,147,429,416
"Morganza_all/032709@29.6076286932656,-90.7328890485528.jpg",1,339,268,269,137,608,405
"Morganza_all/032710@29.6079876397743,-90.7331043793832.jpg",6,273,216,112,81,385,297
"Morganza_all/032712@29.6074716779735,-90.7331908650032.jpg",2,300,233,337,171,637,404
"Morganza_all/032713@29.6073523335394,-90.733419950397.jpg",1,205,212,304,195,509,407
"Morganza_all/032714@29.6071860124171,-90.7337617234504.jpg",1,120,270,390,103,510,373
"Morganza_all/032715@29.6070697243657,-90.7339618063977.jpg",2,0,249,410,146,410,395
"Morganza_all/032716@29.6069661847776,-90.7341835575498.jpg",1,239,255,320,101,559,356
"Morganza_all/032718@29.6068216117416,-90.7344345678821.jpg",1,110,244,359,134,469,378
"Morganza_all/032719@29.6043091801046,-90.7294287824162.jpg",1,287,251,268,192,555,443
"Morganza_all/032721@29.6066804486731,-90.7347399035952.jpg",2,0,200,417,232,417,432
"Morganza_all/032722@29.6065423094828,-90.7350089999194.jpg",1,186,265,367,113,553,378
"Morganza_all/032723@29.6064261077162,-90.7352344433358.jpg",1,123,257,368,140,491,397
"Morganza_all/032724@29.6063289346793,-90.7354597726119.jpg",2,317,258,323,144,640,402
"Morganza_all/032725@29.6070201922179,-90.7349118952939.jpg",4,297,271,107,81,404,352
"Morganza_all/032731@29.606100456717,-90.7360665286533.jpg",1,5,254,364,134,369,388
"Morganza_all/032732@29.6077066158874,-90.7336498491672.jpg",4,338,261,84,102,422,363
"Morganza_all/032733@29.606511318203,-90.7386058341196.jpg",2,137,287,498,93,635,380
"Morganza_all/032734@29.6084376165595,-90.7339346425158.jpg",6,232,274,133,82,365,356
"Morganza_all/032735@29.6087656026037,-90.7342776150977.jpg",3,210,246,273,110,483,356
"Morganza_all/032736@29.6090357740564,-90.7344377832963.jpg",2,0,210,355,166,355,376
"Morganza_all/032737@29.6094155782302,-90.7334891581558.jpg",1,92,254,332,164,424,418
"Morganza_all/032747@29.6196793059381,-90.6865356677.jpg",6,302,195,92,86,394,281
"Morganza_all/032749@29.6198972343237,-90.6863617565793.jpg",6,270,213,98,99,368,312
"Morganza_all/032754@29.6209026416148,-90.6861549637686.jpg",3,151,292,218,95,369,387
"Morganza_all/032755@29.6207668526919,-90.6862281669917.jpg",3,178,289,229,98,407,387
"Morganza_all/032768@29.6206233327367,-90.6867020736009.jpg",6,200,282,140,97,340,379
"Morganza_all/032771@29.621035018146,-90.6863822266538.jpg",3,93,273,402,99,495,372
"Morganza_all/032775@29.6225276918531,-90.68936026121.jpg",1,151,299,269,87,420,386
"Morganza_all/032782@29.6267573247598,-90.6975020392792.jpg",1,13,253,367,322,380,575
"Morganza_all/032784@29.6264245626061,-90.6978443973079.jpg",1,201,289,398,104,599,393
"Morganza_all/032787@29.6268184258759,-90.6978418971999.jpg",1,245,313,89,88,334,401
"Morganza_all/032879@29.6291084169134,-90.7027011726291.jpg",6,139,245,97,110,236,355
"Morganza_all/032890@29.6155251204133,-90.7853702607152.jpg",1,199,263,256,103,455,366
"Morganza_all/032891@29.6157518407056,-90.785472624139.jpg",1,54,272,457,131,511,403
"Morganza_all/032892@29.6159694271909,-90.7855542982243.jpg",2,0,275,491,135,491,410
"Morganza_all/032893@29.6162140684293,-90.7856151163217.jpg",3,130,251,423,130,553,381
"Morganza_all/032894@29.6164406586816,-90.7856863876487.jpg",3,66,256,422,169,488,425
"Morganza_all/032895@29.6160803394619,-90.7861027137184.jpg",3,81,223,317,145,398,368
"Morganza_all/032896@29.6158626667617,-90.7860002990763.jpg",1,106,243,384,131,490,374
"Morganza_all/032897@29.619582538367,-90.7897955263699.jpg",3,134,217,293,144,427,361
"Morganza_all/032898@29.6194187377395,-90.7900177313309.jpg",1,186,246,346,120,532,366
"Morganza_all/032899@29.6192620458818,-90.7902234683014.jpg",1,106,247,459,136,565,383
"Morganza_all/032900@29.6191483067934,-90.7904289717179.jpg",1,61,281,420,103,481,384
"Morganza_all/032901@29.6189703074343,-90.7906758316673.jpg",1,157,278,266,86,423,364
"Morganza_all/032904@29.6183256489688,-90.7906383487143.jpg",3,174,258,191,98,365,356
"Morganza_all/032905@29.6182385618764,-90.7903601651373.jpg",3,2,282,352,104,354,386
"Morganza_all/032906@29.6181302416912,-90.7901476539488.jpg",1,0,242,425,143,425,385
"Morganza_all/032907@29.6180000984726,-90.7898450937734.jpg",1,93,251,372,131,465,382
"Morganza_all/032908@29.6178990905865,-90.789665337947.jpg",1,20,253,434,127,454,380
"Morganza_all/032909@29.6178195929334,-90.7894936484033.jpg",2,0,258,349,105,349,363
"Morganza_all/032910@29.6176681757504,-90.7892403965308.jpg",1,29,262,384,109,413,371
"Morganza_all/032911@29.6175670991136,-90.7890442767999.jpg",1,39,269,333,91,372,360
"Morganza_all/032912@29.6174516610848,-90.788839989888.jpg",3,132,272,239,88,371,360
"Morganza_all/032913@29.6173432638385,-90.7886029027832.jpg",1,9,259,398,118,407,377
"Morganza_all/032915@29.6171264745778,-90.7881369127822.jpg",1,11,273,350,97,361,370
"Morganza_all/032916@29.6169681843918,-90.7879574722514.jpg",1,32,275,329,81,361,356
"Morganza_all/032917@29.6168671057031,-90.7877613237156.jpg",3,57,278,314,93,371,371
"Morganza_all/032918@29.6167730674234,-90.7875323435523.jpg",3,5,271,375,99,380,370
"Morganza_all/032919@29.616650409217,-90.7873117340334.jpg",1,54,261,347,95,401,356
"Morganza_all/032920@29.6165493295614,-90.787115586772.jpg",1,17,265,344,91,361,356
"Morganza_all/032923@29.6162525141151,-90.7863468110974.jpg",1,129,263,334,89,463,352
"Morganza_all/032924@29.6167105969209,-90.7862869354483.jpg",2,255,226,384,183,639,409
"Morganza_all/032925@29.6169256225463,-90.7863349511627.jpg",1,143,262,445,115,588,377
"Morganza_all/032926@29.6171122951872,-90.7864486465399.jpg",2,235,255,401,114,636,369
"Morganza_all/032927@29.6173202394383,-90.7865130983825.jpg",1,225,269,353,94,578,363
"Morganza_all/032928@29.6175496259542,-90.7865692191892.jpg",1,166,185,363,187,529,372
"Morganza_all/032929@29.6177503519753,-90.7866172825213.jpg",1,186,237,439,136,625,373
"Morganza_all/032930@29.6179872572103,-90.7867553163943.jpg",3,127,224,414,142,541,366
"Morganza_all/032931@29.6181743052975,-90.786959211235.jpg",2,0,202,455,192,455,394
"Morganza_all/032932@29.6182970664504,-90.787204402994.jpg",3,165,200,371,158,536,358
"Morganza_all/032933@29.6167299186657,-90.7857705032515.jpg",2,123,244,513,179,636,423
"Morganza_all/032934@29.6169737349803,-90.7858511226707.jpg",2,0,278,429,123,429,401
"Morganza_all/032935@29.6171673525324,-90.7859156200426.jpg",1,0,285,404,97,404,382
"Morganza_all/032936@29.6173823715045,-90.7859554210178.jpg",3,121,222,294,172,415,394
"Morganza_all/032937@29.6176120319679,-90.7860771269298.jpg",3,68,250,397,148,465,398
"Morganza_all/032938@29.6178127924428,-90.786133403351.jpg",1,64,214,363,181,427,395
"Morganza_all/032939@29.6180348583408,-90.786148555258.jpg",3,123,224,317,164,440,388
"Morganza_all/032940@29.618257232136,-90.7862375080857.jpg",1,95,239,329,138,424,377
"Morganza_all/032941@29.6184660650519,-90.786515023264.jpg",1,259,283,245,107,504,390
"Morganza_all/032942@29.6190814833734,-90.7864051275441.jpg",6,259,231,167,99,426,330
"Morganza_all/032943@29.6186607071804,-90.786825411325.jpg",1,110,219,333,178,443,397
"Morganza_all/032944@29.6188478233262,-90.7870456729865.jpg",1,233,227,308,153,541,380
"Morganza_all/032945@29.6190925262,-90.7873393930658.jpg",1,121,216,393,176,514,392
"Morganza_all/032946@29.6187575102165,-90.7877182285043.jpg",2,0,160,427,216,427,376
"Morganza_all/032947@29.6192294089179,-90.787535350359.jpg",3,125,277,376,120,501,397
"Morganza_all/032948@29.6190888543403,-90.7881754185997.jpg",1,183,219,304,154,487,373
"Morganza_all/032949@29.6194450820098,-90.7877390931933.jpg",1,162,250,322,144,484,394
"Morganza_all/032950@29.6195535083085,-90.7879761841901.jpg",1,152,280,336,114,488,394
"Morganza_all/032951@29.6193625213727,-90.7885509392677.jpg",1,172,183,310,191,482,374
"Morganza_all/032952@29.6197189481362,-90.7881555904528.jpg",1,141,282,381,115,522,397
"Morganza_all/032953@29.6198988783564,-90.7883677130982.jpg",1,251,295,228,91,479,386
"Morganza_all/032954@29.6194993681687,-90.7887386845608.jpg",3,134,270,402,102,536,372
"Morganza_all/032955@29.620049956792,-90.7885390158251.jpg",3,166,246,304,141,470,387
"Morganza_all/032956@29.6195719277882,-90.7889677888612.jpg",2,0,230,347,178,347,408
"Morganza_all/032958@29.6201026390993,-90.7891534258531.jpg",3,315,282,286,89,601,371
"Morganza_all/032959@29.6199817520091,-90.7893589710559.jpg",2,208,233,428,151,636,384
"Morganza_all/032960@29.6194582522506,-90.7891815083725.jpg",3,110,219,420,138,530,357
"Morganza_all/032962@29.6190523037754,-90.7897246647162.jpg",3,123,242,353,124,476,366
"Morganza_all/032963@29.6187101991374,-90.7901199275828.jpg",2,0,237,476,157,476,394
"Morganza_all/032964@29.6184798292214,-90.7898260925857.jpg",2,308,285,333,111,641,396
"Morganza_all/032965@29.6183356708358,-90.7896055932762.jpg",2,263,202,374,193,637,395
"Morganza_all/032966@29.6182201252945,-90.7893685420933.jpg",3,183,243,455,141,638,384
"Morganza_all/032967@29.6181475665022,-90.7891394720672.jpg",3,243,253,393,129,636,382
"Morganza_all/032968@29.618024849407,-90.7889106436364.jpg",2,242,199,397,187,639,386
"Morganza_all/032969@29.6179165203882,-90.7886899517365.jpg",2,209,237,426,171,635,408
"Morganza_all/032970@29.6177796393891,-90.7884939954343.jpg",2,169,237,468,169,637,406
"Morganza_all/032971@29.6176428261103,-90.7883144047901.jpg",2,144,184,497,227,641,411
"Morganza_all/032972@29.6175417074185,-90.788101889317.jpg",2,226,261,415,146,641,407
"Morganza_all/032973@29.6174761937284,-90.7878481722257.jpg",1,192,266,405,142,597,408
"Morganza_all/032974@29.6173105553359,-90.7876277635568.jpg",2,134,266,505,131,639,397
"Morganza_all/032975@29.6172021218333,-90.7873824955738.jpg",2,133,253,505,145,638,398
"Morganza_all/032976@29.6170865447702,-90.7871454497901.jpg",1,110,248,524,154,634,402
"Morganza_all/032977@29.6169783151854,-90.7869493408585.jpg",2,165,228,473,175,638,403
"Morganza_all/032978@29.6168700169671,-90.7867368358848.jpg",2,189,230,447,180,636,410
"Morganza_all/032979@29.6188874767496,-90.7879506684795.jpg",3,178,251,387,121,565,372
"Morganza_all/032982@29.6189131234731,-90.7907990417028.jpg",3,331,271,284,85,615,356
"Morganza_all/032983@29.6257293753929,-90.7970115186348.jpg",1,102,194,297,168,399,362
"Morganza_all/032984@29.6260770264293,-90.7971873311608.jpg",3,203,207,320,170,523,377
"Morganza_all/032985@29.6264603412587,-90.7971539294249.jpg",3,231,168,298,188,529,356
"Morganza_all/032987@29.6276476004934,-90.7972416187993.jpg",2,0,246,641,155,641,401
"Morganza_all/032988@29.6282524011377,-90.7977817718922.jpg",3,65,234,340,151,405,385
"Morganza_all/032989@29.6284814942152,-90.7979895436529.jpg",3,127,183,371,176,498,359
"Morganza_all/032990@29.628848170325,-90.7983533294726.jpg",3,197,219,351,146,548,365
"Morganza_all/032992@29.6292332600167,-90.7987484009237.jpg",3,180,201,351,165,531,366
"Morganza_all/032993@29.6294801423609,-90.7988411323153.jpg",5,393,146,179,135,572,281
"Morganza_all/032994@29.6301652877363,-90.7989419747235.jpg",3,99,216,461,156,560,372
"Morganza_all/032995@29.6303764176716,-90.7992229993823.jpg",2,0,210,608,164,608,374
"Morganza_all/032996@29.6306607813765,-90.7995454350768.jpg",3,145,210,409,138,554,348
"Morganza_all/032997@29.6314045273572,-90.8005865177569.jpg",1,98,225,291,136,389,361
"Morganza_all/032998@29.6316156113349,-90.8008570993979.jpg",3,42,258,379,133,421,391
"Morganza_all/033000@29.6321651955775,-90.801293086583.jpg",3,188,226,222,120,410,346
"Morganza_all/030001@29.5808692043351,-90.7524346762451.jpg",1,4,287,464,111,468,398
"Morganza_all/030002@29.5810482125517,-90.7524254582813.jpg",1,17,301,372,89,389,390
"Morganza_all/030003@29.5812917228654,-90.7524322257567.jpg",3,61,290,391,105,452,395
"Morganza_all/030004@29.581499320909,-90.7524146306662.jpg",3,15,299,431,102,446,401
"Morganza_all/030005@29.5819002627651,-90.7523959140835.jpg",3,26,254,585,141,611,395
"Morganza_all/030006@29.5819056241396,-90.7519862618033.jpg",3,59,265,503,115,562,380
"Morganza_all/030007@29.5817051394225,-90.7519956052836.jpg",1,53,249,571,144,624,393
"Morganza_all/030008@29.5814687787675,-90.7519887973437.jpg",3,198,276,435,114,633,390
"Morganza_all/030009@29.5812753985406,-90.7519817085065.jpg",1,84,265,535,135,619,400
"Morganza_all/030010@29.5810892770893,-90.7519991798042.jpg",1,172,270,383,122,555,392
"Morganza_all/030011@29.5809030466796,-90.7519920809361.jpg",2,4,248,488,146,492,394
"Morganza_all/030012@29.5806596088861,-90.7520016736111.jpg",1,34,207,543,186,577,393
"Morganza_all/030013@29.5804304254033,-90.7519948240711.jpg",1,140,238,501,152,641,390
"Morganza_all/030015@29.5799149325053,-90.752022386498.jpg",1,105,240,271,152,376,392
"Morganza_all/030016@29.5799086997297,-90.752235440317.jpg",3,77,247,425,143,502,390
"Morganza_all/030017@29.5791598443383,-90.7515681440787.jpg",3,51,255,564,137,615,392
"Morganza_all/030018@29.5794993205119,-90.7515732508481.jpg",1,57,293,541,111,598,404
"Morganza_all/030019@29.579522948673,-90.7513330095702.jpg",1,134,253,505,134,639,387
"Morganza_all/030020@29.5791464945038,-90.7513422755044.jpg",3,185,289,420,114,605,403
"Morganza_all/030021@29.5791393040037,-90.7511163711854.jpg",1,252,287,363,111,615,398
"Morganza_all/030022@29.5795094729594,-90.7510788897058.jpg",1,115,247,431,103,546,350
"Morganza_all/030023@29.5794837753369,-90.7508530922108.jpg",3,138,262,397,100,535,362
"Morganza_all/030024@29.5791320150922,-90.750862216343.jpg",2,183,276,458,112,641,388
"Morganza_all/030025@29.5792171609472,-90.7505792726143.jpg",3,98,286,495,94,593,380
"Morganza_all/030026@29.5794700789878,-90.750549549881.jpg",3,178,223,436,150,614,373
"Morganza_all/030028@29.5798923026802,-90.7511119941555.jpg",3,122,314,382,92,504,406
"Morganza_all/030029@29.5799250685149,-90.7515425266532.jpg",1,15,268,539,128,554,396
"Morganza_all/030030@29.5800979647158,-90.7515626951937.jpg",3,101,279,406,119,507,398
"Morganza_all/030031@29.5802770795466,-90.7515899062773.jpg",1,196,225,274,181,470,406
"Morganza_all/030032@29.5804745444034,-90.7515817122351.jpg",3,54,268,464,129,518,397
"Morganza_all/030033@29.5806595957128,-90.7515523858646.jpg",1,4,289,445,93,449,382
"Morganza_all/030034@29.5808634044339,-90.7515794536546.jpg",1,18,265,497,131,515,396
"Morganza_all/030035@29.5810485536149,-90.7515783782632.jpg",1,59,281,428,116,487,397
"Morganza_all/030036@29.5812398900169,-90.7515772669307.jpg",1,46,274,409,116,455,390
"Morganza_all/030037@29.5814373861413,-90.7515761198165.jpg",1,40,272,443,131,483,403
"Morganza_all/030038@29.5816346627878,-90.7515255175381.jpg",3,114,290,346,107,460,397
"Morganza_all/030039@29.5818692938485,-90.7515453592597.jpg",1,140,285,340,115,480,400
"Morganza_all/030040@29.5816700108451,-90.7511440067352.jpg",1,42,281,457,120,499,401
"Morganza_all/030041@29.5815702278585,-90.7509115879277.jpg",1,54,229,325,172,379,401
"Morganza_all/030042@29.5813057468921,-90.7511179037799.jpg",1,173,248,204,122,377,370
"Morganza_all/030043@29.5811205387802,-90.7511119017159.jpg",1,150,273,369,113,519,386
"Morganza_all/030044@29.5809354523375,-90.7511271034227.jpg",1,156,298,335,81,491,379
"Morganza_all/030045@29.5807131995906,-90.7511142695343.jpg",3,30,270,407,121,437,391
"Morganza_all/030046@29.5805157034669,-90.7511154175509.jpg",1,169,279,335,88,504,367
"Morganza_all/030047@29.5802997046121,-90.7511237517099.jpg",1,133,295,307,100,440,395
"Morganza_all/030048@29.5800899868655,-90.7511531906793.jpg",1,115,292,369,108,484,400
"Morganza_all/030049@29.5813835135462,-90.7505666682374.jpg",1,152,166,408,245,560,411
"Morganza_all/030050@29.5810135604744,-90.7506464970809.jpg",1,206,249,381,143,587,392
"Morganza_all/030051@29.5807361681889,-90.7507257869321.jpg",2,141,279,500,129,641,408
"Morganza_all/030052@29.5806731464354,-90.7504366222053.jpg",1,108,274,352,124,460,398
"Morganza_all/030053@29.5806413508157,-90.7502249835233.jpg",3,27,245,585,165,612,410
"Morganza_all/030054@29.5810786287466,-90.7500106131453.jpg",1,163,185,310,227,473,412
"Morganza_all/030055@29.581190477602,-90.7501794090702.jpg",1,175,280,445,119,620,399
"Morganza_all/030056@29.5812900422516,-90.7503624342.jpg",3,159,265,439,149,598,414
"Morganza_all/030057@29.5808673124377,-90.7496870131601.jpg",1,30,220,587,198,617,418
"Morganza_all/030058@29.5805715398214,-90.7497946641791.jpg",3,156,262,470,164,626,426
"Morganza_all/030059@29.5804839125313,-90.7495197696795.jpg",2,84,292,557,109,641,401
"Morganza_all/030060@29.5806924346301,-90.749222007168.jpg",3,47,258,593,166,640,424
"Morganza_all/030061@29.5807859665895,-90.7494332857476.jpg",1,118,268,523,138,641,406
"Morganza_all/030062@29.5802915683714,-90.7506789172725.jpg",3,279,223,323,171,602,394
"Morganza_all/030063@29.5799213995368,-90.7507164005229.jpg",1,99,108,425,284,524,392
"Morganza_all/030064@29.5802782798104,-90.7504671716239.jpg",1,194,258,443,123,637,381
"Morganza_all/030065@29.5799016411272,-90.750441112047.jpg",1,109,248,321,135,430,383
"Morganza_all/030066@29.5802403598446,-90.7502696951389.jpg",1,209,245,431,139,640,384
"Morganza_all/030067@29.5798823181161,-90.7502576537208.jpg",3,173,273,340,107,513,380
"Morganza_all/030068@29.5802145036287,-90.7500085670988.jpg",3,102,252,414,132,516,384
"Morganza_all/030070@29.5801704546165,-90.7498181737409.jpg",1,31,268,445,113,476,381
"Morganza_all/030071@29.5801077414884,-90.749592590794.jpg",1,271,278,198,104,469,382
"Morganza_all/030072@29.5797811505798,-90.7497145150468.jpg",1,81,295,358,92,439,387
"Morganza_all/030074@29.5800697886747,-90.7493880365819.jpg",1,106,257,309,108,415,365
"Morganza_all/030075@29.5796743915417,-90.7493056193819.jpg",1,129,303,293,87,422,390
"Morganza_all/030076@29.5795372770246,-90.7490027652126.jpg",1,76,243,437,161,513,404
"Morganza_all/030079@29.580564962487,-90.7483189217329.jpg",1,244,237,290,107,534,344
"Morganza_all/030080@29.5807865536318,-90.7481834481177.jpg",1,192,232,331,124,523,356
"Morganza_all/030081@29.581008270903,-90.7480762562846.jpg",1,171,298,265,111,436,409
"Morganza_all/030082@29.5811887729654,-90.7484141276989.jpg",1,112,280,338,125,450,405
"Morganza_all/030083@29.581034823968,-90.7484927030872.jpg",3,172,217,342,193,514,410
"Morganza_all/030084@29.5808316130224,-90.7485997859855.jpg",1,139,284,313,114,452,398
"Morganza_all/030085@29.5806779158889,-90.7487348624665.jpg",1,132,287,457,102,589,389
"Morganza_all/030086@29.58048683132,-90.7487924493136.jpg",1,49,277,380,109,429,386
"Morganza_all/030087@29.5803143125897,-90.7488570376568.jpg",3,183,230,253,154,436,384
"Morganza_all/030088@29.5801485199465,-90.7490486549788.jpg",3,203,235,280,127,483,362
"Morganza_all/030089@29.5810187102957,-90.7490294528855.jpg",3,116,242,328,159,444,401
"Morganza_all/030090@29.5813697464629,-90.7488579259425.jpg",3,121,237,344,155,465,392
"Morganza_all/030091@29.5815564691724,-90.7492098895998.jpg",3,221,261,325,129,546,390
"Morganza_all/030092@29.5811123093991,-90.7492619046182.jpg",1,38,250,467,152,505,402
"Morganza_all/030093@29.5812427250518,-90.7494377016522.jpg",3,253,218,351,200,604,418
"Morganza_all/030094@29.5813925938583,-90.749832226837.jpg",1,88,251,480,150,568,401
"Morganza_all/030095@29.5817431241501,-90.749540681791.jpg",2,0,270,504,138,504,408
"Morganza_all/030096@29.5819239053951,-90.7499421392132.jpg",3,153,239,335,147,488,386
"Morganza_all/030097@29.5814858735601,-90.7499870368057.jpg",1,59,278,343,122,402,400
"Morganza_all/030098@29.5815978482576,-90.7501841159411.jpg",1,3,260,483,142,486,402
"Morganza_all/030099@29.5816788432767,-90.750353092519.jpg",3,79,265,441,137,520,402
"Morganza_all/030100@29.5820235330749,-90.7501392595924.jpg",1,7,225,550,198,557,423
"Morganza_all/030101@29.5821976543172,-90.7504348287248.jpg",3,3,225,638,212,641,437
"Morganza_all/030102@29.5823598947024,-90.7508293186559.jpg",1,73,292,398,81,471,373
"Morganza_all/030103@29.5818529640384,-90.750648661006.jpg",3,83,251,501,149,584,400
"Morganza_all/030104@29.5819650005032,-90.7508598672008.jpg",3,183,264,447,129,630,393
"Morganza_all/030105@29.5820645640612,-90.7510428629621.jpg",1,172,251,469,135,641,386
"Morganza_all/030106@29.5821516826089,-90.751197710898.jpg",1,212,201,361,167,573,368
"Morganza_all/030107@29.5825834647588,-90.7511386971203.jpg",1,68,235,383,140,451,375
"Morganza_all/030108@29.5827023810024,-90.7515122679915.jpg",3,54,266,572,116,626,382
"Morganza_all/030109@29.5825111974868,-90.7515416306545.jpg",2,138,265,503,116,641,381
"Morganza_all/030110@29.5822393062373,-90.7514725799826.jpg",2,4,253,637,123,641,376
"Morganza_all/030111@29.5814147861234,-90.7478831971786.jpg",1,98,282,523,111,621,393
"Morganza_all/030112@29.5815273313367,-90.7482073721681.jpg",3,178,221,463,173,641,394
"Morganza_all/030113@29.5817057259122,-90.7480792281085.jpg",3,248,273,322,117,570,390
"Morganza_all/030114@29.5815931174257,-90.7477409586026.jpg",1,140,280,352,88,492,368
"Morganza_all/030115@29.5818207689598,-90.7475771949853.jpg",1,161,253,302,122,463,375
"Morganza_all/030116@29.5819152181871,-90.7479932797125.jpg",3,170,264,434,129,604,393
"Morganza_all/030117@29.5820875788558,-90.747893390547.jpg",3,54,276,554,119,608,395
"Morganza_all/030119@29.5822540006104,-90.7478429925053.jpg",1,40,263,422,122,462,385
"Morganza_all/030121@29.5822948980955,-90.7473272956056.jpg",3,104,237,486,128,590,365
"Morganza_all/030122@29.582745054857,-90.7472328580749.jpg",1,178,222,203,121,381,343
"Morganza_all/030123@29.5817448779659,-90.7485521079769.jpg",3,104,286,537,128,641,414
"Morganza_all/030124@29.5821206704172,-90.748394559517.jpg",3,26,270,408,120,434,390
"Morganza_all/030125@29.5822080125522,-90.748598829212.jpg",3,112,269,479,107,591,376
"Morganza_all/030126@29.5818449486259,-90.7488481056757.jpg",1,221,224,231,149,452,373
"Morganza_all/030127@29.5819569563029,-90.7490521998517.jpg",1,157,210,278,161,435,371
"Morganza_all/030128@29.5823570970709,-90.7488168649495.jpg",1,4,260,560,126,564,386
"Morganza_all/030129@29.5824753551159,-90.7490350811674.jpg",1,15,268,430,121,445,389
"Morganza_all/030130@29.5821058473609,-90.7492208116301.jpg",1,74,279,455,89,529,368
"Morganza_all/030131@29.5822551155575,-90.7494741462743.jpg",1,129,273,416,90,545,363
"Morganza_all/030132@29.582606341079,-90.7493449958334.jpg",1,80,284,320,112,400,396
"Morganza_all/030133@29.5827058439838,-90.7495138970198.jpg",1,32,283,513,108,545,391
"Morganza_all/030134@29.5823179232852,-90.7497209381833.jpg",1,72,262,527,116,599,378
"Morganza_all/030135@29.5824854457385,-90.7499176636386.jpg",1,72,267,380,92,452,359
"Morganza_all/030136@29.5827996269938,-90.7497816829769.jpg",3,66,283,461,107,527,390
"Morganza_all/030137@29.5829610249891,-90.7499925712539.jpg",1,40,278,370,107,410,385
"Morganza_all/030138@29.582548342966,-90.7501785819125.jpg",1,90,269,458,117,548,386
"Morganza_all/030139@29.5827158333943,-90.7503682614645.jpg",2,2,204,402,163,404,367
"Morganza_all/030140@29.583054650019,-90.7502250596948.jpg",1,43,279,400,119,443,398
"Morganza_all/030141@29.5831851583798,-90.7504220028552.jpg",1,44,286,397,119,441,405
"Morganza_all/030142@29.5828033331865,-90.7506148799406.jpg",1,34,276,477,111,511,387
"Morganza_all/030143@29.5824591656992,-90.7481736763309.jpg",3,59,282,407,117,466,399
"Morganza_all/030144@29.5828162303454,-90.7479668092042.jpg",3,91,273,474,138,565,411
"Morganza_all/030145@29.5829285231801,-90.7482344858966.jpg",1,26,269,555,127,581,396
"Morganza_all/030146@29.5825588592067,-90.7483849531444.jpg",1,258,287,335,109,593,396
"Morganza_all/030147@29.5826649284654,-90.7486385398807.jpg",1,43,279,420,119,463,398
"Morganza_all/030148@29.5830036486038,-90.7484741279886.jpg",1,141,294,408,104,549,398
"Morganza_all/030149@29.5831156255716,-90.7486712084191.jpg",1,184,286,326,112,510,398
"Morganza_all/030150@29.5827830647688,-90.7488355524216.jpg",3,107,274,477,116,584,390
"Morganza_all/030151@29.5829200497164,-90.749103085958.jpg",1,110,280,402,116,512,396
"Morganza_all/030152@29.5832709601612,-90.7489033359166.jpg",1,145,285,473,119,618,404
"Morganza_all/030153@29.5834140731486,-90.7491637562922.jpg",3,93,285,421,117,514,402
"Morganza_all/030154@29.5830382482505,-90.7493142252964.jpg",1,68,289,566,104,634,393
"Morganza_all/030155@29.5831628538968,-90.7495747849784.jpg",1,150,250,395,145,545,395
"Morganza_all/030156@29.5835136667096,-90.7493467843153.jpg",1,110,267,477,134,587,401
"Morganza_all/030157@29.5836319906513,-90.7495861768562.jpg",1,94,262,521,140,615,402
"Morganza_all/030158@29.5832686379772,-90.7497648242212.jpg",1,102,260,532,144,634,404
"Morganza_all/030159@29.5833805186439,-90.749940702191.jpg",1,38,274,450,129,488,403
"Morganza_all/030160@29.5837626924655,-90.7498325452254.jpg",1,179,281,416,123,595,404
"Morganza_all/030161@29.5838377797574,-90.7500580959514.jpg",2,178,250,463,154,641,404
"Morganza_all/030162@29.5835299777852,-90.7502434659241.jpg",2,290,276,351,125,641,401
"Morganza_all/030163@29.5830865821872,-90.7476968957457.jpg",3,187,213,392,166,579,379
"Morganza_all/030164@29.5831799905763,-90.7478799578779.jpg",3,172,279,366,117,538,396
"Morganza_all/030165@29.5832734616318,-90.7480771146712.jpg",1,150,226,408,168,558,394
"Morganza_all/030166@29.5834038828188,-90.7482599612855.jpg",1,81,279,404,114,485,393
"Morganza_all/030167@29.5835035760446,-90.7484712087171.jpg",1,65,277,428,125,493,402
"Morganza_all/030168@29.5836032375013,-90.748675409386.jpg",1,98,273,448,117,546,390
"Morganza_all/030169@29.5836966129636,-90.7488513947246.jpg",1,51,284,354,107,405,391
"Morganza_all/030170@29.5838024610486,-90.7490555600715.jpg",1,61,293,439,101,500,394
"Morganza_all/030171@29.583902090197,-90.7492527147268.jpg",1,32,282,439,108,471,390
"Morganza_all/030172@29.5839893405783,-90.7494428630815.jpg",1,127,276,395,119,522,395
"Morganza_all/030173@29.5841136315133,-90.7496327958989.jpg",1,183,296,347,99,530,395
"Morganza_all/030174@29.584213385396,-90.7498581721079.jpg",3,48,292,449,106,497,398
"Morganza_all/030175@29.5844741557214,-90.7502026690659.jpg",1,92,275,396,115,488,390
"Morganza_all/030176@29.5842524682106,-90.7503169385915.jpg",1,109,222,433,151,542,373
"Morganza_all/030177@29.5840677939312,-90.7504309921979.jpg",1,1,280,484,101,485,381
"Morganza_all/030178@29.583864671852,-90.7505522315721.jpg",1,31,278,441,111,472,389
"Morganza_all/030179@29.5836613651306,-90.7506381402927.jpg",1,70,287,382,93,452,380
"Morganza_all/030180@29.5834890061961,-90.7507450736402.jpg",1,87,283,348,93,435,376
"Morganza_all/030181@29.5833167059837,-90.7508590536235.jpg",3,87,246,398,150,485,396
"Morganza_all/030182@29.583144189916,-90.750930656083.jpg",1,68,265,451,129,519,394
"Morganza_all/030183@29.582996646171,-90.751058617535.jpg",1,190,284,450,94,640,378
"Morganza_all/030184@29.5831456953066,-90.7512696114986.jpg",1,142,261,341,126,483,387
"Morganza_all/030185@29.583251665016,-90.7515020298368.jpg",1,170,250,257,123,427,373
"Morganza_all/030186@29.5833760469071,-90.7517131367758.jpg",3,123,271,358,102,481,373
"Morganza_all/030187@29.5834880815132,-90.7519243159125.jpg",3,147,265,368,113,515,378
"Morganza_all/030188@29.5836249349148,-90.7521636038916.jpg",1,175,278,375,100,550,378
"Morganza_all/030189@29.5836815778543,-90.7524104365893.jpg",1,159,254,374,132,533,386
"Morganza_all/030190@29.5838183365819,-90.7526285526354.jpg",1,98,257,453,108,551,365
"Morganza_all/030191@29.5839428454561,-90.7528749612909.jpg",1,125,232,440,144,565,376
"Morganza_all/030192@29.5841918545972,-90.7533537171299.jpg",1,120,292,335,99,455,391
"Morganza_all/030193@29.5843578097277,-90.7531973983092.jpg",3,55,287,411,109,466,396
"Morganza_all/030194@29.5845422676437,-90.7530339243356.jpg",1,3,253,488,137,491,390
"Morganza_all/030195@29.5847946235062,-90.7528771037006.jpg",1,40,249,281,132,321,381
"Morganza_all/030196@29.5849484187992,-90.7527632327838.jpg",1,59,283,342,102,401,385
"Morganza_all/030197@29.5851144357956,-90.7526210378467.jpg",3,0,295,488,97,488,392
"Morganza_all/030198@29.5855207387915,-90.7523785951144.jpg",1,193,277,209,90,402,367
"Morganza_all/030199@29.585445561629,-90.7521318654556.jpg",3,70,257,426,118,496,375
"Morganza_all/030200@29.5853024545448,-90.7518714355569.jpg",1,59,279,356,82,415,361
"Morganza_all/030201@29.5852027039862,-90.751646023431.jpg",1,90,269,262,118,352,387
"Morganza_all/030202@29.5850229311702,-90.7514705347937.jpg",3,46,251,409,125,455,376
"Morganza_all/030203@29.5849231800613,-90.7512451551572.jpg",2,1,287,370,105,371,392
"Morganza_all/030204@29.5848234285648,-90.7510197759697.jpg",2,2,276,356,111,358,387
"Morganza_all/030206@29.5845743481071,-90.7505268969492.jpg",2,1,225,331,150,332,375
"Morganza_all/030207@29.5841801445097,-90.7507128009076.jpg",1,269,248,359,120,628,368
"Morganza_all/030211@29.584634412141,-90.7515434236028.jpg",2,244,264,397,132,641,396
"Morganza_all/030213@29.5848522630792,-90.7519587759176.jpg",1,222,288,419,110,641,398
"Morganza_all/030214@29.5849830193076,-90.7522122289675.jpg",1,142,290,438,105,580,395
"Morganza_all/030215@29.5846445798341,-90.752447230047.jpg",1,109,270,532,140,641,410
"Morganza_all/030216@29.5845199172815,-90.7521725369782.jpg",3,1,237,357,174,358,411
"Morganza_all/030217@29.5844326708606,-90.7519823852383.jpg",5,256,292,83,95,339,387
"Morganza_all/030219@29.5842395803421,-90.7515880644838.jpg",2,0,287,350,102,350,389
"Morganza_all/030220@29.5840845327535,-90.7514195128432.jpg",1,0,278,394,120,394,398
"Morganza_all/030223@29.5834969500881,-90.7511404660457.jpg",1,177,268,292,100,469,368
"Morganza_all/030227@29.5839760691887,-90.7520132880232.jpg",1,247,265,262,125,509,390
"Morganza_all/030228@29.5840880720716,-90.7522174215422.jpg",1,227,285,405,101,632,386
"Morganza_all/030229@29.584169252251,-90.7524287816936.jpg",1,229,283,375,125,604,408
"Morganza_all/030230@29.5842999488608,-90.7526751865545.jpg",2,192,265,449,132,641,397
"Morganza_all/030231@29.5806331483909,-90.7476078301786.jpg",2,139,234,502,161,641,395
"Morganza_all/030232@29.5806090042369,-90.7471526432668.jpg",2,294,258,347,165,641,423
"Morganza_all/030233@29.5804399919382,-90.7472632406623.jpg",2,317,254,324,166,641,420
"Morganza_all/030234@29.5801028061668,-90.7476783825484.jpg",1,203,232,240,117,443,349
"Morganza_all/030238@29.5790757873757,-90.7471194596992.jpg",1,10,272,442,126,452,398
"Morganza_all/030239@29.5792897991405,-90.7471772263176.jpg",1,27,269,528,148,555,417
"Morganza_all/030240@29.5795700248013,-90.7472093117342.jpg",5,296,290,127,119,423,409
"Morganza_all/030241@29.5797615607665,-90.747191328208.jpg",1,0,265,419,122,419,387
"Morganza_all/030242@29.5799603053945,-90.7471311456028.jpg",3,62,285,321,108,383,393
"Morganza_all/030243@29.5801146057474,-90.7470206346328.jpg",2,0,281,367,107,367,388
"Morganza_all/030244@29.5803059907005,-90.7469688944956.jpg",2,1,266,396,133,397,399
"Morganza_all/030245@29.5804825130721,-90.7468835470025.jpg",2,206,234,435,200,641,434
"Morganza_all/030246@29.5808351149625,-90.746620076421.jpg",2,6,226,635,169,641,395
"Morganza_all/030247@29.5812321609616,-90.7464069638148.jpg",1,17,271,496,141,513,412
"Morganza_all/030248@29.5819255685654,-90.7465378049776.jpg",2,0,252,641,91,641,343
"Morganza_all/030249@29.5810829927267,-90.7460115278594.jpg",2,229,253,412,153,641,406
"Morganza_all/030250@29.5808771055584,-90.7461223438964.jpg",1,101,273,533,118,634,391
"Morganza_all/030251@29.5807154637971,-90.7462329001284.jpg",1,214,269,427,112,641,381
"Morganza_all/030252@29.5802960174847,-90.7463871552875.jpg",2,111,252,530,171,641,423
"Morganza_all/030253@29.5801345264622,-90.746531435085.jpg",2,256,267,385,124,641,391
"Morganza_all/030254@29.5799729701913,-90.7466673148928.jpg",4,250,277,164,141,414,418
"Morganza_all/030255@29.5797962113636,-90.7466936442604.jpg",2,275,267,366,133,641,400
"Morganza_all/030256@29.5796342775474,-90.7467451807223.jpg",2,289,221,352,188,641,409
"Morganza_all/030257@29.579457480978,-90.7467630787617.jpg",2,297,269,344,140,641,409
"Morganza_all/030258@29.5792658043972,-90.7467557699567.jpg",2,217,279,424,147,641,426
"Morganza_all/030259@29.5882892878228,-90.7513831576721.jpg",3,192,211,390,187,582,398
"Morganza_all/030260@29.5882070370988,-90.7511973752253.jpg",1,93,222,367,173,460,395
"Morganza_all/030261@29.5881397858032,-90.7510453599298.jpg",1,200,254,282,132,482,386
"Morganza_all/030262@29.5879682521048,-90.750750040322.jpg",1,204,234,416,149,620,383
"Morganza_all/030263@29.5877741395255,-90.7503616918767.jpg",2,0,245,494,166,494,411
"Morganza_all/030264@29.5874495329292,-90.7505837256001.jpg",1,78,266,524,138,602,404
"Morganza_all/030265@29.5871467788472,-90.7507294284394.jpg",3,109,296,343,91,452,387
"Morganza_all/030266@29.5869993071474,-90.7508488056153.jpg",3,116,292,320,101,436,393
"Morganza_all/030267@29.5867999148896,-90.7509430941356.jpg",1,148,281,319,108,467,389
"Morganza_all/030268@29.5865933886522,-90.7510966989081.jpg",1,92,293,327,105,419,398
"Morganza_all/030269@29.5864386321821,-90.751241507335.jpg",1,70,292,319,100,389,392
"Morganza_all/030270@29.5862912352899,-90.7513778406547.jpg",1,65,247,406,154,471,401
"Morganza_all/030271@29.5860749432962,-90.7509981212691.jpg",1,117,273,290,128,407,401
"Morganza_all/030273@29.5864142972226,-90.7507590794231.jpg",3,84,287,448,117,532,404
"Morganza_all/030274@29.5865989051324,-90.7506733402942.jpg",1,178,281,318,95,496,376
"Morganza_all/030277@29.5868332877272,-90.7501301300723.jpg",1,84,262,358,105,442,367
"Morganza_all/030278@29.5865816639345,-90.7501231319032.jpg",1,152,257,388,114,540,371
"Morganza_all/030279@29.5864194360932,-90.7502510585799.jpg",1,125,268,416,115,541,383
"Morganza_all/030280@29.5862720402311,-90.7503873933311.jpg",3,181,263,389,115,570,378
"Morganza_all/030281@29.5860578539687,-90.7504817681809.jpg",1,144,265,381,114,525,379
"Morganza_all/030282@29.5858956257753,-90.7506096936078.jpg",1,15,264,391,143,406,407
"Morganza_all/030283@29.5856942663096,-90.7502552803563.jpg",5,224,283,94,104,318,387
"Morganza_all/030284@29.5858640419145,-90.7501611639532.jpg",1,205,254,436,134,641,388
"Morganza_all/030285@29.5860558205402,-90.7500245709354.jpg",3,189,258,416,126,605,384
"Morganza_all/030286@29.5862476266614,-90.7498880086958.jpg",1,47,223,582,172,629,395
"Morganza_all/030287@29.5863952858413,-90.749810946743.jpg",2,183,276,458,127,641,403
"Morganza_all/030288@29.5866017077155,-90.7496404134517.jpg",1,203,261,363,123,566,384
"Morganza_all/030289@29.5868229135059,-90.7494613298672.jpg",3,186,273,454,127,640,400
"Morganza_all/030290@29.5869051015141,-90.7496386452896.jpg",2,234,246,407,128,641,374
"Morganza_all/030291@29.5870168677758,-90.7498073252526.jpg",1,265,259,289,123,554,382
"Morganza_all/030292@29.5871510890538,-90.7500351502831.jpg",1,132,259,443,143,575,402
"Morganza_all/030293@29.5872260296875,-90.7502463627005.jpg",3,215,270,406,112,621,382
"Morganza_all/030294@29.5873674315911,-90.7504317982906.jpg",1,14,260,506,132,520,392
"Morganza_all/030295@29.5867175907318,-90.7490725018367.jpg",2,4,194,406,221,410,415
"Morganza_all/030296@29.5865554770393,-90.7492258198739.jpg",1,179,226,402,162,581,388
"Morganza_all/030297@29.5863339699893,-90.7493371983561.jpg",1,48,273,462,116,510,389
"Morganza_all/030298@29.5861568355052,-90.749439822851.jpg",3,279,276,221,117,500,393
"Morganza_all/030299@29.5860093272904,-90.7495507376302.jpg",3,173,284,323,98,496,382
"Morganza_all/030300@29.5857952923437,-90.7496789664121.jpg",3,79,297,417,95,496,392
"Morganza_all/030301@29.5855816718799,-90.7499003514444.jpg",2,0,282,560,124,560,406
"Morganza_all/030302@29.5854401663678,-90.7496979939358.jpg",1,40,288,326,97,366,385
"Morganza_all/030303@29.5853357492502,-90.7495123473547.jpg",1,0,287,370,105,370,392
"Morganza_all/030304@29.5852388798326,-90.7493605102299.jpg",1,29,284,462,111,491,395
"Morganza_all/030305@29.5851565027497,-90.7491408513071.jpg",1,8,284,392,111,400,395
"Morganza_all/030306@29.5850520573437,-90.7489552059931.jpg",1,37,284,487,113,524,397
"Morganza_all/030307@29.5849475636995,-90.7487526348545.jpg",1,128,284,357,141,485,425
"Morganza_all/030308@29.5852354835226,-90.748598552561.jpg",1,125,291,424,91,549,382
"Morganza_all/030309@29.5854274116838,-90.7484958411339.jpg",3,102,284,389,106,491,390
"Morganza_all/030310@29.585582089457,-90.7483340723072.jpg",1,65,234,434,156,499,390
"Morganza_all/030311@29.5857740449081,-90.7482313598572.jpg",1,109,290,365,102,474,392
"Morganza_all/030312@29.585936535223,-90.7481626724961.jpg",3,97,290,454,104,551,394
"Morganza_all/030313@29.5861432093039,-90.748042946648.jpg",2,82,269,559,121,641,390
"Morganza_all/030314@29.5862998895139,-90.7483298796713.jpg",2,48,267,593,153,641,420
"Morganza_all/030315@29.5861448340385,-90.7484069869353.jpg",3,114,306,421,83,535,389
"Morganza_all/030316@29.5859532560954,-90.7485943619957.jpg",3,82,300,389,99,471,399
"Morganza_all/030317@29.5857983136886,-90.7486968578759.jpg",3,155,262,377,128,532,390
"Morganza_all/030319@29.5854521323134,-90.7490629258873.jpg",3,73,268,298,104,371,372
"Morganza_all/030320@29.5855715228553,-90.7492823695534.jpg",1,108,267,388,106,496,373
"Morganza_all/030321@29.5858011060079,-90.7493233473388.jpg",2,177,265,464,100,641,365
"Morganza_all/030322@29.5859482367864,-90.7491277698902.jpg",2,250,199,391,204,641,403
"Morganza_all/030323@29.5861773672792,-90.7490671584572.jpg",3,308,278,293,88,601,366
"Morganza_all/030324@29.5863617100117,-90.7489221743961.jpg",1,105,240,418,133,523,373
"Morganza_all/030325@29.586523785473,-90.7487603615435.jpg",2,0,269,530,137,530,406
"Morganza_all/030326@29.5864382710415,-90.7478380070269.jpg",3,11,291,524,114,535,405
"Morganza_all/030327@29.5866005240268,-90.7477100762568.jpg",1,129,281,286,99,415,380
"Morganza_all/030328@29.5867849029298,-90.7475735208041.jpg",3,175,288,272,101,447,389
"Morganza_all/030329@29.5869915764682,-90.747453792726.jpg",1,10,269,368,110,378,379
"Morganza_all/030330@29.5871613878833,-90.7473681335671.jpg",1,44,281,410,110,454,391
"Morganza_all/030331@29.5873384450732,-90.7472485779246.jpg",1,135,291,313,102,448,393
"Morganza_all/030332@29.5875668932278,-90.7470355599924.jpg",2,0,258,456,149,456,407
"Morganza_all/030333@29.5876936464873,-90.7472464993313.jpg",1,137,290,249,102,386,392
"Morganza_all/030334@29.5878056152585,-90.7474659577136.jpg",1,43,282,289,109,332,391
"Morganza_all/030335@29.5878728982037,-90.7476179699375.jpg",3,137,291,406,104,543,395
"Morganza_all/030336@29.5880218040827,-90.7478202861773.jpg",2,2,290,359,114,361,404
"Morganza_all/030337@29.5881561799373,-90.7480819640168.jpg",1,96,272,295,127,391,399
"Morganza_all/030338@29.5880160322703,-90.7481843765076.jpg",3,254,287,202,111,456,398
"Morganza_all/030339@29.5877946771765,-90.7483296119816.jpg",1,132,307,303,99,435,406
"Morganza_all/030340@29.5876544915564,-90.7484235605019.jpg",1,194,303,327,94,521,397
"Morganza_all/030341@29.5875070220985,-90.74854297314.jpg",1,168,303,337,86,505,389
"Morganza_all/030342@29.587330001472,-90.7486709899224.jpg",1,148,287,327,101,475,388
"Morganza_all/030343@29.58718264499,-90.7488157914529.jpg",1,186,281,374,110,560,391
"Morganza_all/030344@29.5868187248231,-90.748521570362.jpg",4,310,303,90,94,400,397
"Morganza_all/030345@29.587018190855,-90.7484442034041.jpg",4,278,313,98,91,376,404
"Morganza_all/030346@29.5871285337417,-90.748299649234.jpg",1,15,288,371,123,386,411
"Morganza_all/030347@29.5873204512444,-90.7481884404444.jpg",4,297,285,102,106,399,391
"Morganza_all/030349@29.5876665545652,-90.7478054360715.jpg",1,343,270,193,91,536,361
"Morganza_all/030350@29.587562069464,-90.7476113242514.jpg",1,82,262,401,87,483,349
"Morganza_all/030351@29.5873031618086,-90.7476297652931.jpg",2,299,251,342,114,641,365
"Morganza_all/030354@29.5867944176383,-90.7480476044617.jpg",2,258,248,383,150,641,398
"Morganza_all/030356@29.5883578371959,-90.7484956561082.jpg",3,119,281,421,116,540,397
"Morganza_all/030357@29.5882028571282,-90.7485896913012.jpg",3,98,242,429,141,527,383
"Morganza_all/030358@29.5880551986729,-90.7486667564454.jpg",1,35,261,434,137,469,398
"Morganza_all/030359@29.5879003316894,-90.748786180915.jpg",1,103,271,372,124,475,395
"Morganza_all/030360@29.5877527864461,-90.7488886667869.jpg",3,40,269,441,116,481,385
"Morganza_all/030361@29.5876200730347,-90.7489994978293.jpg",1,92,265,371,130,463,395
"Morganza_all/030362@29.5885147052169,-90.7488249442821.jpg",1,139,288,415,116,554,404
"Morganza_all/030363@29.5883449785363,-90.7489359922273.jpg",1,129,262,412,117,541,379
"Morganza_all/030366@29.5876518493241,-90.7494903512539.jpg",1,112,268,285,104,397,372
"Morganza_all/030367@29.5877713144939,-90.7497267267785.jpg",1,262,250,364,109,626,359
"Morganza_all/030371@29.5887087467879,-90.7491963344709.jpg",1,87,254,453,125,540,379
"Morganza_all/030372@29.5889028526292,-90.749576220761.jpg",1,117,277,390,141,507,418
"Morganza_all/030373@29.5887331629907,-90.7496957312093.jpg",1,82,302,342,94,424,396
"Morganza_all/030374@29.5885634254026,-90.7497983144292.jpg",1,150,298,316,98,466,396
"Morganza_all/030375@29.5883788557385,-90.7498925201687.jpg",1,0,295,433,95,433,390
"Morganza_all/030376@29.5882611995355,-90.7500625390107.jpg",1,153,270,341,132,494,402
"Morganza_all/030377@29.5880619859309,-90.7501906832816.jpg",1,134,299,396,93,530,392
"Morganza_all/030378@29.5873712400931,-90.7496190017384.jpg",1,25,295,431,101,456,396
"Morganza_all/030379@29.5874460307211,-90.74979636136.jpg",1,12,279,410,122,422,401
"Morganza_all/030380@29.5875801490662,-90.7500072295531.jpg",3,54,279,380,119,434,398
"Morganza_all/030381@29.5876622610435,-90.750167620253.jpg",1,0,290,405,105,405,395
"Morganza_all/030382@29.5881305556588,-90.7506390390657.jpg",3,123,260,373,119,496,379
"Morganza_all/030383@29.5882854516881,-90.7505195855645.jpg",1,133,256,427,120,560,376
"Morganza_all/030384@29.5884476797836,-90.7503916569392.jpg",3,180,251,355,124,535,375
"Morganza_all/030385@29.5886026987802,-90.7503060876398.jpg",3,135,254,435,129,570,383
"Morganza_all/030386@29.5887721731059,-90.7501442303323.jpg",1,199,262,325,119,524,381
"Morganza_all/030387@29.5889642154209,-90.7500669083369.jpg",1,139,259,360,112,499,371
"Morganza_all/030388@29.5891117240612,-90.7499559910456.jpg",3,246,257,234,133,480,390
"Morganza_all/030389@29.5886972724869,-90.7482820219841.jpg",1,183,245,332,117,515,362
"Morganza_all/030391@29.5888913430937,-90.7486534116375.jpg",1,153,256,323,114,476,370
"Morganza_all/030392@29.5889439537625,-90.7488393662666.jpg",1,37,259,454,119,491,378
"Morganza_all/030393@29.5890779879834,-90.7490248460472.jpg",1,181,279,349,91,530,370
"Morganza_all/030394@29.5891676491581,-90.7492190487252.jpg",1,37,257,455,127,492,384
"Morganza_all/030395@29.5892794536494,-90.7493961954225.jpg",1,75,250,383,117,458,367
"Morganza_all/030396@29.5893765869446,-90.7496073139714.jpg",3,78,234,369,148,447,382
"Morganza_all/030397@29.5894441310977,-90.7498185738603.jpg",3,231,241,235,130,466,371
"Morganza_all/030398@29.5890584727212,-90.7479666331714.jpg",1,219,207,285,167,504,374
"Morganza_all/030399@29.5891701380737,-90.7481183882914.jpg",1,110,198,359,178,469,376
"Morganza_all/030400@29.5892300608633,-90.7482789096245.jpg",1,173,251,345,123,518,374
"Morganza_all/030401@29.5893048155437,-90.7484478081433.jpg",1,171,271,304,119,475,390
"Morganza_all/030402@29.5894016858679,-90.7485996190871.jpg",1,174,282,303,107,477,389
"Morganza_all/030403@29.5894689674959,-90.7487516344951.jpg",1,214,276,318,120,532,396
"Morganza_all/030404@29.5895362866749,-90.7489121135208.jpg",1,194,260,332,122,526,382
"Morganza_all/030405@29.5896406291998,-90.7490808404177.jpg",1,139,259,350,114,489,373
"Morganza_all/030406@29.5897005508103,-90.7492413630807.jpg",1,253,239,330,132,583,371
"Morganza_all/030407@29.5898123175751,-90.7494100473085.jpg",3,169,248,360,129,529,377
"Morganza_all/030408@29.5898870707972,-90.7495789476535.jpg",1,167,232,350,150,517,382
"Morganza_all/030409@29.5894273341448,-90.7477104741144.jpg",1,18,265,516,143,534,408
"Morganza_all/030410@29.5895095245156,-90.7478877927111.jpg",1,174,275,313,126,487,401
"Morganza_all/030411@29.5895916390816,-90.7480481847631.jpg",3,229,294,214,87,443,381
"Morganza_all/030412@29.5896737912235,-90.7482170405029.jpg",3,179,283,337,106,516,389
"Morganza_all/030413@29.5897483570302,-90.7483435911055.jpg",1,60,237,345,145,405,382
"Morganza_all/030414@29.5898231493789,-90.7485209539842.jpg",1,153,269,277,109,430,378
"Morganza_all/030415@29.5899200197575,-90.748672797247.jpg",1,153,253,288,145,441,398
"Morganza_all/030416@29.589987376764,-90.748841740394.jpg",1,89,281,350,114,439,395
"Morganza_all/030417@29.5900471855004,-90.7489768730998.jpg",1,54,284,301,117,355,401
"Morganza_all/030418@29.590136695898,-90.7491372237569.jpg",1,86,266,287,131,373,397
"Morganza_all/030419@29.5902336408263,-90.7493059635735.jpg",1,54,286,356,111,410,397
"Morganza_all/030420@29.5903606543671,-90.7495761872488.jpg",1,79,280,417,116,496,396
"Morganza_all/030421@29.5900957915733,-90.7499248678314.jpg",3,123,242,363,153,486,395
"Morganza_all/030422@29.5902002732421,-90.7501189869759.jpg",1,115,259,367,108,482,367
"Morganza_all/030423@29.5903121995622,-90.7503299905826.jpg",1,156,251,326,137,482,388
"Morganza_all/030424@29.5904241531809,-90.7505410259637.jpg",1,53,254,412,133,465,387
"Morganza_all/030425@29.5904989801658,-90.7507268551757.jpg",3,155,270,273,113,428,383
"Morganza_all/030426@29.5906035835326,-90.7509548301159.jpg",3,192,248,293,120,485,368
"Morganza_all/030427@29.5907005638441,-90.7511320674541.jpg",3,219,261,302,118,521,379
"Morganza_all/030428@29.5908944761234,-90.7514696159421.jpg",1,226,242,361,129,587,371
"Morganza_all/030429@29.5911182015669,-90.7518578066813.jpg",3,121,254,327,147,448,401
"Morganza_all/030430@29.5911708076876,-90.7520437671284.jpg",3,186,253,327,142,513,395
"Morganza_all/030431@29.5912678890502,-90.7522379334874.jpg",1,147,290,269,108,416,398
"Morganza_all/030432@29.5913796619573,-90.7524150874292.jpg",1,191,268,256,97,447,365
"Morganza_all/030433@29.5914766777819,-90.7526007911337.jpg",1,101,240,347,152,448,392
"Morganza_all/030434@29.5915663238153,-90.7527865693816.jpg",3,91,255,455,134,546,389
"Morganza_all/030435@29.5916780583751,-90.7529552294044.jpg",1,192,269,413,138,605,407
"Morganza_all/030436@29.5917529944347,-90.7531664850171.jpg",1,134,258,382,128,516,386
"Morganza_all/030437@29.5918796627977,-90.7533604822426.jpg",1,168,246,359,149,527,395
"Morganza_all/030438@29.5919618080926,-90.7535293461976.jpg",1,144,244,354,151,498,395
"Morganza_all/030439@29.5920736166699,-90.7537149664378.jpg",1,124,241,470,157,594,398
"Morganza_all/030440@29.59217832718,-90.7539683704625.jpg",3,177,235,275,158,452,393
"Morganza_all/030441@29.5922455651867,-90.7541119300474.jpg",1,159,259,371,137,530,396
"Morganza_all/030442@29.5923426808622,-90.7543145641475.jpg",1,128,265,391,128,519,393
"Morganza_all/030443@29.5924100030957,-90.7544835153345.jpg",3,208,266,359,128,567,394
"Morganza_all/030444@29.5925441788752,-90.7547028952307.jpg",1,4,248,605,173,609,421
"Morganza_all/030445@29.5926348399093,-90.7551256919342.jpg",1,139,280,348,121,487,401
"Morganza_all/030446@29.5928416697815,-90.7550398586918.jpg",1,81,264,393,120,474,384
"Morganza_all/030447@29.593004163633,-90.7549711775302.jpg",3,223,249,418,115,641,364
"Morganza_all/030448@29.5931813672558,-90.7548770193671.jpg",1,144,261,297,122,441,383
"Morganza_all/030449@29.5933508845559,-90.7547236261329.jpg",1,101,208,346,173,447,381
"Morganza_all/030450@29.5935430416162,-90.7546717006465.jpg",1,75,254,393,125,468,379
"Morganza_all/030451@29.5937275674637,-90.7545605711587.jpg",1,72,248,319,131,391,379
"Morganza_all/030452@29.5939193881429,-90.7544324710903.jpg",1,59,163,509,241,568,404
"Morganza_all/030453@29.593688198381,-90.754027378997.jpg",3,145,274,371,99,516,373
"Morganza_all/030454@29.5935763528417,-90.7538332916588.jpg",1,144,265,328,119,472,384
"Morganza_all/030455@29.5934125869471,-90.753614081945.jpg",1,81,255,308,130,389,385
"Morganza_all/030456@29.5933527081301,-90.7534620144536.jpg",3,109,248,371,141,480,389
"Morganza_all/030457@29.5932481465786,-90.7532424943655.jpg",1,168,270,354,112,522,382
"Morganza_all/030458@29.5931287252276,-90.7530145654391.jpg",1,145,243,318,144,463,387
"Morganza_all/030459@29.5930315226153,-90.7527865397189.jpg",3,91,241,313,164,404,405
"Morganza_all/030460@29.5929260320696,-90.7523637979777.jpg",1,175,257,387,129,562,386
"Morganza_all/030461@29.5927119094187,-90.7524666383946.jpg",1,87,262,384,113,471,375
"Morganza_all/030462@29.5925716833604,-90.7525521220654.jpg",1,114,267,335,115,449,382
"Morganza_all/030463@29.5923871592096,-90.7526632539711.jpg",1,86,262,311,112,397,374
"Morganza_all/030464@29.5926700484757,-90.7530426464371.jpg",1,191,243,316,163,507,406
"Morganza_all/030465@29.5927597785851,-90.7532537870524.jpg",1,86,254,427,136,513,390
"Morganza_all/030466@29.5928271296835,-90.7534227380708.jpg",1,209,254,392,136,601,390
"Morganza_all/030467@29.5928946302596,-90.7536255441125.jpg",1,244,269,187,119,431,388
"Morganza_all/030468@29.5930582837698,-90.7538193301088.jpg",3,173,232,347,166,520,398
"Morganza_all/030469@29.5931775167372,-90.754004941219.jpg",1,181,215,443,167,624,382
"Morganza_all/030470@29.5932747919963,-90.7542498959169.jpg",1,74,223,432,160,506,383
"Morganza_all/030471@29.5929131655324,-90.7544721431717.jpg",1,17,240,442,155,459,395
"Morganza_all/030472@29.5928012832681,-90.7542695931473.jpg",1,73,246,389,137,462,383
"Morganza_all/030473@29.5926968076132,-90.7540754331677.jpg",1,115,257,357,135,472,392
"Morganza_all/030474@29.5926365926756,-90.7538471933913.jpg",1,60,256,327,124,387,380
"Morganza_all/030475@29.5925099525341,-90.7536531939248.jpg",1,134,259,287,123,421,382
"Morganza_all/030476@29.5924277699678,-90.7534758652845.jpg",1,159,257,335,134,494,391
"Morganza_all/030477@29.5923158959702,-90.7532817497007.jpg",3,112,258,305,148,417,406
"Morganza_all/030478@29.592180396008,-90.7527575866744.jpg",3,192,264,291,110,483,374
"Morganza_all/030479@29.5920479043013,-90.7529192307163.jpg",1,76,259,488,142,564,401
"Morganza_all/030480@29.5918610178572,-90.7524969650626.jpg",1,8,242,599,161,607,403
"Morganza_all/030481@29.5920231627118,-90.7523436125755.jpg",1,8,264,336,125,344,389
"Morganza_all/030482@29.5921632861142,-90.752241201967.jpg",1,155,263,279,132,434,395
"Morganza_all/030483@29.5923330530962,-90.7521386190406.jpg",3,48,267,333,114,381,381
"Morganza_all/030484@29.592510114612,-90.7520190656583.jpg",1,58,296,307,93,365,389
"Morganza_all/030485@29.5926723815474,-90.7518995662815.jpg",1,73,273,318,115,391,388
"Morganza_all/030486@29.5928568024668,-90.7517715054215.jpg",1,5,252,329,143,334,395
"Morganza_all/030487@29.5929969904667,-90.7516775567074.jpg",1,40,277,313,118,353,395
"Morganza_all/030488@29.5932781551964,-90.7516674597611.jpg",1,239,285,313,105,552,390
"Morganza_all/030489@29.5932032542872,-90.7514646657771.jpg",1,37,241,361,160,398,401
"Morganza_all/030490@29.5930316738912,-90.7511524029406.jpg",2,153,241,488,146,641,387
"Morganza_all/030491@29.5929495631305,-90.7509920028341.jpg",3,203,246,362,144,565,390
"Morganza_all/030492@29.5928674897762,-90.7508400666863.jpg",1,141,267,352,129,493,396
"Morganza_all/030493@29.5927779062407,-90.7506627827587.jpg",1,51,256,486,129,537,385
"Morganza_all/030494@29.5925715683783,-90.7508587156315.jpg",1,143,244,403,124,546,368
"Morganza_all/030495@29.5924314186985,-90.750961160215.jpg",1,106,242,405,131,511,373
"Morganza_all/030496@29.5922691900644,-90.7510890930066.jpg",1,159,260,335,113,494,373
"Morganza_all/030497@29.5920699481187,-90.751217271987.jpg",1,155,257,318,127,473,384
"Morganza_all/030498@29.5919222504209,-90.7512858411536.jpg",1,158,257,384,126,542,383
"Morganza_all/030499@29.5917747783726,-90.7514052546656.jpg",1,62,258,430,120,492,378
"Morganza_all/030500@29.5916051896944,-90.7515416924608.jpg",1,146,265,329,117,475,382
"Morganza_all/030501@29.5914056843061,-90.7516105932205.jpg",1,166,247,432,131,598,378
"Morganza_all/030502@29.5916222748448,-90.7520580743306.jpg",1,75,225,512,184,587,409
"Morganza_all/030503@29.5917919666236,-90.7519385644374.jpg",1,226,258,378,118,604,376
"Morganza_all/030504@29.5919467612432,-90.7518021815022.jpg",3,249,207,332,171,581,378
"Morganza_all/030505@29.5921239350964,-90.7517080188857.jpg",1,286,234,305,145,591,379
"Morganza_all/030506@29.5922789924889,-90.7516309121291.jpg",1,177,248,392,135,569,383
"Morganza_all/030507@29.5924411465308,-90.7514860528829.jpg",3,241,227,294,155,535,382
"Morganza_all/030508@29.5926331044167,-90.7513833394397.jpg",1,183,214,305,162,488,376
"Morganza_all/030509@29.5927953707721,-90.7512638388862.jpg",3,298,232,298,145,596,377
"Morganza_all/030510@29.591843667976,-90.7485938250988.jpg",1,120,245,310,124,430,369
"Morganza_all/030511@29.5917181152948,-90.7486453725328.jpg",1,195,240,326,133,521,373
"Morganza_all/030512@29.5915115917762,-90.7487989895868.jpg",1,179,244,331,143,510,387
"Morganza_all/030513@29.5913714058334,-90.7488929409369.jpg",1,233,258,321,134,554,392
"Morganza_all/030514@29.5912092169327,-90.7490293392794.jpg",3,189,219,403,178,592,397
"Morganza_all/030515@29.5910542743472,-90.7491318713286.jpg",1,226,251,367,137,593,388
"Morganza_all/030516@29.5908476370032,-90.749260064325.jpg",3,151,249,284,128,435,377
"Morganza_all/030517@29.5906779751604,-90.7493795774693.jpg",1,71,274,433,105,504,379
"Morganza_all/030518@29.5905452614843,-90.7494904425612.jpg",1,103,254,375,130,478,384
"Morganza_all/030519@29.5905847996378,-90.7500574702164.jpg",1,207,289,328,112,535,401
"Morganza_all/030520@29.5907394793172,-90.749895695471.jpg",1,112,275,413,115,525,390
"Morganza_all/030521@29.5908943096283,-90.749767805803.jpg",1,115,291,384,106,499,397
"Morganza_all/030522@29.5910789545453,-90.7496905245558.jpg",1,218,303,217,94,435,397
"Morganza_all/030523@29.5912487949024,-90.7496048655332.jpg",1,139,308,167,90,306,398
"Morganza_all/030524@29.5913960493568,-90.7494431323033.jpg",1,145,289,370,107,515,396
"Morganza_all/030525@29.5915806461821,-90.7493489227372.jpg",1,186,296,322,95,508,391
"Morganza_all/030526@29.5917430993542,-90.7492717696068.jpg",1,168,295,276,102,444,397
"Morganza_all/030527@29.5919420376849,-90.7490758782395.jpg",1,93,284,378,114,471,398
"Morganza_all/030528@29.5920389074152,-90.7492277252516.jpg",1,143,274,289,101,432,375
"Morganza_all/030529@29.5921956603832,-90.7495316042967.jpg",1,89,276,507,139,596,415
"Morganza_all/030530@29.591959132547,-90.7495922614254.jpg",1,261,254,290,141,551,395
"Morganza_all/030531@29.591804415574,-90.7497455750041.jpg",3,125,243,346,158,471,401
"Morganza_all/030532@29.591656831789,-90.7498395684015.jpg",3,212,270,226,113,438,383
"Morganza_all/030533@29.591442758932,-90.749959340222.jpg",1,106,280,305,110,411,390
"Morganza_all/030534@29.5912952126455,-90.7500617965275.jpg",1,154,269,325,126,479,395
"Morganza_all/030535@29.5911551010895,-90.7501726730084.jpg",1,203,290,314,100,517,390
"Morganza_all/030536@29.5910003457984,-90.7503175209219.jpg",1,201,290,282,95,483,385
"Morganza_all/030537@29.5907935944081,-90.750420320842.jpg",1,168,246,473,159,641,405
"Morganza_all/030538@29.5910026790423,-90.7508424490501.jpg",1,115,293,347,117,462,410
"Morganza_all/030539@29.5911722669956,-90.7507060108918.jpg",1,159,258,332,120,491,378
"Morganza_all/030540@29.5913273238028,-90.7506289033165.jpg",1,256,232,240,141,496,373
"Morganza_all/030541@29.5914748705324,-90.7505264478137.jpg",1,252,251,167,135,419,386
"Morganza_all/030542@29.5916666393773,-90.7503813840888.jpg",1,128,201,391,182,519,383
"Morganza_all/030543@29.5918290555191,-90.7502957689592.jpg",1,211,247,407,129,618,376
"Morganza_all/030544@29.592006115357,-90.7501762129204.jpg",1,178,251,390,122,568,373
"Morganza_all/030545@29.5921609834499,-90.750056754241.jpg",3,143,255,185,127,328,382
"Morganza_all/030546@29.5923451662869,-90.7498694134594.jpg",1,93,256,516,133,609,389
"Morganza_all/030547@29.592441959785,-90.7500043345315.jpg",1,142,276,425,125,567,401
"Morganza_all/030548@29.5925462153154,-90.7501476448331.jpg",3,187,221,388,176,575,397
"Morganza_all/030549@29.5926210153548,-90.7503334778489.jpg",1,171,271,344,136,515,407
"Morganza_all/030550@29.5923772406465,-90.7504280624781.jpg",3,135,267,368,123,503,390
"Morganza_all/030551@29.592207690608,-90.7505729663886.jpg",3,140,248,367,150,507,398
"Morganza_all/030552@29.5920600686174,-90.7506584953178.jpg",3,161,280,388,113,549,393
"Morganza_all/030553@29.5918683269666,-90.750803558922.jpg",1,67,273,407,122,474,395
"Morganza_all/030554@29.5917282147856,-90.7509144349997.jpg",1,157,267,278,128,435,395
"Morganza_all/030555@29.5915362572622,-90.7510171484135.jpg",1,139,277,308,113,447,390
"Morganza_all/030556@29.5914034668956,-90.7511110536782.jpg",1,172,283,215,120,387,403
"Morganza_all/030557@29.5912486729927,-90.7512474369418.jpg",1,204,292,270,109,474,401
"Morganza_all/030558@29.5923440757065,-90.7553224486691.jpg",3,185,270,198,103,383,373
"Morganza_all/030559@29.5921437146334,-90.7553661130982.jpg",3,128,251,294,111,422,362
"Morganza_all/030560@29.5919431761174,-90.7553757657177.jpg",3,159,263,225,102,384,365
"Morganza_all/030561@29.5917499774177,-90.7553598900947.jpg",1,99,241,259,124,358,365
"Morganza_all/030562@29.591608076758,-90.7551907092213.jpg",1,162,270,232,92,394,362
"Morganza_all/030563@29.5915032517618,-90.7550043242103.jpg",1,263,257,128,105,391,362
"Morganza_all/030564@29.5914053636795,-90.7547074297604.jpg",1,142,276,301,111,443,387
"Morganza_all/030565@29.5911879869577,-90.7542666817483.jpg",1,190,206,445,157,635,363
"Morganza_all/030566@29.5909638228967,-90.7539705194446.jpg",3,216,217,376,127,592,344
"Morganza_all/030567@29.5908665609806,-90.7538095787575.jpg",2,286,229,355,136,641,365
"Morganza_all/030568@29.590769384186,-90.7536741549521.jpg",1,155,215,319,103,474,318
"Morganza_all/030569@29.5908123057203,-90.7532999287928.jpg",1,208,197,319,128,527,325
"Morganza_all/030570@29.5909752043529,-90.7531799893719.jpg",1,111,254,309,88,420,342
"Morganza_all/030572@29.5912737572009,-90.7535012364382.jpg",1,92,240,247,95,339,335
"Morganza_all/030573@29.5913488581752,-90.7536877914976.jpg",1,75,201,263,163,338,364
"Morganza_all/030574@29.5914908734136,-90.7538824549345.jpg",1,54,255,398,121,452,376
"Morganza_all/030575@29.5915735762765,-90.754102979247.jpg",1,36,246,372,132,408,378
"Morganza_all/030576@29.5916858272192,-90.7542893205174.jpg",1,66,235,403,132,469,367
"Morganza_all/030577@29.5917980778966,-90.7544756622056.jpg",1,101,237,384,134,485,371
"Morganza_all/030578@29.5918954514794,-90.7546620902712.jpg",1,123,215,346,153,469,368
"Morganza_all/030579@29.5920152012561,-90.7548653800575.jpg",2,1,260,570,141,571,401
"Morganza_all/030580@29.5912425386185,-90.7548443572578.jpg",1,6,265,333,102,339,367
"Morganza_all/030582@29.590901701386,-90.7550418102394.jpg",1,13,264,309,113,322,377
"Morganza_all/030584@29.5905536266059,-90.75528181102.jpg",1,17,254,407,125,424,379
"Morganza_all/030585@29.5903462254473,-90.7554189936397.jpg",2,228,239,413,156,641,395
"Morganza_all/030586@29.5905484119141,-90.7557833084649.jpg",1,153,264,467,120,620,384
"Morganza_all/030587@29.5907038881537,-90.755663416225.jpg",1,122,250,347,137,469,387
"Morganza_all/030588@29.5908593367842,-90.7555435237715.jpg",1,136,254,384,143,520,397
"Morganza_all/030589@29.5910517388095,-90.7553724149059.jpg",1,204,250,257,109,461,359
"Morganza_all/030590@29.5913566621976,-90.7554556391555.jpg",1,154,251,229,103,383,354
"Morganza_all/030591@29.5913799750186,-90.755685002265.jpg",1,233,239,203,123,436,362
"Morganza_all/030592@29.5913513346058,-90.7559316555148.jpg",1,276,292,194,81,470,373
"Morganza_all/030593@29.5911063978301,-90.7559755752671.jpg",1,117,282,236,87,353,369
"Morganza_all/030594@29.5909362589774,-90.7561380280788.jpg",1,150,257,250,127,400,384
"Morganza_all/030595@29.5907656710809,-90.7561985090793.jpg",1,202,253,322,123,524,376
"Morganza_all/030596@29.5904620298994,-90.7564127325706.jpg",1,58,252,360,133,418,385
"Morganza_all/030597@29.5902916662672,-90.7565242139369.jpg",1,35,253,424,126,459,379
"Morganza_all/030598@29.5901436512712,-90.7566525565247.jpg",1,194,254,274,139,468,393
"Morganza_all/030599@29.5899213993431,-90.7567898212278.jpg",1,122,213,333,168,455,381
"Morganza_all/030600@29.5896312513975,-90.7566895188392.jpg",1,112,257,277,103,389,360
"Morganza_all/030601@29.5896889185687,-90.7562896965335.jpg",1,234,292,175,84,409,376
"Morganza_all/030602@29.5898593569347,-90.756195236714.jpg",3,171,268,267,93,438,361
"Morganza_all/030603@29.5900447842653,-90.756126175594.jpg",1,59,274,347,113,406,387
"Morganza_all/030604@29.5902374215586,-90.7560145654272.jpg",2,4,268,423,135,427,403
"Morganza_all/030605@29.5900128120072,-90.7556164000697.jpg",1,165,278,334,129,499,407
"Morganza_all/030606@29.5898102878037,-90.7551756019527.jpg",1,53,218,485,169,538,387
"Morganza_all/030607@29.5896079020835,-90.7547602901124.jpg",1,43,240,330,166,373,406
"Morganza_all/030608@29.5894299752418,-90.7548463317739.jpg",1,89,241,394,143,483,384
"Morganza_all/030609@29.589334364401,-90.7550593553603.jpg",1,169,267,291,101,460,368
"Morganza_all/030610@29.5891195762622,-90.7552050744731.jpg",1,127,261,279,93,406,354
"Morganza_all/030611@29.5888592756225,-90.755138585297.jpg",1,94,232,244,127,338,359
"Morganza_all/030612@29.5887691499683,-90.7549181404483.jpg",1,149,235,213,124,362,359
"Morganza_all/030613@29.5888717248866,-90.7545945478045.jpg",1,247,274,252,99,499,373
"Morganza_all/030614@29.5890868500423,-90.7545253127646.jpg",3,159,270,318,103,477,373
"Morganza_all/030615@29.5892349756324,-90.7544224844071.jpg",1,193,264,281,118,474,382
"Morganza_all/030616@29.5893906007009,-90.7543365710895.jpg",1,126,237,304,153,430,390
"Morganza_all/030617@29.5896943612534,-90.7541563547825.jpg",1,178,255,300,125,478,380
"Morganza_all/030618@29.5898424864128,-90.754053493793.jpg",1,116,243,388,141,504,384
"Morganza_all/030619@29.5899831492841,-90.7539421805358.jpg",1,135,268,361,114,496,382
"Morganza_all/030620@29.5902123344167,-90.753694369383.jpg",1,158,252,317,107,475,359
"Morganza_all/030621@29.5904354849541,-90.753761070696.jpg",1,171,231,223,129,394,360
"Morganza_all/030622@29.5905850375108,-90.7539812058726.jpg",3,225,262,194,94,419,356
"Morganza_all/030623@29.5904599372202,-90.7542539009545.jpg",1,214,281,235,84,449,365
"Morganza_all/030624@29.5902522368813,-90.7543230946017.jpg",1,143,270,200,110,343,380
"Morganza_all/030625@29.5901116011862,-90.7544344074641.jpg",1,147,271,269,119,416,390
"Morganza_all/030626@29.5899337019206,-90.7545204185158.jpg",1,125,278,297,111,422,389
"Morganza_all/030627@29.5901437380559,-90.7549866893843.jpg",1,151,240,483,144,634,384
"Morganza_all/030628@29.5902918638649,-90.7548838291613.jpg",1,141,261,468,123,609,384
"Morganza_all/030629@29.5904621511259,-90.754755355091.jpg",3,245,223,339,164,584,387
"Morganza_all/030630@29.5906398629257,-90.7546268376812.jpg",1,154,254,414,116,568,370
"Morganza_all/030631@29.5908325640813,-90.7545237502594.jpg",1,155,256,408,116,563,372
"Morganza_all/030632@29.5909953886702,-90.7543867913382.jpg",1,150,251,447,122,597,373
"Morganza_all/030633@29.5898647604738,-90.7557362487354.jpg",1,50,266,362,116,412,382
"Morganza_all/030634@29.5896648110008,-90.7558733865022.jpg",1,107,262,319,109,426,371
"Morganza_all/030635@29.5894943728658,-90.7559678466859.jpg",1,83,276,372,108,455,384
"Morganza_all/030636@29.5893388963428,-90.7560877370053.jpg",1,9,227,378,146,387,373
"Morganza_all/030637@29.5891760324375,-90.7562161645853.jpg",1,13,254,331,127,344,381
"Morganza_all/030638@29.5890057437393,-90.756344634522.jpg",1,62,232,475,161,537,393
"Morganza_all/030639@29.5892981349639,-90.7569549099628.jpg",1,94,234,505,136,599,370
"Morganza_all/030640@29.5887401878157,-90.7567711359872.jpg",1,218,257,325,123,543,380
"Morganza_all/030641@29.5886132406733,-90.756618893593.jpg",1,101,281,326,91,427,372
"Morganza_all/030642@29.5884032951663,-90.7561781423953.jpg",2,158,174,483,246,641,420
"Morganza_all/030643@29.5883131337093,-90.7559491713778.jpg",1,117,246,520,142,637,388
"Morganza_all/030646@29.5880126011848,-90.755177484566.jpg",1,170,223,275,142,445,365
"Morganza_all/030647@29.5882348512971,-90.7550401874389.jpg",1,76,230,320,128,396,358
"Morganza_all/030648@29.5884730754184,-90.7551578048923.jpg",1,18,270,329,102,347,372
"Morganza_all/030650@29.5886383739893,-90.7555818217898.jpg",2,0,256,337,126,337,382
"Morganza_all/030651@29.5887585342364,-90.7558786119275.jpg",2,0,263,339,126,339,389
"Morganza_all/030652@29.5889213229632,-90.7557331946813.jpg",1,231,262,290,135,521,397
"Morganza_all/030653@29.5891140248587,-90.7556300796946.jpg",1,228,251,331,140,559,391
"Morganza_all/030654@29.5894250619395,-90.7554158140291.jpg",1,181,254,387,139,568,393
"Morganza_all/030655@29.590826967065,-90.7462883412705.jpg",6,288,283,96,82,384,365
"Morganza_all/030656@29.5906200293771,-90.74634883181.jpg",1,52,246,397,127,449,373
"Morganza_all/030658@29.5888070868297,-90.7447084627378.jpg",5,263,235,81,88,344,323
"Morganza_all/030659@29.5880271049309,-90.7440441780716.jpg",1,239,187,293,203,532,390
"Morganza_all/030660@29.5898868939067,-90.7462261108155.jpg",1,208,273,245,81,453,354
"Morganza_all/030661@29.5895762926494,-90.746270281273.jpg",5,236,279,87,90,323,369
"Morganza_all/030663@29.5894345918475,-90.7460255723409.jpg",1,246,248,255,128,501,376
"Morganza_all/030664@29.5889904831151,-90.7460027544366.jpg",1,219,268,212,88,431,356
"Morganza_all/030665@29.5887604816762,-90.7458686546812.jpg",1,226,276,239,81,465,357
"Morganza_all/030666@29.5885002082911,-90.7455823263704.jpg",1,203,273,285,84,488,357
"Morganza_all/030668@29.5874299969961,-90.7445556875843.jpg",1,316,257,175,94,491,351
"Morganza_all/030674@29.5854226573036,-90.7457781785534.jpg",1,103,254,388,127,491,381
"Morganza_all/030675@29.5857938290179,-90.7460384583557.jpg",2,0,196,615,195,615,391
"Morganza_all/030678@29.5860650113029,-90.7471036267138.jpg",1,86,253,454,115,540,368
"Morganza_all/030679@29.5859529385637,-90.7468672150304.jpg",1,15,245,465,137,480,382
"Morganza_all/030680@29.5852551601055,-90.7463802737714.jpg",1,189,279,243,111,432,390
"Morganza_all/030684@29.5832324506744,-90.7458248793538.jpg",1,217,227,271,113,488,340
"Morganza_all/030686@29.5892853712738,-90.7474065197666.jpg",1,64,254,509,150,573,404
"Morganza_all/030687@29.5891737154328,-90.7472632288088.jpg",1,109,281,324,110,433,391
"Morganza_all/030688@29.5890989970702,-90.7471027947711.jpg",1,161,287,257,98,418,385
"Morganza_all/030689@29.5890389867739,-90.7469168840787.jpg",3,251,265,206,129,457,394
"Morganza_all/030690@29.5889643058533,-90.7467649138794.jpg",1,200,265,264,134,464,399
"Morganza_all/030691@29.58883777923,-90.7466047840573.jpg",1,87,290,315,94,402,384
"Morganza_all/030692@29.5887556250098,-90.7464359310494.jpg",1,72,246,326,141,398,387
"Morganza_all/030693@29.5885921123025,-90.7462760502363.jpg",3,134,242,277,145,411,387
"Morganza_all/030694@29.5884510941362,-90.7461837463971.jpg",1,28,270,405,120,433,390
"Morganza_all/030695@29.5882062225846,-90.7460327756382.jpg",2,0,280,345,96,345,376
"Morganza_all/030696@29.5880512821894,-90.746135277787.jpg",1,169,249,197,125,366,374
"Morganza_all/030697@29.5883046119613,-90.7465232407634.jpg",2,278,212,363,220,641,432
"Morganza_all/030698@29.5883940874927,-90.7466751231216.jpg",1,227,271,333,121,560,392
"Morganza_all/030699@29.5884836007094,-90.7468354690749.jpg",1,200,265,430,126,630,391
"Morganza_all/030700@29.5885656787139,-90.7469873952904.jpg",1,237,272,399,122,636,394
"Morganza_all/030701@29.5886478700645,-90.7471647117681.jpg",1,214,264,379,131,593,395
"Morganza_all/030702@29.5887447695155,-90.7473165517764.jpg",3,236,271,354,112,590,383
"Morganza_all/030703@29.5888120903117,-90.7474769972148.jpg",1,205,274,436,121,641,395
"Morganza_all/030704@29.5888869595907,-90.7476713159669.jpg",1,109,268,365,129,474,397
"Morganza_all/030705@29.5885032659769,-90.7479190654729.jpg",1,54,305,394,99,448,404
"Morganza_all/030706@29.5883988188496,-90.7477334152295.jpg",1,203,275,364,98,567,373
"Morganza_all/030707@29.588309306731,-90.7475730686094.jpg",1,178,276,329,104,507,380
"Morganza_all/030709@29.5881374520543,-90.747201553174.jpg",3,73,256,461,112,534,368
"Morganza_all/030710@29.5880182852783,-90.7470329175351.jpg",3,200,246,316,125,516,371
"Morganza_all/030711@29.5879063536452,-90.7468219224459.jpg",3,261,268,366,104,627,372
"Morganza_all/030713@29.5875646585264,-90.7465360711604.jpg",1,168,290,281,83,449,373
"Morganza_all/030714@29.5873506265369,-90.7466643083761.jpg",1,72,279,383,102,455,381
"Morganza_all/030715@29.58718092918,-90.746775358531.jpg",1,163,277,378,113,541,390
"Morganza_all/030716@29.5869743321164,-90.7469120460895.jpg",3,85,273,449,106,534,379
"Morganza_all/030717@29.586789915915,-90.7470401083758.jpg",1,191,290,413,105,604,395
"Morganza_all/030718@29.5866056132448,-90.7471935911476.jpg",3,159,289,300,105,459,394
"Morganza_all/030719@29.5863841456115,-90.747313405865.jpg",3,123,275,395,120,518,395
"Morganza_all/030720@29.5862070231772,-90.7474245287445.jpg",1,14,270,460,147,474,417
"Morganza_all/030721@29.5859118485114,-90.747604048329.jpg",2,28,259,613,148,641,407
"Morganza_all/030722@29.5857568793799,-90.7477065458597.jpg",1,153,287,413,113,566,400
"Morganza_all/030723@29.585609702634,-90.7478851986991.jpg",1,74,280,372,126,446,406
"Morganza_all/030724@29.5854324284218,-90.7479624359816.jpg",3,124,259,414,147,538,406
"Morganza_all/030725@29.5852775242884,-90.7480733953596.jpg",1,108,270,399,139,507,409
"Morganza_all/030726@29.585100390789,-90.7481760210073.jpg",3,71,276,386,134,457,410
"Morganza_all/030727@29.5849307300496,-90.748295560591.jpg",1,22,243,509,161,531,404
"Morganza_all/030728@29.5847386233582,-90.7483643885606.jpg",3,153,286,309,115,462,401
"Morganza_all/030729@29.584606250296,-90.7485514153937.jpg",3,156,273,216,96,372,369
"Morganza_all/030730@29.5844890008267,-90.7488060905763.jpg",1,48,277,347,112,395,389
"Morganza_all/030731@29.5846748908559,-90.7490082174282.jpg",2,1,273,449,120,450,393
"Morganza_all/030732@29.584727453107,-90.7491772382405.jpg",1,94,278,440,112,534,390
"Morganza_all/030733@29.5848171517632,-90.7493798956341.jpg",3,200,272,411,122,611,394
"Morganza_all/030734@29.584928966236,-90.7495654980009.jpg",1,173,268,447,136,620,404
"Morganza_all/030735@29.5850037569409,-90.7497428532577.jpg",3,222,274,307,111,529,385
"Morganza_all/030736@29.5852126177606,-90.7501141458967.jpg",1,71,252,297,173,368,425
"Morganza_all/030737@29.5853918137495,-90.7504687176066.jpg",1,185,315,336,90,521,405
"Morganza_all/030738@29.5855038899682,-90.7507135637674.jpg",1,117,301,387,94,504,395
"Morganza_all/030739@29.585600833019,-90.7508823287659.jpg",3,246,257,314,137,560,394
"Morganza_all/030741@29.5858321452664,-90.7513127701932.jpg",1,150,284,313,103,463,387
"Morganza_all/030742@29.5859441348744,-90.751532260344.jpg",1,127,284,333,109,460,393
"Morganza_all/030743@29.5860337547966,-90.7517179960715.jpg",1,169,271,316,106,485,377
"Morganza_all/030744@29.5861532259866,-90.7519628337226.jpg",1,125,290,277,102,402,392
"Morganza_all/030745@29.5863099726395,-90.7522666991908.jpg",1,125,252,335,146,460,398
"Morganza_all/030746@29.5864293203194,-90.7524776854032.jpg",1,95,241,333,151,428,392
"Morganza_all/030747@29.5865337332349,-90.7526633371027.jpg",1,50,227,360,174,410,401
"Morganza_all/030748@29.5866234539969,-90.7528660011139.jpg",1,131,224,337,166,468,390
"Morganza_all/030749@29.5867653394082,-90.7531615235613.jpg",1,128,221,365,183,493,404
"Morganza_all/030750@29.586840050222,-90.753321926919.jpg",1,135,218,372,182,507,400
"Morganza_all/030751@29.586951774313,-90.7534821476858.jpg",1,73,236,314,157,387,393
"Morganza_all/030752@29.5870337323491,-90.7536086874131.jpg",1,221,243,253,171,474,414
"Morganza_all/030753@29.5870937980697,-90.7538030614424.jpg",1,210,254,308,152,518,406
"Morganza_all/030754@29.5872131530343,-90.754022483053.jpg",3,68,274,516,131,584,405
"Morganza_all/030755@29.5874289503708,-90.7542921911984.jpg",1,98,262,321,101,419,363
"Morganza_all/030756@29.5876803121275,-90.7542399256285.jpg",3,147,250,266,139,413,389
"Morganza_all/030757@29.5878575152502,-90.7541457711767.jpg",1,142,275,324,117,466,392
"Morganza_all/030758@29.5879974804493,-90.7540010193013.jpg",3,162,263,458,140,620,403
"Morganza_all/030759@29.5881450023283,-90.7538985723317.jpg",1,38,274,310,102,348,376
"Morganza_all/030760@29.5882999762911,-90.7537960819383.jpg",1,67,274,321,110,388,384
"Morganza_all/030761@29.5884475354269,-90.7537020976807.jpg",1,117,268,259,133,376,401
"Morganza_all/030762@29.588587537561,-90.7535658076675.jpg",1,37,256,313,143,350,399
"Morganza_all/030763@29.5887499557955,-90.7534802003342.jpg",1,84,263,299,141,383,404
"Morganza_all/030764@29.5888605189295,-90.753377965844.jpg",3,100,279,362,122,462,401
"Morganza_all/030765@29.5890301469784,-90.7532499982696.jpg",1,88,275,349,129,437,404
"Morganza_all/030766@29.5891851678381,-90.7531644328968.jpg",1,98,284,342,118,440,402
"Morganza_all/030767@29.5893399637437,-90.753028055406.jpg",3,57,245,365,162,422,407
"Morganza_all/030768@29.5895097787903,-90.7529424036899.jpg",1,55,282,350,116,405,398
"Morganza_all/030769@29.5896869809727,-90.7528482452225.jpg",1,99,273,325,106,424,379
"Morganza_all/030770@29.5898492488155,-90.7527287820203.jpg",1,44,255,399,129,443,384
"Morganza_all/030771@29.5900630991316,-90.7525582058062.jpg",3,68,280,293,98,361,378
"Morganza_all/030772@29.5902254042076,-90.7524472051585.jpg",1,30,267,345,129,375,396
"Morganza_all/030773@29.5903728772109,-90.752327795028.jpg",2,3,269,389,138,392,407
"Morganza_all/030774@29.5905648832937,-90.7522420124822.jpg",1,76,268,255,139,331,407
"Morganza_all/030775@29.5907049215621,-90.7521142125229.jpg",1,48,288,298,116,346,404
"Morganza_all/030776@29.5905108130377,-90.7517258508219.jpg",1,259,246,365,144,624,390
"Morganza_all/030777@29.5903262520384,-90.7518285184819.jpg",1,328,243,276,149,604,392
"Morganza_all/030778@29.5902010360173,-90.7519562637793.jpg",1,252,244,389,156,641,400
"Morganza_all/030779@29.5900236843756,-90.7520165704849.jpg",2,219,234,422,160,641,394
"Morganza_all/030780@29.5898687768294,-90.7521275286792.jpg",1,250,237,391,134,641,371
"Morganza_all/030781@29.5896991498799,-90.7522554992262.jpg",2,0,240,510,166,510,406
"Morganza_all/030782@29.5894631459566,-90.7524346675923.jpg",3,265,251,376,181,641,432
"Morganza_all/030783@29.5892638276965,-90.7525459135209.jpg",1,152,237,480,148,632,385
"Morganza_all/030784@29.588673858873,-90.7530065242879.jpg",1,159,234,466,161,625,395
"Morganza_all/030785@29.5883785642266,-90.7531606418907.jpg",1,261,210,327,183,588,393
"Morganza_all/030786@29.5881866798179,-90.7532802741663.jpg",3,145,233,437,159,582,392
"Morganza_all/030787@29.5880317711949,-90.7533912283707.jpg",1,202,242,349,124,551,366
"Morganza_all/030788@29.5878990541173,-90.7535020852175.jpg",2,274,200,367,189,641,389
"Morganza_all/030789@29.5876848280577,-90.7535879602188.jpg",3,186,237,393,131,579,368
"Morganza_all/030790@29.5874857608072,-90.7537499811697.jpg",1,7,211,565,183,572,394
"Morganza_all/030791@29.5873215455599,-90.7534292261862.jpg",1,31,200,520,190,551,390
"Morganza_all/030792@29.5874616971872,-90.753326790283.jpg",1,58,223,415,167,473,390
"Morganza_all/030793@29.5876018588228,-90.753232848966.jpg",1,122,243,319,158,441,401
"Morganza_all/030794@29.5877346507226,-90.7531389500788.jpg",3,71,246,298,131,369,377
"Morganza_all/030795@29.5879194376552,-90.7530870986226.jpg",1,85,274,292,110,377,384
"Morganza_all/030796@29.5881177168561,-90.7527472835314.jpg",1,150,250,222,109,372,359
"Morganza_all/030797@29.5880352704653,-90.7525106889332.jpg",1,70,231,288,116,358,347
"Morganza_all/030798@29.5878575334848,-90.7524778657288.jpg",1,217,199,258,158,475,357
"Morganza_all/030799@29.5876730843521,-90.7526059190553.jpg",1,251,215,384,157,635,372
"Morganza_all/030800@29.5875328581843,-90.7526913982304.jpg",2,288,233,353,179,641,412
"Morganza_all/030801@29.5873929594019,-90.752844614339.jpg",1,181,223,357,181,538,404
"Morganza_all/030802@29.5872600553078,-90.7529131236281.jpg",1,267,246,322,153,589,399
"Morganza_all/030803@29.5871199413257,-90.7530239916529.jpg",1,102,194,486,200,588,394
"Morganza_all/030804@29.5868663307329,-90.7525682798476.jpg",2,11,251,630,161,641,412
"Morganza_all/030805@29.5869990946603,-90.7524743809285.jpg",1,200,250,315,144,515,394
"Morganza_all/030806@29.5871614645418,-90.7523718151335.jpg",1,159,266,351,123,510,389
"Morganza_all/030807@29.5872867186289,-90.752252568919.jpg",1,187,267,243,135,430,402
"Morganza_all/030808@29.5874716177551,-90.75222610578.jpg",1,170,279,221,86,391,365
"Morganza_all/030809@29.5876338849008,-90.7521066127504.jpg",1,206,291,231,82,437,373
"Morganza_all/030810@29.5876475906193,-90.7518610295729.jpg",1,250,259,190,109,440,368
"Morganza_all/030811@29.5875876722131,-90.751700508633.jpg",1,211,240,288,120,499,360
"Morganza_all/030812@29.5873649985083,-90.7515493967794.jpg",1,182,222,251,150,433,372
"Morganza_all/030813@29.5871805402301,-90.7516689878108.jpg",3,190,246,268,108,458,354
"Morganza_all/030814@29.5870925354228,-90.7518472937882.jpg",1,213,222,392,189,605,411
"Morganza_all/030815@29.5869449125809,-90.7519328164709.jpg",1,213,249,351,158,564,407
"Morganza_all/030816@29.5867971395719,-90.7519844861689.jpg",1,274,249,330,150,604,399
"Morganza_all/030817@29.5866349850947,-90.7521293679065.jpg",1,11,235,496,159,507,394
"Morganza_all/030818@29.5864928821582,-90.7517915316787.jpg",3,190,251,342,123,532,374
"Morganza_all/030819@29.5866030783909,-90.7516130978266.jpg",1,237,261,398,117,635,378
"Morganza_all/030820@29.5867876767985,-90.7515188967685.jpg",3,287,277,314,99,601,376
"Morganza_all/030822@29.5870974906512,-90.7512969535193.jpg",3,275,261,290,121,565,382
"Morganza_all/030823@29.5873043179074,-90.7512110856539.jpg",1,239,264,381,115,620,379
"Morganza_all/030824@29.5874742069434,-90.7511423590781.jpg",1,220,263,356,113,576,376
"Morganza_all/030825@29.587636059569,-90.750929768499.jpg",1,153,266,445,118,598,384
"Morganza_all/030826@29.587860237592,-90.7514195361378.jpg",3,174,244,293,146,467,390
"Morganza_all/030827@29.5879571797281,-90.7515883057902.jpg",1,149,276,355,124,504,400
"Morganza_all/030828@29.5880394774835,-90.7517910148303.jpg",1,157,276,314,115,471,391
"Morganza_all/030829@29.5881513160323,-90.7519766257008.jpg",1,36,275,369,119,405,394
"Morganza_all/030830@29.5882113191551,-90.752162537777.jpg",1,130,281,309,111,439,392
"Morganza_all/030831@29.5883154974605,-90.7522889491106.jpg",1,189,241,347,153,536,394
"Morganza_all/030832@29.5884273453016,-90.7524830245292.jpg",1,116,289,344,102,460,391
"Morganza_all/030833@29.5889384298331,-90.7525901184285.jpg",1,113,241,356,152,469,393
"Morganza_all/030834@29.5888415264893,-90.752429809509.jpg",1,81,236,476,160,557,396
"Morganza_all/030835@29.5887517950436,-90.7522186778922.jpg",1,73,243,366,144,439,387
"Morganza_all/030836@29.5886475791495,-90.7520838027415.jpg",3,79,235,454,161,533,396
"Morganza_all/030837@29.5885948980123,-90.7518809202883.jpg",1,116,246,349,143,465,389
"Morganza_all/030838@29.588468415182,-90.751729247918.jpg",1,148,215,387,169,535,384
"Morganza_all/030839@29.5883861548902,-90.7515350013777.jpg",1,148,254,327,135,475,389
"Morganza_all/030840@29.5763048231526,-90.7512774017141.jpg",3,0,278,507,141,507,419
"Morganza_all/030841@29.5761338287212,-90.7514750147872.jpg",3,150,262,274,141,424,403
"Morganza_all/030842@29.5759483253847,-90.7516317517542.jpg",3,84,281,454,134,538,415
"Morganza_all/030843@29.5766053114891,-90.7510486455775.jpg",3,91,252,391,127,482,379
"Morganza_all/030844@29.5769586831542,-90.750733759361.jpg",1,100,292,367,114,467,406
"Morganza_all/030845@29.5772235309056,-90.750461636137.jpg",2,46,244,595,182,641,426
"Morganza_all/030846@29.577422450265,-90.7503167400641.jpg",1,91,276,368,94,459,370
"Morganza_all/030847@29.577598942065,-90.7501127670783.jpg",1,40,258,459,140,499,398
"Morganza_all/030850@29.5870653665865,-90.7566599613883.jpg",1,229,257,320,147,549,404
"Morganza_all/030851@29.5881533055193,-90.7577499895662.jpg",2,399,214,242,129,641,343
"Morganza_all/030854@29.5838008490978,-90.7455759565463.jpg",1,263,226,378,104,641,330
"Morganza_all/030858@29.5890316975943,-90.7445665022624.jpg",6,251,306,176,95,427,401
"Morganza_all/030860@29.5887105063775,-90.7435881585271.jpg",1,200,226,280,164,480,390
"Morganza_all/030861@29.5880857921989,-90.7529341062889.jpg",1,47,251,288,116,335,367
"Morganza_all/030862@29.589221115934,-90.7520669763956.jpg",3,180,240,214,138,394,378
"Morganza_all/030863@29.5894981339525,-90.7519651265283.jpg",1,40,253,580,159,620,412
"Morganza_all/030864@29.5891619772357,-90.751908587783.jpg",1,241,233,400,122,641,355
"Morganza_all/030865@29.5890880786503,-90.7517085019678.jpg",3,128,241,283,156,411,397
"Morganza_all/030866@29.5889558190373,-90.7515254624145.jpg",3,168,230,229,157,397,387
"Morganza_all/030867@29.5888819568791,-90.7513337148036.jpg",3,0,199,426,177,426,376
"Morganza_all/030868@29.5888226317578,-90.7511335452492.jpg",3,168,169,384,231,552,400
"Morganza_all/030869@29.5895553829284,-90.7516974188779.jpg",3,309,246,322,163,631,409
"Morganza_all/030870@29.5897082712622,-90.7515962886647.jpg",1,83,233,388,162,471,395
"Morganza_all/030871@29.5885526527864,-90.7528227904587.jpg",3,247,282,279,123,526,405
"Morganza_all/030875@29.5885589577649,-90.7493137471172.jpg",4,291,273,108,85,399,358
"Morganza_all/030877@29.5899988454391,-90.7497433220289.jpg",1,198,237,320,140,518,377
"Morganza_all/030884@29.5745433746183,-90.7575796728491.jpg",1,10,263,428,89,438,352
"Morganza_all/030885@29.5739779653988,-90.7609785447051.jpg",1,133,238,340,137,473,375
"Morganza_all/030886@29.5744942756648,-90.7604137756996.jpg",1,254,257,346,122,600,379
"Morganza_all/030887@29.5748978058752,-90.7609495373679.jpg",1,55,244,369,142,424,386
"Morganza_all/030888@29.5753273403099,-90.7611053522865.jpg",1,95,269,251,123,346,392
"Morganza_all/030889@29.5754727270067,-90.76113616936.jpg",1,106,269,313,125,419,394
"Morganza_all/030890@29.5763902148006,-90.7613683190943.jpg",2,0,230,492,168,492,398
"Morganza_all/030892@29.5770109559843,-90.7606115427731.jpg",1,80,237,305,149,385,386
"Morganza_all/030894@29.5746748877445,-90.7595828323143.jpg",1,101,234,293,120,394,354
"Morganza_all/030895@29.5748075358961,-90.7601527329705.jpg",2,307,206,334,169,641,375
"Morganza_all/030896@29.5777592720317,-90.7622821104592.jpg",1,131,249,510,155,641,404
"Morganza_all/030897@29.5773934054665,-90.762102234643.jpg",1,96,220,483,175,579,395
"Morganza_all/030898@29.57753494963,-90.7631265048493.jpg",1,127,225,503,164,630,389
"Morganza_all/030899@29.5770458965083,-90.7633914713574.jpg",2,0,234,442,192,442,426
"Morganza_all/030900@29.5763868752912,-90.7632973831933.jpg",1,76,236,446,146,522,382
"Morganza_all/030901@29.5759643888467,-90.7621952921199.jpg",1,102,250,539,141,641,391
"Morganza_all/030902@29.5758908267459,-90.7625991420035.jpg",2,98,268,543,150,641,418
"Morganza_all/030903@29.5760173570911,-90.761779856375.jpg",2,0,246,478,141,478,387
"Morganza_all/030904@29.5769735108143,-90.761993735045.jpg",1,156,252,418,142,574,394
"Morganza_all/030905@29.577297860619,-90.7625793588783.jpg",1,36,251,605,146,641,397
"Morganza_all/030906@29.5753030511743,-90.7620620598001.jpg",1,37,216,549,173,586,389
"Morganza_all/030907@29.5751134893138,-90.7620286621019.jpg",1,109,257,309,136,418,393
"Morganza_all/030910@29.591003157221,-90.730059697357.jpg",1,96,254,505,142,601,396
"Morganza_all/030911@29.5912320629398,-90.7300058996676.jpg",1,241,265,153,136,394,401
"Morganza_all/030912@29.5913998663115,-90.7299524383975.jpg",1,320,231,301,186,621,417
"Morganza_all/030913@29.5915526895108,-90.7299602646547.jpg",1,297,211,191,191,488,402
"Morganza_all/030914@29.5918350123141,-90.7298973661138.jpg",3,163,240,276,220,439,460
"Morganza_all/030915@29.5920206383658,-90.7303944506672.jpg",1,280,265,199,138,479,403
"Morganza_all/030916@29.5920212410925,-90.7305255265996.jpg",1,212,287,189,115,401,402
"Morganza_all/030917@29.5920981950991,-90.7306474274952.jpg",1,158,253,266,162,424,415
"Morganza_all/030918@29.5920988781145,-90.7307960285792.jpg",1,203,277,230,124,433,401
"Morganza_all/030919@29.5921683076444,-90.7309441846942.jpg",1,165,248,291,144,456,392
"Morganza_all/030920@29.5939223840512,-90.7319911947107.jpg",2,0,215,636,178,636,393
"Morganza_all/030921@29.5921842921526,-90.731101409445.jpg",1,200,268,393,156,593,424
"Morganza_all/030922@29.5924055408171,-90.7310388810281.jpg",2,183,252,458,198,641,450
"Morganza_all/030923@29.5925808287951,-90.730950450471.jpg",1,42,265,247,157,289,422
"Morganza_all/030925@29.5928784011674,-90.7308787152415.jpg",3,139,240,244,180,383,420
"Morganza_all/030927@29.5932371837129,-90.7308241370545.jpg",1,26,243,449,161,475,404
"Morganza_all/030928@29.5932133258317,-90.7306232538783.jpg",3,295,262,190,159,485,421
"Morganza_all/030929@29.5931821317509,-90.730483581937.jpg",1,142,281,277,133,419,414
"Morganza_all/030931@29.5930274467289,-90.7300649976282.jpg",1,243,278,203,98,446,376
"Morganza_all/030932@29.593011272591,-90.7298728158605.jpg",1,58,241,317,149,375,390
"Morganza_all/030933@29.5930402945542,-90.7295405022473.jpg",2,0,215,594,233,594,448
"Morganza_all/030934@29.5929105261197,-90.7295587788329.jpg",1,203,256,257,171,460,427
"Morganza_all/030935@29.5927732740032,-90.7296120573986.jpg",1,241,260,236,150,477,410
"Morganza_all/030936@29.5926435456883,-90.7296390492191.jpg",3,135,259,310,151,445,410
"Morganza_all/030937@29.5925062129938,-90.7296748338772.jpg",1,288,254,212,161,500,415
"Morganza_all/030938@29.5923764445388,-90.7296931101913.jpg",3,280,254,256,176,536,430
"Morganza_all/030939@29.5921933115705,-90.7297378863004.jpg",1,43,223,502,211,545,434
"Morganza_all/030940@29.5923091860582,-90.7300168733792.jpg",1,152,269,265,132,417,401
"Morganza_all/030941@29.5923481860968,-90.7301914537087.jpg",1,223,284,244,115,467,399
"Morganza_all/030942@29.5924249119013,-90.7302696522699.jpg",1,216,292,161,104,377,396
"Morganza_all/030944@29.5924184602536,-90.7305231356841.jpg",1,201,284,209,126,410,410
"Morganza_all/030945@29.5924343649988,-90.73066289858.jpg",1,239,281,247,123,486,404
"Morganza_all/030946@29.5924196656077,-90.7307853515201.jpg",1,120,244,303,161,423,405
"Morganza_all/030947@29.5967941932789,-90.7285913950876.jpg",3,73,225,294,169,367,394
"Morganza_all/030948@29.5966416924755,-90.7286534850884.jpg",1,39,179,299,221,338,400
"Morganza_all/030949@29.5964432982368,-90.7286983886153.jpg",3,103,175,351,256,454,431
"Morganza_all/030950@29.5962982809773,-90.7287255063798.jpg",1,39,190,431,240,470,430
"Morganza_all/030951@29.5961761168337,-90.7287349598517.jpg",3,150,254,246,161,396,415
"Morganza_all/030952@29.5960008708418,-90.7288321760586.jpg",1,70,290,398,99,468,389
"Morganza_all/030953@29.5958327858012,-90.7288244433004.jpg",2,0,148,319,248,319,396
"Morganza_all/030954@29.5956801640498,-90.7288603225007.jpg",1,7,210,345,229,352,439
"Morganza_all/030955@29.5957578446632,-90.7291395487195.jpg",1,58,290,368,122,426,412
"Morganza_all/030956@29.5957968860178,-90.7293228503697.jpg",3,220,265,260,173,480,438
"Morganza_all/030957@29.5958434109113,-90.7294711805216.jpg",1,116,287,267,117,383,404
"Morganza_all/030958@29.5958903104386,-90.7297068878167.jpg",2,0,200,349,238,349,438
"Morganza_all/030960@29.594570373504,-90.7317076120316.jpg",5,294,283,105,144,399,427
"Morganza_all/030961@29.5945941219756,-90.7318910043313.jpg",3,70,258,229,138,299,396
"Morganza_all/030962@29.5946255424807,-90.73207438212.jpg",2,0,260,386,158,386,418
"Morganza_all/030963@29.5946493305394,-90.7322665216237.jpg",1,118,251,369,164,487,415
"Morganza_all/030964@29.5946959720829,-90.7324410295755.jpg",1,65,266,282,129,347,395
"Morganza_all/030965@29.59472736432,-90.7326244078883.jpg",3,0,265,367,163,367,428
"Morganza_all/030966@29.5950986445079,-90.7319666370742.jpg",3,286,238,355,192,641,430
"Morganza_all/030967@29.5950900776722,-90.7317656580505.jpg",4,355,282,89,89,444,371
"Morganza_all/030968@29.5950587646686,-90.73159980491.jpg",1,60,262,428,141,488,403
"Morganza_all/030969@29.5955486396449,-90.7318153560437.jpg",1,190,273,221,120,411,393
"Morganza_all/030970@29.5956623572157,-90.7316311360786.jpg",1,19,283,387,125,406,408
"Morganza_all/030971@29.5953006726431,-90.7310477111214.jpg",1,80,286,303,121,383,407
"Morganza_all/030974@29.5964837469757,-90.7308483100618.jpg",2,0,77,636,456,636,533
"Morganza_all/030975@29.5951616126497,-90.7307076543846.jpg",1,75,268,385,149,460,417
"Morganza_all/030976@29.5953140869336,-90.730645568595.jpg",1,258,256,251,137,509,393
"Morganza_all/030977@29.5954438830095,-90.7306272928134.jpg",1,261,263,251,138,512,401
"Morganza_all/030978@29.595550476661,-90.7305567355423.jpg",1,293,254,283,162,576,416
"Morganza_all/030979@29.5956573389295,-90.7305386291109.jpg",1,272,262,299,156,571,418
"Morganza_all/030980@29.5957718054801,-90.730511698047.jpg",1,241,266,263,143,504,409
"Morganza_all/030981@29.5959243874635,-90.7304670742039.jpg",1,127,204,357,238,484,442
"Morganza_all/030982@29.5960616801386,-90.7304225422722.jpg",2,0,221,352,200,352,421
"Morganza_all/030983@29.596305887994,-90.7303773979644.jpg",1,0,223,339,220,339,443
"Morganza_all/030984@29.5964279589275,-90.7303416733419.jpg",1,164,246,309,179,473,425
"Morganza_all/030985@29.5971272490287,-90.7312464762896.jpg",2,4,219,637,265,641,484
"Morganza_all/030986@29.5970178973808,-90.7307227264115.jpg",2,2,218,639,282,641,500
"Morganza_all/030987@29.5958691336474,-90.7300828374652.jpg",2,0,166,641,310,641,476
"Morganza_all/030988@29.5960906231462,-90.7300727558786.jpg",1,313,243,285,161,598,404
"Morganza_all/030989@29.5963043198998,-90.73003651045.jpg",1,1,212,290,212,291,424
"Morganza_all/030990@29.5964874126972,-90.7299829858733.jpg",2,0,254,571,182,571,436
"Morganza_all/030992@29.5956632148489,-90.7301539937067.jpg",2,43,217,598,239,641,456
"Morganza_all/030993@29.5955334865775,-90.7301810170685.jpg",1,146,259,278,123,424,382
"Morganza_all/030994@29.595220705494,-90.7302702795471.jpg",2,24,231,293,169,317,400
"Morganza_all/030995@29.5950129370653,-90.7299394168882.jpg",4,239,292,116,117,355,409
"Morganza_all/030996@29.595570274602,-90.7298748589298.jpg",1,92,263,293,165,385,428
"Morganza_all/030997@29.5955389189363,-90.7297002584926.jpg",1,138,259,269,167,407,426
"Morganza_all/030998@29.5954999182471,-90.7295256727922.jpg",3,228,236,244,165,472,401
"Morganza_all/030999@29.595445869644,-90.7294036304802.jpg",1,205,262,216,114,421,376
"Morganza_all/031000@29.5954218760099,-90.7291677861815.jpg",1,294,288,136,90,430,378
"Morganza_all/031001@29.5953903582699,-90.7289582293712.jpg",1,41,268,461,135,502,403
"Morganza_all/031002@29.5952529451342,-90.7289765218096.jpg",1,194,276,278,146,472,422
"Morganza_all/031003@29.5950244428463,-90.7291177630221.jpg",3,94,272,205,122,299,394
"Morganza_all/031004@29.5948409879039,-90.7290926280437.jpg",2,0,240,441,204,441,444
"Morganza_all/031006@29.5949632176993,-90.7307525531785.jpg",2,87,190,554,338,641,528
"Morganza_all/031007@29.5948563957432,-90.7307794377538.jpg",1,51,252,298,143,349,395
"Morganza_all/031008@29.5947571780857,-90.730797497789.jpg",3,295,229,324,180,619,409
"Morganza_all/031009@29.5946428319141,-90.7308506378338.jpg",1,285,272,250,122,535,394
"Morganza_all/031010@29.5945139065059,-90.7310524427695.jpg",3,68,253,532,200,600,453
"Morganza_all/031011@29.5946908803662,-90.7313310705351.jpg",2,0,237,641,175,641,412
"Morganza_all/031012@29.5948315732513,-90.7303687799117.jpg",2,1,265,640,152,641,417
"Morganza_all/031013@29.5947095698827,-90.7304132193225.jpg",1,42,248,313,154,355,402
"Morganza_all/031014@29.5945952238666,-90.7304663597808.jpg",1,98,229,272,172,370,401
"Morganza_all/031016@29.594225889309,-90.729882959847.jpg",1,324,239,211,195,535,434
"Morganza_all/031018@29.5940934244343,-90.7293156614098.jpg",1,188,276,410,128,598,404
"Morganza_all/031019@29.5944822465479,-90.7291559917721.jpg",1,86,270,437,171,523,441
"Morganza_all/031021@29.5946451700308,-90.7296968983152.jpg",1,217,230,344,181,561,411
"Morganza_all/031023@29.5937520133499,-90.7314852904033.jpg",2,2,197,639,214,641,411
"Morganza_all/031024@29.5941315349181,-90.7309585859414.jpg",1,32,223,395,230,427,453
"Morganza_all/031025@29.5939942420535,-90.73100311628.jpg",1,158,253,212,135,370,388
"Morganza_all/031026@29.5938491037579,-90.7310039892072.jpg",1,172,268,232,116,404,384
"Morganza_all/031027@29.5937043669835,-90.7310922685338.jpg",1,88,244,295,156,383,400
"Morganza_all/031028@29.5935668331546,-90.731084348437.jpg",1,110,223,425,204,535,427
"Morganza_all/031029@29.5934963996117,-90.7307176746058.jpg",2,0,240,529,190,529,430
"Morganza_all/031030@29.5936719283225,-90.7306816611754.jpg",3,223,242,317,184,540,426
"Morganza_all/031031@29.5938929357981,-90.7305667121345.jpg",3,225,234,249,170,474,404
"Morganza_all/031032@29.594038086805,-90.7305745857006.jpg",1,59,268,445,158,504,426
"Morganza_all/031033@29.5939834637304,-90.7303214344735.jpg",5,304,321,132,99,436,420
"Morganza_all/031034@29.5933783026656,-90.7299492656339.jpg",1,59,262,298,179,357,441
"Morganza_all/031035@29.5933088317491,-90.7297923615208.jpg",2,0,251,279,221,279,472
"Morganza_all/031036@29.593253938253,-90.7294867942987.jpg",2,0,266,565,164,565,430
"Morganza_all/031037@29.5934066003287,-90.729459632365.jpg",1,243,232,253,191,496,423
"Morganza_all/031038@29.5935440135389,-90.7294413409266.jpg",1,207,232,292,211,499,443
"Morganza_all/031039@29.5936429894102,-90.7293708296688.jpg",1,277,256,280,159,557,415
"Morganza_all/031040@29.59382629593,-90.729369724193.jpg",3,0,254,467,202,467,456
"Morganza_all/031041@29.5938961697137,-90.7296140039233.jpg",1,167,223,338,239,505,462
"Morganza_all/031042@29.5933478188136,-90.7316275478875.jpg",5,228,284,173,178,401,462
"Morganza_all/031043@29.59337704604,-90.7313389681884.jpg",1,84,272,302,171,386,443
"Morganza_all/031044@29.5933529882094,-90.7310943815612.jpg",1,151,228,400,202,551,430
"Morganza_all/031045@29.5932082788708,-90.7311826601544.jpg",1,335,251,224,141,559,392
"Morganza_all/031046@29.593071025951,-90.7312359051894.jpg",1,316,268,262,132,578,400
"Morganza_all/031047@29.5929258876501,-90.7312367777713.jpg",1,291,273,257,137,548,410
"Morganza_all/031048@29.5927886750164,-90.7312988008986.jpg",1,325,262,230,131,555,393
"Morganza_all/031049@29.592658866028,-90.7313082968547.jpg",2,310,264,331,163,641,427
"Morganza_all/031050@29.592536995329,-90.7313876901833.jpg",1,341,284,227,109,568,393
"Morganza_all/031051@29.5923689907398,-90.7313974470365.jpg",1,181,268,291,133,472,401
"Morganza_all/031054@29.5920114389423,-90.7317142373096.jpg",6,251,289,107,81,358,370
"Morganza_all/031058@29.5913450316301,-90.7313161946466.jpg",6,263,268,87,89,350,357
"Morganza_all/031060@29.590978252067,-90.7296315935673.jpg",1,123,210,431,199,554,409
"Morganza_all/031061@29.5911386796588,-90.7296306265125.jpg",5,294,301,89,90,383,391
"Morganza_all/031062@29.5910915914641,-90.7293599752486.jpg",1,188,240,382,194,570,434
"Morganza_all/031063@29.5912595154624,-90.7293327531275.jpg",2,175,260,466,154,641,414
"Morganza_all/031064@29.5914502524999,-90.7292791523884.jpg",1,78,275,334,137,412,412
"Morganza_all/031065@29.5915276230438,-90.729497203035.jpg",1,131,268,299,110,430,378
"Morganza_all/031066@29.5916257533267,-90.7292431373384.jpg",1,47,244,317,181,364,425
"Morganza_all/031067@29.5918253429937,-90.7294517043806.jpg",1,81,242,325,195,406,437
"Morganza_all/031068@29.5918014427075,-90.7292420775972.jpg",2,0,249,347,178,347,427
"Morganza_all/031069@29.5919462588575,-90.7291712908314.jpg",1,201,254,370,175,571,429
"Morganza_all/031070@29.591993226718,-90.729415735431.jpg",1,93,268,320,148,413,416
"Morganza_all/031071@29.5921141828127,-90.7291440681616.jpg",1,38,237,260,181,298,418
"Morganza_all/031072@29.592266764346,-90.7290994438646.jpg",1,242,295,269,109,511,404
"Morganza_all/031073@29.5922907581052,-90.7293352807169.jpg",3,105,261,299,169,404,430
"Morganza_all/031074@29.5924510373014,-90.7293080728721.jpg",1,79,252,313,157,392,409
"Morganza_all/031075@29.5924038551379,-90.729011209055.jpg",1,192,237,315,195,507,432
"Morganza_all/031076@29.5926024106364,-90.729001263839.jpg",1,57,246,454,186,511,432
"Morganza_all/031077@29.5926264851746,-90.7292545951343.jpg",1,161,254,292,175,453,429
"Morganza_all/031078@29.5927715831624,-90.7292449728317.jpg",3,89,228,315,198,404,426
"Morganza_all/031079@29.5927702135923,-90.7289478001541.jpg",2,0,265,387,149,387,414
"Morganza_all/031080@29.5929075864107,-90.7289207612672.jpg",1,116,238,433,151,549,389
"Morganza_all/031081@29.5929851461305,-90.729173770658.jpg",2,28,194,613,221,641,415
"Morganza_all/031082@29.5931668687399,-90.7288230724251.jpg",1,71,234,309,211,380,445
"Morganza_all/031083@29.5932446024152,-90.7291197540939.jpg",3,192,266,260,113,452,379
"Morganza_all/031084@29.5933500139343,-90.7287869783476.jpg",1,154,239,290,209,444,448
"Morganza_all/031085@29.5934126068308,-90.7291099933345.jpg",3,84,250,380,168,464,418
"Morganza_all/031086@29.5950667493119,-90.7283570909847.jpg",2,0,221,362,214,362,435
"Morganza_all/031087@29.5950605157704,-90.7286630322132.jpg",1,226,243,289,182,515,425
"Morganza_all/031088@29.5951672970947,-90.7286274297302.jpg",1,105,253,273,175,378,428
"Morganza_all/031090@29.5953198784393,-90.7285828032856.jpg",3,281,245,243,164,524,409
"Morganza_all/031091@29.5953948182402,-90.7282676988279.jpg",2,0,236,489,186,489,422
"Morganza_all/031092@29.5955474527008,-90.7282405660856.jpg",1,35,237,356,172,391,409
"Morganza_all/031093@29.5955793748126,-90.7285375310269.jpg",1,201,268,248,161,449,429
"Morganza_all/031094@29.5957546207332,-90.7284403461781.jpg",1,306,252,309,173,615,425
"Morganza_all/031095@29.5957075979589,-90.7281784299396.jpg",1,71,255,413,156,484,411
"Morganza_all/031096@29.5958756426658,-90.7281774144823.jpg",1,82,262,262,128,344,390
"Morganza_all/031097@29.5959074440044,-90.7284481704682.jpg",1,220,258,225,169,445,427
"Morganza_all/031099@29.5934950313635,-90.7287598929342.jpg",1,263,238,280,187,543,425
"Morganza_all/031100@29.5935653092847,-90.7290916091671.jpg",1,286,259,214,149,500,408
"Morganza_all/031101@29.59368582133,-90.7287237839344.jpg",1,112,232,360,188,472,420
"Morganza_all/031102@29.5938231537605,-90.7286879975506.jpg",1,266,259,285,153,551,412
"Morganza_all/031103@29.5939080764526,-90.7288797657529.jpg",1,221,248,355,147,576,395
"Morganza_all/031104@29.594068637681,-90.7289137540231.jpg",1,126,237,327,189,453,426
"Morganza_all/031105@29.5939755739058,-90.7286084154384.jpg",3,170,261,255,164,425,425
"Morganza_all/031106@29.5941589079161,-90.7286073083975.jpg",1,197,273,329,147,526,420
"Morganza_all/031107@29.5941982321792,-90.728851804276.jpg",1,131,240,449,181,580,421
"Morganza_all/031108@29.5942961999663,-90.7285627747013.jpg",1,198,281,295,126,493,407
"Morganza_all/031109@29.5943356048274,-90.7288247334079.jpg",1,48,232,390,210,438,442
"Morganza_all/031110@29.5945267171534,-90.7288585373315.jpg",2,0,226,420,225,420,451
"Morganza_all/031112@29.5947311035268,-90.7284552755852.jpg",3,0,213,522,244,522,457
"Morganza_all/031113@29.5947936970931,-90.7287782633552.jpg",3,139,221,502,238,641,459
"Morganza_all/031114@29.5949079215584,-90.7286989112169.jpg",2,189,244,266,182,455,426
"Morganza_all/031115@29.5948913019618,-90.7284106030621.jpg",2,95,220,483,227,578,447
"Morganza_all/031116@29.5962202236962,-90.7283588702219.jpg",4,200,254,299,164,499,418
"Morganza_all/031117@29.5961577628338,-90.7280708039345.jpg",3,0,234,364,190,364,424
"Morganza_all/031118@29.5963257544209,-90.7280523252691.jpg",2,106,226,314,191,420,417
"Morganza_all/031119@29.5964032881653,-90.7283053113245.jpg",2,241,268,222,125,463,393
"Morganza_all/031120@29.5964781869116,-90.7279814560762.jpg",1,170,237,255,171,425,408
"Morganza_all/031121@29.5965330033244,-90.7282695694179.jpg",1,106,232,294,194,400,426
"Morganza_all/031122@29.596600257337,-90.7279457599364.jpg",1,170,228,271,176,441,404
"Morganza_all/031123@29.5966934437491,-90.7282773474866.jpg",1,259,237,266,185,525,422
"Morganza_all/031124@29.5965831111766,-90.7275438280492.jpg",2,307,246,334,138,641,384
"Morganza_all/031125@29.5963686202543,-90.7274140088016.jpg",4,283,304,95,97,378,401
"Morganza_all/031126@29.5964191146572,-90.7267668981505.jpg",1,225,212,315,197,540,409
"Morganza_all/031127@29.5962896829979,-90.7268638405976.jpg",2,292,205,349,236,641,441
"Morganza_all/031128@29.5960605766009,-90.7268739754294.jpg",1,230,158,389,335,619,493
"Morganza_all/031129@29.5958774850705,-90.726927505462.jpg",1,222,218,284,208,506,426
"Morganza_all/031130@29.5957248510286,-90.7269546717594.jpg",2,311,166,330,316,641,482
"Morganza_all/031131@29.59560278087,-90.7269903687952.jpg",1,350,277,277,127,627,404
"Morganza_all/031132@29.5955580591102,-90.727226628906.jpg",1,125,254,405,191,530,445
"Morganza_all/031133@29.5954045892865,-90.7270789790859.jpg",1,136,210,376,241,512,451
"Morganza_all/031134@29.5952366253309,-90.7270974590476.jpg",2,125,244,516,223,641,467
"Morganza_all/031135@29.5951145421879,-90.7271244085143.jpg",1,211,225,356,240,567,465
"Morganza_all/031136@29.5949238464895,-90.7271867623564.jpg",1,197,270,444,204,641,474
"Morganza_all/031137@29.5947864335992,-90.7272050571403.jpg",1,346,262,279,159,625,421
"Morganza_all/031138@29.5950320009102,-90.727448306244.jpg",1,45,268,443,190,488,458
"Morganza_all/031140@29.5945367229352,-90.7277135313423.jpg",1,71,254,237,206,308,460
"Morganza_all/031141@29.5945144347997,-90.7278534962134.jpg",2,0,285,311,139,311,424
"Morganza_all/031142@29.5945379337631,-90.7279757212267.jpg",2,0,205,357,222,357,427
"Morganza_all/031143@29.5947214824278,-90.7280270638468.jpg",1,87,250,428,140,515,390
"Morganza_all/031144@29.5948817888404,-90.7279998530817.jpg",1,230,222,287,198,517,420
"Morganza_all/031145@29.5951715536627,-90.7278932283395.jpg",3,101,268,305,137,406,405
"Morganza_all/031146@29.5953625323063,-90.7278920737596.jpg",1,172,201,375,236,547,437
"Morganza_all/031147@29.5954920986732,-90.727830090592.jpg",1,283,242,243,165,526,407
"Morganza_all/031148@29.5956219073994,-90.7278205898588.jpg",1,252,259,238,135,490,394
"Morganza_all/031149@29.5957363733918,-90.7277936556977.jpg",1,233,293,224,118,457,411
"Morganza_all/031150@29.5958736249034,-90.7277404045279.jpg",3,172,280,426,122,598,402
"Morganza_all/031151@29.5960795422455,-90.7276692117096.jpg",1,305,228,290,190,595,418
"Morganza_all/031152@29.596203854555,-90.7264710422619.jpg",1,16,295,464,96,480,391
"Morganza_all/031153@29.5960207228524,-90.7265158574389.jpg",1,137,238,215,150,352,388
"Morganza_all/031154@29.5959061226907,-90.7265078044765.jpg",1,199,214,254,216,453,430
"Morganza_all/031155@29.5957532993037,-90.7264999831476.jpg",3,110,256,289,139,399,395
"Morganza_all/031156@29.5956469635362,-90.7266317432875.jpg",1,121,224,320,226,441,450
"Morganza_all/031157@29.5955170336138,-90.7266150357599.jpg",1,92,230,291,188,383,418
"Morganza_all/031158@29.5953871846437,-90.726615822432.jpg",2,0,179,564,294,564,473
"Morganza_all/031159@29.5952572273654,-90.7265991465993.jpg",1,148,262,174,92,322,354
"Morganza_all/031160@29.5950588338225,-90.7266440535751.jpg",3,147,271,152,111,299,382
"Morganza_all/031161@29.5949136955603,-90.7266449328291.jpg",1,148,254,112,117,260,371
"Morganza_all/031162@29.594814599891,-90.7266892380552.jpg",1,269,303,193,223,462,526
"Morganza_all/031163@29.594861451006,-90.7269074473948.jpg",1,194,307,195,213,389,520
"Morganza_all/031165@29.5946009443775,-90.7267342056326.jpg",1,347,262,142,103,489,365
"Morganza_all/031166@29.5943873424248,-90.7267966986305.jpg",1,73,226,476,173,549,399
"Morganza_all/031167@29.5926425421887,-90.7261167810871.jpg",5,277,237,117,135,394,372
"Morganza_all/031168@29.5921235915581,-90.7262160820524.jpg",5,281,314,115,98,396,412
"Morganza_all/031169@29.5916447506527,-90.7267346486077.jpg",1,152,261,306,167,458,428
"Morganza_all/031170@29.5918510315663,-90.7267421461883.jpg",1,21,196,358,250,379,446
"Morganza_all/031171@29.5922400123356,-90.726617425884.jpg",1,163,274,222,160,385,434
"Morganza_all/031172@29.592241184896,-90.7268708629388.jpg",1,203,275,220,163,423,438
"Morganza_all/031173@29.5922268932427,-90.7270807212955.jpg",6,283,300,92,86,375,386
"Morganza_all/031174@29.5923739431497,-90.727499343894.jpg",1,238,252,254,186,492,438
"Morganza_all/031175@29.5921979986363,-90.7274392418589.jpg",3,98,258,204,143,302,401
"Morganza_all/031177@29.5918852598062,-90.7275372567002.jpg",3,296,246,181,149,477,395
"Morganza_all/031178@29.5915493852011,-90.7275917388419.jpg",1,168,286,168,127,336,413
"Morganza_all/031179@29.5914529931012,-90.7282216009387.jpg",1,266,229,264,162,530,391
"Morganza_all/031180@29.5912336278738,-90.7286861376642.jpg",1,178,265,249,116,427,381
"Morganza_all/031181@29.5911434380826,-90.7290100676847.jpg",2,0,306,587,116,587,422
"Morganza_all/031182@29.5914787493137,-90.7288332620446.jpg",1,170,273,295,117,465,390
"Morganza_all/031183@29.5916238197763,-90.7288236394078.jpg",1,231,273,181,129,412,402
"Morganza_all/031184@29.591714895964,-90.7286919790297.jpg",1,95,235,304,155,399,390
"Morganza_all/031185@29.5918745704423,-90.7285336945818.jpg",1,307,246,248,141,555,387
"Morganza_all/031186@29.5921195306881,-90.7286458323563.jpg",1,200,279,235,114,435,393
"Morganza_all/031187@29.5922646689749,-90.7286449560267.jpg",1,172,291,214,102,386,393
"Morganza_all/031188@29.5923942358539,-90.7285830072138.jpg",1,129,276,326,110,455,386
"Morganza_all/031189@29.5925393741392,-90.7285821307907.jpg",1,139,262,274,161,413,423
"Morganza_all/031191@29.5929440893667,-90.7285534455612.jpg",3,211,229,265,199,476,428
"Morganza_all/031192@29.5930652857099,-90.7283342244636.jpg",3,306,290,107,84,413,374
"Morganza_all/031193@29.5932261165859,-90.728420661284.jpg",1,220,273,253,119,473,392
"Morganza_all/031195@29.5936381941843,-90.7283307634725.jpg",1,157,232,234,169,391,401
"Morganza_all/031196@29.5942555036391,-90.7280211330888.jpg",1,236,254,230,157,466,411
"Morganza_all/031197@29.5942089772484,-90.7278728374265.jpg",1,50,246,289,174,339,420
"Morganza_all/031198@29.5941760841372,-90.7273660752701.jpg",1,366,276,204,157,570,433
"Morganza_all/031199@29.593893694645,-90.7274202356355.jpg",1,167,259,302,172,469,431
"Morganza_all/031200@29.5933596556834,-90.7275633266187.jpg",1,125,276,137,154,262,430
"Morganza_all/031201@29.593092757147,-90.7276610649771.jpg",3,242,257,183,168,425,425
"Morganza_all/031202@29.5924518285123,-90.7278222624869.jpg",2,0,208,406,260,406,468
"Morganza_all/031203@29.5921312705849,-90.7278766513823.jpg",1,189,262,395,179,584,441
"Morganza_all/031204@29.591963803607,-90.7280087433144.jpg",1,107,243,427,214,534,457
"Morganza_all/031205@29.5916199081179,-90.7279758653823.jpg",1,101,232,443,216,544,448
"Morganza_all/031206@29.5925265645427,-90.7274634638041.jpg",3,169,255,225,203,394,458
"Morganza_all/031207@29.592717071475,-90.7273661876938.jpg",1,69,290,235,130,304,420
"Morganza_all/031208@29.5930833354792,-90.7272765632425.jpg",1,343,262,219,110,562,372
"Morganza_all/031209@29.5933199249792,-90.7272314272418.jpg",2,416,249,225,196,641,445
"Morganza_all/031211@29.5941208487295,-90.7269818467837.jpg",1,110,292,364,134,474,426
"Morganza_all/031212@29.5940741999193,-90.7268073423768.jpg",1,238,262,305,172,543,434
"Morganza_all/031215@29.5937823460125,-90.7264682215175.jpg",1,216,237,198,122,414,359
"Morganza_all/031216@29.5936448523917,-90.7264690546907.jpg",1,57,188,315,204,372,392
"Morganza_all/031217@29.5933402848451,-90.7266806744252.jpg",1,101,268,258,136,359,404
"Morganza_all/031218@29.5931636247145,-90.7264719707788.jpg",1,172,283,150,99,322,382
"Morganza_all/031219@29.5929421629732,-90.7264820598676.jpg",1,128,240,277,167,405,407
"Morganza_all/031220@29.5928137699368,-90.726797481704.jpg",5,291,298,81,86,372,384
"Morganza_all/031222@29.5925173443721,-90.7271226669369.jpg",3,275,255,208,197,483,452
"Morganza_all/031223@29.5924781785697,-90.7269131316742.jpg",3,177,284,283,143,460,427
"Morganza_all/031224@29.5924689439872,-90.7265635880324.jpg",3,156,279,291,148,447,427
"Morganza_all/031229@29.5962381860168,-90.7276690388864.jpg",1,238,240,259,158,497,398
"Morganza_all/031230@29.5938172145769,-90.7282947247087.jpg",1,307,273,234,135,541,408
"Morganza_all/031231@29.5939887095802,-90.7282786170054.jpg",4,302,288,96,108,398,396
"Morganza_all/031232@29.5941557771405,-90.7282625045321.jpg",1,330,259,311,130,641,389
"Morganza_all/031233@29.5943237572218,-90.7292135531989.jpg",4,252,282,84,83,336,365
"Morganza_all/031241@29.593486217457,-90.7275295861808.jpg",1,42,276,260,133,302,409
"Morganza_all/031242@29.5934086651912,-90.7275406903273.jpg",1,239,279,185,155,424,434
"Morganza_all/031243@29.5921358345398,-90.726585617448.jpg",2,0,290,407,144,407,434
"Morganza_all/031244@29.5940210025209,-90.7266736876002.jpg",1,178,265,209,174,387,439
"Morganza_all/031247@29.592450186189,-90.7267471383696.jpg",1,305,286,329,132,634,418
"Morganza_all/031248@29.5924569267909,-90.7268607779541.jpg",1,331,287,310,139,641,426
"Morganza_all/031249@29.5945735113528,-90.7309955103617.jpg",3,157,265,215,116,372,381
"Morganza_all/031250@29.5967342632284,-90.7302672063854.jpg",2,0,291,315,134,315,425
"Morganza_all/031251@29.5919992754098,-90.7297618357763.jpg",2,299,233,342,200,641,433
"Morganza_all/031252@29.6038557262438,-90.7469535006551.jpg",1,58,269,414,108,472,377
"Morganza_all/031253@29.6033894487391,-90.74677595273.jpg",2,1,312,529,149,530,461
"Morganza_all/031267@29.6024992381214,-90.7527140609817.jpg",2,0,233,637,116,637,349
"Morganza_all/031274@29.5995879943642,-90.747044035112.jpg",1,142,258,335,90,477,348
"Morganza_all/031275@29.5993684507317,-90.7475943464319.jpg",2,11,154,628,223,639,377
"Morganza_all/031279@29.6011982629154,-90.7516399266561.jpg",1,142,223,473,131,615,354
"Morganza_all/031281@29.6021692489357,-90.7542073977377.jpg",1,182,276,185,111,367,387
"Morganza_all/031282@29.6021528945576,-90.7537486049894.jpg",1,153,279,226,94,379,373
"Morganza_all/031287@29.6010727911499,-90.7524109347775.jpg",1,13,281,430,121,443,402
"Morganza_all/031289@29.6009500011441,-90.7521740090402.jpg",3,0,275,457,120,457,395
"Morganza_all/031290@29.6007343906915,-90.7520031996662.jpg",1,150,268,205,108,355,376
"Morganza_all/031291@29.6003163597206,-90.7513992315178.jpg",1,139,284,277,86,416,370
"Morganza_all/031298@29.5997034163307,-90.7504440402086.jpg",1,132,298,217,97,349,395
"Morganza_all/031299@29.5995588272355,-90.7501417023834.jpg",1,119,276,249,115,368,391
"Morganza_all/031300@29.5994217062757,-90.7499048664792.jpg",1,116,294,250,101,366,395
"Morganza_all/031301@29.5992555573644,-90.7495780492438.jpg",1,91,278,366,109,457,387
"Morganza_all/031302@29.5990397244859,-90.7493580677882.jpg",1,59,281,361,120,420,401
"Morganza_all/031303@29.5987494626542,-90.7484993482106.jpg",1,58,299,272,85,330,384
"Morganza_all/031319@29.5940630999399,-90.7429617026617.jpg",6,283,287,98,84,381,371
"Morganza_all/031324@29.6016288225366,-90.7558143704056.jpg",1,98,291,235,100,333,391
"Morganza_all/031329@29.6032284066354,-90.7459209136282.jpg",2,189,263,452,90,641,353
"Morganza_all/031331@29.6035601313608,-90.7432442102914.jpg",1,7,284,442,85,449,369
"Morganza_all/031332@29.6034618560681,-90.7434720806413.jpg",1,54,269,325,126,379,395
"Morganza_all/031333@29.6034015794336,-90.7436559867134.jpg",1,65,229,516,176,581,405
"Morganza_all/031334@29.6033182507491,-90.7438138157057.jpg",2,174,214,467,195,641,409
"Morganza_all/031335@29.603257973635,-90.7439977213084.jpg",1,341,226,288,151,629,377
"Morganza_all/031336@29.60309961564,-90.7444532026226.jpg",1,135,259,413,146,548,405
"Morganza_all/031337@29.6030543247757,-90.7445758463651.jpg",1,123,251,310,155,433,406
"Morganza_all/031339@29.6027821224261,-90.7451980485911.jpg",1,179,306,221,94,400,400
"Morganza_all/031345@29.602665495612,-90.7447441862131.jpg",1,253,282,221,127,474,409
"Morganza_all/031346@29.6026723555035,-90.7445693441783.jpg",1,251,293,125,90,376,383
"Morganza_all/031347@29.6027787485614,-90.7444463415747.jpg",1,235,273,300,144,535,417
"Morganza_all/031348@29.6028545904042,-90.7443235184104.jpg",2,0,226,306,199,306,425
"Morganza_all/031349@29.6029370673575,-90.7439821454312.jpg",1,299,274,238,141,537,415
"Morganza_all/031350@29.6029817287939,-90.7437196319895.jpg",4,280,308,84,85,364,393
"Morganza_all/031351@29.6030652932915,-90.7436142585159.jpg",4,241,270,114,98,355,368
"Morganza_all/031353@29.6032689772921,-90.7430448792135.jpg",1,219,281,359,107,578,388
"Morganza_all/031354@29.6033825925744,-90.7428344459166.jpg",1,102,282,207,88,309,370
"Morganza_all/031355@29.6035717993599,-90.7424399834266.jpg",1,104,258,261,150,365,408
"Morganza_all/031356@29.6013869043519,-90.745791876189.jpg",1,310,245,225,97,535,342
"Morganza_all/031360@29.6028488910142,-90.7413603506088.jpg",3,251,276,251,82,502,358
"Morganza_all/031361@29.6023152040055,-90.7415907941673.jpg",1,77,251,435,159,512,410
"Morganza_all/031362@29.6021790116349,-90.74188002827.jpg",1,87,257,448,153,535,410
"Morganza_all/031363@29.6020732122452,-90.7421341534889.jpg",1,161,260,464,145,625,405
"Morganza_all/031364@29.6019519928603,-90.7423533776029.jpg",2,1,266,391,129,392,395
"Morganza_all/031365@29.6018614543521,-90.7426074117154.jpg",1,45,279,468,124,513,403
"Morganza_all/031366@29.6017023532881,-90.7428967781848.jpg",3,87,248,439,147,526,395
"Morganza_all/031367@29.6016038818508,-90.7430809379758.jpg",3,103,256,445,145,548,401
"Morganza_all/031368@29.6015894973917,-90.7432820661732.jpg",3,60,265,342,107,402,372
"Morganza_all/031369@29.6013994898869,-90.7434929451542.jpg",3,14,268,292,83,306,351
"Morganza_all/031371@29.6012441105912,-90.7429169756977.jpg",3,38,276,317,99,355,375
"Morganza_all/031372@29.601395830709,-90.7426800782406.jpg",1,109,274,401,130,510,404
"Morganza_all/031373@29.6015473928517,-90.7424082210416.jpg",2,201,270,440,131,641,401
"Morganza_all/031374@29.6016380217941,-90.7421804305991.jpg",1,166,254,320,141,486,395
"Morganza_all/031375@29.6018879344226,-90.7416981992116.jpg",1,134,260,467,144,601,404
"Morganza_all/031377@29.6014984386139,-90.7417179646304.jpg",2,252,259,389,184,641,443
"Morganza_all/031378@29.6013622855511,-90.7420159752735.jpg",2,286,243,355,163,641,406
"Morganza_all/031379@29.6012635394177,-90.7421389335878.jpg",1,349,264,168,121,517,385
"Morganza_all/031380@29.6012105271991,-90.7422441260645.jpg",1,304,276,184,164,488,440
"Morganza_all/031381@29.601234918678,-90.7425673999858.jpg",1,84,273,408,131,492,404
"Morganza_all/031389@29.6005038141465,-90.7430611787494.jpg",5,286,225,116,144,402,369
"Morganza_all/031390@29.6004789396848,-90.7426243148882.jpg",2,0,303,286,131,286,434
"Morganza_all/031392@29.6008814518184,-90.7421062295857.jpg",2,0,199,267,282,267,481
"Morganza_all/031393@29.6010940360444,-90.7418165168353.jpg",1,70,259,379,187,449,446
"Morganza_all/031395@29.601511175315,-90.7411584988364.jpg",2,0,255,345,176,345,431
"Morganza_all/031400@29.599848548896,-90.7434321616165.jpg",2,207,265,434,169,641,434
"Morganza_all/031401@29.5998633663193,-90.7433271962391.jpg",1,65,274,456,139,521,413
"Morganza_all/031411@29.5999917384155,-90.744698730399.jpg",2,0,89,637,342,637,431
"Morganza_all/031412@29.599474040586,-90.7450863563911.jpg",2,0,165,637,319,637,484
"Morganza_all/031413@29.5992910473492,-90.7434616571766.jpg",2,255,181,386,153,641,334
"Morganza_all/031414@29.5990069645382,-90.7448356389839.jpg",2,0,234,637,156,637,390
"Morganza_all/031425@29.5988101641624,-90.7401518177937.jpg",1,112,295,368,92,480,387
"Morganza_all/031426@29.5990639843499,-90.7405348957686.jpg",2,0,265,394,128,394,393
"Morganza_all/031427@29.5991866233087,-90.7406302995437.jpg",1,101,277,405,129,506,406
"Morganza_all/031428@29.5993173020302,-90.740813101119.jpg",1,134,234,428,157,562,391
"Morganza_all/031429@29.5994249950116,-90.7409785437897.jpg",1,116,291,505,118,621,409
"Morganza_all/031430@29.5995555940906,-90.7411438198928.jpg",1,161,283,456,123,617,406
"Morganza_all/031431@29.5996785364554,-90.7413004254655.jpg",1,181,236,291,153,472,389
"Morganza_all/031432@29.6000604664269,-90.7412981674971.jpg",2,0,262,504,125,504,387
"Morganza_all/031433@29.6003193356423,-90.7411130916714.jpg",2,0,266,585,110,585,376
"Morganza_all/031435@29.6006997255576,-90.740769961797.jpg",1,32,290,503,119,535,409
"Morganza_all/031437@29.6010040392221,-90.7404971992747.jpg",1,9,262,535,117,544,379
"Morganza_all/031438@29.6011562292985,-90.7403651753712.jpg",1,32,266,545,151,577,417
"Morganza_all/031439@29.5992371555792,-90.7399832089796.jpg",1,103,275,512,118,615,393
"Morganza_all/031440@29.5994295974164,-90.7403054808381.jpg",1,131,281,365,126,496,407
"Morganza_all/031441@29.5995449750968,-90.7404795938715.jpg",1,46,274,455,120,501,394
"Morganza_all/031442@29.5996373792003,-90.7406451270497.jpg",2,0,270,507,128,507,398
"Morganza_all/031443@29.5997528354863,-90.740836735766.jpg",1,0,260,526,152,526,412
"Morganza_all/031444@29.5999216701482,-90.7410105652443.jpg",1,73,146,424,285,497,431
"Morganza_all/031445@29.6001422246238,-90.7407994724286.jpg",1,161,296,383,125,544,421
"Morganza_all/031446@29.6000113089039,-90.740564247371.jpg",1,203,245,415,159,618,404
"Morganza_all/031447@29.599857300705,-90.7402942003054.jpg",1,128,281,474,122,602,403
"Morganza_all/031448@29.5997421082924,-90.740155013704.jpg",1,45,235,496,177,541,412
"Morganza_all/031449@29.5995804546007,-90.7398850132966.jpg",3,56,249,475,132,531,381
"Morganza_all/031450@29.5999464897779,-90.7397430065318.jpg",1,110,290,507,120,617,410
"Morganza_all/031451@29.600123524163,-90.7400391282987.jpg",2,0,270,378,146,378,416
"Morganza_all/031452@29.6002084818739,-90.7402484133633.jpg",2,0,269,507,127,507,396
"Morganza_all/031453@29.6003008346525,-90.7403964522365.jpg",2,0,260,443,141,443,401
"Morganza_all/031454@29.600401002002,-90.7405881524348.jpg",2,0,254,555,141,555,395
"Morganza_all/031455@29.6006135159562,-90.7402897219406.jpg",2,291,277,350,127,641,404
"Morganza_all/031456@29.6004441266458,-90.7399935215208.jpg",1,62,237,470,172,532,409
"Morganza_all/031457@29.6003438397755,-90.7397756107514.jpg",1,130,285,503,137,633,422
"Morganza_all/031458@29.6002284490509,-90.7395927494709.jpg",3,189,221,332,180,521,401
"Morganza_all/031459@29.600540892124,-90.7394335630078.jpg",1,81,273,467,134,548,407
"Morganza_all/031460@29.6006258386911,-90.739634100727.jpg",2,0,259,469,140,469,399
"Morganza_all/031461@29.6007643611329,-90.7398605331543.jpg",2,1,234,640,193,641,427
"Morganza_all/031462@29.600933671594,-90.7401392391603.jpg",1,4,277,553,152,557,429
"Morganza_all/031464@29.6002514695087,-90.7379318633351.jpg",5,207,271,135,98,342,369
"Morganza_all/031465@29.5999476371476,-90.7383095069794.jpg",2,4,0,637,525,641,525
"Morganza_all/031466@29.6002258354462,-90.7390158545978.jpg",3,29,255,418,148,447,403
"Morganza_all/031467@29.5938948593353,-90.7376724709287.jpg",2,0,244,562,129,562,373
"Morganza_all/031468@29.5939570731431,-90.7379168335329.jpg",1,101,268,181,98,282,366
"Morganza_all/031469@29.5940959953398,-90.738230655279.jpg",1,206,254,307,105,513,359
"Morganza_all/031470@29.5942270738659,-90.7385008198546.jpg",1,316,266,136,97,452,363
"Morganza_all/031471@29.594304298026,-90.7386839270178.jpg",1,282,280,134,84,416,364
"Morganza_all/031481@29.5974411710082,-90.7397840675676.jpg",6,258,282,101,102,359,384
"Morganza_all/031482@29.5973852713776,-90.7392512423474.jpg",6,287,275,83,91,370,366
"Morganza_all/031486@29.599168824512,-90.7367058571801.jpg",6,291,284,81,96,372,380
"Morganza_all/031487@29.5990571847789,-90.7356751189014.jpg",2,290,218,351,180,641,398
"Morganza_all/031488@29.5991965503655,-90.7360851121502.jpg",2,0,262,374,180,374,442
"Morganza_all/031489@29.5990749431801,-90.7362169576437.jpg",2,0,282,359,137,359,419
"Morganza_all/031490@29.5988748466444,-90.7358947403907.jpg",2,189,262,452,158,641,420
"Morganza_all/031491@29.5986999413615,-90.7360618625633.jpg",2,109,270,532,149,641,419
"Morganza_all/031492@29.5989456238876,-90.7363401011606.jpg",2,0,291,391,112,391,403
"Morganza_all/031493@29.5988086871866,-90.736463258294.jpg",2,0,285,444,144,444,429
"Morganza_all/031494@29.5985097189274,-90.7362290440139.jpg",2,106,247,535,161,641,408
"Morganza_all/031495@29.5986870796197,-90.7365951028176.jpg",1,0,273,482,146,482,419
"Morganza_all/031496@29.5983119589205,-90.7364137963745.jpg",2,156,276,485,129,641,405
"Morganza_all/031497@29.5985578670737,-90.7367357399238.jpg",1,81,256,323,163,404,419
"Morganza_all/031498@29.5983674847559,-90.7368679619521.jpg",2,0,270,566,135,566,405
"Morganza_all/031499@29.5981525533455,-90.7366332467677.jpg",2,87,285,554,120,641,405
"Morganza_all/031500@29.597969895375,-90.736782917531.jpg",2,232,269,409,143,641,412
"Morganza_all/031501@29.5981697238481,-90.7370527127886.jpg",2,0,295,546,105,546,400
"Morganza_all/031502@29.5980635760489,-90.7372281385525.jpg",1,37,266,463,154,500,420
"Morganza_all/031503@29.597840563398,-90.736897342963.jpg",2,276,278,365,123,641,401
"Morganza_all/031504@29.597688336873,-90.737020589017.jpg",1,123,279,442,126,565,405
"Morganza_all/031505@29.5979416498973,-90.7372900656519.jpg",2,0,280,335,132,335,412
"Morganza_all/031506@29.597551320264,-90.7371263120609.jpg",1,191,287,403,120,594,407
"Morganza_all/031507@29.5977742407175,-90.7374308966334.jpg",1,12,279,451,130,463,409
"Morganza_all/031508@29.5975571758503,-90.7367329539628.jpg",1,248,276,275,99,523,375
"Morganza_all/031509@29.5974449340566,-90.7372493160205.jpg",1,215,298,389,109,604,407
"Morganza_all/031510@29.597652485433,-90.7375364969424.jpg",2,0,265,409,144,409,409
"Morganza_all/031511@29.5975462180586,-90.737685742404.jpg",2,0,279,433,125,433,404
"Morganza_all/031512@29.5973154822457,-90.7373374670327.jpg",2,225,279,416,136,641,415
"Morganza_all/031513@29.5971785447445,-90.7374606522625.jpg",2,219,270,422,163,641,433
"Morganza_all/031514@29.5974166866316,-90.7377564298864.jpg",2,0,291,384,107,384,398
"Morganza_all/031515@29.5972798280439,-90.7378970776988.jpg",1,51,305,352,120,403,425
"Morganza_all/031516@29.5971656774562,-90.7379939157011.jpg",2,166,242,475,147,641,389
"Morganza_all/031517@29.5969812991495,-90.7377590192242.jpg",1,30,268,327,125,357,393
"Morganza_all/031518@29.5966741721828,-90.7374112316915.jpg",3,93,290,387,113,480,403
"Morganza_all/031519@29.5968186472584,-90.7372705072634.jpg",1,36,291,369,146,405,437
"Morganza_all/031520@29.5969478482505,-90.7371211573721.jpg",2,0,303,408,111,408,414
"Morganza_all/031521@29.5970467088977,-90.737024409626.jpg",1,99,306,411,118,510,424
"Morganza_all/031523@29.5972747823735,-90.7367870582788.jpg",1,40,299,266,130,306,429
"Morganza_all/031524@29.596603716559,-90.7370357948451.jpg",1,17,263,496,145,513,408
"Morganza_all/031525@29.5967854326804,-90.7366850983714.jpg",3,327,301,235,104,562,405
"Morganza_all/031526@29.5963420027717,-90.7366003291694.jpg",1,137,252,275,130,412,382
"Morganza_all/031529@29.5956671572299,-90.7360187502857.jpg",1,243,288,377,129,620,417
"Morganza_all/031530@29.5958498267005,-90.7358778288565.jpg",1,228,303,246,107,474,410
"Morganza_all/031531@29.5960783240386,-90.7357278860629.jpg",2,65,258,576,142,641,400
"Morganza_all/031532@29.5962168930977,-90.7359630499592.jpg",1,169,296,355,107,524,403
"Morganza_all/031533@29.596460014872,-90.735673155335.jpg",1,67,270,475,131,542,401
"Morganza_all/031534@29.5967869852043,-90.735347800346.jpg",1,222,255,243,114,465,369
"Morganza_all/031535@29.5968793957938,-90.7355133242301.jpg",1,159,303,336,90,495,393
"Morganza_all/031536@29.5969793985752,-90.7356613081911.jpg",4,300,246,131,120,431,366
"Morganza_all/031537@29.5970822400565,-90.7364385897263.jpg",2,0,266,524,185,524,451
"Morganza_all/031538@29.5972953814014,-90.7362799904351.jpg",1,217,277,256,111,473,388
"Morganza_all/031539@29.5974399227435,-90.7361480420643.jpg",2,0,248,604,207,604,455
"Morganza_all/031540@29.5978683696793,-90.7362940693518.jpg",1,96,292,509,129,605,421
"Morganza_all/031541@29.5980051867043,-90.7361446712115.jpg",1,91,263,292,171,383,434
"Morganza_all/031542@29.5982565631357,-90.7359945578643.jpg",2,2,254,627,155,629,409
"Morganza_all/031543@29.5984845826462,-90.7357397379006.jpg",2,49,298,592,123,641,421
"Morganza_all/031544@29.5986747768145,-90.7355725242613.jpg",1,123,255,445,128,568,383
"Morganza_all/031545@29.5988955096105,-90.7353964114857.jpg",1,48,269,330,118,378,387
"Morganza_all/031546@29.5985406208917,-90.7346293399351.jpg",1,202,82,300,324,502,406
"Morganza_all/031547@29.5979681389332,-90.7347201750358.jpg",2,0,72,462,325,462,397
"Morganza_all/031548@29.598489237984,-90.7350841757345.jpg",3,185,265,292,142,477,407
"Morganza_all/031549@29.5983756475222,-90.7353033550481.jpg",1,49,273,353,150,402,423
"Morganza_all/031550@29.5977334215201,-90.7351760717824.jpg",2,338,252,303,110,641,362
"Morganza_all/031551@29.5978030853105,-90.7353766915608.jpg",1,351,276,290,135,641,411
"Morganza_all/031553@29.5980332286566,-90.7355938488116.jpg",3,214,275,427,161,641,436
"Morganza_all/031554@29.5977900273505,-90.735866253599.jpg",1,149,260,265,163,414,423
"Morganza_all/031555@29.5976376426706,-90.7359545749742.jpg",3,0,277,477,148,477,425
"Morganza_all/031556@29.5975141238135,-90.7356668643728.jpg",1,286,272,188,127,474,399
"Morganza_all/031557@29.5973836371856,-90.73552777762.jpg",3,54,272,388,139,442,411
"Morganza_all/031558@29.5972759374638,-90.7353623756484.jpg",1,189,279,213,125,402,404
"Morganza_all/031559@29.5971300416501,-90.735197170702.jpg",1,90,224,495,152,585,376
"Morganza_all/031560@29.5980237687018,-90.733522372044.jpg",1,153,257,343,212,496,469
"Morganza_all/031561@29.5981020388455,-90.7339327237904.jpg",1,208,288,384,81,592,369
"Morganza_all/031562@29.5978939997305,-90.7335406443793.jpg",1,272,290,365,168,637,458
"Morganza_all/031563@29.5979496154865,-90.7340123010781.jpg",1,258,281,283,109,541,390
"Morganza_all/031564@29.5977816505662,-90.7340307698806.jpg",1,216,269,259,107,475,376
"Morganza_all/031565@29.5976880790674,-90.7336117949495.jpg",2,0,253,386,243,386,496
"Morganza_all/031566@29.5976291473352,-90.7340928836756.jpg",3,221,261,344,127,565,388
"Morganza_all/031567@29.5974460005586,-90.7341289381268.jpg",1,177,281,371,107,548,388
"Morganza_all/031568@29.5973904775974,-90.7336834942028.jpg",1,206,298,261,172,467,470
"Morganza_all/031569@29.5972761977647,-90.733745379431.jpg",1,81,277,389,175,470,452
"Morganza_all/031570@29.5973163113045,-90.7341646726052.jpg",2,276,264,365,106,641,370
"Morganza_all/031571@29.597125532331,-90.7342095199459.jpg",1,186,281,284,89,470,370
"Morganza_all/031572@29.5970089474627,-90.7337731904484.jpg",1,175,287,359,175,534,462
"Morganza_all/031574@29.5968107513034,-90.7338617885596.jpg",1,68,279,202,180,270,459
"Morganza_all/031575@29.5968048643633,-90.7342463966886.jpg",1,220,243,312,141,532,384
"Morganza_all/031577@29.5975938137635,-90.7347136650738.jpg",3,181,290,282,85,463,375
"Morganza_all/031578@29.5974104397828,-90.7347060137157.jpg",1,139,284,332,89,471,373
"Morganza_all/031580@29.5970673840477,-90.7348566769288.jpg",1,213,291,301,85,514,376
"Morganza_all/031581@29.5969146010915,-90.7348575899835.jpg",1,211,290,225,81,436,371
"Morganza_all/031582@29.5967621647427,-90.734928417554.jpg",1,202,282,248,81,450,363
"Morganza_all/031583@29.5965331897652,-90.73497349141.jpg",1,134,273,460,84,594,357
"Morganza_all/031584@29.5962737708649,-90.7350362102763.jpg",3,222,284,227,88,449,372
"Morganza_all/031585@29.5961209879039,-90.7350371230499.jpg",3,126,279,297,103,423,382
"Morganza_all/031586@29.5959607073918,-90.735064291258.jpg",1,106,281,282,87,388,368
"Morganza_all/031588@29.5966675304273,-90.7342821765154.jpg",1,237,272,344,118,581,390
"Morganza_all/031589@29.5964768986496,-90.7343532332419.jpg",1,220,295,252,89,472,384
"Morganza_all/031590@29.5963223982891,-90.7339783336987.jpg",1,147,267,315,195,462,462
"Morganza_all/031591@29.5961622379461,-90.7340317451026.jpg",1,282,268,310,177,592,445
"Morganza_all/031592@29.5963243952601,-90.7344153457365.jpg",1,217,268,345,136,562,404
"Morganza_all/031593@29.5961717595253,-90.7344424692781.jpg",1,308,271,251,118,559,389
"Morganza_all/031594@29.5959961100783,-90.7344522670768.jpg",1,247,288,338,104,585,392
"Morganza_all/031595@29.5958570590616,-90.7341122347158.jpg",4,308,326,107,81,415,407
"Morganza_all/031596@29.5958588559851,-90.7345055405774.jpg",3,305,271,293,131,598,402
"Morganza_all/031597@29.595668064438,-90.7345416393457.jpg",1,206,282,346,105,552,387
"Morganza_all/031598@29.595551880125,-90.7341927238384.jpg",1,148,284,403,137,551,421
"Morganza_all/031599@29.5955077165813,-90.7345600612966.jpg",1,274,284,219,98,493,382
"Morganza_all/031600@29.5953456396305,-90.7341939577117.jpg",1,156,282,289,155,445,437
"Morganza_all/031601@29.5953705023853,-90.7346220814695.jpg",1,346,285,248,110,594,395
"Morganza_all/031602@29.5951949326601,-90.7346493415397.jpg",3,258,282,258,103,516,385
"Morganza_all/031603@29.5951171315792,-90.734335155686.jpg",1,271,240,240,273,511,513
"Morganza_all/031605@29.5950502209354,-90.7347376166198.jpg",1,270,273,289,120,559,393
"Morganza_all/031606@29.5948668868781,-90.7347387124481.jpg",1,225,277,340,92,565,369
"Morganza_all/031607@29.59454462227,-90.7344259895277.jpg",2,250,279,391,173,641,452
"Morganza_all/031608@29.5951366227508,-90.7352615290168.jpg",2,1,273,401,107,402,380
"Morganza_all/031609@29.5953199169107,-90.7352516870669.jpg",1,94,281,355,91,449,372
"Morganza_all/031611@29.5956327411473,-90.7351711556967.jpg",1,276,283,231,84,507,367
"Morganza_all/031612@29.5956271292277,-90.7356169260146.jpg",1,175,202,327,187,502,389
"Morganza_all/031613@29.5954597219774,-90.7357577880025.jpg",1,103,279,352,114,455,393
"Morganza_all/031614@29.5951936138664,-90.7360303220134.jpg",1,173,273,379,118,552,391
"Morganza_all/031615@29.5950778319176,-90.7357688140513.jpg",1,94,240,281,129,375,369
"Morganza_all/031616@29.5947172543621,-90.7354300741179.jpg",3,159,271,454,108,613,379
"Morganza_all/031619@29.5952821975312,-90.7370349162532.jpg",1,58,268,275,94,333,362
"Morganza_all/031620@29.5936406731275,-90.7372107605397.jpg",2,184,278,457,134,641,412
"Morganza_all/031621@29.5941667478517,-90.7369891375625.jpg",1,325,254,315,150,640,404
"Morganza_all/031622@29.5945016842662,-90.7367336618844.jpg",1,322,268,319,114,641,382
"Morganza_all/031623@29.5941078509875,-90.7358008119696.jpg",2,0,232,641,203,641,435
"Morganza_all/031624@29.5937880984905,-90.7360387048571.jpg",1,166,264,194,100,360,364
"Morganza_all/031625@29.5932391189195,-90.7362604685553.jpg",3,156,202,448,192,604,394
"Morganza_all/031626@29.5931333257076,-90.7348364824325.jpg",3,147,270,343,90,490,360
"Morganza_all/031627@29.5938567146654,-90.7343339472801.jpg",2,0,257,641,139,641,396
"Morganza_all/031628@29.5943828244999,-90.7341210557064.jpg",4,321,256,110,91,431,347
"Morganza_all/031629@29.5946956878876,-90.7340492371147.jpg",1,181,263,341,180,522,443
"Morganza_all/031630@29.5948712574906,-90.7340219761284.jpg",1,136,213,416,264,552,477
"Morganza_all/031631@29.5950620488988,-90.7339858766572.jpg",1,92,274,341,166,433,440
"Morganza_all/031632@29.595207067395,-90.733958798309.jpg",1,169,274,265,161,434,435
"Morganza_all/031633@29.5953521257296,-90.7339404354961.jpg",1,123,253,404,185,527,438
"Morganza_all/031634@29.5954817749391,-90.7338959543389.jpg",2,0,130,641,411,641,541
"Morganza_all/031636@29.594297429854,-90.7338243812478.jpg",1,4,282,419,120,423,402
"Morganza_all/031637@29.5944652747678,-90.73377967174.jpg",1,121,232,323,183,444,415
"Morganza_all/031638@29.594610173363,-90.7337263836792.jpg",1,29,199,338,225,367,424
"Morganza_all/031639@29.5947474671501,-90.7336818568001.jpg",1,70,224,366,218,436,442
"Morganza_all/031640@29.5950297793466,-90.733610250994.jpg",1,257,293,182,136,439,429
"Morganza_all/031641@29.5951440866214,-90.7335483668351.jpg",1,24,226,355,219,379,445
"Morganza_all/031642@29.5952738956191,-90.7335388420825.jpg",1,153,234,310,191,463,425
"Morganza_all/031643@29.5954037047596,-90.7335293487696.jpg",1,147,278,316,149,463,427
"Morganza_all/031644@29.5955946434355,-90.733519457836.jpg",2,0,246,378,164,378,410
"Morganza_all/031645@29.595815665768,-90.7334132286694.jpg",1,60,208,369,269,429,477
"Morganza_all/031646@29.5959684088393,-90.7334035977541.jpg",1,202,190,402,299,604,489
"Morganza_all/031647@29.5960826885149,-90.733341712944.jpg",1,126,218,315,233,441,451
"Morganza_all/031648@29.5962659825257,-90.7333318673873.jpg",2,5,252,590,158,595,410
"Morganza_all/031649@29.5965177834624,-90.7332691897527.jpg",1,119,278,275,166,394,444
"Morganza_all/031650@29.5966550770869,-90.7332246613987.jpg",1,94,253,306,184,400,437
"Morganza_all/031651@29.5967023697502,-90.7335477813902.jpg",2,0,264,534,185,534,449
"Morganza_all/031652@29.5968702145584,-90.7335030703451.jpg",2,292,149,349,359,641,508
"Morganza_all/031653@29.5969068903667,-90.7331706991646.jpg",1,229,268,298,156,527,424
"Morganza_all/031654@29.5970290022448,-90.7331437564216.jpg",1,233,311,175,104,408,415
"Morganza_all/031655@29.5971602511863,-90.7334488797293.jpg",2,0,255,514,196,514,451
"Morganza_all/031656@29.5971891622221,-90.7330903431353.jpg",1,248,293,237,122,485,415
"Morganza_all/031657@29.5973738564365,-90.7333864306548.jpg",1,55,225,361,240,416,465
"Morganza_all/031658@29.5973035494854,-90.7330459830097.jpg",1,277,275,259,162,536,437
"Morganza_all/031659@29.5974410431337,-90.7330451588359.jpg",1,154,277,250,167,404,444
"Morganza_all/031660@29.5975493858611,-90.7333504205077.jpg",2,299,262,342,178,641,440
"Morganza_all/031661@29.5975859012224,-90.732983089391.jpg",1,222,259,227,183,449,442
"Morganza_all/031662@29.5977325723087,-90.7333230804161.jpg",1,79,226,327,221,406,447
"Morganza_all/031663@29.5977307718382,-90.7329297672169.jpg",1,159,220,360,233,519,453
"Morganza_all/031664@29.59792323102,-90.733252020673.jpg",1,106,243,368,221,474,464
"Morganza_all/031665@29.5976608641676,-90.7326767285405.jpg",1,147,156,405,329,552,485
"Morganza_all/031667@29.5973766977615,-90.7323375638526.jpg",2,0,247,357,162,357,409
"Morganza_all/031668@29.5974012461697,-90.732695749245.jpg",1,64,188,399,276,463,464
"Morganza_all/031669@29.5972410863542,-90.7327491632754.jpg",1,93,220,285,248,378,468
"Morganza_all/031670@29.5971632131368,-90.732426225408.jpg",3,225,269,208,136,433,405
"Morganza_all/031671@29.5968885063104,-90.7324890744648.jpg",1,132,268,211,157,343,425
"Morganza_all/031672@29.5969738362633,-90.7327769769416.jpg",1,241,288,219,97,460,385
"Morganza_all/031673@29.5968441874389,-90.7328214602102.jpg",2,0,219,387,224,387,443
"Morganza_all/031674@29.5966365455655,-90.732516796999.jpg",1,55,284,352,134,407,418
"Morganza_all/031675@29.5967222233055,-90.7328746447234.jpg",1,48,265,418,153,466,418
"Morganza_all/031676@29.5965848496864,-90.7329016792165.jpg",1,96,216,372,246,468,462
"Morganza_all/031677@29.5965221185428,-90.7325524417186.jpg",2,0,262,435,174,435,436
"Morganza_all/031678@29.5963925499474,-90.7326144194139.jpg",1,131,276,302,125,433,401
"Morganza_all/031679@29.5964628580208,-90.7329548636592.jpg",3,88,239,285,201,373,440
"Morganza_all/031680@29.5963102225888,-90.7329819894643.jpg",3,171,251,290,169,461,420
"Morganza_all/031681@29.5962473314965,-90.7325977957155.jpg",1,145,270,292,141,437,411
"Morganza_all/031682@29.5960795270685,-90.7326512551408.jpg",1,110,256,278,153,388,409
"Morganza_all/031683@29.5961652044429,-90.7330091009898.jpg",1,94,247,370,212,464,459
"Morganza_all/031684@29.5959575628573,-90.7327044079907.jpg",1,84,261,288,118,372,379
"Morganza_all/031685@29.5959133635816,-90.733063031931.jpg",1,126,254,276,155,402,409
"Morganza_all/031686@29.5957974030316,-90.7327578212373.jpg",2,0,241,341,139,341,380
"Morganza_all/031687@29.5955914428625,-90.7328202562935.jpg",1,195,292,152,90,347,382
"Morganza_all/031688@29.5953241526827,-90.7328393222366.jpg",1,172,253,450,198,622,451
"Morganza_all/031689@29.5952190909272,-90.7332507609436.jpg",1,176,246,357,213,533,459
"Morganza_all/031690@29.5950892018819,-90.7332427919547.jpg",2,328,223,313,236,641,459
"Morganza_all/031691@29.5949598328125,-90.7333484401593.jpg",1,211,245,305,183,516,428
"Morganza_all/031692@29.5946621390349,-90.7333939284887.jpg",1,98,191,404,271,502,462
"Morganza_all/031693@29.5945705781888,-90.7334206872781.jpg",1,205,204,377,248,582,452
"Morganza_all/031694@29.5944638355814,-90.7334650314384.jpg",2,219,226,422,228,641,454
"Morganza_all/031695@29.5943034754943,-90.7334747392046.jpg",1,149,237,434,192,583,429
"Morganza_all/031696@29.5941660618683,-90.7334930567113.jpg",1,250,234,279,178,529,412
"Morganza_all/031697@29.594044177337,-90.7335637014478.jpg",1,167,283,353,179,520,462
"Morganza_all/031698@29.5939659861095,-90.7331708605299.jpg",1,28,250,386,179,414,429
"Morganza_all/031699@29.594149040011,-90.7331085644967.jpg",1,175,262,370,165,545,427
"Morganza_all/031700@29.5943245819224,-90.7330813021749.jpg",1,238,250,295,170,533,420
"Morganza_all/031701@29.5944848895297,-90.7330541310721.jpg",1,107,249,288,182,395,431
"Morganza_all/031702@29.5946066536262,-90.732957244367.jpg",1,189,243,452,200,641,443
"Morganza_all/031703@29.5948129742198,-90.7329735020171.jpg",1,178,222,317,225,495,447
"Morganza_all/031704@29.594965757172,-90.7329725861072.jpg",3,244,232,211,163,455,395
"Morganza_all/031705@29.59516407277,-90.7329101975877.jpg",1,219,276,230,124,449,400
"Morganza_all/031706@29.5937922963666,-90.7336089143742.jpg",3,265,316,120,101,385,417
"Morganza_all/031707@29.593715025239,-90.7334170965896.jpg",1,263,277,255,102,518,379
"Morganza_all/031708@29.5936758294602,-90.7331988094285.jpg",1,239,273,369,150,608,423
"Morganza_all/031709@29.5936368734765,-90.7330329725415.jpg",1,109,264,232,121,341,385
"Morganza_all/031710@29.5936055220146,-90.7328583744863.jpg",1,20,237,347,200,367,437
"Morganza_all/031711@29.5938956385295,-90.7328216776706.jpg",2,0,246,547,206,547,452
"Morganza_all/031712@29.5941091633656,-90.7327417353561.jpg",1,73,229,276,172,349,401
"Morganza_all/031713@29.5943229809337,-90.7327317058387.jpg",1,189,257,292,147,481,404
"Morganza_all/031714@29.5949260000876,-90.7326319322216.jpg",1,178,282,205,161,383,443
"Morganza_all/031715@29.5951621910377,-90.7324994318259.jpg",2,0,242,328,156,328,398
"Morganza_all/031716@29.595169034459,-90.7323245705889.jpg",1,232,270,242,139,474,409
"Morganza_all/031717@29.5951683132143,-90.7321672493419.jpg",1,236,289,388,156,624,445
"Morganza_all/031720@29.5955887593586,-90.7322346412117.jpg",1,153,254,343,130,496,384
"Morganza_all/031721@29.5956658444962,-90.732391504883.jpg",1,24,301,495,145,519,446
"Morganza_all/031723@29.5959096798453,-90.732258957058.jpg",1,305,312,97,97,402,409
"Morganza_all/031725@29.596306578461,-90.7321866585686.jpg",1,302,307,90,84,392,391
"Morganza_all/031726@29.5964211381675,-90.7321859708909.jpg",1,183,290,178,92,361,382
"Morganza_all/031728@29.596863649062,-90.7320696606567.jpg",2,1,292,606,131,607,423
"Morganza_all/031729@29.5902426605815,-90.7341257215107.jpg",1,211,312,430,143,641,455
"Morganza_all/031730@29.591024241124,-90.7327772887784.jpg",1,217,268,349,127,566,395
"Morganza_all/031735@29.5914377191146,-90.7339301023211.jpg",1,268,292,213,82,481,374
"Morganza_all/031736@29.5911233976772,-90.7341040593044.jpg",2,0,312,451,139,451,451
"Morganza_all/031737@29.5916530636433,-90.7340435312379.jpg",1,269,273,197,110,466,383
"Morganza_all/031738@29.5897238387638,-90.7349891608779.jpg",1,147,274,301,100,448,374
"Morganza_all/031739@29.5906743871867,-90.7345737930332.jpg",1,34,253,516,126,550,379
"Morganza_all/031740@29.5910826532936,-90.7345877448153.jpg",3,145,259,317,138,462,397
"Morganza_all/031741@29.5912909222859,-90.7347175782582.jpg",1,121,221,376,121,497,342
"Morganza_all/031742@29.5917136275462,-90.7347560492764.jpg",3,161,268,454,127,615,395
"Morganza_all/031743@29.591055682959,-90.7349566305562.jpg",1,319,263,282,127,601,390
"Morganza_all/031744@29.5906117630206,-90.7349756439937.jpg",1,98,268,420,108,518,376
"Morganza_all/031745@29.5904051394403,-90.7352063111595.jpg",1,138,284,469,123,607,407
"Morganza_all/031746@29.5900761432659,-90.7352984189674.jpg",1,244,154,352,257,596,411
"Morganza_all/031747@29.5901570565347,-90.735764949071.jpg",4,283,300,104,109,387,409
"Morganza_all/031749@29.5905216697888,-90.7356316959648.jpg",1,84,155,223,236,307,391
"Morganza_all/031751@29.5909240282748,-90.7359242675712.jpg",3,314,274,279,99,593,373
"Morganza_all/031752@29.5909234680853,-90.7358013419389.jpg",1,258,280,251,88,509,368
"Morganza_all/031753@29.5908576192724,-90.7354904009522.jpg",3,127,253,209,103,336,356
"Morganza_all/031754@29.5911082427669,-90.7354889048602.jpg",3,245,265,308,130,553,395
"Morganza_all/031755@29.5912612474391,-90.7360615466124.jpg",1,240,294,149,82,389,376
"Morganza_all/031757@29.592211873948,-90.7356625749622.jpg",1,244,213,253,154,497,367
"Morganza_all/031758@29.5917831397404,-90.7358699645053.jpg",2,0,207,497,179,497,386
"Morganza_all/031759@29.5919058100345,-90.7360740953421.jpg",2,0,235,350,172,350,407
"Morganza_all/031760@29.5913509109811,-90.7368803635496.jpg",3,189,262,280,118,469,380
"Morganza_all/031761@29.5915884277865,-90.7371411698262.jpg",2,64,195,577,206,641,401
"Morganza_all/031762@29.5916468251263,-90.7373866189649.jpg",2,127,212,514,197,641,409
"Morganza_all/031763@29.5917942346513,-90.7367302512773.jpg",2,0,147,571,271,571,418
"Morganza_all/031764@29.5925677858478,-90.7367584288801.jpg",1,163,257,417,85,580,342
"Morganza_all/031765@29.5917786054453,-90.7380167517708.jpg",1,278,229,212,117,490,346
"Morganza_all/031766@29.5928801496757,-90.7377316181036.jpg",5,259,228,85,104,344,332
"Morganza_all/031768@29.5932123101279,-90.7383359949003.jpg",1,29,281,591,103,620,384
"Morganza_all/031769@29.5925947000796,-90.7379545412091.jpg",2,0,248,641,131,641,379
"Morganza_all/031770@29.5926984559029,-90.7387241711912.jpg",2,0,239,431,196,431,435
"Morganza_all/031772@29.5920042931898,-90.7388347986223.jpg",2,0,241,641,210,641,451
"Morganza_all/031773@29.5923511094616,-90.739512838982.jpg",1,79,245,481,123,560,368
"Morganza_all/031789@29.6017781836956,-90.7419358584196.jpg",2,292,253,349,148,641,401
"Morganza_all/031791@29.5982378531005,-90.7344309628567.jpg",2,0,162,637,270,637,432
"Morganza_all/031793@29.5962642847462,-90.733706127712.jpg",4,291,278,96,84,387,362
"Morganza_all/031794@29.5960709237271,-90.7337696184298.jpg",4,270,259,106,92,376,351
"Morganza_all/031797@29.5972847385539,-90.7320134832765.jpg",1,95,265,294,144,389,409
"Morganza_all/031799@29.5974278844675,-90.7320458831231.jpg",3,312,290,264,147,576,437
"Morganza_all/031800@29.5973973660903,-90.7317354672938.jpg",2,402,178,239,319,641,497
"Morganza_all/031801@29.5972859880267,-90.731758319756.jpg",1,402,290,227,108,629,398
"Morganza_all/031802@29.5971310712494,-90.7318036170406.jpg",1,270,277,198,107,468,384
"Morganza_all/031804@29.5916354350317,-90.736466585037.jpg",1,170,178,337,211,507,389
"Morganza_all/031810@29.6009279212321,-90.7426177015933.jpg",1,246,289,333,129,579,418
"Morganza_all/031813@29.6009240590774,-90.7424746128741.jpg",3,299,251,197,167,496,418
"Morganza_all/031817@29.6011086876197,-90.7421689232618.jpg",1,378,270,195,178,573,448
"Morganza_all/031818@29.6011788524059,-90.742080464415.jpg",1,403,267,181,119,584,386
"Morganza_all/031819@29.6003006256046,-90.7380501376691.jpg",2,183,239,458,192,641,431
"Morganza_all/031820@29.6003664747992,-90.7381989300445.jpg",2,229,242,412,190,641,432
"Morganza_all/031821@29.5977578979854,-90.7364376461891.jpg",4,286,258,83,104,369,362
"Morganza_all/031822@29.5943584954954,-90.7338160236159.jpg",1,272,291,117,111,389,402
"Morganza_all/031824@29.5938330029219,-90.73596578507.jpg",1,291,255,191,97,482,352
"Morganza_all/031825@29.5911882957833,-90.7357185536546.jpg",1,225,228,235,163,460,391
"Morganza_all/031826@29.5911576685284,-90.7356356718494.jpg",4,310,293,84,102,394,395
"Morganza_all/031829@29.5947084531279,-90.7347547626227.jpg",2,0,276,341,81,341,357
"Morganza_all/031834@29.5949791884036,-90.7343399138898.jpg",1,120,240,404,238,524,478
"Morganza_all/031835@29.5954421373196,-90.7341643065531.jpg",1,53,292,250,107,303,399
"Morganza_all/031837@29.5974278844675,-90.7320458831231.jpg",3,334,285,216,150,550,435
"Morganza_all/031838@29.5973973660903,-90.7317354672938.jpg",2,385,178,256,307,641,485
"Morganza_all/031839@29.5972859880267,-90.731758319756.jpg",1,394,292,247,106,641,398
"Morganza_all/031840@29.5971310712494,-90.7318036170406.jpg",1,266,278,196,101,462,379
"Morganza_all/031844@29.5974278844675,-90.7320458831231.jpg",3,320,288,241,146,561,434
"Morganza_all/031845@29.5973973660903,-90.7317354672938.jpg",2,382,179,259,313,641,492
"Morganza_all/031846@29.5972859880267,-90.731758319756.jpg",1,399,293,238,99,637,392
"Morganza_all/031847@29.5971310712494,-90.7318036170406.jpg",1,272,276,190,100,462,376
"Morganza_all/031854@29.6115606674295,-90.7312374184517.jpg",1,159,293,191,86,350,379
"Morganza_all/031855@29.6113830427534,-90.7315417334982.jpg",1,84,296,294,93,378,389
"Morganza_all/031857@29.6111988038141,-90.7319689781406.jpg",1,85,283,251,81,336,364
"Morganza_all/031858@29.6110851936468,-90.7321827446281.jpg",1,121,303,246,87,367,390
"Morganza_all/031859@29.6109785350264,-90.7323473126384.jpg",1,87,287,312,97,399,384
"Morganza_all/031860@29.6108363730456,-90.732577613951.jpg",1,103,273,318,84,421,357
"Morganza_all/031863@29.610610613127,-90.7333247437204.jpg",1,100,286,336,85,436,371
"Morganza_all/031866@29.6102757432002,-90.7336955456426.jpg",1,132,297,246,95,378,392
"Morganza_all/031867@29.610078780329,-90.7344752879616.jpg",1,159,298,196,81,355,379
"Morganza_all/031868@29.6098716712771,-90.7345994474007.jpg",2,0,295,471,89,471,384
"Morganza_all/031871@29.6098306357091,-90.7350258242354.jpg",1,114,277,233,110,347,387
"Morganza_all/031872@29.6096172736623,-90.7353467363696.jpg",2,36,252,605,143,641,395
"Morganza_all/031873@29.6099268854277,-90.7357136498633.jpg",1,135,290,315,103,450,393
"Morganza_all/031874@29.6101849101008,-90.7357612972136.jpg",1,123,273,348,105,471,378
"Morganza_all/031875@29.6125851112921,-90.7375909599466.jpg",1,143,243,407,152,550,395
"Morganza_all/031876@29.6135778128238,-90.7354214295561.jpg",3,68,277,425,144,493,421
"Morganza_all/031877@29.6134004397376,-90.7357830816208.jpg",2,0,271,604,142,604,413
"Morganza_all/031878@29.6133438320812,-90.73593095466.jpg",1,145,275,344,124,489,399
"Morganza_all/031879@29.613287233881,-90.7360869784128.jpg",3,58,272,478,129,536,401
"Morganza_all/031880@29.6132091121252,-90.736226797005.jpg",1,222,290,277,99,499,389
"Morganza_all/031881@29.6131455878057,-90.7364320504667.jpg",1,142,285,390,113,532,398
"Morganza_all/031882@29.613089016651,-90.7365881049333.jpg",1,220,284,409,109,629,393
"Morganza_all/031883@29.6130109785345,-90.7367524695144.jpg",3,155,283,389,101,544,384
"Morganza_all/031884@29.6128685480641,-90.7369254312384.jpg",1,82,289,328,92,410,381
"Morganza_all/031885@29.6128055442575,-90.7372454224443.jpg",1,80,215,561,219,641,434
"Morganza_all/031886@29.6123362469197,-90.7379858219083.jpg",2,136,226,505,188,641,414
"Morganza_all/031887@29.6121875575479,-90.7383554767773.jpg",2,1,210,640,185,641,395
"Morganza_all/031888@29.6121099261424,-90.7386099988535.jpg",1,21,219,530,207,551,426
"Morganza_all/031889@29.6120392485647,-90.7388153224708.jpg",3,0,226,565,194,565,420
"Morganza_all/031890@29.6119255157083,-90.7390044738158.jpg",3,0,203,535,209,535,412
"Morganza_all/031891@29.6127592483751,-90.7380898349025.jpg",2,55,253,586,165,641,418
"Morganza_all/031892@29.6126388876452,-90.7383938010919.jpg",3,34,265,607,144,641,409
"Morganza_all/031893@29.6125470310396,-90.7386647734666.jpg",3,84,246,387,167,471,413
"Morganza_all/031894@29.6124336329266,-90.7389277223511.jpg",3,28,246,565,161,593,407
"Morganza_all/031895@29.612284467875,-90.7391990337258.jpg",3,91,233,438,164,529,397
"Morganza_all/031896@29.6117628308587,-90.7394480065582.jpg",3,4,224,628,176,632,400
"Morganza_all/031897@29.6116423185421,-90.7397191769371.jpg",2,0,219,597,196,597,415
"Morganza_all/031898@29.611550431696,-90.739990145562.jpg",2,0,228,633,183,633,411
"Morganza_all/031899@29.6114370212727,-90.7402448766592.jpg",3,65,218,576,194,641,412
"Morganza_all/031900@29.6113663136349,-90.7404501979055.jpg",1,49,221,542,176,591,397
"Morganza_all/031901@29.6112884092596,-90.7406391340301.jpg",1,120,223,515,188,635,411
"Morganza_all/031902@29.6112178025805,-90.7408608500384.jpg",3,142,220,265,195,407,415
"Morganza_all/031903@29.6121645869161,-90.7396095217382.jpg",2,0,255,623,143,623,398
"Morganza_all/031904@29.6120511127062,-90.7398560729049.jpg",2,1,229,640,185,641,414
"Morganza_all/031905@29.6118953150483,-90.7402421620757.jpg",3,0,229,638,178,638,407
"Morganza_all/031906@29.6118177446108,-90.740504895321.jpg",3,175,221,294,183,469,404
"Morganza_all/031907@29.611704453722,-90.7407923863834.jpg",1,69,257,517,170,586,427
"Morganza_all/031908@29.6115983024166,-90.7410716522927.jpg",3,172,193,254,219,426,412
"Morganza_all/031909@29.6114209603839,-90.7414497143717.jpg",2,35,218,606,206,641,424
"Morganza_all/031910@29.6113361362446,-90.7416960608463.jpg",1,171,212,199,191,370,403
"Morganza_all/031911@29.6110620115464,-90.7412551480713.jpg",1,23,234,618,160,641,394
"Morganza_all/031912@29.6109558221858,-90.7415261982308.jpg",1,46,215,329,177,375,392
"Morganza_all/031915@29.6103016042549,-90.7409646144837.jpg",1,123,297,372,94,495,391
"Morganza_all/031916@29.6103796105444,-90.7407920442131.jpg",1,190,291,370,185,560,476
"Morganza_all/031917@29.6104974543753,-90.7415125115215.jpg",1,150,303,352,98,502,401
"Morganza_all/031918@29.6106185254935,-90.7413642962419.jpg",1,152,295,395,95,547,390
"Morganza_all/031919@29.610653403863,-90.7411592205484.jpg",1,102,306,359,89,461,395
"Morganza_all/031920@29.6108303843672,-90.7407074287199.jpg",1,186,295,341,136,527,431
"Morganza_all/031921@29.6109156141023,-90.7405512104676.jpg",1,114,307,380,86,494,393
"Morganza_all/031922@29.6110150963521,-90.740378511636.jpg",1,185,302,249,99,434,401
"Morganza_all/031923@29.6110643740355,-90.7401897139292.jpg",1,122,301,297,84,419,385
"Morganza_all/031924@29.6111496773322,-90.7400498903672.jpg",1,131,294,379,100,510,394
"Morganza_all/031925@29.6111989917139,-90.7398693057315.jpg",1,100,303,327,91,427,394
"Morganza_all/031926@29.6112768949803,-90.7396803691767.jpg",1,147,296,484,99,631,395
"Morganza_all/031927@29.6113901832902,-90.7393928466144.jpg",1,110,300,342,83,452,383
"Morganza_all/031928@29.6114823012064,-90.7391792152587.jpg",2,0,239,573,190,573,429
"Morganza_all/031929@29.6104355939462,-90.7405048647766.jpg",1,205,279,324,130,529,409
"Morganza_all/031930@29.6105782049291,-90.7403647029893.jpg",1,120,303,407,90,527,393
"Morganza_all/031931@29.6106490332605,-90.7401921742899.jpg",1,168,307,318,83,486,390
"Morganza_all/031932@29.6107125729933,-90.739995110472.jpg",3,203,303,293,82,496,385
"Morganza_all/031933@29.6107976906426,-90.7398143143743.jpg",1,26,260,553,136,579,396
"Morganza_all/031934@29.6109253803268,-90.7395431038354.jpg",3,87,282,382,119,469,401
"Morganza_all/031935@29.6109959849212,-90.7393214190146.jpg",1,155,297,312,96,467,393
"Morganza_all/031936@29.6110525222592,-90.7391571873492.jpg",1,175,289,277,98,452,387
"Morganza_all/031937@29.6111304890837,-90.7389764323649.jpg",2,195,290,446,130,641,420
"Morganza_all/031939@29.6115740748224,-90.7388836369922.jpg",1,167,297,441,175,608,472
"Morganza_all/031940@29.6116591538347,-90.7386946563397.jpg",3,165,285,331,113,496,398
"Morganza_all/031941@29.6113432929029,-90.7385244216768.jpg",1,139,287,442,114,581,401
"Morganza_all/031942@29.6114211940884,-90.7383354523339.jpg",1,118,285,407,104,525,389
"Morganza_all/031943@29.6117442324317,-90.7385056438965.jpg",1,115,298,395,96,510,394
"Morganza_all/031944@29.611814909668,-90.738300352135.jpg",3,101,298,348,89,449,387
"Morganza_all/031945@29.6114703201366,-90.738113893231.jpg",1,117,290,358,92,475,382
"Morganza_all/031946@29.6115696131358,-90.7379002178477.jpg",3,226,283,318,96,544,379
"Morganza_all/031947@29.6118928751666,-90.7381195636378.jpg",1,130,296,331,108,461,404
"Morganza_all/031948@29.6116475507276,-90.7377194611148.jpg",1,109,283,407,107,516,390
"Morganza_all/031949@29.611732627919,-90.7375304478649.jpg",1,115,287,339,108,454,395
"Morganza_all/031950@29.6118032566078,-90.7373087596741.jpg",1,201,282,299,86,500,368
"Morganza_all/031951@29.61214807062,-90.7375443719307.jpg",3,191,295,334,98,525,393
"Morganza_all/031952@29.6122403345542,-90.7373635286028.jpg",2,0,267,419,163,419,430
"Morganza_all/031953@29.6123035249568,-90.7370845127497.jpg",2,0,284,573,219,573,503
"Morganza_all/031955@29.6125094061142,-90.7366899047884.jpg",1,187,296,279,94,466,390
"Morganza_all/031956@29.612572856214,-90.736468257068.jpg",1,64,302,417,86,481,388
"Morganza_all/031957@29.6126722309341,-90.736279155743.jpg",1,151,300,265,98,416,398
"Morganza_all/031959@29.6127849517987,-90.7358687043243.jpg",3,113,292,309,103,422,395
"Morganza_all/031960@29.6129196709486,-90.7355728627507.jpg",1,89,270,324,119,413,389
"Morganza_all/031961@29.613097267654,-90.7352603680145.jpg",1,235,293,387,160,622,453
"Morganza_all/031962@29.6132245366355,-90.7348990155682.jpg",1,21,226,506,177,527,403
"Morganza_all/031963@29.6133307496455,-90.7346361344289.jpg",3,108,295,295,93,403,388
"Morganza_all/031964@29.613380093935,-90.7344637253871.jpg",1,120,295,387,91,507,386
"Morganza_all/031965@29.6134721564094,-90.7342336892145.jpg",1,90,295,348,102,438,397
"Morganza_all/031966@29.6135714905115,-90.7340364017643.jpg",1,117,299,331,99,448,398
"Morganza_all/031967@29.6136208341559,-90.7338640234825.jpg",3,120,301,386,89,506,390
"Morganza_all/031968@29.6137130829496,-90.733674960248.jpg",2,0,284,500,175,500,459
"Morganza_all/031969@29.6120090266577,-90.7368895764286.jpg",2,240,278,401,160,641,438
"Morganza_all/031970@29.6120366462616,-90.7366681434572.jpg",3,205,277,258,114,463,391
"Morganza_all/031971@29.6121503756043,-90.7364789577791.jpg",1,198,276,340,123,538,399
"Morganza_all/031972@29.6122569649029,-90.7362980280389.jpg",1,148,281,401,111,549,392
"Morganza_all/031973@29.6123348157047,-90.7360926593884.jpg",1,131,276,387,119,518,395
"Morganza_all/031974@29.6124126761066,-90.7358955041674.jpg",1,26,288,466,106,492,394
"Morganza_all/031975@29.6124976387983,-90.7356819415577.jpg",3,169,294,345,93,514,387
"Morganza_all/031976@29.6125398347968,-90.7355095771533.jpg",3,140,274,366,126,506,400
"Morganza_all/031977@29.6126035070688,-90.7353370843397.jpg",2,0,240,494,169,494,409
"Morganza_all/031978@29.6127238981876,-90.7350413281934.jpg",2,0,268,605,170,605,438
"Morganza_all/031979@29.6128091211673,-90.7348851021641.jpg",1,101,279,406,114,507,393
"Morganza_all/031980@29.6128869049032,-90.7346715492937.jpg",3,145,278,321,109,466,387
"Morganza_all/031981@29.6129718656001,-90.7344579846339.jpg",1,178,293,191,91,369,384
"Morganza_all/031982@29.6130355738651,-90.7342936725727.jpg",1,81,276,351,108,432,384
"Morganza_all/031983@29.6131561498872,-90.734038887711.jpg",1,184,286,363,110,547,396
"Morganza_all/031984@29.6132482491679,-90.7338170653149.jpg",1,218,284,408,103,626,387
"Morganza_all/031985@29.613361572108,-90.7335459264764.jpg",2,0,290,510,125,510,415
"Morganza_all/031986@29.6138049290969,-90.7334039486702.jpg",1,151,280,396,135,547,415
"Morganza_all/031987@29.6138756357865,-90.7332068313164.jpg",3,90,300,359,107,449,407
"Morganza_all/031988@29.613989135092,-90.7329684818349.jpg",3,1,301,425,97,426,398
"Morganza_all/031989@29.6140600287681,-90.7328123379939.jpg",3,139,296,386,111,525,407
"Morganza_all/031990@29.6141306594593,-90.7325988237414.jpg",3,341,292,176,123,517,415
"Morganza_all/031991@29.6143017003835,-90.7324174994504.jpg",1,171,303,225,82,396,385
"Morganza_all/031992@29.6134817716794,-90.7332091919902.jpg",1,161,288,329,137,490,425
"Morganza_all/031993@29.613559580183,-90.7329956362184.jpg",3,186,280,273,113,459,393
"Morganza_all/031994@29.6136517627562,-90.7327983902494.jpg",1,133,296,363,97,496,393
"Morganza_all/031995@29.6137790249513,-90.7324370326727.jpg",1,80,277,438,113,518,390
"Morganza_all/031996@29.6139349874855,-90.732091898225.jpg",1,68,277,518,127,586,404
"Morganza_all/031997@29.6131443896934,-90.7330309181168.jpg",1,79,276,547,131,626,407
"Morganza_all/031998@29.613193769483,-90.7328667222524.jpg",1,44,251,380,147,424,398
"Morganza_all/031999@29.6132504113035,-90.7327270613547.jpg",4,305,300,87,100,392,400
"Morganza_all/032000@29.6133070529752,-90.732587400299.jpg",3,0,240,371,150,371,390
"Morganza_all/036001@29.6412610581263,-90.7135331552827.jpg",2,4,324,387,86,391,410
"Morganza_all/036002@29.6414222620013,-90.7138828722638.jpg",1,180,306,249,104,429,410
"Morganza_all/036003@29.6415634291074,-90.7140427341486.jpg",1,133,308,270,92,403,400
"Morganza_all/036004@29.6416583860229,-90.7138741077376.jpg",1,110,302,266,101,376,403
"Morganza_all/036007@29.6420390958865,-90.7134041496501.jpg",6,298,299,116,96,414,395
"Morganza_all/036010@29.6424075558619,-90.7130365423962.jpg",6,286,275,87,84,373,359
"Morganza_all/036019@29.6418260720813,-90.7142456965043.jpg",3,224,311,173,81,397,392
"Morganza_all/036023@29.6433407197132,-90.7160263919506.jpg",4,298,271,112,88,410,359
"Morganza_all/036027@29.6578696233397,-90.6990555702396.jpg",1,256,299,327,83,583,382
"Morganza_all/036028@29.6576897868262,-90.6988927055281.jpg",1,245,287,241,90,486,377
"Morganza_all/036031@29.6573298510163,-90.6985014283622.jpg",3,293,265,289,100,582,365
"Morganza_all/036035@29.6563588340475,-90.6976303060907.jpg",4,266,271,139,90,405,361
"Morganza_all/036037@29.6459616607978,-90.6880431191436.jpg",1,293,244,289,202,582,446
"Morganza_all/036038@29.6461533844668,-90.6878580958429.jpg",4,232,276,112,98,344,374
"Morganza_all/036040@29.6477376722282,-90.6890301431393.jpg",2,183,291,451,147,634,438
"Morganza_all/036041@29.6474304802239,-90.6896753212753.jpg",1,148,311,220,99,368,410
"Morganza_all/036042@29.6477736418445,-90.6898201341485.jpg",3,30,267,486,152,516,419
"Morganza_all/036043@29.6478599962699,-90.6899727376376.jpg",3,60,272,480,142,540,414
"Morganza_all/036044@29.6481854433657,-90.6897746083277.jpg",4,243,272,128,96,371,368
"Morganza_all/036047@29.6483485845931,-90.690635722574.jpg",2,8,223,633,193,641,416
"Morganza_all/036048@29.6489040335838,-90.6904197779482.jpg",4,256,245,175,134,431,379
"Morganza_all/036050@29.6489584110791,-90.691326049786.jpg",1,69,281,334,124,403,405
"Morganza_all/036052@29.649220229628,-90.6915443992975.jpg",2,8,273,429,148,437,421
"Morganza_all/036053@29.6493719514081,-90.6914165846067.jpg",3,235,283,406,149,641,432
"Morganza_all/036054@29.6495788887977,-90.69124877915.jpg",2,209,290,432,148,641,438
"Morganza_all/036056@29.6498203027149,-90.6910569511108.jpg",1,155,278,419,163,574,441
"Morganza_all/036057@29.6498113577466,-90.6920559435835.jpg",5,252,290,173,115,425,405
"Morganza_all/036058@29.6500833588025,-90.6924505962565.jpg",4,260,258,87,103,347,361
"Morganza_all/036063@29.6518022674003,-90.6937406238851.jpg",6,270,267,99,87,369,354
"Morganza_all/036064@29.6519969290273,-90.6940099451692.jpg",4,244,268,111,108,355,376
"Morganza_all/036067@29.652988541415,-90.694700526515.jpg",6,277,284,126,92,403,376
"Morganza_all/036068@29.6533058823082,-90.6951576247547.jpg",3,253,250,191,106,444,356
"Morganza_all/036070@29.6539025897977,-90.6956375660562.jpg",5,260,259,127,95,387,354
"Morganza_all/036071@29.6540611529988,-90.6958415145616.jpg",1,273,268,230,86,503,354
"Morganza_all/036072@29.6547723650813,-90.6963043316489.jpg",1,186,252,445,124,631,376
"Morganza_all/036073@29.6531428339573,-90.6940272140712.jpg",1,247,279,237,109,484,388
"Morganza_all/036074@29.653380088345,-90.6942224703121.jpg",1,116,264,317,110,433,374
"Morganza_all/036075@29.6546682011537,-90.6955014946732.jpg",1,117,278,235,90,352,368
"Morganza_all/036076@29.6587448654177,-90.6997476398206.jpg",1,216,273,363,114,579,387
"Morganza_all/036077@29.645680521977,-90.687733395015.jpg",4,259,246,100,103,359,349
"Morganza_all/036079@29.6477823424765,-90.6893180077676.jpg",2,0,278,554,150,554,428
"Morganza_all/036080@29.6375201909704,-90.709425493697.jpg",4,293,271,124,114,417,385
"Morganza_all/036081@29.6375851541313,-90.7093234133101.jpg",1,129,276,208,123,337,399
"Morganza_all/036082@29.6381356844121,-90.7090845211324.jpg",3,332,284,190,114,522,398
"Morganza_all/036083@29.6373794764143,-90.7083453703897.jpg",1,155,294,249,95,404,389
"Morganza_all/036084@29.6368898283454,-90.7076259698018.jpg",4,261,295,97,85,358,380
"Morganza_all/036085@29.6359096553988,-90.7079585228026.jpg",4,265,253,117,89,382,342
"Morganza_all/036086@29.634598463205,-90.7084858101454.jpg",3,170,265,266,89,436,354
"Morganza_all/036087@29.6482574360102,-90.7213744865127.jpg",6,277,260,82,90,359,350
"Morganza_all/036090@29.6565281121587,-90.6994756367814.jpg",3,49,289,384,96,433,385
"Morganza_all/036091@29.6564321357441,-90.6995603395193.jpg",4,278,268,132,86,410,354
"Morganza_all/036097@29.6480611848947,-90.721023562909.jpg",6,282,271,96,104,378,375
"Morganza_all/036098@29.6748962465353,-90.7451881693989.jpg",3,139,295,324,97,463,392
"Morganza_all/036099@29.6746195696144,-90.7455367217866.jpg",3,102,273,380,95,482,368
"Morganza_all/036100@29.6742804449621,-90.7457511136868.jpg",3,148,259,322,110,470,369
"Morganza_all/036101@29.6740218528944,-90.7459933723256.jpg",3,108,275,426,93,534,368
"Morganza_all/036102@29.6737324193411,-90.7462570347825.jpg",1,163,259,304,102,467,361
"Morganza_all/036103@29.6734982627185,-90.7464354437696.jpg",1,76,292,458,85,534,377
"Morganza_all/036106@29.6731129671452,-90.7459987069677.jpg",1,196,267,320,95,516,362
"Morganza_all/036107@29.6733963122575,-90.7457633903788.jpg",1,228,284,254,89,482,373
"Morganza_all/036108@29.6736426522261,-90.7455424602243.jpg",1,173,277,315,85,488,362
"Morganza_all/036110@29.6741846424528,-90.7450649120836.jpg",1,182,248,322,118,504,366
"Morganza_all/036111@29.674474045964,-90.7448012136596.jpg",3,231,258,260,100,491,358
"Morganza_all/036114@29.6751976534085,-90.7410704943694.jpg",6,276,269,88,85,364,354
"Morganza_all/036115@29.6750378609556,-90.7406943133007.jpg",6,281,275,105,106,386,381
"Morganza_all/036116@29.6746361121299,-90.7407042187806.jpg",6,282,273,88,93,370,366
"Morganza_all/036117@29.6748659793781,-90.7405519880444.jpg",6,287,278,84,82,371,360
"Morganza_all/036118@29.6750099496542,-90.7403474879952.jpg",6,284,264,91,94,375,358
"Morganza_all/036119@29.6750341449878,-90.7398721257507.jpg",1,254,268,265,119,519,387
"Morganza_all/036120@29.6748501549847,-90.7399712772974.jpg",1,33,275,451,125,484,400
"Morganza_all/036121@29.6746335217865,-90.7401309570254.jpg",1,100,296,436,106,536,402
"Morganza_all/036122@29.6744827203088,-90.7402902773989.jpg",3,157,290,317,119,474,409
"Morganza_all/036123@29.6742989344534,-90.7404346775275.jpg",1,102,302,381,105,483,407
"Morganza_all/036124@29.673997010532,-90.7406702788697.jpg",1,69,235,435,162,504,397
"Morganza_all/036125@29.6737542437033,-90.7408829188735.jpg",3,130,290,316,109,446,399
"Morganza_all/036126@29.6735836631582,-90.7410347962374.jpg",1,112,290,377,124,489,414
"Morganza_all/036127@29.6734130143675,-90.7411715899175.jpg",3,119,299,431,115,550,414
"Morganza_all/036128@29.6732554690927,-90.7412931905716.jpg",1,186,288,290,119,476,407
"Morganza_all/036129@29.6729937055836,-90.7416718898823.jpg",3,179,268,259,117,438,385
"Morganza_all/036130@29.6728031825225,-90.7417861581874.jpg",1,213,291,183,102,396,393
"Morganza_all/036132@29.6722716250682,-90.7422267819186.jpg",1,0,266,461,127,461,393
"Morganza_all/036133@29.6701009608864,-90.742910910566.jpg",6,267,282,111,89,378,371
"Morganza_all/036137@29.6721506033296,-90.7416844322088.jpg",3,222,281,194,126,416,407
"Morganza_all/036140@29.6719736195685,-90.7418740362496.jpg",1,193,305,337,97,530,402
"Morganza_all/036141@29.6723737294202,-90.7414945231047.jpg",1,178,307,293,107,471,414
"Morganza_all/036142@29.6726492770332,-90.7412515266697.jpg",1,239,292,342,100,581,392
"Morganza_all/036144@29.6731863747451,-90.7405770212438.jpg",3,320,283,149,82,469,365
"Morganza_all/036145@29.6734756312637,-90.7404470816457.jpg",5,295,273,134,123,429,396
"Morganza_all/036146@29.6739678718873,-90.7400519586951.jpg",5,243,295,155,124,398,419
"Morganza_all/036147@29.6741190549884,-90.7399831700636.jpg",4,250,305,150,113,400,418
"Morganza_all/036148@29.6743358177741,-90.7398460998853.jpg",1,140,299,378,97,518,396
"Morganza_all/036149@29.6745588455784,-90.7396411308498.jpg",1,199,311,382,88,581,399
"Morganza_all/036150@29.6748276467912,-90.7393604388241.jpg",5,254,306,158,97,412,403
"Morganza_all/036151@29.6746673367666,-90.7388710894913.jpg",6,274,230,102,146,376,376
"Morganza_all/036152@29.6742376446197,-90.738534211784.jpg",6,292,275,97,84,389,359
"Morganza_all/036153@29.6743619702449,-90.7383524367318.jpg",6,287,281,96,104,383,385
"Morganza_all/036154@29.6745229976446,-90.7375443890667.jpg",6,294,282,93,88,387,370
"Morganza_all/036158@29.6745612998329,-90.7358318882969.jpg",5,256,247,149,122,405,369
"Morganza_all/036162@29.6745316912373,-90.7351154771625.jpg",6,295,292,106,85,401,377
"Morganza_all/036165@29.6739872593672,-90.7356165871084.jpg",6,287,285,103,97,390,382
"Morganza_all/036167@29.6730370987362,-90.7352601951723.jpg",1,243,254,314,110,557,364
"Morganza_all/036169@29.6738174731564,-90.7344936973454.jpg",1,236,266,351,126,587,392
"Morganza_all/036170@29.6741386064072,-90.7341372617684.jpg",1,333,302,256,101,589,403
"Morganza_all/036171@29.6742500296709,-90.7340158934791.jpg",1,267,295,244,90,511,385
"Morganza_all/036172@29.6743948097444,-90.7339848589183.jpg",1,157,295,148,98,305,393
"Morganza_all/036175@29.6780479728854,-90.7656231422897.jpg",4,267,255,98,101,365,356
"Morganza_all/036176@29.677887894554,-90.7651392138346.jpg",5,261,259,99,88,360,347
"Morganza_all/036177@29.6777881251565,-90.7654437319623.jpg",5,287,250,91,91,378,341
"Morganza_all/036178@29.677686667971,-90.7653646984743.jpg",1,160,247,214,159,374,406
"Morganza_all/036179@29.6773386422965,-90.7652581247413.jpg",3,31,245,525,154,556,399
"Morganza_all/036180@29.6773440269796,-90.7650409958451.jpg",3,113,248,523,163,636,411
"Morganza_all/036182@29.6750088350869,-90.7621083833427.jpg",6,279,278,88,84,367,362
"Morganza_all/036184@29.6786433826824,-90.7484586588853.jpg",6,282,277,98,115,380,392
"Morganza_all/036185@29.6767017342317,-90.7451916966434.jpg",6,274,260,97,102,371,362
"Morganza_all/036186@29.6765260941803,-90.7460140688742.jpg",6,271,275,103,106,374,381
"Morganza_all/036187@29.6764243595617,-90.7453845066698.jpg",6,272,270,104,106,376,376
"Morganza_all/036190@29.6759880878527,-90.7432416845193.jpg",6,264,271,118,92,382,363
"Morganza_all/036193@29.6758031319638,-90.7447367453124.jpg",1,139,262,339,103,478,365
"Morganza_all/036194@29.6759363397267,-90.7441058054733.jpg",1,135,283,394,81,529,364
"Morganza_all/036197@29.6747635719557,-90.7445588003115.jpg",3,146,278,328,88,474,366
"Morganza_all/036198@29.6753832131713,-90.7448525174983.jpg",3,312,276,170,94,482,370
"Morganza_all/036199@29.6755149706402,-90.7452836644306.jpg",1,183,253,381,115,564,368
"Morganza_all/036200@29.6757452819966,-90.7456221557196.jpg",3,276,234,212,116,488,350
"Morganza_all/036202@29.6758045560889,-90.7464360561766.jpg",1,228,243,257,108,485,351
"Morganza_all/036203@29.675483991724,-90.7466503702307.jpg",3,168,266,270,106,438,372
"Morganza_all/036204@29.675200775735,-90.7469210835035.jpg",3,238,259,189,103,427,362
"Morganza_all/036205@29.6749604625418,-90.7471065834188.jpg",1,167,264,311,100,478,364
"Morganza_all/036206@29.6746341166214,-90.7474058561167.jpg",1,129,268,356,105,485,373
"Morganza_all/036207@29.6743691488203,-90.747612753878.jpg",1,121,245,342,136,463,381
"Morganza_all/036208@29.6740921812507,-90.7478975953016.jpg",1,149,278,408,103,557,381
"Morganza_all/036209@29.6738397092207,-90.7481256417011.jpg",3,117,186,409,157,526,343
"Morganza_all/036210@29.6734464976982,-90.747306626731.jpg",6,265,262,94,87,359,349
"Morganza_all/036211@29.6739467931374,-90.7471833110703.jpg",1,199,262,226,117,425,379
"Morganza_all/036212@29.6742117012485,-90.7469693596424.jpg",3,160,272,349,99,509,371
"Morganza_all/036213@29.6744455104707,-90.746713077848.jpg",1,186,277,258,97,444,374
"Morganza_all/036214@29.6747476043712,-90.7465130765824.jpg",3,146,272,391,103,537,375
"Morganza_all/036215@29.6750678835164,-90.746235060625.jpg",1,145,283,359,85,504,368
"Morganza_all/036216@29.6753074981736,-90.7458937800223.jpg",1,36,257,424,139,460,396
"Morganza_all/036217@29.669002272201,-90.7388293274989.jpg",3,207,220,272,142,479,362
"Morganza_all/036218@29.6686414805287,-90.7391633250875.jpg",3,2,322,378,105,380,427
"Morganza_all/036220@29.669999674716,-90.7379861507725.jpg",3,329,252,157,95,486,347
"Morganza_all/036221@29.6703546167942,-90.7378180934212.jpg",1,113,288,245,84,358,372
"Morganza_all/036222@29.6707125019944,-90.738298719363.jpg",3,173,284,200,105,373,389
"Morganza_all/036224@29.669866348331,-90.7390881630395.jpg",1,220,271,276,85,496,356
"Morganza_all/036226@29.6695134527984,-90.7397087553501.jpg",3,87,255,312,90,399,345
"Morganza_all/036228@29.670100863311,-90.7399692717649.jpg",3,76,232,270,126,346,358
"Morganza_all/036229@29.6702713062006,-90.7397872324874.jpg",3,187,256,413,96,600,352
"Morganza_all/036231@29.6708155426614,-90.7392333897144.jpg",3,208,280,218,82,426,362
"Morganza_all/036233@29.6711532755935,-90.7396311374509.jpg",6,275,244,92,125,367,369
"Morganza_all/036234@29.6715432597202,-90.7384748104402.jpg",1,281,290,302,109,583,399
"Morganza_all/036235@29.6711522198315,-90.7379416015668.jpg",1,208,256,328,108,536,364
"Morganza_all/036238@29.6714934079357,-90.7376454003377.jpg",3,144,267,310,102,454,369
"Morganza_all/036239@29.6718318300124,-90.7381940061531.jpg",1,139,246,363,115,502,361
"Morganza_all/036241@29.6724552277783,-90.7376698416549.jpg",1,231,236,276,121,507,357
"Morganza_all/036242@29.6720506424548,-90.7370612634299.jpg",1,164,249,261,109,425,358
"Morganza_all/036244@29.6718214987009,-90.7373718843418.jpg",3,116,277,353,87,469,364
"Morganza_all/036246@29.6724052404853,-90.7368177842977.jpg",1,93,288,412,85,505,373
"Morganza_all/036247@29.6721849817724,-90.7361855005571.jpg",3,197,260,295,82,492,342
"Morganza_all/036250@29.6726808480333,-90.7365898579612.jpg",1,56,280,400,94,456,374
"Morganza_all/036251@29.6730720579482,-90.7371532357574.jpg",3,241,226,315,136,556,362
"Morganza_all/036252@29.673406541785,-90.7368344564979.jpg",3,123,267,278,108,401,375
"Morganza_all/036253@29.6745293864156,-90.7346101383687.jpg",6,274,276,95,89,369,365
"Morganza_all/036254@29.6743589850753,-90.7347997201177.jpg",6,284,278,84,81,368,359
"Morganza_all/036255@29.6741358960526,-90.7349896162633.jpg",6,284,281,86,81,370,362
"Morganza_all/036257@29.6738080920716,-90.7353310053126.jpg",6,267,270,108,98,375,368
"Morganza_all/036261@29.6730984160976,-90.734264158547.jpg",5,213,293,162,105,375,398
"Morganza_all/036262@29.6727180987021,-90.7346435850594.jpg",3,194,287,205,86,399,373
"Morganza_all/036265@29.6684872224916,-90.7385533077278.jpg",2,1,302,385,95,386,397
"Morganza_all/036266@29.6664248567849,-90.7413336005093.jpg",1,252,253,261,118,513,371
"Morganza_all/036267@29.6682678168144,-90.7395577593119.jpg",5,296,265,136,127,432,392
"Morganza_all/036268@29.6685670222906,-90.7401744748601.jpg",1,233,185,346,222,579,407
"Morganza_all/036269@29.6682120771621,-90.7403425208517.jpg",4,273,235,175,158,448,393
"Morganza_all/036270@29.6680351359476,-90.7405472023215.jpg",5,299,235,99,112,398,347
"Morganza_all/036272@29.6675894517388,-90.7410401085324.jpg",5,342,265,89,101,431,366
"Morganza_all/036273@29.6682501012223,-90.7414736622883.jpg",4,222,212,166,157,388,369
"Morganza_all/036274@29.6689831677406,-90.7418917108731.jpg",6,281,257,97,113,378,370
"Morganza_all/036275@29.6688112939817,-90.7417569493141.jpg",6,281,273,88,89,369,362
"Morganza_all/036276@29.6689416454587,-90.7414469321674.jpg",6,276,264,126,101,402,365
"Morganza_all/036277@29.6690415028974,-90.740224468384.jpg",5,276,254,125,120,401,374
"Morganza_all/036278@29.6689998385025,-90.7397495251109.jpg",1,187,275,203,101,390,376
"Morganza_all/036279@29.6715571182881,-90.7601921058218.jpg",6,247,256,149,117,396,373
"Morganza_all/036280@29.6707099970846,-90.7597131317735.jpg",6,262,266,121,93,383,359
"Morganza_all/036281@29.6706249239114,-90.75991042444.jpg",6,276,268,104,104,380,372
"Morganza_all/036290@29.6611151712201,-90.7477204553041.jpg",6,264,254,114,102,378,356
"Morganza_all/036291@29.6620773284474,-90.7473281440621.jpg",6,264,263,109,101,373,364
"Morganza_all/036293@29.6612282594393,-90.7494195577764.jpg",6,267,270,116,82,383,352
"Morganza_all/036294@29.661527056511,-90.7501589308093.jpg",6,290,287,111,82,401,369
"Morganza_all/036295@29.6674848532961,-90.7401595088982.jpg",1,199,276,230,88,429,364
"Morganza_all/036297@29.661666397745,-90.7486825905426.jpg",6,283,275,88,83,371,358
"Morganza_all/036298@29.671329577851,-90.7605864235385.jpg",6,276,260,93,100,369,360
"Morganza_all/036299@29.6713888031377,-90.7604144377986.jpg",6,283,267,101,93,384,360
"Morganza_all/036300@29.6715794833533,-90.7590744294793.jpg",6,280,263,100,102,380,365
"Morganza_all/036301@29.6711764669528,-90.7598510876338.jpg",6,280,290,137,163,417,453
"Morganza_all/036302@29.6711276852717,-90.760122203737.jpg",6,272,281,107,81,379,362
"Morganza_all/036303@29.6709657525498,-90.7604206700022.jpg",6,271,269,156,105,427,374
"Morganza_all/036305@29.6705353359226,-90.7590689909545.jpg",6,281,290,89,89,370,379
"Morganza_all/036308@29.6757520088087,-90.7695292954809.jpg",1,214,290,186,103,400,393
"Morganza_all/036309@29.6758712595119,-90.7693404681997.jpg",2,0,261,528,119,528,380
"Morganza_all/036310@29.675945981041,-90.7690795579346.jpg",3,161,294,346,103,507,397
"Morganza_all/036312@29.6760324520296,-90.7686159396803.jpg",1,108,271,171,133,279,404
"Morganza_all/036313@29.6764810930686,-90.7686134077544.jpg",1,321,292,140,122,461,414
"Morganza_all/036314@29.6761639146571,-90.7683257367873.jpg",4,252,260,128,106,380,366
"Morganza_all/036315@29.6761821757458,-90.768166449002.jpg",3,4,298,630,129,634,427
"Morganza_all/036316@29.6766444008782,-90.7683809036218.jpg",2,3,306,428,107,431,413
"Morganza_all/036317@29.6767253242373,-90.7680982584829.jpg",1,79,180,527,188,606,368
"Morganza_all/036318@29.6763136685886,-90.7678834877415.jpg",1,192,202,407,254,599,456
"Morganza_all/036319@29.6767813496928,-90.7679025420425.jpg",3,276,284,124,115,400,399
"Morganza_all/036320@29.6768314869271,-90.76780819588.jpg",3,289,289,124,124,413,413
"Morganza_all/036321@29.6769066732482,-90.7676557965083.jpg",1,298,311,117,88,415,399
"Morganza_all/036322@29.6769124051846,-90.7675182754036.jpg",1,271,295,135,110,406,405
"Morganza_all/036323@29.6764518012065,-90.7676800964942.jpg",4,297,269,124,103,421,372
"Morganza_all/036324@29.6766143895495,-90.7672811667413.jpg",1,222,265,226,153,448,418
"Morganza_all/036325@29.6770507245382,-90.7673583072077.jpg",1,279,303,115,92,394,395
"Morganza_all/036326@29.6767074325118,-90.7668826293734.jpg",1,184,285,176,91,360,376
"Morganza_all/036327@29.6770373222195,-90.7671774683121.jpg",1,308,292,188,101,496,393
"Morganza_all/036328@29.6734281883993,-90.7743399022761.jpg",6,255,270,119,110,374,380
"Morganza_all/036329@29.6738553848129,-90.7737513962435.jpg",5,252,250,182,126,434,376
"Morganza_all/036330@29.6740833751011,-90.7738658780681.jpg",3,264,295,198,100,462,395
"Morganza_all/036331@29.6741393475188,-90.7736557165101.jpg",3,273,296,160,106,433,402
"Morganza_all/036333@29.6742641879133,-90.7732932304824.jpg",5,250,257,133,93,383,350
"Morganza_all/036335@29.6743516318497,-90.7730539527469.jpg",5,249,260,142,109,391,369
"Morganza_all/036336@29.6744707330873,-90.7728289511707.jpg",1,105,258,467,147,572,405
"Morganza_all/036337@29.6745457740991,-90.7726476206871.jpg",4,301,265,102,109,403,374
"Morganza_all/036338@29.6746016827803,-90.7724230038962.jpg",1,163,268,353,130,516,398
"Morganza_all/036339@29.6747199783354,-90.772009883818.jpg",1,158,287,296,84,454,371
"Morganza_all/036340@29.6749273827244,-90.77174095972.jpg",3,0,290,429,105,429,395
"Morganza_all/036341@29.6749702995949,-90.7714368073916.jpg",1,77,274,276,135,353,409
"Morganza_all/036343@29.674817342595,-90.7711337552766.jpg",5,271,277,126,100,397,377
"Morganza_all/036344@29.6750893361368,-90.7711973488497.jpg",2,171,283,470,98,641,381
"Morganza_all/036345@29.6754062878006,-90.7714271164231.jpg",1,187,254,398,132,585,386
"Morganza_all/036346@29.6756657557012,-90.7715197211477.jpg",1,7,264,469,136,476,400
"Morganza_all/036347@29.6759508940801,-90.7716990329426.jpg",1,242,269,350,113,592,382
"Morganza_all/036348@29.6758632669661,-90.7718949229101.jpg",1,252,271,358,123,610,394
"Morganza_all/036349@29.6758262748128,-90.7721121939427.jpg",5,261,258,165,110,426,368
"Morganza_all/036350@29.6756698727874,-90.7724821382977.jpg",1,201,262,312,107,513,369
"Morganza_all/036351@29.6755696534149,-90.7726853088638.jpg",1,247,269,346,115,593,384
"Morganza_all/036352@29.6761782373082,-90.7701926353546.jpg",3,100,281,316,106,416,387
"Morganza_all/036353@29.6760968748623,-90.7703739747302.jpg",3,49,280,287,117,336,397
"Morganza_all/036355@29.6758633294579,-90.7704331995544.jpg",3,92,287,163,118,255,405
"Morganza_all/036356@29.6760030491382,-90.7705988407666.jpg",1,31,281,393,110,424,391
"Morganza_all/036357@29.6759658731044,-90.7707727197631.jpg",1,3,273,386,118,389,391
"Morganza_all/036359@29.6758846340155,-90.770983028791.jpg",1,75,259,401,135,476,394
"Morganza_all/036360@29.6758034256163,-90.7712005800986.jpg",5,172,249,130,123,302,372
"Morganza_all/036361@29.6755878651767,-90.7710353330641.jpg",5,276,242,123,110,399,352
"Morganza_all/036362@29.6752144797815,-90.7709071876317.jpg",2,105,212,536,192,641,404
"Morganza_all/036363@29.6749359132854,-90.770785752831.jpg",4,313,239,84,96,397,335
"Morganza_all/036364@29.6753147860096,-90.770718501023.jpg",1,49,275,341,109,390,384
"Morganza_all/036365@29.6753771090109,-90.7705155106453.jpg",2,0,253,356,126,356,379
"Morganza_all/036366@29.6754139157684,-90.7702620586775.jpg",5,283,270,97,82,380,352
"Morganza_all/036367@29.6755327326447,-90.7699719309564.jpg",1,129,277,441,81,570,358
"Morganza_all/036369@29.6786518543727,-90.7730567995196.jpg",4,278,299,122,86,400,385
"Morganza_all/036370@29.6787255973133,-90.7728612033283.jpg",4,294,299,118,83,412,382
"Morganza_all/036371@29.6788047006749,-90.7726716546435.jpg",4,281,302,144,94,425,396
"Morganza_all/036372@29.6788890850321,-90.7724759982201.jpg",4,251,293,118,81,369,374
"Morganza_all/036373@29.6789788820673,-90.7722986076272.jpg",1,2,284,466,137,468,421
"Morganza_all/036374@29.6786104752612,-90.7720932715444.jpg",4,251,279,187,120,438,399
"Morganza_all/036375@29.6785473754561,-90.7722888084076.jpg",4,287,298,110,100,397,398
"Morganza_all/036376@29.678441732116,-90.7724968020817.jpg",4,241,296,107,96,348,392
"Morganza_all/036377@29.6784105085431,-90.7726677855419.jpg",4,295,289,104,98,399,387
"Morganza_all/036378@29.6783100951084,-90.7728513435529.jpg",4,267,292,100,99,367,391
"Morganza_all/036379@29.6770558004372,-90.7670688149218.jpg",4,260,295,87,87,347,382
"Morganza_all/036380@29.6771435141369,-90.7668946465448.jpg",3,247,289,178,119,425,408
"Morganza_all/036381@29.6767762931977,-90.7667302967982.jpg",1,110,270,282,102,392,372
"Morganza_all/036382@29.6768198822823,-90.7665780756581.jpg",4,259,271,120,106,379,377
"Morganza_all/036383@29.6769267921087,-90.7664617100358.jpg",1,206,260,176,155,382,415
"Morganza_all/036384@29.6772497955028,-90.7666263094708.jpg",1,304,303,102,96,406,399
"Morganza_all/036385@29.677299806676,-90.7665029913142.jpg",1,308,293,153,104,461,397
"Morganza_all/036386@29.6773497552822,-90.766365219061.jpg",1,251,265,289,144,540,409
"Morganza_all/036387@29.6774627706371,-90.766198149062.jpg",1,258,295,128,94,386,389
"Morganza_all/036388@29.6774747944311,-90.7660533485132.jpg",1,288,292,121,105,409,397
"Morganza_all/036389@29.6770329473736,-90.7661644022479.jpg",3,134,273,162,133,296,406
"Morganza_all/036390@29.6770639177214,-90.7660194948989.jpg",1,140,269,213,117,353,386
"Morganza_all/036391@29.6771452740092,-90.7658381187402.jpg",5,245,253,113,145,358,398
"Morganza_all/036392@29.6772387786036,-90.7655409129084.jpg",1,228,299,234,82,462,381
"Morganza_all/036393@29.6776002084772,-90.7658283272023.jpg",1,7,228,374,197,381,425
"Morganza_all/036394@29.6697092792345,-90.7722380049951.jpg",6,228,280,187,91,415,371
"Morganza_all/036395@29.6696643194369,-90.7719105249526.jpg",6,239,284,130,100,369,384
"Morganza_all/036396@29.6688150790452,-90.7712028054781.jpg",1,13,254,400,148,413,402
"Morganza_all/036397@29.6699697083436,-90.7691301332908.jpg",6,251,270,113,88,364,358
"Morganza_all/036400@29.6754881982865,-90.7728521915552.jpg",1,241,281,353,104,594,385
"Morganza_all/036401@29.6754322580838,-90.7730695989906.jpg",1,56,276,485,113,541,389
"Morganza_all/036402@29.6753195737369,-90.7733162633162.jpg",3,241,266,347,134,588,400
"Morganza_all/036403@29.6752382380051,-90.7735048726666.jpg",3,271,280,366,125,637,405
"Morganza_all/036404@29.6751379895481,-90.7737080414858.jpg",3,172,273,354,130,526,403
"Morganza_all/036405@29.6750631045708,-90.773932764834.jpg",4,341,272,103,93,444,365
"Morganza_all/036406@29.6749943864845,-90.7741140599457.jpg",4,215,257,145,135,360,392
"Morganza_all/036407@29.6749130528273,-90.7743098792568.jpg",1,230,267,380,132,610,399
"Morganza_all/036408@29.6746280380936,-90.77415228934.jpg",1,56,290,393,107,449,397
"Morganza_all/036409@29.6746902740498,-90.7739276378478.jpg",1,147,294,273,97,420,391
"Morganza_all/036410@29.6747401378038,-90.7737681452581.jpg",4,286,270,164,128,450,398
"Morganza_all/036411@29.6748465258031,-90.7735215180988.jpg",1,57,289,377,108,434,397
"Morganza_all/036412@29.6749214751761,-90.7733184912683.jpg",3,45,282,379,95,424,377
"Morganza_all/036414@29.6750966408423,-90.7729050524376.jpg",1,87,287,375,104,462,391
"Morganza_all/036415@29.6751591219427,-90.7727382767403.jpg",1,28,293,401,102,429,395
"Morganza_all/036416@29.675240456573,-90.772549666916.jpg",3,15,284,405,109,420,393
"Morganza_all/036417@29.6753026896488,-90.7723249815627.jpg",5,193,277,152,93,345,370
"Morganza_all/036418@29.6754030288903,-90.7721435388016.jpg",3,2,284,363,113,365,397
"Morganza_all/036419@29.6754779106674,-90.7719187818614.jpg",1,98,281,284,110,382,391
"Morganza_all/036420@29.6755781907152,-90.7717300644348.jpg",3,112,287,345,108,457,395
"Morganza_all/036421@29.6752501663647,-90.7718621805508.jpg",1,176,259,314,162,490,421
"Morganza_all/036422@29.6751253918701,-90.7722391570807.jpg",1,171,288,292,87,463,375
"Morganza_all/036423@29.6750065390246,-90.7725220383647.jpg",4,232,246,161,156,393,402
"Morganza_all/036425@29.6747123966843,-90.7731894184367.jpg",1,75,290,406,97,481,387
"Morganza_all/036426@29.6746566101734,-90.7734429737147.jpg",3,336,275,156,133,492,408
"Morganza_all/036427@29.674549882913,-90.7736100271117.jpg",1,242,284,158,141,400,425
"Morganza_all/036428@29.6744311813616,-90.7739290862657.jpg",5,284,258,121,104,405,362
"Morganza_all/036429@29.676212961615,-90.7723994862503.jpg",6,277,277,98,86,375,363
"Morganza_all/036431@29.6761260546343,-90.7712855870238.jpg",1,121,287,435,108,556,395
"Morganza_all/036432@29.6762511054852,-90.7709737264386.jpg",1,152,292,425,124,577,416
"Morganza_all/036433@29.6763261094599,-90.7707779373545.jpg",3,161,281,379,117,540,398
"Morganza_all/036434@29.6763884671735,-90.770589430444.jpg",3,163,279,299,119,462,398
"Morganza_all/036435@29.6764634705743,-90.7703936408031.jpg",4,254,266,152,119,406,385
"Morganza_all/036436@29.6765321488497,-90.7701978549725.jpg",5,288,276,132,118,420,394
"Morganza_all/036437@29.6766324575096,-90.7700163765141.jpg",1,133,273,392,108,525,381
"Morganza_all/036438@29.6766884859615,-90.7698206928192.jpg",1,193,273,281,83,474,356
"Morganza_all/036439@29.6764408891145,-90.7695471110799.jpg",4,290,234,111,92,401,326
"Morganza_all/036440@29.6762574201716,-90.7694974764727.jpg",3,358,243,175,142,533,385
"Morganza_all/036441@29.67625317793,-90.7699823605205.jpg",1,116,273,292,104,408,377
"Morganza_all/036442@29.6760127176103,-90.7699041063368.jpg",1,32,293,330,93,362,386
"Morganza_all/036443@29.6738211747407,-90.7761033078326.jpg",1,31,269,369,100,400,369
"Morganza_all/036444@29.6738897726444,-90.7758930777643.jpg",4,251,245,117,120,368,365
"Morganza_all/036445@29.6740027046704,-90.7756970856694.jpg",2,2,279,421,117,423,396
"Morganza_all/036446@29.674083982113,-90.7754940269223.jpg",1,82,278,299,106,381,384
"Morganza_all/036447@29.6741590268091,-90.775312699138.jpg",4,201,249,252,140,453,389
"Morganza_all/036448@29.6742400847856,-90.7750517310218.jpg",1,105,289,307,103,412,392
"Morganza_all/036449@29.6743278399178,-90.7748848170592.jpg",1,87,288,385,100,472,388
"Morganza_all/036450@29.674402822237,-90.7746890348232.jpg",1,101,287,369,97,470,384
"Morganza_all/036451@29.6744905767729,-90.7745220887817.jpg",1,9,273,459,116,468,389
"Morganza_all/036452@29.6736685667224,-90.775879856238.jpg",1,225,304,117,95,342,399
"Morganza_all/036453@29.6737311745834,-90.7757420231804.jpg",1,174,287,298,105,472,392
"Morganza_all/036454@29.6737494137578,-90.7755754666582.jpg",1,113,280,432,127,545,407
"Morganza_all/036455@29.6738246432003,-90.7754375629289.jpg",1,238,280,309,107,547,387
"Morganza_all/036456@29.6739123955212,-90.7752634073584.jpg",3,208,271,202,124,410,395
"Morganza_all/036457@29.6739683394971,-90.7750460359406.jpg",3,124,280,324,97,448,377
"Morganza_all/036458@29.6740560329744,-90.7748646374341.jpg",3,144,260,311,124,455,384
"Morganza_all/036459@29.6741185164348,-90.7746978332056.jpg",3,158,268,351,129,509,397
"Morganza_all/036460@29.6741936834035,-90.7745454747852.jpg",1,149,283,298,104,447,387
"Morganza_all/036461@29.6742370041545,-90.7743281413759.jpg",1,120,278,279,139,399,417
"Morganza_all/036462@29.6739520235252,-90.7741850061129.jpg",3,87,269,493,119,580,388
"Morganza_all/036463@29.6738832467351,-90.7743590567086.jpg",3,104,262,446,137,550,399
"Morganza_all/036464@29.6737829320549,-90.774540525828.jpg",3,122,268,434,125,556,393
"Morganza_all/036465@29.6737459048202,-90.7747505803811.jpg",5,261,283,129,89,390,372
"Morganza_all/036466@29.673689653524,-90.7748956212525.jpg",1,101,263,486,142,587,405
"Morganza_all/036467@29.6736020214937,-90.7750914725052.jpg",1,44,258,455,138,499,396
"Morganza_all/036468@29.6735204095442,-90.7752222006475.jpg",3,68,268,395,125,463,393
"Morganza_all/036469@29.6734707899754,-90.7754395357325.jpg",1,5,271,510,132,515,403
"Morganza_all/036470@29.6734083054362,-90.7756063069293.jpg",1,61,281,443,123,504,404
"Morganza_all/036471@29.6782364302991,-90.7730652348771.jpg",4,192,265,152,93,344,358
"Morganza_all/036472@29.678178507605,-90.7732241486822.jpg",4,248,301,148,82,396,383
"Morganza_all/036473@29.6780781453916,-90.7734198924851.jpg",4,251,291,116,97,367,388
"Morganza_all/036474@29.6780309699369,-90.7735970735389.jpg",2,1,270,285,114,286,384
"Morganza_all/036475@29.6768657183884,-90.778916426529.jpg",4,245,227,168,125,413,352
"Morganza_all/036476@29.6770293011806,-90.7789724555272.jpg",4,240,264,114,99,354,363
"Morganza_all/036478@29.675688481019,-90.777637953034.jpg",6,281,266,146,134,427,400
"Morganza_all/036479@29.676131610196,-90.7766270085536.jpg",6,290,262,104,88,394,350
"Morganza_all/036480@29.6764946854803,-90.7768283235622.jpg",6,274,255,119,98,393,353
"Morganza_all/036481@29.6768434746029,-90.7770134387433.jpg",6,271,261,115,105,386,366
"Morganza_all/036482@29.677503386502,-90.7768796492671.jpg",1,403,262,100,119,503,381
"Morganza_all/036483@29.678213297809,-90.7751352160515.jpg",1,235,261,127,120,362,381
"Morganza_all/036484@29.6777651587966,-90.777478003102.jpg",1,93,203,315,201,408,404
"Morganza_all/036485@29.6778494985491,-90.7772701345242.jpg",1,23,184,421,224,444,408
"Morganza_all/036486@29.6779654293898,-90.7769766861403.jpg",1,140,233,334,171,474,404
"Morganza_all/036487@29.6780657984971,-90.7767748368391.jpg",1,142,231,351,175,493,406
"Morganza_all/036488@29.6781395194833,-90.7765792446864.jpg",1,98,234,425,171,523,405
"Morganza_all/036489@29.6782606541174,-90.7762552822089.jpg",1,132,227,350,179,482,406
"Morganza_all/036490@29.6783132716787,-90.7761025088848.jpg",1,155,232,349,177,504,409
"Morganza_all/036491@29.6783924056751,-90.7759190726966.jpg",1,128,225,334,174,462,399
"Morganza_all/036492@29.67847695023,-90.7757599802949.jpg",1,248,225,325,172,573,397
"Morganza_all/036493@29.6785821840201,-90.7754544323048.jpg",1,209,205,409,194,618,399
"Morganza_all/036494@29.6786505698073,-90.7752527586014.jpg",1,126,219,344,194,470,413
"Morganza_all/036495@29.6787457571889,-90.7750875280181.jpg",1,93,227,332,187,425,414
"Morganza_all/036496@29.6789359740668,-90.774726583114.jpg",5,251,249,191,117,442,366
"Morganza_all/036497@29.6789351689359,-90.7745374817703.jpg",1,116,277,383,123,499,400
"Morganza_all/036498@29.6790301720419,-90.7743356580226.jpg",1,70,281,400,110,470,391
"Morganza_all/036499@29.6790880960794,-90.7741767435084.jpg",1,126,271,408,123,534,394
"Morganza_all/036500@29.6791618665945,-90.7739872249983.jpg",1,129,275,388,120,517,395
"Morganza_all/036501@29.6792462268615,-90.7737854597814.jpg",1,101,288,371,115,472,403
"Morganza_all/036502@29.6793146620658,-90.7735959705255.jpg",1,123,285,362,115,485,400
"Morganza_all/036503@29.6793939227545,-90.7734430450958.jpg",1,185,284,361,108,546,392
"Morganza_all/036504@29.6794675866179,-90.7732352294566.jpg",1,145,279,367,108,512,387
"Morganza_all/036505@29.6795520238474,-90.7730517591674.jpg",1,152,275,357,104,509,379
"Morganza_all/036506@29.6796098161347,-90.7728623599305.jpg",1,149,276,385,123,534,399
"Morganza_all/036507@29.6797156163911,-90.7726909566299.jpg",3,159,295,367,86,526,381
"Morganza_all/036508@29.6799102484521,-90.7721164651066.jpg",4,262,241,130,89,392,330
"Morganza_all/036509@29.6793739332467,-90.7725098737491.jpg",3,68,252,455,137,523,389
"Morganza_all/036510@29.6792788547829,-90.7726934037956.jpg",3,15,261,442,131,457,392
"Morganza_all/036511@29.6792210628731,-90.7728828339945.jpg",1,69,276,443,127,512,403
"Morganza_all/036512@29.6791365997943,-90.7730601946217.jpg",1,102,267,380,125,482,392
"Morganza_all/036513@29.6790574972962,-90.7732436342812.jpg",3,98,270,406,118,504,388
"Morganza_all/036514@29.6789838318504,-90.7734575269141.jpg",3,72,253,406,142,478,395
"Morganza_all/036515@29.6788940333829,-90.7736349479664.jpg",1,69,271,388,122,457,393
"Morganza_all/036516@29.6788628602916,-90.7738181187161.jpg",1,93,275,400,112,493,387
"Morganza_all/036517@29.6787624176173,-90.7740016450656.jpg",1,132,288,361,118,493,406
"Morganza_all/036518@29.6783513660389,-90.7737843545363.jpg",4,249,256,173,108,422,364
"Morganza_all/036519@29.6784411387866,-90.7736008569154.jpg",4,250,287,163,89,413,376
"Morganza_all/036520@29.6785042650496,-90.7734175080689.jpg",4,254,284,150,104,404,388
"Morganza_all/036521@29.6785832637558,-90.7732096958866.jpg",4,256,288,153,112,409,400
"Morganza_all/036522@29.6746014381765,-90.7768153610446.jpg",6,278,269,127,108,405,377
"Morganza_all/036523@29.6747074633732,-90.7764818899212.jpg",6,293,282,82,82,375,364
"Morganza_all/036525@29.6749331508517,-90.7760609334816.jpg",6,260,256,123,126,383,382
"Morganza_all/036526@29.6741504326799,-90.7762606872101.jpg",1,164,255,469,141,633,396
"Morganza_all/036527@29.6742569515366,-90.7760502453729.jpg",1,172,280,453,122,625,402
"Morganza_all/036528@29.6744402642316,-90.7760636783809.jpg",4,299,266,125,106,424,372
"Morganza_all/036529@29.6743066916583,-90.775854573295.jpg",2,185,273,456,131,641,404
"Morganza_all/036530@29.6743690227421,-90.7756516196506.jpg",1,176,291,457,126,633,417
"Morganza_all/036531@29.6744756944469,-90.775477357849.jpg",2,254,290,387,113,641,403
"Morganza_all/036532@29.6745441957644,-90.7752381871865.jpg",3,188,270,451,132,639,402
"Morganza_all/036533@29.6746255033097,-90.7750423695052.jpg",1,262,293,377,101,639,394
"Morganza_all/036534@29.6746816314701,-90.7748683571945.jpg",3,222,273,358,124,580,397
"Morganza_all/036535@29.6748325475314,-90.7746938470044.jpg",3,197,273,442,125,639,398
"Morganza_all/036537@29.6620106806662,-90.7600909841337.jpg",2,5,288,381,137,386,425
"Morganza_all/036538@29.6623308949873,-90.7596217689323.jpg",4,252,259,145,104,397,363
"Morganza_all/036540@29.6622133497007,-90.7605817944267.jpg",1,289,303,202,161,491,464
"Morganza_all/036541@29.662113733598,-90.7607299399882.jpg",1,289,287,298,133,587,420
"Morganza_all/036542@29.6620788248332,-90.760935145792.jpg",1,290,299,164,130,454,429
"Morganza_all/036543@29.6620080848098,-90.7611405248272.jpg",1,262,288,257,142,519,430
"Morganza_all/036544@29.6619157882754,-90.7613214361611.jpg",4,255,254,120,114,375,368
"Morganza_all/036545@29.6618665517644,-90.7615267232098.jpg",1,330,293,254,111,584,404
"Morganza_all/036546@29.6616892499313,-90.7619213110788.jpg",1,320,291,191,161,511,452
"Morganza_all/036547@29.6616328351841,-90.7621266068465.jpg",4,276,246,130,150,406,396
"Morganza_all/036548@29.6615476155537,-90.7622910720298.jpg",4,258,276,138,122,396,398
"Morganza_all/036549@29.6614553888042,-90.7624883852238.jpg",1,159,279,414,144,573,423
"Morganza_all/036550@29.6613850305537,-90.7627757804363.jpg",1,105,265,534,133,639,398
"Morganza_all/036551@29.661307137985,-90.7629811974925.jpg",5,265,270,122,106,387,376
"Morganza_all/036552@29.6612576850111,-90.763137271311.jpg",1,293,305,172,94,465,399
"Morganza_all/036553@29.6609242978254,-90.7638689158579.jpg",1,27,288,614,118,641,406
"Morganza_all/036554@29.6608037352529,-90.7641401900277.jpg",2,215,267,426,139,641,406
"Morganza_all/036555@29.6606336463285,-90.7645511320621.jpg",1,129,283,397,117,526,400
"Morganza_all/036556@29.6605558931508,-90.76478935341.jpg",1,122,282,404,104,526,386
"Morganza_all/036558@29.660421747428,-90.765232865764.jpg",2,186,292,451,148,637,440
"Morganza_all/036559@29.6607798436131,-90.7652390508124.jpg",3,156,314,186,99,342,413
"Morganza_all/036560@29.66100034899,-90.7648934078198.jpg",2,2,277,318,134,320,411
"Morganza_all/036561@29.6610565983708,-90.7646553076857.jpg",3,5,279,428,139,433,418
"Morganza_all/036563@29.6613044042805,-90.7639979546012.jpg",1,26,256,492,142,518,398
"Morganza_all/036564@29.6613891277087,-90.7637186965498.jpg",1,226,308,183,94,409,402
"Morganza_all/036565@29.6616090234801,-90.7632336632056.jpg",1,30,292,590,99,620,391
"Morganza_all/036566@29.661708072102,-90.7629543220046.jpg",1,55,305,367,95,422,400
"Morganza_all/036567@29.6618287393055,-90.7627076654202.jpg",1,262,289,173,103,435,392
"Morganza_all/036568@29.6619138167218,-90.7625103924719.jpg",3,104,293,405,113,509,406
"Morganza_all/036569@29.6620914058469,-90.7621813887063.jpg",2,5,293,464,106,469,399
"Morganza_all/036570@29.6621608698925,-90.7616890214002.jpg",3,79,288,391,83,470,371
"Morganza_all/036571@29.6622233611888,-90.761237688238.jpg",1,169,273,212,81,381,354
"Morganza_all/036572@29.6624730188131,-90.7610148813564.jpg",2,4,249,522,138,526,387
"Morganza_all/036573@29.6629135767406,-90.7602252025633.jpg",1,133,305,394,95,527,400
"Morganza_all/036574@29.6633516741546,-90.7605096618114.jpg",1,123,257,439,118,562,375
"Morganza_all/036575@29.6631092386501,-90.7607488350257.jpg",1,135,270,369,113,504,383
"Morganza_all/036576@29.6627200224751,-90.7618170309933.jpg",1,187,291,446,118,633,409
"Morganza_all/036578@29.6642500671631,-90.7612506935998.jpg",6,252,271,142,99,394,370
"Morganza_all/036579@29.6654741647801,-90.7578654048252.jpg",6,261,258,112,114,373,372
"Morganza_all/036580@29.6654034570725,-90.7580707928401.jpg",6,252,254,144,128,396,382
"Morganza_all/036581@29.662677595206,-90.7635883775101.jpg",6,253,264,166,107,419,371
"Morganza_all/036582@29.6626150601669,-90.7640314935376.jpg",6,265,267,129,106,394,373
"Morganza_all/036583@29.6621097983801,-90.7631160121488.jpg",5,270,260,166,134,436,394
"Morganza_all/036584@29.6620891414357,-90.7633047316538.jpg",4,279,280,148,115,427,395
"Morganza_all/036586@29.6619332120201,-90.7636827913332.jpg",1,258,248,276,125,534,373
"Morganza_all/036587@29.6613863606537,-90.7647354231425.jpg",1,160,285,481,175,641,460
"Morganza_all/036589@29.6610124671464,-90.7660412786692.jpg",2,249,306,392,97,641,403
"Morganza_all/036590@29.6608917936711,-90.7662879292225.jpg",1,230,299,411,92,641,391
"Morganza_all/036591@29.6607711552323,-90.7665427967456.jpg",1,152,300,451,94,603,394
"Morganza_all/036592@29.6606506224778,-90.766822253349.jpg",1,156,296,440,89,596,385
"Morganza_all/036593@29.6609436950555,-90.7666976110609.jpg",2,247,296,394,102,641,398
"Morganza_all/036594@29.6606387596186,-90.7657318149749.jpg",5,213,290,135,114,348,404
"Morganza_all/036595@29.6604123861271,-90.7663808516819.jpg",2,0,281,479,141,479,422
"Morganza_all/036596@29.6663867977832,-90.7701435419414.jpg",6,263,273,104,89,367,362
"Morganza_all/036598@29.6660834815391,-90.7695548609258.jpg",6,267,265,102,96,369,361
"Morganza_all/036599@29.6666562132857,-90.7695106376041.jpg",6,266,272,120,93,386,365
"Morganza_all/036600@29.6668198104224,-90.7692555165619.jpg",6,264,266,124,109,388,375
"Morganza_all/036601@29.6664804319782,-90.7686014192278.jpg",6,264,269,125,114,389,383
"Morganza_all/036602@29.6669042981093,-90.7689188470347.jpg",6,260,262,129,99,389,361
"Morganza_all/036603@29.6670389502949,-90.7685900806304.jpg",6,268,261,126,121,394,382
"Morganza_all/036604@29.6665864651202,-90.7682810336221.jpg",6,256,270,125,105,381,375
"Morganza_all/036605@29.6671954666176,-90.7683514021722.jpg",6,275,273,107,106,382,379
"Morganza_all/036606@29.6666999219676,-90.7680180072065.jpg",6,255,267,130,112,385,379
"Morganza_all/036607@29.6667846185039,-90.7677305194437.jpg",6,254,247,137,148,391,395
"Morganza_all/036608@29.6673012086341,-90.7679572083794.jpg",6,266,258,115,133,381,391
"Morganza_all/036609@29.6669979179075,-90.7673767152009.jpg",6,259,257,121,115,380,372
"Morganza_all/036610@29.6671543259023,-90.7671134436496.jpg",6,258,259,106,91,364,350
"Morganza_all/036611@29.6676142738433,-90.7674880341255.jpg",6,253,232,136,134,389,366
"Morganza_all/036612@29.6676991462339,-90.7672415709821.jpg",6,259,254,118,125,377,379
"Morganza_all/036613@29.6672323310777,-90.7669326091197.jpg",6,254,254,139,128,393,382
"Morganza_all/036614@29.6673169543799,-90.7666287141914.jpg",6,250,246,150,131,400,377
"Morganza_all/036615@29.6677984156531,-90.767011399651.jpg",6,237,252,164,124,401,376
"Morganza_all/036616@29.6678545626696,-90.7667486930684.jpg",6,243,252,165,157,408,409
"Morganza_all/036617@29.6674165062433,-90.7664641620657.jpg",6,240,253,162,166,402,419
"Morganza_all/036618@29.6679252129503,-90.7665268698506.jpg",6,225,201,219,195,444,396
"Morganza_all/036619@29.6680531702691,-90.7663047530947.jpg",6,255,221,135,129,390,350
"Morganza_all/036620@29.6676365895004,-90.7660201332079.jpg",6,253,253,102,97,355,350
"Morganza_all/036621@29.6676641163076,-90.7657657756495.jpg",6,264,235,94,133,358,368
"Morganza_all/036622@29.6681237490107,-90.7660665557612.jpg",6,255,257,116,104,371,361
"Morganza_all/036623@29.6682159811111,-90.765869232717.jpg",6,266,248,109,132,375,380
"Morganza_all/036624@29.6683079920585,-90.7656145078197.jpg",6,264,256,114,115,378,371
"Morganza_all/036625@29.6683641717154,-90.765359985816.jpg",6,261,239,128,124,389,363
"Morganza_all/036626@29.6684992767158,-90.7651378259991.jpg",6,260,237,136,135,396,372
"Morganza_all/036627@29.6679619157224,-90.7650752876235.jpg",6,266,232,128,144,394,376
"Morganza_all/036628@29.6680326342493,-90.7648698678199.jpg",6,258,232,142,145,400,377
"Morganza_all/036629@29.6681605532792,-90.7646395620234.jpg",6,245,231,163,139,408,370
"Morganza_all/036630@29.6683516564138,-90.7641218510847.jpg",6,239,234,161,147,400,381
"Morganza_all/036631@29.6687281678538,-90.7634227181833.jpg",6,238,233,167,137,405,370
"Morganza_all/036632@29.6688345446537,-90.7631843132254.jpg",6,231,234,173,141,404,375
"Morganza_all/036633@29.6694350449428,-90.76294309135.jpg",6,239,241,153,129,392,370
"Morganza_all/036634@29.6697111470615,-90.7622117084.jpg",6,231,237,167,134,398,371
"Morganza_all/036635@29.6699098822121,-90.7618005614641.jpg",6,256,253,123,115,379,368
"Morganza_all/036636@29.6700067128369,-90.7626610328257.jpg",6,266,262,116,100,382,362
"Morganza_all/036637@29.6699005508108,-90.7629486250593.jpg",6,267,268,112,93,379,361
"Morganza_all/036638@29.6703381077209,-90.7631101242461.jpg",6,271,271,116,87,387,358
"Morganza_all/036639@29.6699842488868,-90.7640797851309.jpg",6,271,257,111,122,382,379
"Morganza_all/036640@29.6697591193276,-90.7633594432725.jpg",6,278,268,95,95,373,363
"Morganza_all/036641@29.6690293460709,-90.76516762713.jpg",6,273,273,107,99,380,372
"Morganza_all/036642@29.6688667584252,-90.7656605539987.jpg",6,274,271,106,95,380,366
"Morganza_all/036643@29.6692403515898,-90.7659372326507.jpg",6,282,270,104,96,386,366
"Morganza_all/036644@29.6692058598765,-90.7662408184366.jpg",6,282,275,93,90,375,365
"Morganza_all/036645@29.6687744910978,-90.7658496602968.jpg",6,275,267,99,98,374,365
"Morganza_all/036646@29.6686896568547,-90.7661043454839.jpg",6,279,272,98,88,377,360
"Morganza_all/036648@29.6689856696842,-90.7666602620293.jpg",6,263,265,114,100,377,365
"Morganza_all/036649@29.6685902118642,-90.7662935231935.jpg",6,273,265,108,100,381,365
"Morganza_all/036650@29.6684767584846,-90.7665565565324.jpg",6,273,257,115,117,388,374
"Morganza_all/036651@29.6684061435054,-90.7667865676561.jpg",6,274,262,96,108,370,370
"Morganza_all/036652@29.6688159622325,-90.767161444934.jpg",6,274,261,109,100,383,361
"Morganza_all/036653@29.6682566027482,-90.7669842145539.jpg",6,268,258,109,102,377,360
"Morganza_all/036654@29.6682075263201,-90.7672222899083.jpg",6,252,246,136,134,388,380
"Morganza_all/036655@29.668588690167,-90.7675973302135.jpg",6,266,272,119,94,385,366
"Morganza_all/036656@29.6680221108476,-90.7674037333975.jpg",6,276,262,105,103,381,365
"Morganza_all/036657@29.6679156281491,-90.7676257272738.jpg",6,279,271,98,93,377,364
"Morganza_all/036658@29.6683470976033,-90.7680414812994.jpg",6,279,277,95,86,374,363
"Morganza_all/036659@29.6677892506381,-90.7682086529235.jpg",6,274,276,106,95,380,371
"Morganza_all/036660@29.6680291740672,-90.7690436815844.jpg",6,266,270,112,111,378,381
"Morganza_all/036661@29.6677670514402,-90.7697093651785.jpg",6,264,268,123,103,387,371
"Morganza_all/036662@29.667449398742,-90.7691125713522.jpg",6,267,261,113,114,380,375
"Morganza_all/036663@29.6673290014323,-90.769424821465.jpg",6,274,267,104,98,378,365
"Morganza_all/036664@29.6671515351133,-90.7697866389799.jpg",6,266,269,117,100,383,369
"Morganza_all/036665@29.6676750600394,-90.7699640847791.jpg",6,261,268,117,97,378,365
"Morganza_all/036666@29.6675688821291,-90.7702516940512.jpg",6,270,262,111,107,381,369
"Morganza_all/036667@29.6670385323874,-90.7701562792159.jpg",6,270,266,110,106,380,372
"Morganza_all/036668@29.6669396794496,-90.7704848106551.jpg",6,278,272,111,97,389,369
"Morganza_all/036669@29.6674128974931,-90.7706215454953.jpg",6,275,273,111,109,386,382
"Morganza_all/036670@29.659645914185,-90.766327795915.jpg",1,81,293,507,116,588,409
"Morganza_all/036671@29.6600548215123,-90.7664976732798.jpg",1,145,294,320,110,465,404
"Morganza_all/036672@29.6601109948842,-90.7662349550947.jpg",1,37,294,560,114,597,408
"Morganza_all/036673@29.6597877805216,-90.7660154128216.jpg",1,90,262,457,135,547,397
"Morganza_all/036674@29.6598939491863,-90.7657278214163.jpg",1,193,293,358,104,551,397
"Morganza_all/036675@29.6602243138276,-90.7659473539448.jpg",3,62,294,519,109,581,403
"Morganza_all/036676@29.6603806399753,-90.7656594767102.jpg",1,104,296,430,93,534,389
"Morganza_all/036677@29.6599857470263,-90.7654239385099.jpg",1,106,311,476,105,582,416
"Morganza_all/036678@29.6596775680819,-90.7653682894747.jpg",1,248,293,192,83,440,376
"Morganza_all/036679@29.6596138208678,-90.76553262684.jpg",1,233,292,188,88,421,380
"Morganza_all/036680@29.6589122748214,-90.7655940043152.jpg",6,259,279,117,81,376,360
"Morganza_all/036681@29.659081905457,-90.7650764964653.jpg",4,268,279,168,106,436,385
"Morganza_all/036682@29.6593297846303,-90.7644355608003.jpg",3,203,245,282,146,485,391
"Morganza_all/036683@29.6594410355369,-90.7636723864805.jpg",4,238,235,127,123,365,358
"Morganza_all/036684@29.659540369987,-90.7634586340419.jpg",6,251,255,113,111,364,366
"Morganza_all/036685@29.6596325188554,-90.76323673592.jpg",6,276,277,105,96,381,373
"Morganza_all/036686@29.65971734757,-90.7629820713507.jpg",6,285,272,83,85,368,357
"Morganza_all/036687@29.6598023184708,-90.7627602133154.jpg",6,262,269,107,81,369,350
"Morganza_all/036688@29.6599016514331,-90.7625464591999.jpg",6,267,267,113,110,380,377
"Morganza_all/036690@29.660071412758,-90.7620617166372.jpg",6,232,277,162,96,394,373
"Morganza_all/036691@29.66014237673,-90.761913739025.jpg",6,278,278,119,82,397,360
"Morganza_all/036692@29.6602276315567,-90.7617574618631.jpg",6,256,280,173,93,429,373
"Morganza_all/036693@29.6603195355624,-90.7614863501078.jpg",6,284,270,120,90,404,360
"Morganza_all/036694@29.6603902128037,-90.7612727574079.jpg",6,255,262,122,97,377,359
"Morganza_all/036696@29.6605886589218,-90.7607960639423.jpg",6,268,267,113,87,381,354
"Morganza_all/036697@29.6606735902477,-90.7605659845651.jpg",6,273,277,112,88,385,365
"Morganza_all/036698@29.6607801768175,-90.7603768066822.jpg",6,277,277,108,83,385,360
"Morganza_all/036699@29.6608650357411,-90.7601303228537.jpg",6,279,273,95,87,374,360
"Morganza_all/036700@29.6609499301189,-90.7598920561841.jpg",6,273,273,103,86,376,359
"Morganza_all/036701@29.6610347882689,-90.7596456030115.jpg",6,277,277,112,92,389,369
"Morganza_all/036702@29.6611838516589,-90.7593413510581.jpg",6,285,272,103,89,388,361
"Morganza_all/036703@29.661456409159,-90.7594381813336.jpg",6,286,271,92,97,378,368
"Morganza_all/036704@29.6613643026549,-90.7596683046078.jpg",6,290,268,92,90,382,358
"Morganza_all/036705@29.6612369931728,-90.760029799204.jpg",6,279,262,102,100,381,362
"Morganza_all/036706@29.6611095478099,-90.7603667032373.jpg",6,273,254,102,110,375,364
"Morganza_all/036707@29.66101032575,-90.7606050518725.jpg",6,276,262,101,103,377,365
"Morganza_all/036708@29.6608685797236,-90.7609420676779.jpg",6,267,253,116,122,383,375
"Morganza_all/036709@29.6607411236838,-90.7612707515917.jpg",6,266,262,111,108,377,370
"Morganza_all/036710@29.660592591702,-90.761697979185.jpg",6,277,260,109,110,386,370
"Morganza_all/036711@29.6604717836419,-90.761911858241.jpg",6,277,267,106,113,383,380
"Morganza_all/036712@29.6604081478247,-90.7621007887421.jpg",6,266,257,111,116,377,373
"Morganza_all/036713@29.6603303195737,-90.7623144216887.jpg",6,277,265,101,105,378,370
"Morganza_all/036714@29.6602382080197,-90.7625445397264.jpg",6,290,267,85,94,375,361
"Morganza_all/036715@29.6601461234235,-90.7627746256991.jpg",6,272,272,110,92,382,364
"Morganza_all/036716@29.6600396842386,-90.7630048245337.jpg",6,275,270,110,92,385,362
"Morganza_all/036717@29.6599194083899,-90.7633416798718.jpg",6,275,264,108,109,383,373
"Morganza_all/036718@29.6598322313574,-90.7647032587454.jpg",3,240,250,272,120,512,370
"Morganza_all/036719@29.6599553537455,-90.7650223567942.jpg",5,279,265,100,130,379,395
"Morganza_all/036720@29.6601477735004,-90.7648080758234.jpg",1,144,292,374,137,518,429
"Morganza_all/036721@29.6602251356343,-90.7644796516596.jpg",1,49,299,478,105,527,404
"Morganza_all/036722@29.6603528842211,-90.7642165563388.jpg",1,64,301,390,115,454,416
"Morganza_all/036723@29.6604307785909,-90.7640111107178.jpg",1,210,292,167,148,377,440
"Morganza_all/036724@29.6605801369724,-90.7637724815473.jpg",5,139,288,227,122,366,410
"Morganza_all/036725@29.660607801915,-90.7635509485357.jpg",1,26,296,397,100,423,396
"Morganza_all/036726@29.6607924996764,-90.7632055378642.jpg",1,32,256,456,155,488,411
"Morganza_all/036727@29.660848666454,-90.762942815895.jpg",1,49,297,425,94,474,391
"Morganza_all/036728@29.6610827874456,-90.7624413296915.jpg",1,15,290,571,124,586,414
"Morganza_all/036729@29.661231893095,-90.7621452993572.jpg",1,58,297,387,122,445,419
"Morganza_all/036730@29.6615222103689,-90.7613892708934.jpg",1,35,299,419,124,454,423
"Morganza_all/036731@29.6616632780474,-90.7608964962598.jpg",1,89,268,336,155,425,423
"Morganza_all/036732@29.6617698925874,-90.7607073167008.jpg",2,7,298,407,117,414,415
"Morganza_all/036733@29.6618971680438,-90.7603376033866.jpg",5,184,248,158,165,342,413
"Morganza_all/036734@29.6664879343719,-90.7698411022425.jpg",6,248,236,123,130,371,366
"Morganza_all/036737@29.6687689551049,-90.7642286471133.jpg",6,292,277,86,86,378,363
"Morganza_all/036739@29.669554927406,-90.7626487781392.jpg",6,285,277,85,84,370,361
"Morganza_all/036740@29.6696141113264,-90.7624729868151.jpg",6,283,264,102,105,385,369
"Morganza_all/036741@29.6697886880991,-90.7620142420933.jpg",6,270,266,107,102,377,368
"Morganza_all/036742@29.6700132508243,-90.7615666720084.jpg",6,270,267,105,113,375,380
"Morganza_all/036743@29.67009559671,-90.7613487725034.jpg",6,275,279,96,89,371,368
"Morganza_all/036744@29.6701811090122,-90.7611003420202.jpg",6,283,267,93,103,376,370
"Morganza_all/036745@29.6702334364361,-90.7608788033513.jpg",6,274,275,102,91,376,366
"Morganza_all/036746@29.6703056551148,-90.7606342583314.jpg",6,285,279,102,100,387,379
"Morganza_all/036747@29.6703880493586,-90.7604277875444.jpg",6,284,277,94,91,378,368
"Morganza_all/036748@29.6771185791896,-90.7788849202948.jpg",2,265,273,372,142,637,415
"Morganza_all/036749@29.6772018112046,-90.7789414890311.jpg",5,284,272,126,114,410,386
"Morganza_all/036750@29.6771512279812,-90.7787564457482.jpg",2,10,277,365,138,375,415
"Morganza_all/036751@29.6772385520713,-90.7787987263611.jpg",2,3,269,356,141,359,410
"Morganza_all/036752@29.6771921209496,-90.7786136600634.jpg",4,267,271,156,161,423,432
"Morganza_all/036754@29.6772249375785,-90.7785184387431.jpg",1,117,269,428,141,545,410
"Morganza_all/036755@29.6772996842138,-90.7785322581772.jpg",1,43,278,396,125,439,403
"Morganza_all/036756@29.6677468693969,-90.7694411391076.jpg",6,268,278,101,94,369,372
"Morganza_all/036758@29.6688584185217,-90.7668677343699.jpg",6,277,268,99,95,376,363
"Morganza_all/036759@29.66868049743,-90.7673264851793.jpg",6,283,270,85,94,368,364
"Morganza_all/036760@29.6692430801546,-90.7656906948185.jpg",6,273,266,112,111,385,377
"Morganza_all/036761@29.6695233116821,-90.7650139614316.jpg",6,279,279,99,84,378,363
"Morganza_all/036762@29.6695889659345,-90.7647885089953.jpg",6,284,276,89,93,373,369
"Morganza_all/036763@29.6700573055625,-90.7637101655049.jpg",6,278,269,103,94,381,363
"Morganza_all/036764@29.6701264506516,-90.7635228553507.jpg",6,274,268,94,96,368,364
"Morganza_all/036765@29.6704787107508,-90.7625595924307.jpg",6,270,276,106,89,376,365
"Morganza_all/036766@29.6705705588865,-90.7622310184306.jpg",6,275,272,89,85,364,357
"Morganza_all/036767@29.6712176758076,-90.7608998756066.jpg",6,275,270,92,93,367,363
"Morganza_all/036768@29.6709069601708,-90.7606918425355.jpg",6,270,272,104,94,374,366
"Morganza_all/036769@29.6708379298736,-90.7608982377269.jpg",6,272,269,97,93,369,362
"Morganza_all/036770@29.6706595472842,-90.7612463593.jpg",6,268,267,107,96,375,363
"Morganza_all/036771@29.6705706466584,-90.7614871899214.jpg",6,270,264,106,102,376,366
"Morganza_all/036772@29.6705017039377,-90.761720285832.jpg",6,273,260,114,115,387,375
"Morganza_all/036773@29.6703896437814,-90.7619917289672.jpg",6,273,275,94,89,367,364
"Morganza_all/036774@29.670310640754,-90.7622134196316.jpg",6,287,279,88,83,375,362
"Morganza_all/036775@29.6702050020463,-90.7624314517705.jpg",6,287,288,91,86,378,374
"Morganza_all/036776@29.6698351009651,-90.7631697643269.jpg",6,283,276,97,89,380,365
"Morganza_all/036777@29.669629955571,-90.7638155968873.jpg",6,279,273,95,93,374,366
"Morganza_all/036778@29.6693663173791,-90.764480809775.jpg",6,283,268,96,107,379,375
"Morganza_all/036779@29.6692211381254,-90.7648020605259.jpg",6,285,267,104,103,389,370
"Morganza_all/036780@29.670080610375,-90.7602083085211.jpg",6,274,271,106,102,380,373
"Morganza_all/036781@29.6700313950128,-90.7603802663132.jpg",6,263,273,115,98,378,371
"Morganza_all/036782@29.6699722529259,-90.7605712998648.jpg",6,272,261,106,113,378,374
"Morganza_all/036783@29.6698900357164,-90.760812091202.jpg",6,268,272,109,101,377,373
"Morganza_all/036784@29.6696233456503,-90.7615307357276.jpg",6,266,271,119,104,385,375
"Morganza_all/036785@29.6694318515343,-90.7619247424677.jpg",6,277,270,99,106,376,376
"Morganza_all/036786@29.6690814469758,-90.7625484800125.jpg",6,287,278,100,95,387,373
"Morganza_all/036787@29.6689666439562,-90.762961095936.jpg",6,253,258,125,107,378,365
"Morganza_all/036788@29.668494426027,-90.7639174053018.jpg",6,270,268,104,102,374,370
"Morganza_all/036789@29.6682735465984,-90.7644488894881.jpg",6,278,267,93,99,371,366
"Morganza_all/036790@29.6679343672922,-90.7653624567006.jpg",6,272,268,102,97,374,365
"Morganza_all/036791@29.6678353780228,-90.7655804425836.jpg",6,265,270,103,98,368,368
"Morganza_all/036792@29.6663439878859,-90.7689035869989.jpg",6,276,275,92,90,368,365
"Morganza_all/036793@29.6848022703873,-90.7902266409143.jpg",6,271,270,94,98,365,368
"Morganza_all/036794@29.6825792956619,-90.7902568467067.jpg",1,0,275,514,119,514,394
"Morganza_all/036798@29.6827671585777,-90.7897756281593.jpg",1,133,292,298,116,431,408
"Morganza_all/036799@29.6828452964132,-90.7895396389756.jpg",1,75,298,394,109,469,407
"Morganza_all/036800@29.6829551222954,-90.7893125155167.jpg",1,41,294,384,110,425,404
"Morganza_all/036802@29.6831662519943,-90.7887134155126.jpg",5,237,301,136,105,373,406
"Morganza_all/036803@29.6832684577908,-90.7885588281974.jpg",1,66,299,347,92,413,391
"Morganza_all/036804@29.6833780938904,-90.7882864171124.jpg",3,151,299,196,98,347,397
"Morganza_all/036805@29.6836157462597,-90.7883666575295.jpg",3,186,261,364,130,550,391
"Morganza_all/036806@29.6841213271123,-90.788182693057.jpg",6,263,275,114,89,377,364
"Morganza_all/036807@29.6842860435994,-90.787837513443.jpg",6,292,271,97,94,389,365
"Morganza_all/036808@29.6835187881702,-90.7878779446316.jpg",4,228,257,130,113,358,370
"Morganza_all/036809@29.6836050682306,-90.7876962644267.jpg",1,59,292,413,111,472,403
"Morganza_all/036810@29.6836280083179,-90.7875058594882.jpg",3,144,292,336,114,480,406
"Morganza_all/036812@29.6837537932492,-90.7873148932298.jpg",3,18,281,416,127,434,408
"Morganza_all/036813@29.683808459281,-90.7871424546452.jpg",1,64,280,376,122,440,402
"Morganza_all/036814@29.6840865123942,-90.7874218228852.jpg",6,267,278,119,84,386,362
"Morganza_all/036815@29.6841886035698,-90.7872400549581.jpg",6,265,270,120,105,385,375
"Morganza_all/036817@29.6840043059516,-90.7866793206107.jpg",3,147,282,303,111,450,393
"Morganza_all/036818@29.6840746593477,-90.786470547067.jpg",1,46,280,404,119,450,399
"Morganza_all/036819@29.684153065819,-90.7863070161648.jpg",1,112,296,275,99,387,395
"Morganza_all/036820@29.6841998384002,-90.7861346195026.jpg",3,158,301,255,109,413,410
"Morganza_all/036821@29.6842861640759,-90.785971044808.jpg",1,84,306,457,104,541,410
"Morganza_all/036822@29.6844512528611,-90.7857164646164.jpg",3,161,269,284,99,445,368
"Morganza_all/036825@29.6821987885816,-90.7900777046507.jpg",1,193,295,338,96,531,391
"Morganza_all/036826@29.682277152068,-90.7898960717524.jpg",3,204,279,291,100,495,379
"Morganza_all/036827@29.6823556278846,-90.7897416159454.jpg",3,242,285,264,110,506,395
"Morganza_all/036828@29.6824340660686,-90.7895781217583.jpg",5,247,281,133,100,380,381
"Morganza_all/036829@29.6824885848317,-90.7893694396387.jpg",4,273,252,156,111,429,363
"Morganza_all/036830@29.6825591404021,-90.7892150261592.jpg",1,198,288,315,104,513,392
"Morganza_all/036831@29.6827239347468,-90.7888879614531.jpg",1,196,275,310,116,506,391
"Morganza_all/036832@29.6827944146002,-90.7887154394391.jpg",3,193,281,403,107,596,388
"Morganza_all/036833@29.6828412755438,-90.7885701924078.jpg",3,92,268,388,119,480,387
"Morganza_all/036834@29.6829353633288,-90.7883612933657.jpg",3,208,294,349,89,557,383
"Morganza_all/036835@29.6829979982172,-90.7882069531249.jpg",3,221,274,341,114,562,388
"Morganza_all/036836@29.6830447081105,-90.7880254898065.jpg",1,172,274,306,108,478,382
"Morganza_all/036837@29.6831232194208,-90.7878801010389.jpg",3,237,287,343,113,580,400
"Morganza_all/036838@29.6832014668566,-90.7876712871383.jpg",1,176,284,413,105,589,389
"Morganza_all/036839@29.6833346439532,-90.7873534287202.jpg",1,111,285,363,101,474,386
"Morganza_all/036840@29.6833892346731,-90.7871628829406.jpg",3,184,290,346,103,530,393
"Morganza_all/036841@29.6834675563591,-90.7869721758763.jpg",1,237,292,274,106,511,398
"Morganza_all/036842@29.6835381846474,-90.7868358986529.jpg",5,285,276,112,85,397,361
"Morganza_all/036843@29.6835769249504,-90.7866363373707.jpg",1,220,294,383,99,603,393
"Morganza_all/036844@29.6836553969246,-90.7864818770006.jpg",1,137,295,370,119,507,414
"Morganza_all/036845@29.683726024703,-90.7863455991753.jpg",5,287,287,129,94,416,381
"Morganza_all/036846@29.6837805005024,-90.7861278428496.jpg",1,157,284,371,102,528,386
"Morganza_all/036847@29.6834397096233,-90.7859847452511.jpg",2,0,233,640,266,640,499
"Morganza_all/036848@29.6828973447759,-90.7868303289229.jpg",2,1,122,640,387,641,509
"Morganza_all/036849@29.6829145521836,-90.7871654740163.jpg",5,274,244,152,171,426,415
"Morganza_all/036850@29.6828836928337,-90.7873558893975.jpg",1,250,262,173,129,423,391
"Morganza_all/036851@29.682812988682,-90.7874740575282.jpg",4,275,230,131,133,406,363
"Morganza_all/036852@29.6827268118508,-90.7876738756473.jpg",1,142,279,294,116,436,395
"Morganza_all/036858@29.7019181033272,-90.7923624038962.jpg",6,283,283,92,99,375,382
"Morganza_all/036860@29.7021871237303,-90.7915677805323.jpg",6,279,271,102,105,381,376
"Morganza_all/036861@29.7017710628531,-90.7906699307752.jpg",6,282,278,95,81,377,359
"Morganza_all/036862@29.7017142656064,-90.7901088087765.jpg",6,259,278,108,84,367,362
"Morganza_all/036863@29.7019223998029,-90.7896353568782.jpg",1,345,295,163,98,508,393
"Morganza_all/036865@29.7011041029678,-90.7893100478939.jpg",1,54,264,446,192,500,456
"Morganza_all/036867@29.7006885538452,-90.7904173598815.jpg",6,265,279,105,87,370,366
"Morganza_all/036869@29.6999652575171,-90.7923729639216.jpg",6,284,270,91,93,375,363
"Morganza_all/036870@29.6997769615742,-90.7919907782413.jpg",6,285,277,96,84,381,361
"Morganza_all/036871@29.7006053073731,-90.7891078015891.jpg",1,316,293,157,93,473,386
"Morganza_all/036872@29.7004049108276,-90.7895633783606.jpg",6,282,271,106,90,388,361
"Morganza_all/036876@29.6995043235223,-90.7900317013584.jpg",6,282,269,105,82,387,351
"Morganza_all/036877@29.6993269753069,-90.7904158666728.jpg",6,272,273,116,96,388,369
"Morganza_all/036878@29.6988649814896,-90.7915857712262.jpg",6,272,266,98,98,370,364
"Morganza_all/036879@29.6991617711364,-90.7899800785095.jpg",6,284,269,112,97,396,366
"Morganza_all/036880@29.6996313107308,-90.7887566070007.jpg",5,275,271,110,125,385,396
"Morganza_all/036881@29.6991558976098,-90.7885631529593.jpg",5,248,295,86,81,334,376
"Morganza_all/036882@29.6820489616546,-90.7882845874534.jpg",3,168,302,381,107,549,409
"Morganza_all/036883@29.6821267956897,-90.7879761364653.jpg",1,94,287,478,111,572,398
"Morganza_all/036884@29.6822286615373,-90.787739986494.jpg",5,232,304,144,110,376,414
"Morganza_all/036885@29.6823618867678,-90.787440270652.jpg",1,60,296,435,124,495,420
"Morganza_all/036886@29.6824560104995,-90.787240441179.jpg",4,283,288,162,87,445,375
"Morganza_all/036887@29.6825185685632,-90.7870679617034.jpg",1,172,294,374,123,546,417
"Morganza_all/036888@29.682573121103,-90.7868683476811.jpg",1,133,294,415,112,548,406
"Morganza_all/036889@29.6826746076009,-90.7865416249936.jpg",4,290,302,111,98,401,400
"Morganza_all/036890@29.6829251061051,-90.7858969559785.jpg",4,287,272,103,103,390,375
"Morganza_all/036891@29.683058213681,-90.7855700580346.jpg",1,236,191,201,213,437,404
"Morganza_all/036892@29.6988915358638,-90.7886002478727.jpg",6,276,259,112,125,388,384
"Morganza_all/036893@29.6986569432405,-90.7883163460899.jpg",5,294,296,162,137,456,433
"Morganza_all/036894@29.6985318645728,-90.7881744381048.jpg",5,265,276,139,111,404,387
"Morganza_all/036895@29.6984012610269,-90.7885761760499.jpg",1,93,261,409,175,502,436
"Morganza_all/036896@29.6983320259388,-90.7887636796059.jpg",1,203,233,245,208,448,441
"Morganza_all/036897@29.6982549810898,-90.7889512568953.jpg",1,272,262,274,169,546,431
"Morganza_all/036898@29.6981319261652,-90.7892905552665.jpg",1,151,275,361,151,512,426
"Morganza_all/036900@29.6979794487841,-90.7900488647472.jpg",4,261,264,138,121,399,385
"Morganza_all/036901@29.6978322798122,-90.7902100798258.jpg",1,165,276,412,141,577,417
"Morganza_all/036902@29.6976620866117,-90.790442697712.jpg",1,148,282,248,192,396,474
"Morganza_all/036903@29.6976313267783,-90.7905320018812.jpg",1,225,278,208,190,433,468
"Morganza_all/036904@29.6976320636739,-90.7907102093865.jpg",1,233,284,164,119,397,403
"Morganza_all/036905@29.69758596034,-90.7908530474804.jpg",4,270,264,126,138,396,402
"Morganza_all/036906@29.6975634885383,-90.791058153365.jpg",5,301,304,111,99,412,403
"Morganza_all/036907@29.6972733946287,-90.7905250302048.jpg",5,328,325,99,84,427,409
"Morganza_all/036908@29.6972882216026,-90.7903467073682.jpg",1,261,315,127,87,388,402
"Morganza_all/036909@29.6974577781075,-90.7899536783689.jpg",1,157,298,389,99,546,397
"Morganza_all/036910@29.69765120606,-90.7896941926877.jpg",1,165,292,316,188,481,480
"Morganza_all/036911@29.6976661057693,-90.7895336961097.jpg",1,237,264,324,186,561,450
"Morganza_all/036912@29.6978204745921,-90.7892387980139.jpg",1,227,255,200,190,427,445
"Morganza_all/036913@29.6826720321431,-90.7878191346179.jpg",1,165,271,247,140,412,411
"Morganza_all/036914@29.6823971155219,-90.7883008306147.jpg",5,258,245,140,143,398,388
"Morganza_all/036915@29.6820999964944,-90.7891450275351.jpg",4,299,279,86,114,385,393
"Morganza_all/036916@29.6820060476128,-90.789381101227.jpg",1,193,311,169,86,362,397
"Morganza_all/036917@29.6819354643461,-90.7895355138853.jpg",5,261,249,120,117,381,366
"Morganza_all/036918@29.6816613565584,-90.7902074732747.jpg",1,3,278,439,133,442,411
"Morganza_all/036919@29.6815514540744,-90.7904164537149.jpg",4,254,244,145,121,399,365
"Morganza_all/036920@29.6811950434734,-90.7903187151186.jpg",1,231,261,410,144,641,405
"Morganza_all/036921@29.6812891065515,-90.7901098213069.jpg",1,191,255,309,150,500,405
"Morganza_all/036922@29.6814225523872,-90.7898554274835.jpg",5,267,267,160,136,427,403
"Morganza_all/036923@29.6814925829773,-90.7895741683383.jpg",5,213,261,216,152,429,413
"Morganza_all/036924@29.6814357360095,-90.789221135181.jpg",5,306,290,130,95,436,385
"Morganza_all/036926@29.6978739518124,-90.7889978989974.jpg",1,187,308,239,113,426,421
"Morganza_all/036927@29.6977327550233,-90.7887224044757.jpg",4,238,242,144,200,382,442
"Morganza_all/036929@29.6981128130176,-90.7884351579231.jpg",1,161,277,324,120,485,397
"Morganza_all/036930@29.6981430999949,-90.7882389529869.jpg",1,278,271,167,127,445,398
"Morganza_all/036931@29.6982589158507,-90.7880244226864.jpg",3,95,257,371,131,466,388
"Morganza_all/036932@29.6978065886395,-90.7877684527015.jpg",2,199,289,434,114,633,403
"Morganza_all/036933@29.6976511493446,-90.7878049552692.jpg",3,233,243,221,162,454,405
"Morganza_all/036934@29.6974667752218,-90.7883763121696.jpg",1,127,283,365,127,492,410
"Morganza_all/036935@29.697351503903,-90.7887155662103.jpg",5,237,283,136,101,373,384
"Morganza_all/036936@29.6973836770187,-90.7889738254706.jpg",3,160,240,289,158,449,398
"Morganza_all/036937@29.6971277992598,-90.7891801694168.jpg",1,124,270,471,138,595,408
"Morganza_all/036938@29.6966620898554,-90.7894500486479.jpg",1,14,291,524,128,538,419
"Morganza_all/036939@29.6967386277849,-90.7891466630882.jpg",4,232,259,224,175,456,434
"Morganza_all/036940@29.6968469218014,-90.7889945733783.jpg",1,121,289,258,179,379,468
"Morganza_all/036941@29.6969313516358,-90.7887178534326.jpg",1,168,317,219,109,387,426
"Morganza_all/036942@29.6970549135367,-90.7884944019277.jpg",1,98,230,291,214,389,444
"Morganza_all/036943@29.6971315601904,-90.7882177233877.jpg",1,11,287,482,157,493,444
"Morganza_all/036944@29.6972700929623,-90.7878516016056.jpg",1,140,278,213,139,353,417
"Morganza_all/036945@29.6972070113774,-90.7876469622255.jpg",1,122,135,469,292,591,427
"Morganza_all/036946@29.6966898648306,-90.7886478588948.jpg",4,273,189,113,179,386,368
"Morganza_all/036947@29.6968561201262,-90.7874617523509.jpg",4,288,227,105,86,393,313
"Morganza_all/036948@29.6964372921313,-90.7877759197957.jpg",6,273,255,85,83,358,338
"Morganza_all/036950@29.6949655926375,-90.7893612545226.jpg",6,263,255,89,98,352,353
"Morganza_all/036951@29.6939064375065,-90.7909977548269.jpg",6,288,272,81,81,369,353
"Morganza_all/036953@29.6939166487232,-90.7915858574688.jpg",6,286,271,90,83,376,354
"Morganza_all/036954@29.6951050629635,-90.7873465489989.jpg",6,284,266,97,94,381,360
"Morganza_all/036955@29.6951742588159,-90.7871501057095.jpg",6,294,269,92,89,386,358
"Morganza_all/036958@29.6937446327461,-90.7876213116785.jpg",6,285,276,97,93,382,369
"Morganza_all/036959@29.6935283808923,-90.7880056712398.jpg",6,271,262,108,112,379,374
"Morganza_all/036960@29.6933512699658,-90.788452177853.jpg",6,289,268,91,108,380,376
"Morganza_all/036961@29.692691248698,-90.7887676744562.jpg",6,279,266,106,98,385,364
"Morganza_all/036962@29.6927451319028,-90.7886248000199.jpg",6,292,267,87,102,379,369
"Morganza_all/036963@29.6927986914091,-90.788410620831.jpg",6,282,261,115,111,397,372
"Morganza_all/036964@29.6928678794714,-90.7882053010517.jpg",6,283,276,103,101,386,377
"Morganza_all/036965@29.6929835102491,-90.7879462479697.jpg",6,296,270,82,98,378,368
"Morganza_all/036966@29.6930374021089,-90.7878122859381.jpg",6,266,268,103,102,369,370
"Morganza_all/036967@29.6930989922816,-90.7876515418089.jpg",6,273,275,109,95,382,370
"Morganza_all/036968@29.6931991318644,-90.7874103986773.jpg",6,281,267,99,118,380,385
"Morganza_all/036969@29.6933069418506,-90.7871424731649.jpg",6,281,276,82,96,363,372
"Morganza_all/036972@29.6930797570909,-90.7867694484555.jpg",6,286,278,88,90,374,368
"Morganza_all/036973@29.6930030488725,-90.787037203939.jpg",6,288,270,88,109,376,379
"Morganza_all/036974@29.6928839694136,-90.7864675602217.jpg",3,325,267,260,115,585,382
"Morganza_all/036975@29.6927540291124,-90.7870207370885.jpg",6,286,276,101,99,387,375
"Morganza_all/036976@29.6913365649428,-90.7866809580842.jpg",6,289,272,92,93,381,365
"Morganza_all/036984@29.6887849934617,-90.7867750840136.jpg",6,227,267,188,95,415,362
"Morganza_all/036985@29.6884837145991,-90.789164823027.jpg",6,261,276,87,84,348,360
"Morganza_all/036986@29.6867917043514,-90.7864117311568.jpg",1,59,211,517,138,576,349
"Morganza_all/036988@29.6864978477394,-90.7868410542225.jpg",1,180,248,287,101,467,349
"Morganza_all/036989@29.6871011547028,-90.7869201786348.jpg",5,308,260,114,97,422,357
"Morganza_all/036990@29.687090079782,-90.7870672528628.jpg",5,297,280,96,101,393,381
"Morganza_all/036991@29.6870731748194,-90.7872077136576.jpg",1,205,292,190,158,395,450
"Morganza_all/036992@29.6870504401317,-90.7873548514366.jpg",1,148,298,180,150,328,448
"Morganza_all/036993@29.6870334794616,-90.7874886042225.jpg",1,268,299,206,148,474,447
"Morganza_all/036994@29.6869874255692,-90.7876358690615.jpg",1,252,294,179,147,431,441
"Morganza_all/036995@29.6869938387568,-90.7877761709735.jpg",1,293,298,203,159,496,457
"Morganza_all/036996@29.6869652460918,-90.7879166952216.jpg",1,219,287,201,169,420,456
"Morganza_all/036997@29.6869541698117,-90.7880570924335.jpg",1,139,288,236,171,375,459
"Morganza_all/036998@29.6869488678709,-90.7881907814453.jpg",1,288,277,170,158,458,435
"Morganza_all/036999@29.6869378190247,-90.7883378551591.jpg",1,239,286,183,156,422,442
"Morganza_all/037000@29.6869267422939,-90.7884782522858.jpg",1,166,281,202,151,368,432
"Morganza_all/037001@29.6869156657576,-90.7886253575782.jpg",1,307,288,178,143,485,431
"Morganza_all/037002@29.6869103907366,-90.7887590463588.jpg",4,260,259,130,122,390,381
"Morganza_all/037003@29.6868940936376,-90.7890464852497.jpg",1,299,289,175,136,474,425
"Morganza_all/037004@29.6868596145761,-90.789180332806.jpg",1,262,302,109,95,371,397
"Morganza_all/037005@29.6868485646208,-90.7893274062793.jpg",1,247,301,191,111,438,412
"Morganza_all/037006@29.6868088923547,-90.7896083267164.jpg",1,298,298,128,111,426,409
"Morganza_all/037007@29.6867807957267,-90.7898690909804.jpg",1,267,303,119,92,386,395
"Morganza_all/037008@29.6867814322174,-90.7900228089866.jpg",5,299,274,90,97,389,371
"Morganza_all/037009@29.6863374073667,-90.7898915608173.jpg",1,231,278,359,204,590,482
"Morganza_all/037010@29.6862263942572,-90.7898587489944.jpg",1,241,286,182,109,423,395
"Morganza_all/037011@29.686109689798,-90.7898593829068.jpg",1,269,254,202,190,471,444
"Morganza_all/037012@29.6859811047073,-90.7898133133627.jpg",1,286,264,183,159,469,423
"Morganza_all/037013@29.685835085452,-90.7897739837898.jpg",1,279,295,112,85,391,380
"Morganza_all/037014@29.6855961515194,-90.7898554956976.jpg",2,58,275,577,125,635,400
"Morganza_all/037015@29.685618999639,-90.789735066496.jpg",2,105,279,535,115,640,394
"Morganza_all/037016@29.6856651110525,-90.7895944809586.jpg",1,108,268,255,149,363,417
"Morganza_all/037017@29.6856991475624,-90.7893603937204.jpg",1,20,274,618,130,638,404
"Morganza_all/037018@29.6859271145658,-90.7894527217419.jpg",1,199,283,154,124,353,407
"Morganza_all/037020@29.6862014975203,-90.7894846450182.jpg",1,142,286,211,152,353,438
"Morganza_all/037021@29.6863241701697,-90.7895173930465.jpg",2,1,284,549,147,550,431
"Morganza_all/037022@29.6864408191607,-90.7895033741959.jpg",2,4,288,637,159,641,447
"Morganza_all/037023@29.6864915131599,-90.7890620286059.jpg",2,2,273,519,145,521,418
"Morganza_all/037025@29.6858903354384,-90.7890252075378.jpg",3,0,277,641,158,641,435
"Morganza_all/037026@29.6859539352599,-90.7888845261246.jpg",3,20,281,620,156,640,437
"Morganza_all/037027@29.6860059312337,-90.788763969116.jpg",3,222,289,177,112,399,401
"Morganza_all/037028@29.6860462673071,-90.7886367673168.jpg",5,267,298,164,90,431,388
"Morganza_all/037029@29.6860865757584,-90.7885095655647.jpg",5,287,290,108,88,395,378
"Morganza_all/037030@29.6861443730288,-90.7883755918027.jpg",1,203,289,143,108,346,397
"Morganza_all/037033@29.6861544220331,-90.7879812365571.jpg",5,315,259,87,82,402,341
"Morganza_all/037034@29.686463200214,-90.7878659555915.jpg",3,97,245,259,115,356,360
"Morganza_all/037036@29.6865054519382,-90.7882065507379.jpg",1,245,303,124,105,369,408
"Morganza_all/037038@29.6864715285031,-90.7884673778447.jpg",1,227,317,120,98,347,415
"Morganza_all/037039@29.6864662813564,-90.788607742564.jpg",1,236,292,131,103,367,395
"Morganza_all/037040@29.6864434064344,-90.7887214650275.jpg",1,251,294,129,103,380,397
"Morganza_all/037041@29.6864089275014,-90.7888486354232.jpg",1,228,294,146,94,374,388
"Morganza_all/037042@29.6852561192547,-90.7894697223172.jpg",1,251,291,148,124,399,415
"Morganza_all/037043@29.6853138898315,-90.7893290737746.jpg",1,280,309,147,106,427,415
"Morganza_all/037044@29.6853541989555,-90.7892018732326.jpg",1,282,292,144,126,426,418
"Morganza_all/037045@29.6853944800752,-90.7890613195334.jpg",1,244,290,141,126,385,416
"Morganza_all/037046@29.6854348721585,-90.7889541796391.jpg",1,238,279,122,108,360,387
"Morganza_all/037047@29.6855218459995,-90.7888200482266.jpg",1,266,274,169,150,435,424
"Morganza_all/037048@29.6855680118515,-90.7886928153318.jpg",1,239,271,185,170,424,441
"Morganza_all/037049@29.6856083204889,-90.7885656457032.jpg",1,197,293,192,148,389,441
"Morganza_all/037050@29.6856486565939,-90.7884451209485.jpg",1,228,283,226,165,454,448
"Morganza_all/037051@29.6857122832931,-90.7883044393565.jpg",1,305,283,204,179,509,462
"Morganza_all/037052@29.6857642786039,-90.7881838508449.jpg",1,243,276,198,187,441,463
"Morganza_all/037053@29.6858394812409,-90.7880230759357.jpg",1,360,276,224,199,584,475
"Morganza_all/037054@29.685955269072,-90.7878018952762.jpg",1,200,288,326,171,526,459
"Morganza_all/037059@29.6989183208505,-90.7906782236273.jpg",6,280,275,100,85,380,360
"Morganza_all/037060@29.6989178773876,-90.7905709764802.jpg",6,291,273,81,87,372,360
"Morganza_all/037074@29.6981270874811,-90.7897288681572.jpg",1,198,304,107,86,305,390
"Morganza_all/037087@29.6760683587898,-90.7813128932787.jpg",1,238,284,222,88,460,372
"Morganza_all/037090@29.6766597628892,-90.7819350354369.jpg",1,223,301,307,82,530,383
"Morganza_all/037091@29.6748091499052,-90.7801667986369.jpg",1,208,290,250,86,458,376
"Morganza_all/037092@29.6743211046405,-90.7797786434385.jpg",1,12,272,467,84,479,356
"Morganza_all/037093@29.6746990849765,-90.7803725962837.jpg",1,252,263,233,121,485,384
"Morganza_all/037094@29.6746400165567,-90.7805292707289.jpg",1,221,270,228,128,449,398
"Morganza_all/037095@29.6745128744976,-90.7807351934214.jpg",1,145,295,440,95,585,390
"Morganza_all/037096@29.6744199264636,-90.7809506572291.jpg",1,136,280,399,118,535,398
"Morganza_all/037097@29.6743439040342,-90.7811367415917.jpg",1,136,291,391,104,527,395
"Morganza_all/037098@29.6742763923706,-90.7813130168452.jpg",1,110,279,353,108,463,387
"Morganza_all/037099@29.6742175007268,-90.7815185299321.jpg",1,195,287,323,105,518,392
"Morganza_all/037100@29.674141463952,-90.781694851699.jpg",1,149,273,320,123,469,396
"Morganza_all/037101@29.6740064522676,-90.7820571307875.jpg",1,200,285,324,113,524,398
"Morganza_all/037102@29.6739053604101,-90.7823703814633.jpg",1,37,299,594,99,631,398
"Morganza_all/037103@29.673727778421,-90.7827524481436.jpg",1,189,269,337,115,526,384
"Morganza_all/037104@29.6736433107253,-90.782958099914.jpg",1,186,260,301,116,487,376
"Morganza_all/037105@29.6735842801475,-90.7831245327624.jpg",1,237,253,306,129,543,382
"Morganza_all/037106@29.6733904379811,-90.7837021109152.jpg",3,10,298,488,81,498,379
"Morganza_all/037107@29.6731870187388,-90.7840354432388.jpg",1,197,276,388,128,585,404
"Morganza_all/037109@29.6730779289528,-90.7844757620096.jpg",1,88,286,445,98,533,384
"Morganza_all/037115@29.6727690646086,-90.7840768473796.jpg",3,71,295,333,110,404,405
"Morganza_all/037116@29.6727935612017,-90.7838128628053.jpg",3,103,304,310,107,413,411
"Morganza_all/037117@29.6728869097481,-90.7836853216162.jpg",1,76,291,329,95,405,386
"Morganza_all/037118@29.6729799440911,-90.7834893866968.jpg",5,101,284,351,106,452,390
"Morganza_all/037119@29.6730473768455,-90.783293592135.jpg",1,112,281,369,114,481,395
"Morganza_all/037123@29.6734269408604,-90.7822361930586.jpg",1,84,264,358,115,442,379
"Morganza_all/037124@29.6735713809431,-90.7820888445298.jpg",1,12,262,461,143,473,405
"Morganza_all/037125@29.6737655446644,-90.7815894179816.jpg",1,50,279,448,123,498,402
"Morganza_all/037126@29.6739092305045,-90.7812564082784.jpg",1,8,271,580,147,588,418
"Morganza_all/037127@29.6740443359033,-90.7809234449817.jpg",1,4,271,589,126,593,397
"Morganza_all/037132@29.6727268474613,-90.7780970150484.jpg",2,111,212,530,164,641,376
"Morganza_all/037133@29.6724300439646,-90.7785383790944.jpg",1,262,270,230,159,492,429
"Morganza_all/037134@29.6723287952276,-90.77881251958.jpg",1,169,247,402,141,571,388
"Morganza_all/037135@29.6722527620814,-90.7789888400751.jpg",1,197,248,394,145,591,393
"Morganza_all/037136@29.6721767424256,-90.7791749218981.jpg",1,230,239,401,138,631,377
"Morganza_all/037137@29.6721177166418,-90.7793413545389.jpg",1,273,212,284,150,557,362
"Morganza_all/037138@29.6719655110504,-90.7796744081948.jpg",3,250,204,267,212,517,416
"Morganza_all/037139@29.671898001343,-90.7798506802453.jpg",1,283,200,260,217,543,417
"Morganza_all/037141@29.6717241685263,-90.7790992406533.jpg",2,1,248,415,146,416,394
"Morganza_all/037144@29.671952529446,-90.7786191826774.jpg",3,94,276,234,104,328,380
"Morganza_all/037145@29.6721468041537,-90.7781491047743.jpg",2,3,262,399,149,402,411
"Morganza_all/037146@29.6719416904816,-90.7780720550867.jpg",2,5,251,326,154,331,405
"Morganza_all/037147@29.6723409115543,-90.777639916233.jpg",3,33,229,433,164,466,393
"Morganza_all/037148@29.6720587454924,-90.7775046939228.jpg",4,298,278,158,104,456,382
"Morganza_all/037152@29.6703216995782,-90.7763711139837.jpg",2,0,217,510,187,510,404
"Morganza_all/037165@29.668149006964,-90.7791581491151.jpg",6,294,289,81,81,375,370
"Morganza_all/037192@29.6688489735035,-90.7751872610129.jpg",1,175,277,466,114,641,391
"Morganza_all/037193@29.6683355474478,-90.7748481327748.jpg",4,280,294,133,90,413,384
"Morganza_all/037194@29.668413363366,-90.7750919830657.jpg",4,279,295,96,81,375,376
"Morganza_all/037195@29.668562364945,-90.7760193905074.jpg",2,95,293,546,116,641,409
"Morganza_all/037196@29.668393118561,-90.7763525322751.jpg",1,235,301,372,96,607,397
"Morganza_all/037197@29.668283101132,-90.7765681134726.jpg",2,169,298,472,111,641,409
"Morganza_all/037198@29.6682074852837,-90.7768421020729.jpg",2,285,298,356,103,641,401
"Morganza_all/037199@29.668148545353,-90.7770280830751.jpg",3,235,296,209,108,444,404
"Morganza_all/037200@29.6680556173799,-90.7772533293039.jpg",1,126,256,503,151,629,407
"Morganza_all/037201@29.6679203697186,-90.7775569946993.jpg",1,134,317,446,94,580,411
"Morganza_all/037202@29.6678106811929,-90.7778507246652.jpg",1,238,317,277,100,515,417
"Morganza_all/037203@29.6677006611659,-90.7780662714737.jpg",1,206,316,202,97,408,413
"Morganza_all/037204@29.6676077589071,-90.7782915155778.jpg",1,194,307,397,102,591,409
"Morganza_all/037205@29.667515021621,-90.778555866192.jpg",1,206,319,226,110,432,429
"Morganza_all/037206@29.6673377533729,-90.7790160661417.jpg",1,208,253,277,82,485,335
"Morganza_all/037210@29.6666805616099,-90.7789806303381.jpg",1,286,292,264,95,550,387
"Morganza_all/037211@29.6667732172343,-90.7786967604892.jpg",1,200,264,276,136,476,400
"Morganza_all/037212@29.6668991990453,-90.7782172932402.jpg",1,170,254,467,180,637,434
"Morganza_all/037213@29.6671559284243,-90.7783917278664.jpg",1,167,305,255,93,422,398
"Morganza_all/037214@29.6672489963214,-90.7782055916961.jpg",3,197,298,282,107,479,405
"Morganza_all/037215@29.6669667065756,-90.7780410288928.jpg",1,213,272,286,150,499,422
"Morganza_all/037216@29.6670678709324,-90.7777473489392.jpg",1,167,312,379,108,546,420
"Morganza_all/037217@29.6672995373896,-90.7780489747517.jpg",3,104,281,220,125,324,406
"Morganza_all/037219@29.6674935202705,-90.7775104962344.jpg",1,58,289,382,101,440,390
"Morganza_all/037220@29.6671948154569,-90.7775023940953.jpg",1,108,314,358,101,466,415
"Morganza_all/037221@29.667262059696,-90.7772577388745.jpg",1,38,290,356,211,394,501
"Morganza_all/037222@29.6676709214012,-90.7770893685541.jpg",2,59,261,578,168,637,429
"Morganza_all/037223@29.6674229080989,-90.7769539642235.jpg",2,10,305,631,109,641,414
"Morganza_all/037224@29.6674731300698,-90.7767289566673.jpg",2,236,281,405,119,641,400
"Morganza_all/037225@29.6677723322955,-90.7768543146239.jpg",1,41,298,310,106,351,404
"Morganza_all/037226@29.6678907504158,-90.7766093728596.jpg",3,7,295,396,117,403,412
"Morganza_all/037227@29.6675829819326,-90.776474301927.jpg",4,296,279,115,95,411,374
"Morganza_all/037228@29.6676844331694,-90.7762490085842.jpg",1,159,298,385,95,544,393
"Morganza_all/037229@29.6679667250189,-90.7764135360255.jpg",1,95,243,393,168,488,411
"Morganza_all/037232@29.6678617056879,-90.7757985633134.jpg",3,193,297,448,103,641,400
"Morganza_all/037233@29.6681609917306,-90.775943441076.jpg",1,23,284,391,111,414,395
"Morganza_all/037234@29.6682791590944,-90.7756398994237.jpg",1,61,281,380,113,441,394
"Morganza_all/037235@29.6680227168341,-90.7755338601314.jpg",3,147,268,269,138,416,406
"Morganza_all/037239@29.6672231669442,-90.776134316106.jpg",1,147,249,286,134,433,383
"Morganza_all/037241@29.6670634813799,-90.7767116812727.jpg",1,128,278,336,131,464,409
"Morganza_all/037242@29.6668946060554,-90.7771327596875.jpg",3,131,252,241,130,372,382
"Morganza_all/037243@29.6667850841585,-90.777465593749.jpg",3,29,273,308,135,337,408
"Morganza_all/037244@29.6665987987172,-90.7778085828498.jpg",3,88,290,334,100,422,390
"Morganza_all/037245@29.6664972207283,-90.7780045580136.jpg",1,107,284,307,89,414,373
"Morganza_all/037249@29.6660073248939,-90.7791895310484.jpg",1,146,268,249,97,395,365
"Morganza_all/037285@29.661177925352,-90.7712535735281.jpg",1,114,268,248,102,362,370
"Morganza_all/037288@29.6605101690812,-90.7707492721277.jpg",3,252,281,244,90,496,371
"Morganza_all/037289@29.6602186054435,-90.7704187389337.jpg",1,170,250,376,148,546,398
"Morganza_all/037291@29.6599704173416,-90.7702442572498.jpg",3,91,273,550,111,641,384
"Morganza_all/037292@29.6599027669941,-90.7703912024758.jpg",3,102,280,538,102,640,382
"Morganza_all/037311@29.6505417637982,-90.7651428961321.jpg",1,285,287,206,84,491,371
"Morganza_all/037312@29.6503763461563,-90.7654012354694.jpg",3,222,279,263,122,485,401
"Morganza_all/037313@29.6503106932217,-90.7656208514521.jpg",1,239,277,285,105,524,382
"Morganza_all/037314@29.6502117940029,-90.7658597339611.jpg",1,48,213,475,159,523,372
"Morganza_all/037315@29.6501050018873,-90.7661939892446.jpg",1,167,275,344,102,511,377
"Morganza_all/037316@29.6499315796633,-90.7665286526119.jpg",3,122,287,501,104,623,391
"Morganza_all/037317@29.6497584446268,-90.7669300240297.jpg",1,147,280,463,115,610,395
"Morganza_all/037318@29.6223660801942,-90.7506069120627.jpg",1,197,248,312,96,509,344
"Morganza_all/037320@29.6217555092309,-90.7500005104182.jpg",1,206,262,296,86,502,348
"Morganza_all/037325@29.6918256365545,-90.7865282730968.jpg",1,236,280,177,91,413,371
"Morganza_all/037332@29.6872227754833,-90.7887572516204.jpg",6,291,289,82,82,373,371
"Morganza_all/037336@29.6817106619131,-90.788787251547.jpg",5,319,299,83,83,402,382
"Morganza_all/037339@29.6823247603219,-90.7886772760339.jpg",3,256,295,362,90,618,385
"Morganza_all/037345@29.6494535982834,-90.767684833172.jpg",1,84,300,549,95,633,395
"Morganza_all/037346@29.6492639186465,-90.7681148798053.jpg",2,219,303,380,93,599,396
"Morganza_all/037347@29.6490825973449,-90.7685449091192.jpg",2,7,274,475,153,482,427
"Morganza_all/037349@29.6485429400451,-90.7689197233103.jpg",3,211,273,172,90,383,363
"Morganza_all/037350@29.6487074618312,-90.7684516987116.jpg",1,291,292,349,134,640,426
"Morganza_all/037351@29.6487978692902,-90.7681747142336.jpg",3,50,284,477,99,527,383
"Morganza_all/037352@29.6489055156592,-90.7680311153681.jpg",2,2,299,345,92,347,391
"Morganza_all/037353@29.6489792581407,-90.7677542556062.jpg",1,22,289,427,108,449,397
"Morganza_all/037354@29.6490533289085,-90.7675536429932.jpg",2,12,280,417,116,429,396
"Morganza_all/037355@29.6491439812825,-90.7673338582065.jpg",1,10,294,485,111,495,405
"Morganza_all/037356@29.6493336583601,-90.7669038106084.jpg",1,21,287,486,111,507,398
"Morganza_all/037357@29.6494571577223,-90.7665790031506.jpg",1,84,287,415,108,499,395
"Morganza_all/037358@29.6495311854654,-90.7663688498501.jpg",1,107,285,416,103,523,388
"Morganza_all/037359@29.6496301268574,-90.7661395083379.jpg",1,148,288,405,115,553,403
"Morganza_all/037360@29.6497868014691,-90.7657858935056.jpg",3,124,292,379,102,503,394
"Morganza_all/037361@29.6499018420703,-90.7654325137858.jpg",3,198,287,443,104,641,391
"Morganza_all/037362@29.6500092377281,-90.7652317084382.jpg",1,69,260,282,119,351,379
"Morganza_all/037363@29.6501327741422,-90.7649164041602.jpg",1,71,214,298,179,369,393
"Morganza_all/037364@29.6498492342895,-90.7648226861025.jpg",5,263,270,94,94,357,364
"Morganza_all/037366@29.6493655995356,-90.7646633946983.jpg",2,121,234,520,193,641,427
"Morganza_all/037367@29.6492251928583,-90.7649310973457.jpg",2,14,300,625,145,639,445
"Morganza_all/037368@29.6491264601385,-90.7652081332293.jpg",2,236,293,405,138,641,431
"Morganza_all/037369@29.649002840441,-90.7655043563586.jpg",2,167,283,469,153,636,436
"Morganza_all/037370@29.6489123148113,-90.7657527274134.jpg",1,36,289,478,138,514,427
"Morganza_all/037371@29.6487307125553,-90.7661159880102.jpg",2,241,294,398,128,639,422
"Morganza_all/037372@29.64867328071,-90.7663165067944.jpg",2,227,291,414,129,641,420
"Morganza_all/037373@29.6485741742815,-90.7665077223448.jpg",3,213,294,425,132,638,426
"Morganza_all/037374@29.6484916907314,-90.7666893358986.jpg",2,178,296,463,127,641,423
"Morganza_all/037375@29.6484177447093,-90.7669185328068.jpg",2,95,288,546,140,641,428
"Morganza_all/037376@29.6481452949871,-90.7674634490567.jpg",3,204,289,437,154,641,443
"Morganza_all/037377@29.6477910417353,-90.7683424664249.jpg",1,214,190,427,225,641,415
"Morganza_all/037378@29.6479010415365,-90.7687517679636.jpg",6,272,266,122,119,394,385
"Morganza_all/037381@29.6476514072095,-90.7687913002117.jpg",5,311,267,145,112,456,379
"Morganza_all/037382@29.6470672036378,-90.7684895406332.jpg",4,282,254,134,107,416,361
"Morganza_all/037384@29.6466998528998,-90.768262839295.jpg",1,306,276,276,95,582,371
"Morganza_all/037385@29.6473486059369,-90.7680875713284.jpg",3,264,304,344,112,608,416
"Morganza_all/037386@29.6474391771124,-90.7678487449267.jpg",1,83,261,543,150,626,411
"Morganza_all/037387@29.6470729074889,-90.767879430759.jpg",1,136,291,351,135,487,426
"Morganza_all/037388@29.6471551050396,-90.7676311132826.jpg",3,47,306,484,113,531,419
"Morganza_all/037389@29.6476724346295,-90.7678760438676.jpg",2,0,264,416,168,416,432
"Morganza_all/037390@29.6477713373953,-90.7676371379304.jpg",2,127,281,514,164,641,445
"Morganza_all/037391@29.6475217035386,-90.7676767043879.jpg",3,158,232,174,170,332,402
"Morganza_all/037392@29.6475877709513,-90.7675523881832.jpg",1,149,244,453,166,602,410
"Morganza_all/037393@29.647636954884,-90.7673709967568.jpg",1,272,273,162,142,434,415
"Morganza_all/037394@29.6478454079879,-90.7674365276517.jpg",1,87,287,479,140,566,427
"Morganza_all/037395@29.6477027616239,-90.7671799722105.jpg",4,268,270,135,122,403,392
"Morganza_all/037396@29.6479445980969,-90.7672643918314.jpg",2,2,272,390,165,392,437
"Morganza_all/037397@29.6472786472364,-90.7673158209567.jpg",1,82,270,492,167,574,437
"Morganza_all/037398@29.6474190998326,-90.7670576340389.jpg",1,115,296,491,131,606,427
"Morganza_all/037399@29.6475262509692,-90.7667996348816.jpg",1,41,291,488,126,529,417
"Morganza_all/037400@29.6476332918065,-90.7665225894501.jpg",1,13,295,402,137,415,432
"Morganza_all/037401@29.6480435410615,-90.7670350548397.jpg",2,10,290,448,149,458,439
"Morganza_all/037402@29.6479419640015,-90.7666542922309.jpg",1,58,253,488,161,546,414
"Morganza_all/037403@29.6481339180333,-90.766758071075.jpg",3,180,300,277,132,457,432
"Morganza_all/037404@29.6482410274964,-90.7664905624985.jpg",4,229,292,158,147,387,439
"Morganza_all/037405@29.6481809583155,-90.7660809790446.jpg",1,62,308,423,118,485,426
"Morganza_all/037406@29.6483896593642,-90.7662037086347.jpg",2,12,276,445,173,457,449
"Morganza_all/037407@29.6482798166814,-90.7658325628604.jpg",1,54,288,521,139,575,427
"Morganza_all/037408@29.6484800622142,-90.7659267544868.jpg",2,3,294,401,129,404,423
"Morganza_all/037409@29.6486122625103,-90.76568768732.jpg",1,20,288,425,150,445,438
"Morganza_all/037410@29.6484201013471,-90.7655362477446.jpg",1,101,291,456,140,557,431
"Morganza_all/037411@29.6487525055492,-90.7653818322316.jpg",2,7,287,403,138,410,425
"Morganza_all/037412@29.6477821574176,-90.7662834306862.jpg",1,39,270,556,161,595,431
"Morganza_all/037413@29.6479055727388,-90.7659395500878.jpg",1,125,291,473,148,598,439
"Morganza_all/037414@29.6480376080933,-90.7656623609213.jpg",2,49,284,591,155,640,439
"Morganza_all/037415@29.6481448114389,-90.7654234048063.jpg",3,70,243,545,196,615,439
"Morganza_all/037416@29.6482849713652,-90.7650985047755.jpg",1,39,257,454,188,493,445
"Morganza_all/037417@29.6479120487928,-90.7655105444349.jpg",2,212,281,429,170,641,451
"Morganza_all/037418@29.6480439318127,-90.7652047386873.jpg",4,256,275,158,107,414,382
"Morganza_all/037422@29.6482164004645,-90.7646508458583.jpg",3,53,281,226,91,279,372
"Morganza_all/037425@29.648399927569,-90.7647260835459.jpg",3,268,287,205,87,473,374
"Morganza_all/037426@29.6487002281096,-90.7648482903375.jpg",2,130,258,511,163,641,421
"Morganza_all/037427@29.6488729847368,-90.7643611333564.jpg",5,267,273,132,87,399,360
"Morganza_all/037428@29.64909022617,-90.7645314754601.jpg",1,34,284,554,134,588,418
"Morganza_all/037430@29.6476659292518,-90.7644442431384.jpg",6,287,283,90,87,377,370
"Morganza_all/037432@29.6475765210863,-90.7649499986027.jpg",6,283,275,94,85,377,360
"Morganza_all/037434@29.6472510864306,-90.764789780126.jpg",6,286,271,94,90,380,361
"Morganza_all/037435@29.6470909851147,-90.7643521852119.jpg",6,288,275,92,85,380,360
"Morganza_all/037437@29.6462901191637,-90.7659391686209.jpg",6,289,279,89,101,378,380
"Morganza_all/037438@29.6458359457386,-90.7668187406748.jpg",6,275,278,111,92,386,370
"Morganza_all/037439@29.6457383607835,-90.7673626544029.jpg",6,268,268,110,109,378,377
"Morganza_all/037440@29.6459067020701,-90.7677811555925.jpg",6,278,273,100,91,378,364
"Morganza_all/037441@29.6467807385225,-90.7638582443274.jpg",6,281,270,87,103,368,373
"Morganza_all/037443@29.6464055996409,-90.7637650536279.jpg",6,294,265,86,97,380,362
"Morganza_all/037444@29.6463478679256,-90.7638893234622.jpg",6,286,262,91,104,377,366
"Morganza_all/037445@29.6463151461897,-90.7640229582072.jpg",6,282,270,103,99,385,369
"Morganza_all/037446@29.6461409850692,-90.7641860134559.jpg",6,272,275,96,95,368,370
"Morganza_all/037448@29.6458785910151,-90.7632056441729.jpg",1,127,258,323,161,450,419
"Morganza_all/037449@29.6456723032328,-90.7636453172709.jpg",6,283,277,90,84,373,361
"Morganza_all/037454@29.644926920387,-90.7645742110232.jpg",6,279,280,91,81,370,361
"Morganza_all/037455@29.6451076358537,-90.7640012415707.jpg",6,297,281,91,90,388,371
"Morganza_all/037456@29.6453873816806,-90.7632274879396.jpg",3,194,261,227,97,421,358
"Morganza_all/037457@29.6449189307006,-90.7627344607716.jpg",4,250,252,135,131,385,383
"Morganza_all/037458@29.6446438458248,-90.7626693214493.jpg",3,175,283,332,86,507,369
"Morganza_all/037461@29.6447142873832,-90.7635459076962.jpg",6,285,285,90,83,375,368
"Morganza_all/037463@29.6445658819823,-90.7638899224853.jpg",6,283,281,86,89,369,370
"Morganza_all/037465@29.6444504319408,-90.76414796435.jpg",6,274,270,88,90,362,360
"Morganza_all/037466@29.6442505987328,-90.7641491006729.jpg",6,277,272,101,102,378,374
"Morganza_all/037467@29.6442103301245,-90.764463882672.jpg",6,277,279,109,82,386,361
"Morganza_all/037468@29.6441371868905,-90.764883744044.jpg",6,279,276,101,82,380,358
"Morganza_all/037470@29.6440469101643,-90.7651893021285.jpg",6,274,276,100,95,374,371
"Morganza_all/037471@29.6439807622373,-90.7652945073544.jpg",6,277,273,98,102,375,375
"Morganza_all/037472@29.6437504471307,-90.7659535645825.jpg",6,267,276,121,95,388,371
"Morganza_all/037473@29.6440255305222,-90.7660187438287.jpg",6,272,270,96,91,368,361
"Morganza_all/037475@29.644107642021,-90.7657513556984.jpg",6,276,273,94,97,370,370
"Morganza_all/037476@29.644297685373,-90.7654071090273.jpg",6,272,269,109,107,381,376
"Morganza_all/037477@29.6443304498273,-90.7652830157922.jpg",6,284,277,82,85,366,362
"Morganza_all/037478@29.6443965976077,-90.7651777787114.jpg",6,283,277,90,104,373,381
"Morganza_all/037479@29.6444209332623,-90.7650251173091.jpg",6,277,277,112,110,389,387
"Morganza_all/037480@29.6444703202475,-90.7648913907855.jpg",6,272,276,111,90,383,366
"Morganza_all/037481@29.6445364677133,-90.7647861532989.jpg",6,270,273,107,98,377,371
"Morganza_all/037482@29.6445942277814,-90.7646618860744.jpg",6,261,271,130,116,391,387
"Morganza_all/037483@29.6446352822832,-90.7645282064879.jpg",6,277,277,120,106,397,383
"Morganza_all/037484@29.6447095962301,-90.7643847991122.jpg",6,256,277,125,95,381,372
"Morganza_all/037485@29.6447589411814,-90.7642415334826.jpg",6,268,271,84,92,352,363
"Morganza_all/037486@29.6448081204055,-90.7640601140759.jpg",6,271,273,103,108,374,381
"Morganza_all/037487@29.6448658938257,-90.763945416146.jpg",6,274,273,82,103,356,376
"Morganza_all/037488@29.6448904763774,-90.7638499527486.jpg",6,288,272,90,103,378,375
"Morganza_all/037489@29.645047310448,-90.7635344733228.jpg",6,285,282,86,83,371,365
"Morganza_all/037491@29.6242041379973,-90.7519876572105.jpg",1,224,250,186,96,410,346
"Morganza_all/037492@29.6240057829863,-90.7523224035068.jpg",6,271,262,88,81,359,343
"Morganza_all/037494@29.6235287267363,-90.7536594177614.jpg",6,277,272,87,88,364,360
"Morganza_all/037502@29.6208199632913,-90.7493483611797.jpg",5,311,271,98,83,409,354
"Morganza_all/037503@29.6210957340159,-90.7495659637573.jpg",1,241,258,191,112,432,370
"Morganza_all/037504@29.6209974574574,-90.7499382038847.jpg",3,59,270,538,118,597,388
"Morganza_all/037505@29.6209111410051,-90.7501864951931.jpg",1,145,268,419,107,564,375
"Morganza_all/037506@29.620843370681,-90.7503941721406.jpg",1,124,285,355,90,479,375
"Morganza_all/037507@29.6207691398429,-90.7505590199979.jpg",1,153,284,341,96,494,380
"Morganza_all/037508@29.6207137220286,-90.7507308710592.jpg",1,158,281,357,98,515,379
"Morganza_all/037509@29.6206519117331,-90.7508813574097.jpg",5,197,272,127,92,324,364
"Morganza_all/037510@29.6205464965811,-90.7510463544778.jpg",1,215,278,300,92,515,370
"Morganza_all/037512@29.6204483110569,-90.7514400551648.jpg",1,122,270,390,111,512,381
"Morganza_all/037513@29.6203739478079,-90.7515691490196.jpg",1,185,284,403,100,588,384
"Morganza_all/037514@29.6203186913979,-90.7517838955855.jpg",1,135,280,385,116,520,396
"Morganza_all/037515@29.6202196483132,-90.7519846074286.jpg",2,204,247,437,190,641,437
"Morganza_all/037517@29.620512209679,-90.7503603783686.jpg",3,328,248,218,148,546,396
"Morganza_all/037518@29.6202820908183,-90.7505761437065.jpg",1,187,294,395,114,582,408
"Morganza_all/037519@29.6202328876938,-90.75074795776.jpg",3,263,278,228,121,491,399
"Morganza_all/037520@29.6201398303584,-90.750884336438.jpg",1,163,275,345,152,508,427
"Morganza_all/037521@29.6200969641997,-90.7510775462998.jpg",1,151,299,362,111,513,410
"Morganza_all/037523@29.6198683029585,-90.7516220974806.jpg",1,157,282,347,120,504,402
"Morganza_all/037524@29.6198067092148,-90.7518154467415.jpg",4,272,283,129,110,401,393
"Morganza_all/037525@29.6212801685134,-90.7503130086266.jpg",1,69,270,386,114,455,384
"Morganza_all/037526@29.621168929128,-90.7505781262069.jpg",1,150,277,407,100,557,377
"Morganza_all/037527@29.6211259683541,-90.7507499369312.jpg",1,155,273,308,114,463,387
"Morganza_all/037528@29.621033037793,-90.7509148622944.jpg",1,102,283,388,105,490,388
"Morganza_all/037529@29.6210026561543,-90.7511080327388.jpg",1,124,288,361,93,485,381
"Morganza_all/037532@29.6207798840894,-90.751566790263.jpg",4,302,301,109,93,411,394
"Morganza_all/037533@29.6207183854718,-90.7517815739589.jpg",1,134,290,359,98,493,388
"Morganza_all/037534@29.6206315416372,-90.7519178847755.jpg",1,60,292,357,94,417,386
"Morganza_all/037535@29.6205762846566,-90.7521326317014.jpg",2,192,258,449,209,641,467
"Morganza_all/037536@29.6208269699234,-90.7523313142296.jpg",2,4,256,565,185,569,441
"Morganza_all/037537@29.6209323190705,-90.7521448537334.jpg",2,3,285,393,123,396,408
"Morganza_all/037538@29.6210064293925,-90.7519585742404.jpg",4,312,292,104,87,416,379
"Morganza_all/037540@29.6211977022892,-90.7514285552927.jpg",5,325,272,97,87,422,359
"Morganza_all/037542@29.6214848904941,-90.7514125657472.jpg",4,248,291,108,88,356,379
"Morganza_all/037548@29.6220311899411,-90.7520812874075.jpg",2,0,294,336,109,336,403
"Morganza_all/037549@29.6219632900056,-90.7522603881855.jpg",1,20,285,426,107,446,392
"Morganza_all/037550@29.6218766630496,-90.7524395659004.jpg",1,67,277,457,109,524,386
"Morganza_all/037551@29.6218336365672,-90.7525970884537.jpg",4,321,273,101,102,422,375
"Morganza_all/037552@29.6217721046403,-90.7528047294882.jpg",3,107,276,349,103,456,379
"Morganza_all/037553@29.621611053068,-90.7531058565751.jpg",3,151,283,315,114,466,397
"Morganza_all/037554@29.6215494255429,-90.7532920640153.jpg",1,111,285,400,115,511,400
"Morganza_all/037555@29.6214627971761,-90.753471240097.jpg",1,159,280,427,120,586,400
"Morganza_all/037556@29.6213885268114,-90.7536217980096.jpg",1,124,283,415,124,539,407
"Morganza_all/037557@29.6213455934818,-90.7538007205911.jpg",1,149,257,492,162,641,419
"Morganza_all/037558@29.6212527264075,-90.753987107873.jpg",3,228,285,352,102,580,387
"Morganza_all/037559@29.6211910976303,-90.7541733141044.jpg",3,179,277,460,128,639,405
"Morganza_all/037560@29.6211230685328,-90.7543238035154.jpg",1,144,270,442,116,586,386
"Morganza_all/037561@29.6210488601159,-90.7544886172883.jpg",1,146,264,433,130,579,394
"Morganza_all/037562@29.6209809884133,-90.7546748589096.jpg",3,203,269,424,122,627,391
"Morganza_all/037563@29.6209192324671,-90.7548324558246.jpg",1,113,268,478,128,591,396
"Morganza_all/037564@29.6208576024889,-90.7550186609154.jpg",1,98,275,485,122,583,397
"Morganza_all/037565@29.6207771234863,-90.755183509941.jpg",1,117,268,481,121,598,389
"Morganza_all/037566@29.6207216092802,-90.7553411016574.jpg",3,119,265,377,126,496,391
"Morganza_all/037567@29.6206349466346,-90.7555131302759.jpg",3,92,268,488,126,580,394
"Morganza_all/037568@29.6205608312627,-90.7556994064466.jpg",2,123,268,502,135,625,403
"Morganza_all/037569@29.6205241374495,-90.7558783221276.jpg",3,191,223,297,188,488,411
"Morganza_all/037570@29.6203568051584,-90.7561723323115.jpg",5,325,258,97,99,422,357
"Morganza_all/037571@29.6207218820417,-90.7582430468253.jpg",2,45,237,596,142,641,379
"Morganza_all/037573@29.6201861374376,-90.755708712552.jpg",1,76,295,366,107,442,402
"Morganza_all/037574@29.6202478629634,-90.7555439731503.jpg",1,14,303,414,99,428,402
"Morganza_all/037575@29.6204086679179,-90.7551856376007.jpg",1,159,294,327,109,486,403
"Morganza_all/037576@29.620470361282,-90.7550137533135.jpg",1,124,291,368,111,492,402
"Morganza_all/037577@29.6205446018733,-90.7548560850843.jpg",1,79,292,398,103,477,395
"Morganza_all/037578@29.6206250172819,-90.7546769162904.jpg",1,56,299,393,99,449,398
"Morganza_all/037579@29.6206804677659,-90.7545050674067.jpg",1,115,296,338,109,453,405
"Morganza_all/037580@29.6207547706864,-90.754361655431.jpg",5,281,281,118,95,399,376
"Morganza_all/037581@29.6208288842965,-90.7541754093816.jpg",5,305,306,121,100,426,406
"Morganza_all/037582@29.6208905446373,-90.7539963480516.jpg",3,67,286,390,114,457,400
"Morganza_all/037583@29.620964594449,-90.7537957815433.jpg",3,92,284,419,108,511,392
"Morganza_all/037584@29.6210265662551,-90.7536810806475.jpg",5,224,259,139,91,363,350
"Morganza_all/037585@29.6211005838571,-90.7534733379198.jpg",1,48,289,412,118,460,407
"Morganza_all/037586@29.6211685171881,-90.7533014152262.jpg",5,316,283,89,86,405,369
"Morganza_all/037587@29.6212426923667,-90.7531294246526.jpg",1,89,289,412,122,501,411
"Morganza_all/037588@29.6212981724378,-90.7529647181069.jpg",1,152,285,337,123,489,408
"Morganza_all/037589@29.6214404020133,-90.7526422360755.jpg",2,114,262,527,176,641,438
"Morganza_all/037590@29.6215269976042,-90.7524559150453.jpg",3,99,264,438,136,537,400
"Morganza_all/037591@29.6216011083664,-90.7522696346761.jpg",3,196,283,304,106,500,389
"Morganza_all/037592@29.6216442295804,-90.7521335766597.jpg",1,65,231,372,161,437,392
"Morganza_all/037594@29.6214553281651,-90.7517844378222.jpg",5,289,269,97,93,386,362
"Morganza_all/037596@29.6213069534726,-90.7521283901251.jpg",1,161,277,379,117,540,394
"Morganza_all/037597@29.621257807467,-90.7523073492671.jpg",3,169,281,458,116,627,397
"Morganza_all/037598@29.6211773952975,-90.7524865210965.jpg",3,191,276,375,164,566,440
"Morganza_all/037599@29.6210351303529,-90.7527947138695.jpg",5,261,310,160,90,421,400
"Morganza_all/037600@29.6209859875539,-90.752980816591.jpg",3,202,295,323,113,525,408
"Morganza_all/037601@29.6208931532481,-90.7531743481904.jpg",3,227,295,304,92,531,387
"Morganza_all/037602@29.6207634658721,-90.7535038994589.jpg",3,153,285,371,120,524,405
"Morganza_all/037603@29.6207143537815,-90.7536971770135.jpg",3,160,271,297,117,457,388
"Morganza_all/037604@29.6206212932418,-90.7538335221339.jpg",1,56,283,423,102,479,385
"Morganza_all/037605@29.6205408788465,-90.7540126601263.jpg",3,102,275,417,113,519,388
"Morganza_all/037606@29.6204791869335,-90.7541845766236.jpg",3,94,285,382,100,476,385
"Morganza_all/037607@29.6204174946561,-90.7543564614368.jpg",1,118,287,293,108,411,395
"Morganza_all/037608@29.620349497017,-90.7545141252209.jpg",1,104,275,353,125,457,400
"Morganza_all/037609@29.6202691407115,-90.7547004062038.jpg",1,62,281,468,119,530,400
"Morganza_all/037610@29.620182514568,-90.754886754583.jpg",3,203,289,298,115,501,404
"Morganza_all/037611@29.6201395125037,-90.7550442417882.jpg",3,124,290,293,107,417,397
"Morganza_all/037612@29.6200590336056,-90.755209121083.jpg",3,102,290,404,114,506,404
"Morganza_all/037613@29.6199974975393,-90.7554167568319.jpg",1,162,287,419,119,581,406
"Morganza_all/037615@29.6197686608735,-90.7559255453538.jpg",3,37,290,446,132,483,422
"Morganza_all/037616@29.6197006927923,-90.7560903511928.jpg",1,151,278,431,125,582,403
"Morganza_all/037618@29.6195523971494,-90.7564485791919.jpg",1,203,287,362,109,565,396
"Morganza_all/037619@29.6194783786079,-90.7566634293208.jpg",1,232,282,355,109,587,391
"Morganza_all/037620@29.6193979565761,-90.7568354501879.jpg",1,168,287,372,109,540,396
"Morganza_all/037621@29.6191592595687,-90.7565223187036.jpg",1,148,258,479,172,627,430
"Morganza_all/037622@29.6192824606524,-90.756135628236.jpg",1,19,271,390,114,409,385
"Morganza_all/037623@29.6193752678795,-90.7559349583768.jpg",2,0,270,405,139,405,409
"Morganza_all/037624@29.6194556574052,-90.7557558241725.jpg",4,295,275,85,94,380,369
"Morganza_all/037625@29.6195914351071,-90.7553904919517.jpg",3,219,301,422,112,641,413
"Morganza_all/037627@29.6197210602214,-90.7550395143956.jpg",3,105,277,397,106,502,383
"Morganza_all/037628@29.6198140274854,-90.7548817391721.jpg",3,103,282,400,123,503,405
"Morganza_all/037629@29.6198881732191,-90.7547026079408.jpg",1,129,273,433,124,562,397
"Morganza_all/037630@29.6199437183281,-90.7545521928134.jpg",1,81,285,336,126,417,411
"Morganza_all/037631@29.620079772833,-90.7542440733146.jpg",3,22,300,377,115,399,415
"Morganza_all/037632@29.6201849077198,-90.7540147198524.jpg",1,156,277,370,115,526,392
"Morganza_all/037633@29.6202342098264,-90.7538643400257.jpg",3,88,285,453,122,541,407
"Morganza_all/037634@29.6203083500913,-90.753678062945.jpg",1,78,288,429,116,507,404
"Morganza_all/037635@29.6203826522476,-90.7535346823609.jpg",1,103,289,368,115,471,404
"Morganza_all/037636@29.6204506804414,-90.7533841935265.jpg",4,272,275,113,87,385,362
"Morganza_all/037637@29.6205370873245,-90.7531549783012.jpg",1,133,282,435,123,568,405
"Morganza_all/037638@29.6205802094586,-90.7530189221121.jpg",4,266,265,167,112,433,377
"Morganza_all/037639@29.6206542893998,-90.7528254997118.jpg",5,271,231,180,150,451,381
"Morganza_all/037640@29.6207284598215,-90.752646365295.jpg",2,4,259,386,146,390,405
"Morganza_all/037641@29.6204340520454,-90.7524479358481.jpg",3,100,284,310,154,410,438
"Morganza_all/037642@29.6203350079449,-90.7526486472655.jpg",1,83,279,371,115,454,394
"Morganza_all/037643@29.6202921393265,-90.7528418882207.jpg",3,137,300,302,87,439,387
"Morganza_all/037644@29.6202243331846,-90.7530424179082.jpg",5,270,283,192,128,462,411
"Morganza_all/037645@29.6201062769744,-90.7531789078122.jpg",1,134,286,343,102,477,388
"Morganza_all/037646@29.6200507334408,-90.7533293239457.jpg",3,78,283,346,113,424,396
"Morganza_all/037647@29.6199766211693,-90.753515600646.jpg",1,92,278,399,120,491,398
"Morganza_all/037648@29.6199149614829,-90.7536946606375.jpg",1,121,291,239,98,360,389
"Morganza_all/037649@29.6198657858388,-90.7538736166818.jpg",1,84,285,411,110,495,395
"Morganza_all/037650@29.6197853043528,-90.75403135216.jpg",1,89,287,389,99,478,386
"Morganza_all/037651@29.6197173069641,-90.7541889836974.jpg",1,56,289,350,98,406,387
"Morganza_all/037652@29.619661888432,-90.754367975242.jpg",1,52,282,374,112,426,394
"Morganza_all/037653@29.6195689259563,-90.7545329264662.jpg",3,59,279,390,109,449,388
"Morganza_all/037654@29.6195385349655,-90.7547189486986.jpg",1,210,291,238,105,448,396
"Morganza_all/037655@29.6194456034203,-90.7548910120455.jpg",3,73,294,376,93,449,387
"Morganza_all/037656@29.6193713627841,-90.7550486785182.jpg",1,61,287,358,108,419,395
"Morganza_all/037657@29.6192973466742,-90.7552635607654.jpg",3,252,300,389,116,641,416
"Morganza_all/037658@29.6191488643155,-90.7555788924575.jpg",2,3,243,314,184,317,427
"Morganza_all/037659@29.6190809595965,-90.7557579857075.jpg",3,103,279,354,109,457,388
"Morganza_all/037660@29.6190193912065,-90.7559584749971.jpg",3,60,287,388,98,448,385
"Morganza_all/037661@29.6189266782659,-90.7561805763826.jpg",1,127,287,321,93,448,380
"Morganza_all/037662@29.6188526248018,-90.7563811370447.jpg",2,15,252,626,212,641,464
"Morganza_all/037663@29.6184833514719,-90.7561974203978.jpg",1,150,273,472,181,622,454
"Morganza_all/037664@29.6185823735114,-90.7559967163615.jpg",1,121,282,351,100,472,382
"Morganza_all/037665@29.6186438475742,-90.7557747957701.jpg",1,193,273,254,101,447,374
"Morganza_all/037666@29.618736906167,-90.7556313109148.jpg",1,139,279,346,100,485,379
"Morganza_all/037667@29.6188045587201,-90.7553950340973.jpg",3,24,241,396,215,420,456
"Morganza_all/037668@29.6189405562116,-90.7550797753206.jpg",1,249,267,381,152,630,419
"Morganza_all/037669@29.6190021192454,-90.7548721413976.jpg",1,118,292,401,110,519,402
"Morganza_all/037670@29.6190951493506,-90.7547286553489.jpg",1,114,282,383,111,497,393
"Morganza_all/037671@29.6191818068025,-90.7545494529615.jpg",1,144,282,397,110,541,392
"Morganza_all/037672@29.6192121975533,-90.7543634313404.jpg",3,139,283,340,106,479,389
"Morganza_all/037673@29.6193176128334,-90.7541912956902.jpg",3,194,284,351,103,545,387
"Morganza_all/037674@29.6193918839964,-90.7540407727861.jpg",1,141,292,385,105,526,397
"Morganza_all/037675@29.6194473335102,-90.7538688941947.jpg",3,124,281,364,99,488,380
"Morganza_all/037676@29.6195089935746,-90.7536898666187.jpg",1,137,273,379,123,516,396
"Morganza_all/037678@29.6196761621997,-90.7533601026052.jpg",1,129,283,319,106,448,389
"Morganza_all/037679@29.6197065196582,-90.7531669355628.jpg",3,139,290,352,92,491,382
"Morganza_all/037680@29.6197744167212,-90.7529806951306.jpg",1,138,287,381,101,519,388
"Morganza_all/037681@29.6198236901441,-90.7528303155706.jpg",1,75,283,385,88,460,371
"Morganza_all/037682@29.6199104400361,-90.7526725741768.jpg",1,43,269,411,113,454,382
"Morganza_all/037683@29.620003277748,-90.752486188334.jpg",1,142,287,382,104,524,391
"Morganza_all/037684@29.6200773844038,-90.7522927664945.jpg",2,1,276,436,158,437,434
"Morganza_all/037685@29.6196704029426,-90.7520592712905.jpg",1,55,287,585,152,640,439
"Morganza_all/037686@29.6196085868226,-90.7522025794868.jpg",1,84,288,420,122,504,410
"Morganza_all/037687@29.6195595715865,-90.7524172878435.jpg",1,236,289,208,111,444,400
"Morganza_all/037688@29.6194728494993,-90.7525750287462.jpg",3,198,284,413,110,611,394
"Morganza_all/037689@29.6194111594684,-90.7527469442954.jpg",3,226,291,357,109,583,400
"Morganza_all/037690@29.6193557429038,-90.7529259360909.jpg",3,160,285,457,115,617,400
"Morganza_all/037691@29.6192752666667,-90.7530908157977.jpg",3,169,279,423,126,592,405
"Morganza_all/037692@29.6192323931561,-90.7532768787791.jpg",1,175,295,433,112,608,407
"Morganza_all/037693@29.6190712141523,-90.7535494210818.jpg",3,184,279,424,117,608,396
"Morganza_all/037694@29.6190344601209,-90.7537140467008.jpg",1,126,288,412,117,538,405
"Morganza_all/037695@29.6189478311697,-90.7538932179166.jpg",1,128,284,406,122,534,406
"Morganza_all/037696@29.6188737221506,-90.7540866363893.jpg",4,265,272,149,89,414,361
"Morganza_all/037697@29.6187997349754,-90.7543014866489.jpg",1,165,273,423,119,588,392
"Morganza_all/037698@29.618713136893,-90.7544878324794.jpg",1,156,287,415,113,571,400
"Morganza_all/037699@29.6186390269962,-90.7546812500586.jpg",3,128,288,446,121,574,409
"Morganza_all/037700@29.6185587336108,-90.7548818473175.jpg",2,23,274,614,177,637,451
"Morganza_all/037701@29.6184163998952,-90.755175709054.jpg",2,14,235,627,229,641,464
"Morganza_all/037702@29.6183673483057,-90.7553832693516.jpg",1,178,278,463,148,641,426
"Morganza_all/037703@29.6182557838047,-90.7555769017236.jpg",1,122,282,415,114,537,396
"Morganza_all/037704@29.618181731262,-90.7557774614883.jpg",1,144,273,427,121,571,394
"Morganza_all/037705@29.6181951598086,-90.7559918049297.jpg",4,278,249,118,99,396,348
"Morganza_all/037706@29.6177948047948,-90.7558440226162.jpg",5,240,271,147,83,387,354
"Morganza_all/037707@29.6178813064262,-90.7556291034599.jpg",1,76,295,403,114,479,409
"Morganza_all/037708@29.6179617268799,-90.7554570842294.jpg",1,13,291,402,117,415,408
"Morganza_all/037709@29.6180293477665,-90.7552136965723.jpg",1,75,285,385,136,460,421
"Morganza_all/037710@29.6181284273047,-90.755020136344.jpg",1,43,281,451,132,494,413
"Morganza_all/037711@29.618258276246,-90.7547263473788.jpg",1,244,282,353,159,597,441
"Morganza_all/037712@29.6183324217716,-90.7545472188158.jpg",2,9,282,437,131,446,413
"Morganza_all/037713@29.6184064368492,-90.7543323695816.jpg",1,9,283,429,132,438,415
"Morganza_all/037714@29.61849300316,-90.7541388801319.jpg",4,274,288,138,88,412,376
"Morganza_all/037715@29.6185420843429,-90.7539384630231.jpg",1,0,281,466,136,466,417
"Morganza_all/037716@29.6186536464236,-90.7537448282718.jpg",1,14,291,446,139,460,430
"Morganza_all/037717@29.6187154326496,-90.7535943783234.jpg",1,76,303,364,105,440,408
"Morganza_all/037718@29.6187832080465,-90.7533867079559.jpg",4,264,265,109,111,373,376
"Morganza_all/037719@29.6189006321166,-90.7531072754709.jpg",1,141,257,467,228,608,485
"Morganza_all/037720@29.6189748388032,-90.7529424642104.jpg",4,304,281,157,114,461,395
"Morganza_all/037722@29.6190919136686,-90.7525843826505.jpg",3,77,222,324,176,401,398
"Morganza_all/037723@29.619172389409,-90.7524195343103.jpg",3,41,283,393,134,434,417
"Morganza_all/037724@29.6192340790111,-90.7522476189694.jpg",1,23,284,399,139,422,423
"Morganza_all/037725@29.6192769510614,-90.7520615555441.jpg",3,19,295,481,131,500,426
"Morganza_all/037726@29.619338640194,-90.751889639803.jpg",3,13,288,410,131,423,419
"Morganza_all/037727@29.6194872679429,-90.751602878385.jpg",1,99,281,432,170,531,451
"Morganza_all/037728@29.6195677466485,-90.7514451728962.jpg",3,92,289,391,116,483,405
"Morganza_all/037729@29.6196108670103,-90.751309117288.jpg",4,273,250,147,88,420,338
"Morganza_all/037730@29.6196723012805,-90.7510800159283.jpg",1,110,287,300,92,410,379
"Morganza_all/037731@29.6197653547332,-90.7509365252357.jpg",1,113,287,314,111,427,398
"Morganza_all/037732@29.6198332847419,-90.7507646031137.jpg",1,25,304,402,105,427,409
"Morganza_all/037733@29.6198949721732,-90.7505926856183.jpg",1,2,282,431,127,433,409
"Morganza_all/037735@29.6202500297239,-90.7489824130954.jpg",3,35,272,606,142,641,414
"Morganza_all/037736@29.6201014713425,-90.7492834689254.jpg",2,67,227,573,245,640,472
"Morganza_all/037737@29.6199965037441,-90.7495485479711.jpg",3,175,269,344,174,519,443
"Morganza_all/037738@29.6198790236871,-90.7498136993821.jpg",2,7,264,497,165,504,429
"Morganza_all/037739@29.6197800153926,-90.7500215564388.jpg",2,145,260,496,184,641,444
"Morganza_all/037740@29.6196504947201,-90.7503868288116.jpg",1,89,260,422,161,511,421
"Morganza_all/037741@29.6194156893091,-90.7509528478132.jpg",3,140,280,476,152,616,432
"Morganza_all/037742@29.619341457765,-90.7511176929056.jpg",1,122,294,419,122,541,416
"Morganza_all/037743@29.6192797377974,-90.7512824335446.jpg",3,146,269,383,142,529,411
"Morganza_all/037744@29.6191932074002,-90.7514830710889.jpg",5,258,291,134,93,392,384
"Morganza_all/037745@29.6190945451109,-90.7517695416169.jpg",3,4,289,454,141,458,430
"Morganza_all/037746@29.6189272854912,-90.7520778741129.jpg",1,89,268,504,157,593,425
"Morganza_all/037747@29.6188595438198,-90.7522926897463.jpg",5,228,276,121,129,349,405
"Morganza_all/037748@29.6188038747201,-90.7524145281898.jpg",5,292,288,107,104,399,392
"Morganza_all/037749@29.6187237746046,-90.7526579920256.jpg",1,139,285,493,132,632,417
"Morganza_all/037750@29.6185999195673,-90.7528945963527.jpg",1,112,294,350,166,462,460
"Morganza_all/037751@29.618470454086,-90.7532741488108.jpg",1,152,294,463,120,615,414
"Morganza_all/037752@29.6183962828009,-90.7534532787227.jpg",1,89,303,408,113,497,416
"Morganza_all/037753@29.61829742254,-90.7536897051084.jpg",3,163,288,424,134,587,422
"Morganza_all/037754@29.6182234992812,-90.7539188739686.jpg",3,147,285,489,120,636,405
"Morganza_all/037755@29.6181368741029,-90.7541051877452.jpg",3,96,284,495,129,591,413
"Morganza_all/037756@29.6180441919358,-90.7543273202015.jpg",1,138,289,425,117,563,406
"Morganza_all/037757@29.6179639977109,-90.754556492783.jpg",1,123,277,436,161,559,438
"Morganza_all/037758@29.6178280331233,-90.7548789246753.jpg",3,148,285,448,118,596,403
"Morganza_all/037759@29.6177539816469,-90.7550794840994.jpg",1,161,282,424,120,585,402
"Morganza_all/037760@29.6176611442336,-90.7552730075057.jpg",1,122,292,425,104,547,396
"Morganza_all/037761@29.61759330275,-90.7554663548142.jpg",1,114,283,428,110,542,393
"Morganza_all/037762@29.617494411497,-90.7557028089461.jpg",2,284,266,357,205,641,471
"Morganza_all/037763@29.6172062505259,-90.7555043408967.jpg",4,276,271,133,98,409,369
"Morganza_all/037764@29.6172990567938,-90.7553036746134.jpg",1,23,281,460,135,483,416
"Morganza_all/037765@29.6173793193285,-90.7550959362403.jpg",1,4,279,521,130,525,409
"Morganza_all/037766@29.617459703564,-90.7549096293212.jpg",1,0,279,431,135,431,414
"Morganza_all/037767@29.6175399339526,-90.7546947463111.jpg",1,30,283,474,135,504,418
"Morganza_all/037768@29.617682108763,-90.7543651350032.jpg",1,23,285,444,138,467,423
"Morganza_all/037769@29.617793576825,-90.7541500703737.jpg",1,5,281,586,144,591,425
"Morganza_all/037770@29.6178800441171,-90.7539280057448.jpg",1,7,288,404,128,411,416
"Morganza_all/037771@29.6179725993035,-90.7536772972101.jpg",2,3,284,462,135,465,419
"Morganza_all/037772@29.6180465497787,-90.753448160058.jpg",3,3,279,425,132,428,411
"Morganza_all/037773@29.6181515884735,-90.753197378325.jpg",1,3,289,539,131,542,420
"Morganza_all/037775@29.6183618777075,-90.7527315646615.jpg",1,35,283,495,149,530,432
"Morganza_all/037776@29.6184295884585,-90.7525096063423.jpg",3,44,297,490,126,534,423
"Morganza_all/037777@29.6186271099829,-90.7519867100672.jpg",3,28,295,422,141,450,436
"Morganza_all/037778@29.6187137636895,-90.7518075061444.jpg",2,2,288,423,135,425,423
"Morganza_all/037779@29.6189548150075,-90.7512414568242.jpg",2,1,299,461,133,462,432
"Morganza_all/037780@29.6190723931257,-90.7509977418235.jpg",3,1,247,392,210,393,457
"Morganza_all/037781@29.6190901357436,-90.7507760714784.jpg",5,279,285,159,86,438,371
"Morganza_all/037782@29.6191955779199,-90.7506110448939.jpg",5,283,298,105,89,388,387
"Morganza_all/037783@29.6192574240533,-90.7504748804151.jpg",5,278,302,98,92,376,394
"Morganza_all/037784@29.6193376154069,-90.7502528458787.jpg",1,2,285,499,127,501,412
"Morganza_all/037786@29.6195600923408,-90.7497226191046.jpg",3,3,265,463,156,466,421
"Morganza_all/037787@29.6197083652977,-90.7493572368155.jpg",1,2,290,447,95,449,385
"Morganza_all/037788@29.6197815163927,-90.7489565387441.jpg",5,309,282,111,90,420,372
"Morganza_all/037789@29.6199867637689,-90.7487695248263.jpg",1,128,207,254,242,382,449
"Morganza_all/037791@29.6193106133024,-90.7483946359175.jpg",1,264,269,236,99,500,368
"Morganza_all/037792@29.6191291878633,-90.7483242215284.jpg",5,261,271,113,93,374,364
"Morganza_all/037793@29.6190429169808,-90.7485820455431.jpg",2,3,261,525,180,528,441
"Morganza_all/037794@29.6189813595611,-90.7487825391688.jpg",2,2,260,480,182,482,442
"Morganza_all/037795@29.6189321269497,-90.7489472077865.jpg",5,276,270,110,113,386,383
"Morganza_all/037796@29.618814266093,-90.7491265966903.jpg",1,26,259,471,166,497,425
"Morganza_all/037797@29.6187463700446,-90.7493056622459.jpg",1,84,277,419,126,503,403
"Morganza_all/037799@29.6185112512896,-90.7498002066456.jpg",1,23,243,531,182,554,425
"Morganza_all/037800@29.618487049946,-90.7499790480866.jpg",1,8,265,457,154,465,419
"Morganza_all/037801@29.6184129106605,-90.7501581803089.jpg",1,67,256,384,164,451,420
"Morganza_all/037802@29.6183513190719,-90.7503515276599.jpg",1,34,256,401,217,435,473
"Morganza_all/037803@29.6182583615039,-90.7505164489825.jpg",1,103,259,440,170,543,429
"Morganza_all/037804@29.6181653994866,-90.7506742258078.jpg",3,60,258,499,188,559,446
"Morganza_all/037805@29.6181099858882,-90.7508532479949.jpg",3,130,264,354,178,484,442
"Morganza_all/037807@29.6180305550719,-90.7512468302592.jpg",3,261,254,190,169,451,423
"Morganza_all/037808@29.6179125641245,-90.7513976073163.jpg",1,219,245,340,177,559,422
"Morganza_all/037809@29.6178444790123,-90.7515409498369.jpg",4,282,271,81,81,363,352
"Morganza_all/037810@29.617665781031,-90.7520851976448.jpg",2,0,232,641,148,641,380
"Morganza_all/037811@29.617529822518,-90.7524076319326.jpg",3,218,291,176,94,394,385
"Morganza_all/037812@29.6174621752049,-90.7526438762891.jpg",1,298,254,167,151,465,405
"Morganza_all/037813@29.6174065374027,-90.7527728568144.jpg",1,172,292,228,110,400,402
"Morganza_all/037814@29.6173510891821,-90.7529447010383.jpg",1,253,278,153,118,406,396
"Morganza_all/037815@29.617307777456,-90.7530378890478.jpg",1,247,283,203,124,450,407
"Morganza_all/037817@29.6171715320955,-90.7532959937691.jpg",3,204,279,274,132,478,411
"Morganza_all/037818@29.6171160200112,-90.7534535493858.jpg",3,205,291,174,109,379,400
"Morganza_all/037820@29.6169741633213,-90.7538546310658.jpg",1,221,290,258,133,479,423
"Morganza_all/037821@29.6168437521211,-90.7540269076675.jpg",1,227,293,300,118,527,411
"Morganza_all/037822@29.6167945721075,-90.754198745437.jpg",1,75,248,428,123,503,371
"Morganza_all/037826@29.6162894310926,-90.7543660440402.jpg",5,289,264,81,87,370,351
"Morganza_all/037827@29.6163696290424,-90.7541440192021.jpg",1,273,307,113,86,386,393
"Morganza_all/037828@29.6164378116799,-90.7540221122895.jpg",1,241,303,129,115,370,418
"Morganza_all/037830@29.6165856900282,-90.7535709894186.jpg",4,272,269,88,88,360,357
"Morganza_all/037832@29.6168203801654,-90.7529763853411.jpg",3,83,301,252,120,335,421
"Morganza_all/037833@29.6169384045556,-90.7528327557334.jpg",3,144,284,255,134,399,418
"Morganza_all/037834@29.6169689469019,-90.7526753133849.jpg",3,194,314,245,84,439,398
"Morganza_all/037835@29.6170432479706,-90.7525319368387.jpg",5,262,288,84,93,346,381
"Morganza_all/037837@29.6171355789098,-90.7522312214023.jpg",1,214,310,126,105,340,415
"Morganza_all/037838@29.6172098753275,-90.7520807001649.jpg",1,129,257,249,120,378,377
"Morganza_all/037839@29.6172718496736,-90.7519731151651.jpg",4,271,275,110,83,381,358
"Morganza_all/037840@29.6173771349639,-90.7517723729624.jpg",1,37,253,428,147,465,400
"Morganza_all/037841@29.6174201331034,-90.7516148886971.jpg",1,175,306,167,107,342,413
"Morganza_all/037842@29.617575129291,-90.7513566720372.jpg",3,26,273,370,146,396,419
"Morganza_all/037843@29.617574431442,-90.7511994413348.jpg",5,305,295,106,94,411,389
"Morganza_all/037845@29.6177295855761,-90.7509769751053.jpg",1,181,300,183,154,364,454
"Morganza_all/037846@29.6177728048792,-90.7508694979655.jpg",2,2,298,438,156,440,454
"Morganza_all/037847@29.6178776756738,-90.75057584999.jpg",1,66,282,405,110,471,392
"Morganza_all/037848@29.6180200626078,-90.7502962713369.jpg",1,96,292,273,125,369,417
"Morganza_all/037849@29.6180817811995,-90.7501315006912.jpg",3,142,275,404,142,546,417
"Morganza_all/037850@29.6181683688119,-90.7499380080768.jpg",3,152,269,388,170,540,439
"Morganza_all/037851@29.6182114558239,-90.749794809687.jpg",1,192,262,267,159,459,421
"Morganza_all/037852@29.6183230437267,-90.7496083464717.jpg",1,130,279,366,153,496,432
"Morganza_all/037853@29.6183597969137,-90.7494508647202.jpg",1,188,281,245,118,433,399
"Morganza_all/037854@29.6185575885552,-90.7489851465545.jpg",1,30,245,581,197,611,442
"Morganza_all/037855@29.6186255158684,-90.7488131937107.jpg",1,19,241,595,193,614,434
"Morganza_all/037856@29.6186120162366,-90.7485917064095.jpg",1,169,282,357,106,526,388
"Morganza_all/037857@29.6187736949328,-90.7484334940269.jpg",1,42,276,598,158,640,434
"Morganza_all/037858@29.618760254033,-90.7482191503611.jpg",3,232,257,233,135,465,392
"Morganza_all/037859@29.6188719991109,-90.7480684047708.jpg",1,165,271,321,99,486,370
"Morganza_all/037860@29.6187218802092,-90.7480192410247.jpg",1,213,208,284,169,497,377
"Morganza_all/037861@29.6184907446136,-90.7480063037593.jpg",1,173,273,422,130,595,403
"Morganza_all/037863@29.6183489683177,-90.7484216867504.jpg",1,149,292,388,137,537,429
"Morganza_all/037864@29.618274926718,-90.7486222519935.jpg",3,150,256,372,178,522,434
"Morganza_all/037865@29.6182195796055,-90.7488155635807.jpg",1,140,228,486,323,626,551
"Morganza_all/037866@29.6181020055392,-90.7490592790681.jpg",2,2,267,507,171,509,438
"Morganza_all/037867@29.6180341732178,-90.7492526314379.jpg",1,126,279,414,140,540,419
"Morganza_all/037868@29.6179599756162,-90.7494246195324.jpg",5,270,257,149,113,419,370
"Morganza_all/037872@29.6176392179397,-90.7503199216019.jpg",1,84,257,550,187,634,444
"Morganza_all/037873@29.6175837730736,-90.7504917990548.jpg",2,157,257,484,199,641,456
"Morganza_all/037874@29.6177275534567,-90.7505195388129.jpg",2,284,305,238,108,522,413
"Morganza_all/037882@29.6168852419075,-90.7521111612621.jpg",5,304,295,102,87,406,382
"Morganza_all/037883@29.6168049207967,-90.7523046131338.jpg",1,66,290,468,130,534,420
"Morganza_all/037884@29.6167307783303,-90.7524837406247.jpg",2,208,281,433,139,641,420
"Morganza_all/037885@29.6166626878924,-90.7526199366309.jpg",1,94,285,492,130,586,415
"Morganza_all/037886@29.6166073981315,-90.7528275307365.jpg",1,212,287,340,131,552,418
"Morganza_all/037887@29.6165455811653,-90.7529708340744.jpg",1,179,280,394,147,573,427
"Morganza_all/037888@29.6164589257234,-90.7531500016388.jpg",1,203,282,302,147,505,429
"Morganza_all/037889@29.6163972981243,-90.7533361994703.jpg",1,159,285,346,128,505,413
"Morganza_all/037890@29.6163168171358,-90.7534938984454.jpg",5,210,281,110,98,320,379
"Morganza_all/037891@29.6162488246034,-90.7536587004126.jpg",1,113,280,474,130,587,410
"Morganza_all/037892@29.6161934027185,-90.7538305419998.jpg",1,73,284,398,126,471,410
"Morganza_all/037893@29.6161503112969,-90.7539737357666.jpg",1,187,285,217,133,404,418
"Morganza_all/037894@29.6160512648464,-90.7541744370875.jpg",3,99,272,424,132,523,404
"Morganza_all/037895@29.615977056743,-90.7543392740934.jpg",3,78,292,440,113,518,405
"Morganza_all/037897@29.6154727671691,-90.7546995487169.jpg",2,7,172,634,290,641,462
"Morganza_all/037898@29.615609074334,-90.7544485939754.jpg",2,0,213,478,203,478,416
"Morganza_all/037899@29.6157141781862,-90.7542121385822.jpg",1,27,277,487,126,514,403
"Morganza_all/037900@29.6157758976444,-90.7540402301243.jpg",1,35,292,460,116,495,408
"Morganza_all/037901@29.6158500739451,-90.7538682808319.jpg",1,27,288,466,127,493,415
"Morganza_all/037902@29.6159242814568,-90.753703443686.jpg",1,2,289,480,127,482,416
"Morganza_all/037903@29.6159860360573,-90.7535458539368.jpg",5,160,295,160,105,320,400
"Morganza_all/037904@29.616053874574,-90.7533524769599.jpg",1,30,284,438,127,468,411
"Morganza_all/037905@29.6161406567085,-90.7532018858449.jpg",2,0,279,526,143,526,422
"Morganza_all/037906@29.6161835299781,-90.7530157971059.jpg",1,54,283,375,124,429,407
"Morganza_all/037907@29.6163318753927,-90.7526647198172.jpg",1,138,230,240,188,378,418
"Morganza_all/037908@29.616437066814,-90.7524425485016.jpg",2,8,254,628,167,636,421
"Morganza_all/037909@29.6165359881465,-90.7522204131078.jpg",2,1,261,639,171,640,432
"Morganza_all/037910@29.6166099677486,-90.7519984220879.jpg",3,185,284,324,96,509,380
"Morganza_all/037912@29.6167766290192,-90.7515614430321.jpg",2,263,289,378,126,641,415
"Morganza_all/037913@29.6168877752878,-90.7512749063543.jpg",2,4,282,384,143,388,425
"Morganza_all/037914@29.6169559235421,-90.7511458529122.jpg",3,98,279,407,153,505,432
"Morganza_all/037915@29.617048663917,-90.7509380392994.jpg",1,16,278,421,151,437,429
"Morganza_all/037916@29.6171597135951,-90.7506300692732.jpg",2,8,243,339,212,347,455
"Morganza_all/037917@29.6172770046222,-90.7503220307449.jpg",2,292,256,349,192,641,448
"Morganza_all/037919@29.6174377319059,-90.7499494409548.jpg",1,197,281,425,126,622,407
"Morganza_all/037920@29.6175058195686,-90.7498132420782.jpg",4,278,209,116,139,394,348
"Morganza_all/037921@29.6175798947899,-90.7496198232454.jpg",1,221,271,247,100,468,371
"Morganza_all/037922@29.6176541925165,-90.7494764435569.jpg",5,344,271,105,88,449,359
"Morganza_all/037923@29.6177033302083,-90.7492903138371.jpg",5,270,266,108,83,378,349
"Morganza_all/037924@29.6177645381471,-90.7490112075901.jpg",2,0,236,413,171,413,407
"Morganza_all/037925@29.6121577019214,-90.7518629854248.jpg",2,338,289,303,114,641,403
"Morganza_all/037928@29.6123757653201,-90.7513096636562.jpg",1,254,281,387,138,641,419
"Morganza_all/037929@29.6124646287125,-90.7511514483213.jpg",1,302,297,313,122,615,419
"Morganza_all/037931@29.6125734978027,-90.7508353544449.jpg",5,290,285,126,100,416,385
"Morganza_all/037933@29.6128458929752,-90.7501082455451.jpg",3,215,272,303,141,518,413
"Morganza_all/037934@29.6129417545978,-90.7499657229559.jpg",3,236,301,372,101,608,402
"Morganza_all/037935@29.6129891804572,-90.7497840810548.jpg",1,161,308,480,102,641,410
"Morganza_all/037936@29.6131054475764,-90.7495862393409.jpg",3,193,302,308,106,501,408
"Morganza_all/037937@29.6131737273981,-90.7494438767208.jpg",3,93,265,454,146,547,411
"Morganza_all/037938@29.6132212929762,-90.7492937670381.jpg",3,213,279,167,131,380,410
"Morganza_all/037939@29.6132617102882,-90.7490884991753.jpg",3,235,267,315,146,550,413
"Morganza_all/037940@29.6133367862884,-90.7489224302829.jpg",1,165,290,461,121,626,411
"Morganza_all/037941@29.6134187369022,-90.748756352475.jpg",3,152,299,340,124,492,423
"Morganza_all/037942@29.6134937148183,-90.7485745482182.jpg",3,97,245,485,188,582,433
"Morganza_all/037943@29.6135482166747,-90.7484322648347.jpg",3,169,290,445,129,614,419
"Morganza_all/037944@29.613630061081,-90.7482425207796.jpg",3,188,298,330,115,518,413
"Morganza_all/037945@29.6136844569606,-90.7480765715137.jpg",3,142,290,365,138,507,428
"Morganza_all/037946@29.6137594339337,-90.7478947662655.jpg",1,145,284,402,130,547,414
"Morganza_all/037947@29.6138275711052,-90.7477208684871.jpg",1,178,291,360,120,538,411
"Morganza_all/037948@29.613902680656,-90.7475626966405.jpg",1,139,289,468,128,607,417
"Morganza_all/037949@29.6139707469377,-90.7473730318275.jpg",3,102,298,497,123,599,421
"Morganza_all/037950@29.614038926388,-90.7472149000584.jpg",3,217,283,365,142,582,425
"Morganza_all/037951@29.6140933915953,-90.7470647476057.jpg",1,238,296,402,113,640,409
"Morganza_all/037952@29.6142028857588,-90.7468906064482.jpg",3,193,296,392,110,585,406
"Morganza_all/037953@29.614250342551,-90.7467168283695.jpg",3,245,289,374,115,619,404
"Morganza_all/037954@29.6143184429546,-90.746535061365.jpg",1,231,294,387,101,618,395
"Morganza_all/037955@29.6145313118619,-90.7463681810128.jpg",5,242,211,141,108,383,319
"Morganza_all/037956@29.6127382356287,-90.7522460102463.jpg",5,297,283,109,97,406,380
"Morganza_all/037957@29.612792881368,-90.7521352941601.jpg",1,164,259,217,191,381,450
"Morganza_all/037958@29.6128336103598,-90.7519931251685.jpg",1,176,265,349,152,525,417
"Morganza_all/037959@29.6129153549724,-90.7517797200483.jpg",2,102,253,539,168,641,421
"Morganza_all/037961@29.6132018822602,-90.751131363324.jpg",3,279,270,241,152,520,422
"Morganza_all/037963@29.6134407618801,-90.7506094782644.jpg",1,286,256,176,148,462,404
"Morganza_all/037965@29.6134537678236,-90.750435935328.jpg",4,231,264,128,89,359,353
"Morganza_all/037966@29.613625451439,-90.7503008698725.jpg",4,242,276,100,96,342,372
"Morganza_all/037970@29.6142273617224,-90.749287898638.jpg",1,224,289,212,187,436,476
"Morganza_all/037971@29.6139855381211,-90.7491473749768.jpg",1,244,288,215,187,459,475
"Morganza_all/037972@29.6141156162018,-90.7489573177038.jpg",1,192,277,207,173,399,450
"Morganza_all/037973@29.6142653887758,-90.7485463752362.jpg",1,265,264,175,177,440,441
"Morganza_all/037974@29.6144905163495,-90.7480324265876.jpg",1,203,277,383,107,586,384
"Morganza_all/037975@29.6145377987398,-90.7478192476624.jpg",1,247,260,364,146,611,406
"Morganza_all/037977@29.6147160372504,-90.7476131387933.jpg",4,278,272,110,87,388,359
"Morganza_all/037978@29.6146808416015,-90.7474477430943.jpg",1,187,288,158,131,345,419
"Morganza_all/037979@29.6148931752766,-90.7471546988069.jpg",1,159,249,479,124,638,373
"Morganza_all/037980@29.615008133495,-90.746665087228.jpg",5,271,257,91,89,362,346
"Morganza_all/037981@29.6151947972927,-90.7468059294657.jpg",5,297,260,100,85,397,345
"Morganza_all/037982@29.6155729656652,-90.7466144445412.jpg",2,196,129,445,284,641,413
"Morganza_all/037983@29.6147590871938,-90.7464536119763.jpg",2,15,224,603,186,618,410
"Morganza_all/037984@29.6146360911941,-90.7466830342051.jpg",3,98,305,392,112,490,417
"Morganza_all/037985@29.614561053219,-90.7468569745225.jpg",3,94,295,352,124,446,419
"Morganza_all/037986@29.614492987685,-90.7470466408045.jpg",1,0,313,423,106,423,419
"Morganza_all/037987@29.6143973328427,-90.7472285690675.jpg",1,1,280,369,146,370,426
"Morganza_all/037988@29.6143634760454,-90.7473628342485.jpg",1,138,296,364,117,502,413
"Morganza_all/037989@29.6142814216203,-90.7475052805859.jpg",1,180,292,393,116,573,408
"Morganza_all/037990@29.6142134608331,-90.7477186115301.jpg",3,13,293,476,121,489,414
"Morganza_all/037991@29.6141520498027,-90.7478530374162.jpg",3,221,283,384,139,605,422
"Morganza_all/037992@29.614049597282,-90.7480586702306.jpg",2,96,273,542,135,638,408
"Morganza_all/037993@29.6138244266538,-90.7485568183887.jpg",3,222,294,236,114,458,408
"Morganza_all/037994@29.6138184035195,-90.7487540190834.jpg",1,108,294,362,122,470,416
"Morganza_all/037995@29.613750194714,-90.7489121496167.jpg",3,83,296,292,123,375,419
"Morganza_all/037996@29.6136612362816,-90.7490546026185.jpg",1,121,299,431,114,552,413
"Morganza_all/037997@29.6135794610646,-90.7492601440385.jpg",1,32,294,397,111,429,405
"Morganza_all/037998@29.6135043769643,-90.7494183139408.jpg",3,87,307,369,109,456,416
"Morganza_all/037999@29.6134500845903,-90.7496078961634.jpg",3,2,299,404,119,406,418
"Morganza_all/038000@29.6133888119482,-90.7497738528057.jpg",3,75,299,370,109,445,408